# timestamp (sec),slam_feats_in_state,msckf_feats_used,slam_feats_updated,slam_feats_delayed_init,clones
1403638132.945096969604492,0,0,0,0,5
1403638132.995096921920776,0,0,0,0,6
1403638133.045097112655640,0,0,0,0,7
1403638133.095097064971924,0,0,0,0,8
1403638133.145097017288208,0,0,0,0,9
1403638133.195096969604492,0,0,0,0,10
1403638133.245096921920776,0,0,0,0,11
1403638133.295097112655640,0,0,0,0,11
1403638133.345097064971924,0,0,0,0,11
1403638133.395097017288208,0,0,0,0,11
1403638133.445096969604492,0,0,0,0,11
1403638133.495096921920776,0,0,0,0,11
1403638133.545097112655640,0,0,0,0,11
1403638133.590428590774536,3,3,0,3,11
1403638133.641241788864136,10,0,3,7,11
1403638133.692345380783081,14,0,10,4,11
1403638133.742210388183594,14,0,14,0,11
1403638133.792129278182983,13,0,13,0,11
1403638133.842155218124390,13,0,13,0,11
1403638133.892157554626465,15,0,13,2,11
1403638133.943810701370239,21,0,11,6,11
1403638133.994591712951660,23,0,13,2,11
1403638134.045312643051147,19,0,13,0,11
1403638134.095731496810913,15,0,10,0,11
1403638134.146047830581665,13,2,6,0,11
1403638134.195226192474365,31,6,3,21,11
1403638134.244548559188843,39,1,12,12,11
1403638134.294287443161011,40,2,21,4,11
1403638134.344164609909058,29,0,20,0,11
1403638134.394016742706299,26,0,18,1,11
1403638134.443856239318848,21,0,18,0,11
1403638134.493714094161987,19,0,17,0,11
1403638134.543559551239014,20,0,16,2,11
1403638134.593445777893066,23,0,16,4,11
1403638134.643387079238892,21,0,17,0,11
1403638134.693428516387939,20,0,15,1,11
1403638134.743545055389404,18,0,16,0,11
1403638134.793678998947144,17,0,14,1,11
1403638134.843711137771606,18,0,14,1,11
1403638134.893581628799438,16,0,15,0,11
1403638134.943438529968262,16,0,13,1,11
1403638134.993430137634277,16,0,12,0,11
1403638135.043611764907837,14,0,12,0,11
1403638135.093741416931152,12,0,9,0,11
1403638135.143826007843018,11,0,8,0,11
1403638135.193911075592041,9,0,8,0,11
1403638135.243983745574951,7,1,5,0,11
1403638135.293990612030029,8,0,3,1,11
1403638135.343974351882935,6,0,4,0,11
1403638135.393993616104126,4,0,4,0,11
1403638135.444061517715454,4,0,3,0,11
1403638135.494098424911499,4,0,3,0,11
1403638135.544121980667114,3,0,1,0,11
1403638135.594136714935303,3,0,1,0,11
1403638135.644136667251587,0,0,0,0,11
1403638135.694136619567871,0,0,0,0,11
1403638135.744136571884155,0,0,0,0,11
1403638135.794136762619019,0,0,0,0,11
1403638135.844157934188843,1,0,0,1,11
1403638135.894155025482178,1,0,1,0,11
1403638135.944163084030151,2,0,1,1,11
1403638135.994212865829468,4,0,2,2,11
1403638136.044277667999268,7,0,4,3,11
1403638136.094265699386597,10,0,6,3,11
1403638136.144184827804565,15,0,10,5,11
1403638136.194165468215942,18,0,15,3,11
1403638136.244267940521240,22,0,17,5,11
1403638136.294341802597046,25,0,22,3,11
1403638136.344443798065186,28,0,23,3,11
1403638136.394513607025146,29,0,22,1,11
1403638136.444661140441895,31,0,21,5,11
1403638136.494989633560181,38,0,25,10,11
1403638136.544994831085205,39,0,32,2,11
1403638136.595039367675781,39,0,33,0,11
1403638136.645128488540649,34,0,29,0,11
1403638136.695234775543213,33,0,25,0,11
1403638136.745294094085693,27,0,19,0,11
1403638136.795359134674072,24,0,17,0,11
1403638136.845388889312744,19,0,17,0,11
1403638136.895372152328491,17,0,14,0,11
1403638136.945346832275391,17,0,13,0,11
1403638136.995347499847412,14,0,13,0,11
1403638137.045419454574585,13,0,12,0,11
1403638137.095558643341064,13,0,11,0,11
1403638137.145654439926147,12,0,6,0,11
1403638137.195706844329834,11,0,3,0,11
1403638137.245743274688721,6,0,2,0,11
1403638137.295743465423584,3,0,0,0,11
1403638137.345743417739868,2,0,0,0,11
1403638137.395743370056152,0,0,0,0,11
1403638137.445743322372437,0,0,0,0,11
1403638137.495743274688721,0,0,0,0,11
1403638137.545743465423584,0,0,0,0,11
1403638137.595743417739868,0,0,0,0,11
1403638137.645743370056152,0,0,0,0,11
1403638137.695743322372437,0,0,0,0,11
1403638137.745743274688721,0,0,0,0,11
1403638137.795743465423584,0,0,0,0,11
1403638137.845743417739868,0,0,0,0,11
1403638137.895743370056152,0,0,0,0,11
1403638137.945743322372437,0,0,0,0,11
1403638137.995743274688721,0,0,0,0,11
1403638138.045743465423584,0,0,0,0,11
1403638138.095743417739868,0,0,0,0,11
1403638138.145743370056152,0,0,0,0,11
1403638138.195743322372437,0,0,0,0,11
1403638138.245743274688721,0,0,0,0,11
1403638138.295743465423584,0,0,0,0,11
1403638138.345743417739868,0,0,0,0,11
1403638138.395743370056152,0,0,0,0,11
1403638138.445743322372437,0,0,0,0,11
1403638138.495743274688721,0,0,0,0,11
1403638138.545743465423584,0,0,0,0,11
1403638138.595743417739868,0,0,0,0,11
1403638138.645743370056152,0,0,0,0,11
1403638138.695743322372437,0,0,0,0,11
1403638138.745743274688721,0,0,0,0,11
1403638138.795743465423584,0,0,0,0,11
1403638138.845743417739868,0,0,0,0,11
1403638138.895743370056152,0,0,0,0,11
1403638138.945743322372437,0,0,0,0,11
1403638138.995743274688721,0,0,0,0,11
1403638139.045743465423584,0,0,0,0,11
1403638139.095743417739868,0,0,0,0,11
1403638139.145743370056152,0,0,0,0,11
1403638139.195743322372437,0,0,0,0,11
1403638139.245743274688721,0,0,0,0,11
1403638139.295743465423584,0,0,0,0,11
1403638139.345743417739868,0,0,0,0,11
1403638139.395743370056152,0,0,0,0,11
1403638139.445743322372437,0,0,0,0,11
1403638139.495743274688721,0,0,0,0,11
1403638139.545743465423584,0,0,0,0,11
1403638139.595743417739868,0,0,0,0,11
1403638139.645743370056152,0,0,0,0,11
1403638139.695743322372437,0,0,0,0,11
1403638139.745743274688721,0,0,0,0,11
1403638139.795743465423584,0,0,0,0,11
1403638139.845743417739868,0,0,0,0,11
1403638139.895743370056152,0,0,0,0,11
1403638139.945743322372437,0,0,0,0,11
1403638139.995743274688721,0,0,0,0,11
1403638140.045743465423584,0,0,0,0,11
1403638140.095743417739868,0,0,0,0,11
1403638140.145743370056152,0,0,0,0,11
1403638140.195743322372437,0,0,0,0,11
1403638140.245743274688721,0,0,0,0,11
1403638140.295743465423584,0,0,0,0,11
1403638140.345743417739868,0,0,0,0,11
1403638140.395743370056152,0,0,0,0,11
1403638140.445743322372437,0,0,0,0,11
1403638140.495743274688721,0,0,0,0,11
1403638140.545743465423584,0,0,0,0,11
1403638140.595743417739868,0,0,0,0,11
1403638140.645743370056152,0,0,0,0,11
1403638140.695743322372437,0,0,0,0,11
1403638140.745743274688721,0,0,0,0,11
1403638140.795743465423584,0,0,0,0,11
1403638140.845743417739868,0,0,0,0,11
1403638140.895743370056152,0,0,0,0,11
1403638140.945743322372437,0,0,0,0,11
1403638140.995743274688721,0,0,0,0,11
1403638141.045743465423584,0,0,0,0,11
1403638141.095743417739868,0,0,0,0,11
1403638141.145743370056152,0,0,0,0,11
1403638141.195743322372437,0,0,0,0,11
1403638141.245743274688721,0,0,0,0,11
1403638141.295743465423584,0,0,0,0,11
1403638141.345743417739868,0,0,0,0,11
1403638141.395743370056152,0,0,0,0,11
1403638141.445743322372437,0,0,0,0,11
1403638141.495743274688721,0,0,0,0,11
1403638141.545743465423584,0,0,0,0,11
1403638141.595743417739868,0,0,0,0,11
1403638141.645743370056152,0,0,0,0,11
1403638141.695743322372437,0,0,0,0,11
1403638141.745743274688721,0,0,0,0,11
1403638141.795743465423584,0,0,0,0,11
1403638141.845743417739868,0,0,0,0,11
1403638141.895743370056152,0,0,0,0,11
1403638141.945743322372437,0,0,0,0,11
1403638141.995743274688721,0,0,0,0,11
1403638142.045743465423584,0,0,0,0,11
1403638142.095743417739868,0,0,0,0,11
1403638142.145743370056152,0,0,0,0,11
1403638142.195743322372437,0,0,0,0,11
1403638142.245743274688721,0,0,0,0,11
1403638142.295743465423584,0,0,0,0,11
1403638142.345743417739868,0,0,0,0,11
1403638142.395743370056152,0,0,0,0,11
1403638142.445743322372437,0,0,0,0,11
1403638142.495743274688721,0,0,0,0,11
1403638142.545743465423584,0,0,0,0,11
1403638142.595743417739868,0,0,0,0,11
1403638142.645743370056152,0,0,0,0,11
1403638142.695743322372437,0,0,0,0,11
1403638142.745743274688721,0,0,0,0,11
1403638142.795743465423584,0,0,0,0,11
1403638142.845743417739868,0,0,0,0,11
1403638142.895743370056152,0,0,0,0,11
1403638142.945743322372437,0,0,0,0,11
1403638142.995743274688721,0,0,0,0,11
1403638143.045743465423584,0,0,0,0,11
1403638143.095743417739868,0,0,0,0,11
1403638143.145743370056152,0,0,0,0,11
1403638143.195743322372437,0,0,0,0,11
1403638143.245743274688721,0,0,0,0,11
1403638143.295743465423584,0,0,0,0,11
1403638143.345743417739868,0,0,0,0,11
1403638143.395743370056152,0,0,0,0,11
1403638143.445743322372437,0,0,0,0,11
1403638143.495743274688721,0,0,0,0,11
1403638143.545743465423584,0,0,0,0,11
1403638143.595743417739868,0,0,0,0,11
1403638143.645743370056152,0,0,0,0,11
1403638143.695743322372437,0,0,0,0,11
1403638143.745743274688721,0,0,0,0,11
1403638143.795743465423584,0,0,0,0,11
1403638143.845743417739868,0,0,0,0,11
1403638143.895743370056152,0,0,0,0,11
1403638143.945743322372437,0,0,0,0,11
1403638143.995743274688721,0,0,0,0,11
1403638144.045743465423584,0,0,0,0,11
1403638144.095743417739868,0,0,0,0,11
1403638144.145743370056152,0,0,0,0,11
1403638144.195743322372437,0,0,0,0,11
1403638144.245743274688721,0,0,0,0,11
1403638144.295743465423584,0,0,0,0,11
1403638144.345743417739868,0,0,0,0,11
1403638144.395743370056152,0,0,0,0,11
1403638144.445743322372437,0,0,0,0,11
1403638144.495743274688721,0,0,0,0,11
1403638144.545743465423584,0,0,0,0,11
1403638144.595743417739868,0,0,0,0,11
1403638144.645743370056152,0,0,0,0,11
1403638144.695743322372437,0,0,0,0,11
1403638144.745743274688721,0,0,0,0,11
1403638144.795743465423584,0,0,0,0,11
1403638144.845743417739868,0,0,0,0,11
1403638144.895743370056152,0,0,0,0,11
1403638144.945743322372437,0,0,0,0,11
1403638144.995743274688721,0,0,0,0,11
1403638145.045743465423584,0,0,0,0,11
1403638145.095743417739868,0,0,0,0,11
1403638145.145743370056152,0,0,0,0,11
1403638145.195743322372437,0,0,0,0,11
1403638145.245743274688721,0,0,0,0,11
1403638145.295743465423584,0,0,0,0,11
1403638145.345743417739868,0,0,0,0,11
1403638145.395743370056152,0,0,0,0,11
1403638145.445743322372437,0,0,0,0,11
1403638145.495743274688721,0,0,0,0,11
1403638145.545743465423584,0,0,0,0,11
1403638145.595743417739868,0,0,0,0,11
1403638145.645743370056152,0,0,0,0,11
1403638145.695743322372437,0,0,0,0,11
1403638145.745743274688721,0,0,0,0,11
1403638145.795743465423584,0,0,0,0,11
1403638145.845743417739868,0,0,0,0,11
1403638145.895743370056152,0,0,0,0,11
1403638145.945743322372437,0,0,0,0,11
1403638145.995743274688721,0,0,0,0,11
1403638146.045743465423584,0,0,0,0,11
1403638146.095743417739868,0,0,0,0,11
1403638146.145743370056152,0,0,0,0,11
1403638146.195743322372437,0,0,0,0,11
1403638146.245743274688721,0,0,0,0,11
1403638146.295743465423584,0,0,0,0,11
1403638146.345743417739868,0,0,0,0,11
1403638146.395743370056152,0,0,0,0,11
1403638146.445743322372437,0,0,0,0,11
1403638146.495743274688721,0,0,0,0,11
1403638146.545743465423584,0,0,0,0,11
1403638146.595743417739868,0,0,0,0,11
1403638146.645743370056152,0,0,0,0,11
1403638146.695743322372437,0,0,0,0,11
1403638146.745743274688721,0,0,0,0,11
1403638146.795743465423584,0,0,0,0,11
1403638146.845743417739868,0,0,0,0,11
1403638146.895743370056152,0,0,0,0,11
1403638146.945743322372437,0,0,0,0,11
1403638146.995743274688721,0,0,0,0,11
1403638147.045743465423584,0,0,0,0,11
1403638147.095743417739868,0,0,0,0,11
1403638147.145743370056152,0,0,0,0,11
1403638147.195743322372437,0,0,0,0,11
1403638147.245743274688721,0,0,0,0,11
1403638147.295743465423584,0,0,0,0,11
1403638147.345743417739868,0,0,0,0,11
1403638147.395743370056152,0,0,0,0,11
1403638147.445743322372437,0,0,0,0,11
1403638147.495743274688721,0,0,0,0,11
1403638147.545743465423584,0,0,0,0,11
1403638147.595743417739868,0,0,0,0,11
1403638147.645743370056152,0,0,0,0,11
1403638147.695743322372437,0,0,0,0,11
1403638147.745743274688721,0,0,0,0,11
1403638147.795743465423584,0,0,0,0,11
1403638147.845743417739868,0,0,0,0,11
1403638147.895743370056152,0,0,0,0,11
1403638147.945743322372437,0,0,0,0,11
1403638147.995743274688721,0,0,0,0,11
1403638148.045743465423584,0,0,0,0,11
1403638148.095743417739868,0,0,0,0,11
1403638148.145743370056152,0,0,0,0,11
1403638148.195746183395386,0,1,0,0,11
1403638148.245733022689819,0,1,0,0,11
1403638148.295733213424683,0,0,0,0,11
1403638148.345733165740967,0,0,0,0,11
1403638148.395733118057251,0,0,0,0,11
1403638148.445733070373535,0,0,0,0,11
1403638148.495735883712769,0,1,0,0,11
1403638148.545736074447632,0,1,0,0,11
1403638148.595736026763916,0,0,0,0,11
1403638148.645735979080200,0,0,0,0,11
1403638148.695735931396484,0,0,0,0,11
1403638148.745735883712769,0,0,0,0,11
1403638148.795736074447632,0,0,0,0,11
1403638148.845736026763916,0,0,0,0,11
1403638148.895735979080200,0,0,0,0,11
1403638148.945735931396484,0,0,0,0,11
1403638148.995735883712769,0,0,0,0,11
1403638149.045736074447632,0,0,0,0,11
1403638149.095736026763916,0,0,0,0,11
1403638149.145740032196045,0,3,0,0,11
1403638149.195739984512329,0,0,0,0,11
1403638149.245739936828613,0,0,0,0,11
1403638149.295740127563477,0,0,0,0,11
1403638149.345740079879761,0,0,0,0,11
1403638149.395740032196045,0,0,0,0,11
1403638149.445739984512329,0,0,0,0,11
1403638149.495739936828613,0,0,0,0,11
1403638149.545740127563477,0,0,0,0,11
1403638149.595740079879761,0,0,0,0,11
1403638149.645740032196045,0,0,0,0,11
1403638149.695739984512329,0,0,0,0,11
1403638149.745739936828613,0,0,0,0,11
1403638149.795740127563477,0,0,0,0,11
1403638149.845740079879761,0,0,0,0,11
1403638149.895740032196045,0,0,0,0,11
1403638149.945739984512329,0,0,0,0,11
1403638149.995739936828613,0,0,0,0,11
1403638150.045740127563477,0,0,0,0,11
1403638150.095740079879761,0,0,0,0,11
1403638150.145740032196045,0,0,0,0,11
1403638150.195739984512329,0,0,0,0,11
1403638150.245739936828613,0,0,0,0,11
1403638150.295740127563477,0,0,0,0,11
1403638150.345740079879761,0,0,0,0,11
1403638150.395740032196045,0,0,0,0,11
1403638150.445739984512329,0,0,0,0,11
1403638150.495739936828613,0,0,0,0,11
1403638150.545740127563477,0,0,0,0,11
1403638150.595740079879761,0,0,0,0,11
1403638150.645740032196045,0,0,0,0,11
1403638150.695739984512329,0,0,0,0,11
1403638150.745739936828613,0,0,0,0,11
1403638150.795740127563477,0,0,0,0,11
1403638150.845740079879761,0,0,0,0,11
1403638150.895740032196045,0,0,0,0,11
1403638150.945739984512329,0,0,0,0,11
1403638150.995739936828613,0,0,0,0,11
1403638151.045740127563477,0,0,0,0,11
1403638151.095740079879761,0,0,0,0,11
1403638151.145740032196045,0,0,0,0,11
1403638151.195739984512329,0,0,0,0,11
1403638151.245739936828613,0,0,0,0,11
1403638151.295740127563477,0,0,0,0,11
1403638151.345740079879761,0,0,0,0,11
1403638151.395740032196045,0,0,0,0,11
1403638151.445739984512329,0,0,0,0,11
1403638151.495739936828613,0,0,0,0,11
1403638151.545740127563477,0,0,0,0,11
1403638151.595740079879761,0,0,0,0,11
1403638151.645740032196045,0,0,0,0,11
1403638151.695739984512329,0,0,0,0,11
1403638151.745739936828613,0,0,0,0,11
1403638151.795740127563477,0,0,0,0,11
1403638151.845740079879761,0,0,0,0,11
1403638151.895740032196045,0,0,0,0,11
1403638151.945739984512329,0,0,0,0,11
1403638151.995739936828613,0,0,0,0,11
1403638152.045740127563477,0,0,0,0,11
1403638152.095740079879761,0,0,0,0,11
1403638152.145740032196045,0,0,0,0,11
1403638152.195739984512329,0,0,0,0,11
1403638152.245739936828613,0,0,0,0,11
1403638152.295740127563477,0,0,0,0,11
1403638152.345740079879761,0,0,0,0,11
1403638152.395740032196045,0,0,0,0,11
1403638152.445739984512329,0,0,0,0,11
1403638152.495739936828613,0,0,0,0,11
1403638152.545740127563477,0,0,0,0,11
1403638152.595740079879761,0,0,0,0,11
1403638152.645740032196045,0,0,0,0,11
1403638152.695739984512329,0,0,0,0,11
1403638152.745739936828613,0,0,0,0,11
1403638152.795740127563477,0,0,0,0,11
1403638152.845740079879761,0,0,0,0,11
1403638152.895740032196045,0,0,0,0,11
1403638152.945739984512329,0,0,0,0,11
1403638152.995739936828613,0,0,0,0,11
1403638153.045740127563477,0,0,0,0,11
1403638153.095740079879761,0,0,0,0,11
1403638153.145740032196045,0,0,0,0,11
1403638153.195739984512329,0,0,0,0,11
1403638153.245739936828613,0,0,0,0,11
1403638153.295740127563477,0,0,0,0,11
1403638153.345740079879761,0,0,0,0,11
1403638153.395740032196045,0,0,0,0,11
1403638153.445739984512329,0,0,0,0,11
1403638153.495739936828613,0,0,0,0,11
1403638153.545740127563477,0,0,0,0,11
1403638153.595740079879761,0,0,0,0,11
1403638153.645740032196045,0,0,0,0,11
1403638153.695739984512329,0,0,0,0,11
1403638153.745739936828613,0,0,0,0,11
1403638153.795740127563477,0,0,0,0,11
1403638153.845740079879761,0,0,0,0,11
1403638153.895740032196045,0,0,0,0,11
1403638153.945739984512329,0,0,0,0,11
1403638153.995739936828613,0,0,0,0,11
1403638154.045740127563477,0,0,0,0,11
1403638154.095740079879761,0,0,0,0,11
1403638154.145740032196045,0,0,0,0,11
1403638154.195739984512329,0,0,0,0,11
1403638154.245739936828613,0,0,0,0,11
1403638154.295740127563477,0,0,0,0,11
1403638154.345740079879761,0,0,0,0,11
1403638154.395740032196045,0,0,0,0,11
1403638154.445739984512329,0,0,0,0,11
1403638154.495739936828613,0,0,0,0,11
1403638154.545740127563477,0,0,0,0,11
1403638154.595740079879761,0,0,0,0,11
1403638154.645740032196045,0,0,0,0,11
1403638154.695739984512329,0,0,0,0,11
1403638154.745739936828613,0,0,0,0,11
1403638154.795740127563477,0,0,0,0,11
1403638154.845740079879761,0,0,0,0,11
1403638154.895740032196045,0,0,0,0,11
1403638154.945739984512329,0,0,0,0,11
1403638154.995739936828613,0,0,0,0,11
1403638155.045740127563477,0,0,0,0,11
1403638155.095740079879761,0,0,0,0,11
1403638155.145740032196045,0,0,0,0,11
1403638155.195739984512329,0,0,0,0,11
1403638155.245739936828613,0,0,0,0,11
1403638155.295740127563477,0,0,0,0,11
1403638155.345740079879761,0,0,0,0,11
1403638155.395740032196045,0,0,0,0,11
1403638155.445739984512329,0,0,0,0,11
1403638155.495739936828613,0,0,0,0,11
1403638155.545740127563477,0,0,0,0,11
1403638155.595740079879761,0,0,0,0,11
1403638155.645740032196045,0,0,0,0,11
1403638155.695739984512329,0,0,0,0,11
1403638155.745739936828613,0,0,0,0,11
1403638155.795740127563477,0,0,0,0,11
1403638155.845740079879761,0,0,0,0,11
1403638155.895740032196045,0,0,0,0,11
1403638155.945739984512329,0,0,0,0,11
1403638155.995739936828613,0,0,0,0,11
1403638156.045740127563477,0,0,0,0,11
1403638156.095740079879761,0,0,0,0,11
1403638156.145740032196045,0,0,0,0,11
1403638156.195739984512329,0,0,0,0,11
1403638156.245739936828613,0,0,0,0,11
1403638156.295740127563477,0,0,0,0,11
1403638156.345740079879761,0,0,0,0,11
1403638156.395740032196045,0,0,0,0,11
1403638156.445739984512329,0,0,0,0,11
1403638156.495739936828613,0,0,0,0,11
1403638156.545740127563477,0,0,0,0,11
1403638156.595740079879761,0,0,0,0,11
1403638156.645740032196045,0,0,0,0,11
1403638156.695739984512329,0,0,0,0,11
1403638156.745739936828613,0,0,0,0,11
1403638156.795740127563477,0,0,0,0,11
1403638156.845740079879761,0,0,0,0,11
1403638156.895740032196045,0,0,0,0,11
1403638156.945739984512329,0,0,0,0,11
1403638156.995739936828613,0,0,0,0,11
1403638157.045740127563477,0,0,0,0,11
1403638157.095740079879761,0,0,0,0,11
1403638157.145740032196045,0,0,0,0,11
1403638157.195739984512329,0,0,0,0,11
1403638157.245739936828613,0,0,0,0,11
1403638157.295740127563477,0,0,0,0,11
1403638157.345740079879761,0,0,0,0,11
1403638157.395740032196045,0,0,0,0,11
1403638157.445739984512329,0,0,0,0,11
1403638157.495739936828613,0,0,0,0,11
1403638157.545740127563477,0,0,0,0,11
1403638157.595740079879761,0,0,0,0,11
1403638157.645740032196045,0,0,0,0,11
1403638157.695739984512329,0,0,0,0,11
1403638157.745739936828613,0,0,0,0,11
1403638157.795740127563477,0,0,0,0,11
1403638157.845740079879761,0,0,0,0,11
1403638157.895740032196045,0,0,0,0,11
1403638157.945739984512329,0,0,0,0,11
1403638157.995739936828613,0,0,0,0,11
1403638158.045740127563477,0,0,0,0,11
1403638158.095740079879761,0,0,0,0,11
1403638158.145740032196045,0,0,0,0,11
1403638158.195739984512329,0,0,0,0,11
1403638158.245739936828613,0,0,0,0,11
1403638158.295740127563477,0,0,0,0,11
1403638158.345740079879761,0,0,0,0,11
1403638158.395740032196045,0,0,0,0,11
1403638158.445739984512329,0,0,0,0,11
1403638158.495739936828613,0,0,0,0,11
1403638158.545740127563477,0,0,0,0,11
1403638158.595740079879761,0,0,0,0,11
1403638158.645740032196045,0,0,0,0,11
1403638158.695739984512329,0,0,0,0,11
1403638158.745739936828613,0,0,0,0,11
1403638158.795740127563477,0,0,0,0,11
1403638158.845740079879761,0,0,0,0,11
1403638158.895740032196045,0,0,0,0,11
1403638158.945739984512329,0,0,0,0,11
1403638158.995739936828613,0,0,0,0,11
1403638159.045740127563477,0,0,0,0,11
1403638159.095740079879761,0,0,0,0,11
1403638159.145740032196045,0,0,0,0,11
1403638159.195739984512329,0,0,0,0,11
1403638159.245739936828613,0,0,0,0,11
1403638159.295740127563477,0,0,0,0,11
1403638159.345740079879761,0,0,0,0,11
1403638159.395740032196045,0,0,0,0,11
1403638159.445739984512329,0,0,0,0,11
1403638159.495739936828613,0,0,0,0,11
1403638159.545740127563477,0,0,0,0,11
1403638159.595740079879761,0,0,0,0,11
1403638159.645740032196045,0,0,0,0,11
1403638159.695739984512329,0,0,0,0,11
1403638159.745739936828613,0,0,0,0,11
1403638159.795740127563477,0,0,0,0,11
1403638159.845740079879761,0,0,0,0,11
1403638159.895740032196045,0,0,0,0,11
1403638159.945739984512329,0,0,0,0,11
1403638159.995739936828613,0,0,0,0,11
1403638160.045740127563477,0,0,0,0,11
1403638160.095740079879761,0,0,0,0,11
1403638160.145740032196045,0,0,0,0,11
1403638160.195739984512329,0,0,0,0,11
1403638160.245739936828613,0,0,0,0,11
1403638160.295740127563477,0,0,0,0,11
1403638160.345740079879761,0,0,0,0,11
1403638160.395740032196045,0,0,0,0,11
1403638160.445739984512329,0,0,0,0,11
1403638160.495739936828613,0,0,0,0,11
1403638160.545740127563477,0,0,0,0,11
1403638160.595740079879761,0,0,0,0,11
1403638160.645740032196045,0,0,0,0,11
1403638160.695739984512329,0,0,0,0,11
1403638160.745739936828613,0,0,0,0,11
1403638160.795740127563477,0,0,0,0,11
1403638160.845740079879761,0,0,0,0,11
1403638160.895740032196045,0,0,0,0,11
1403638160.945739984512329,0,0,0,0,11
1403638160.995739936828613,0,0,0,0,11
1403638161.045740127563477,0,0,0,0,11
1403638161.095740079879761,0,0,0,0,11
1403638161.145740032196045,0,0,0,0,11
1403638161.195739984512329,0,0,0,0,11
1403638161.245739936828613,0,0,0,0,11
1403638161.295740127563477,0,0,0,0,11
1403638161.345740079879761,0,0,0,0,11
1403638161.395740032196045,0,0,0,0,11
1403638161.445739984512329,0,0,0,0,11
1403638161.495739936828613,0,0,0,0,11
1403638161.545740127563477,0,0,0,0,11
1403638161.595740079879761,0,0,0,0,11
1403638161.645740032196045,0,0,0,0,11
1403638161.695739984512329,0,0,0,0,11
1403638161.745739936828613,0,0,0,0,11
1403638161.795740127563477,0,0,0,0,11
1403638161.845740079879761,0,0,0,0,11
1403638161.895740032196045,0,0,0,0,11
1403638161.945739984512329,0,0,0,0,11
1403638161.995739936828613,0,0,0,0,11
1403638162.045740127563477,0,0,0,0,11
1403638162.095740079879761,0,0,0,0,11
1403638162.145740032196045,0,0,0,0,11
1403638162.195739984512329,0,0,0,0,11
1403638162.245739936828613,0,0,0,0,11
1403638162.295740127563477,0,0,0,0,11
1403638162.345740079879761,0,0,0,0,11
1403638162.395740032196045,0,0,0,0,11
1403638162.445739984512329,0,0,0,0,11
1403638162.495739936828613,0,0,0,0,11
1403638162.545740127563477,0,0,0,0,11
1403638162.595740079879761,0,0,0,0,11
1403638162.645740032196045,0,0,0,0,11
1403638162.695739984512329,0,0,0,0,11
1403638162.745739936828613,0,0,0,0,11
1403638162.795740127563477,0,0,0,0,11
1403638162.845740079879761,0,0,0,0,11
1403638162.895740032196045,0,0,0,0,11
1403638162.945739984512329,0,0,0,0,11
1403638162.995739936828613,0,0,0,0,11
1403638163.045740127563477,0,0,0,0,11
1403638163.095740079879761,0,0,0,0,11
1403638163.145740032196045,0,0,0,0,11
1403638163.195739984512329,0,0,0,0,11
1403638163.245739936828613,0,0,0,0,11
1403638163.295740127563477,0,0,0,0,11
1403638163.345740079879761,0,0,0,0,11
1403638163.395740032196045,0,0,0,0,11
1403638163.445739984512329,0,0,0,0,11
1403638163.495739936828613,0,0,0,0,11
1403638163.545740127563477,0,0,0,0,11
1403638163.595740079879761,0,0,0,0,11
1403638163.645740032196045,0,0,0,0,11
1403638163.695739984512329,0,0,0,0,11
1403638163.745739936828613,0,0,0,0,11
1403638163.795740127563477,0,0,0,0,11
1403638163.845740079879761,0,0,0,0,11
1403638163.895740032196045,0,0,0,0,11
1403638163.945739984512329,0,0,0,0,11
1403638163.995739936828613,0,0,0,0,11
1403638164.045740127563477,0,0,0,0,11
1403638164.095740079879761,0,0,0,0,11
1403638164.145740032196045,0,0,0,0,11
1403638164.195739984512329,0,0,0,0,11
1403638164.245739936828613,0,0,0,0,11
1403638164.295740127563477,0,0,0,0,11
1403638164.345740079879761,0,0,0,0,11
1403638164.395740032196045,0,0,0,0,11
1403638164.445739984512329,0,0,0,0,11
1403638164.495739936828613,0,0,0,0,11
1403638164.545740127563477,0,0,0,0,11
1403638164.595740079879761,0,0,0,0,11
1403638164.645740032196045,0,0,0,0,11
1403638164.695739984512329,0,0,0,0,11
1403638164.745739936828613,0,0,0,0,11
1403638164.795740127563477,0,0,0,0,11
1403638164.845740079879761,0,0,0,0,11
1403638164.895740032196045,0,0,0,0,11
1403638164.945739984512329,0,0,0,0,11
1403638164.995739936828613,0,0,0,0,11
1403638165.045740127563477,0,0,0,0,11
1403638165.095740079879761,0,0,0,0,11
1403638165.145740032196045,0,0,0,0,11
1403638165.195739984512329,0,0,0,0,11
1403638165.245739936828613,0,0,0,0,11
1403638165.295740127563477,0,0,0,0,11
1403638165.345740079879761,0,0,0,0,11
1403638165.395740032196045,0,0,0,0,11
1403638165.445739984512329,0,0,0,0,11
1403638165.495739936828613,0,0,0,0,11
1403638165.545740127563477,0,0,0,0,11
1403638165.595740079879761,0,0,0,0,11
1403638165.645740032196045,0,0,0,0,11
1403638165.695739984512329,0,0,0,0,11
1403638165.745739936828613,0,0,0,0,11
1403638165.795740127563477,0,0,0,0,11
1403638165.845740079879761,0,0,0,0,11
1403638165.895740032196045,0,0,0,0,11
1403638165.945739984512329,0,0,0,0,11
1403638165.995739936828613,0,0,0,0,11
1403638166.045740127563477,0,0,0,0,11
1403638166.095740079879761,0,0,0,0,11
1403638166.145740032196045,0,0,0,0,11
1403638166.195739984512329,0,0,0,0,11
1403638166.245739936828613,0,0,0,0,11
1403638166.295740127563477,0,0,0,0,11
1403638166.345740079879761,0,0,0,0,11
1403638166.395740032196045,0,0,0,0,11
1403638166.445739984512329,0,0,0,0,11
1403638166.495739936828613,0,0,0,0,11
1403638166.545740127563477,0,0,0,0,11
1403638166.595740079879761,0,0,0,0,11
1403638166.645740032196045,0,0,0,0,11
1403638166.695739984512329,0,0,0,0,11
1403638166.745739936828613,0,0,0,0,11
1403638166.795740127563477,0,0,0,0,11
1403638166.845740079879761,0,0,0,0,11
1403638166.895740032196045,0,0,0,0,11
1403638166.945739984512329,0,0,0,0,11
1403638166.995739936828613,0,0,0,0,11
1403638167.045740127563477,0,0,0,0,11
1403638167.095740079879761,0,0,0,0,11
1403638167.145740032196045,0,0,0,0,11
1403638167.195739984512329,0,0,0,0,11
1403638167.245739936828613,0,0,0,0,11
1403638167.295740127563477,0,0,0,0,11
1403638167.345740079879761,0,0,0,0,11
1403638167.395740032196045,0,0,0,0,11
1403638167.445739984512329,0,0,0,0,11
1403638167.495739936828613,0,0,0,0,11
1403638167.545740127563477,0,0,0,0,11
1403638167.595740079879761,0,0,0,0,11
1403638167.645740032196045,0,0,0,0,11
1403638167.695739984512329,0,0,0,0,11
1403638167.745739936828613,0,0,0,0,11
1403638167.795740127563477,0,0,0,0,11
1403638167.845740079879761,0,0,0,0,11
1403638167.895740032196045,0,0,0,0,11
1403638167.945739984512329,0,0,0,0,11
1403638167.995739936828613,0,0,0,0,11
1403638168.045740127563477,0,0,0,0,11
1403638168.095740079879761,0,0,0,0,11
1403638168.145740032196045,0,0,0,0,11
1403638168.195739984512329,0,0,0,0,11
1403638168.245739936828613,0,0,0,0,11
1403638168.295740127563477,0,0,0,0,11
1403638168.345740079879761,0,0,0,0,11
1403638168.395740032196045,0,0,0,0,11
1403638168.445739984512329,0,0,0,0,11
1403638168.495739936828613,0,0,0,0,11
1403638168.545740127563477,0,0,0,0,11
1403638168.595740079879761,0,0,0,0,11
1403638168.645740032196045,0,0,0,0,11
1403638168.695739984512329,0,0,0,0,11
1403638168.745739936828613,0,0,0,0,11
1403638168.795740127563477,0,0,0,0,11
1403638168.845740079879761,0,0,0,0,11
1403638168.895740032196045,0,0,0,0,11
1403638168.945739984512329,0,0,0,0,11
1403638168.995739936828613,0,0,0,0,11
1403638169.045740127563477,0,0,0,0,11
1403638169.095740079879761,0,0,0,0,11
1403638169.145740032196045,0,0,0,0,11
1403638169.195739984512329,0,0,0,0,11
1403638169.245739936828613,0,0,0,0,11
1403638169.295740127563477,0,0,0,0,11
1403638169.345740079879761,0,0,0,0,11
1403638169.395740032196045,0,0,0,0,11
1403638169.445739984512329,0,0,0,0,11
1403638169.495739936828613,0,0,0,0,11
1403638169.545740127563477,0,0,0,0,11
1403638169.595740079879761,0,0,0,0,11
1403638169.645740032196045,0,0,0,0,11
1403638169.695739984512329,0,0,0,0,11
1403638169.745739936828613,0,0,0,0,11
1403638169.795740127563477,0,0,0,0,11
1403638169.845740079879761,0,0,0,0,11
1403638169.895740032196045,0,0,0,0,11
1403638169.945739984512329,0,0,0,0,11
1403638169.995739936828613,0,0,0,0,11
1403638170.045740127563477,0,0,0,0,11
1403638170.095740079879761,0,0,0,0,11
1403638170.145740032196045,0,0,0,0,11
1403638170.195739984512329,0,0,0,0,11
1403638170.245739936828613,0,0,0,0,11
1403638170.295740127563477,0,0,0,0,11
1403638170.345740079879761,0,0,0,0,11
1403638170.395740032196045,0,0,0,0,11
1403638170.445739984512329,0,0,0,0,11
1403638170.495739936828613,0,0,0,0,11
1403638170.545740127563477,0,0,0,0,11
1403638170.595740079879761,0,0,0,0,11
1403638170.645740032196045,0,0,0,0,11
1403638170.695739984512329,0,0,0,0,11
1403638170.745739936828613,0,0,0,0,11
1403638170.795740127563477,0,0,0,0,11
1403638170.845740079879761,0,0,0,0,11
1403638170.895740032196045,0,0,0,0,11
1403638170.945739984512329,0,0,0,0,11
1403638170.995739936828613,0,0,0,0,11
1403638171.045740127563477,0,0,0,0,11
1403638171.095740079879761,0,0,0,0,11
1403638171.145740032196045,0,0,0,0,11
1403638171.195739984512329,0,0,0,0,11
1403638171.245739936828613,0,0,0,0,11
1403638171.295740127563477,0,0,0,0,11
1403638171.345740079879761,0,0,0,0,11
1403638171.395740032196045,0,0,0,0,11
1403638171.445739984512329,0,0,0,0,11
1403638171.495739936828613,0,0,0,0,11
1403638171.545740127563477,0,0,0,0,11
1403638171.595740079879761,0,0,0,0,11
1403638171.645740032196045,0,0,0,0,11
1403638171.695739984512329,0,0,0,0,11
1403638171.745739936828613,0,0,0,0,11
1403638171.795740127563477,0,0,0,0,11
1403638171.845740079879761,0,0,0,0,11
1403638171.895740032196045,0,0,0,0,11
1403638171.945739984512329,0,0,0,0,11
1403638171.995739936828613,0,0,0,0,11
1403638172.045740127563477,0,0,0,0,11
1403638172.095740079879761,0,0,0,0,11
1403638172.145740032196045,0,0,0,0,11
1403638172.195739984512329,0,0,0,0,11
1403638172.245739936828613,0,0,0,0,11
1403638172.295740127563477,0,0,0,0,11
1403638172.345740079879761,0,0,0,0,11
1403638172.395740032196045,0,0,0,0,11
1403638172.445739984512329,0,0,0,0,11
1403638172.495739936828613,0,0,0,0,11
1403638172.545740127563477,0,0,0,0,11
1403638172.595740079879761,0,0,0,0,11
1403638172.645740032196045,0,0,0,0,11
1403638172.695739984512329,0,0,0,0,11
1403638172.745739936828613,0,0,0,0,11
1403638172.795740127563477,0,0,0,0,11
1403638172.845740079879761,0,0,0,0,11
1403638172.895740032196045,0,0,0,0,11
1403638172.945739984512329,0,0,0,0,11
1403638172.995739936828613,0,0,0,0,11
1403638173.045740127563477,0,0,0,0,11
1403638173.095740079879761,0,0,0,0,11
1403638173.145740032196045,0,0,0,0,11
1403638173.195739984512329,0,0,0,0,11
1403638173.245739936828613,0,0,0,0,11
1403638173.295740127563477,0,0,0,0,11
1403638173.345740079879761,0,0,0,0,11
1403638173.395740032196045,0,0,0,0,11
1403638173.445739984512329,0,0,0,0,11
1403638173.495739936828613,0,0,0,0,11
1403638173.545740127563477,0,0,0,0,11
1403638173.595740079879761,0,0,0,0,11
1403638173.645740032196045,0,0,0,0,11
1403638173.695739984512329,0,0,0,0,11
1403638173.745739936828613,0,0,0,0,11
1403638173.795740127563477,0,0,0,0,11
1403638173.845740079879761,0,0,0,0,11
1403638173.895740032196045,0,0,0,0,11
1403638173.945739984512329,0,0,0,0,11
1403638173.995739936828613,0,0,0,0,11
1403638174.045740127563477,0,0,0,0,11
1403638174.095740079879761,0,0,0,0,11
1403638174.145740032196045,0,0,0,0,11
1403638174.195739984512329,0,0,0,0,11
1403638174.245739936828613,0,0,0,0,11
1403638174.295740127563477,0,0,0,0,11
1403638174.345740079879761,0,0,0,0,11
1403638174.395740032196045,0,0,0,0,11
1403638174.445739984512329,0,0,0,0,11
1403638174.495739936828613,0,0,0,0,11
1403638174.545740127563477,0,0,0,0,11
1403638174.595740079879761,0,0,0,0,11
1403638174.645740032196045,0,0,0,0,11
1403638174.695739984512329,0,0,0,0,11
1403638174.745739936828613,0,0,0,0,11
1403638174.795740127563477,0,0,0,0,11
1403638174.845740079879761,0,0,0,0,11
1403638174.895740032196045,0,0,0,0,11
1403638174.945739984512329,0,0,0,0,11
1403638174.995739936828613,0,0,0,0,11
1403638175.045740127563477,0,0,0,0,11
1403638175.095740079879761,0,0,0,0,11
1403638175.145740032196045,0,0,0,0,11
1403638175.195739984512329,0,0,0,0,11
1403638175.245739936828613,0,0,0,0,11
1403638175.295740127563477,0,0,0,0,11
1403638175.345740079879761,0,0,0,0,11
1403638175.395740032196045,0,0,0,0,11
1403638175.445739984512329,0,0,0,0,11
1403638175.495739936828613,0,0,0,0,11
1403638175.545740127563477,0,0,0,0,11
1403638175.595740079879761,0,0,0,0,11
1403638175.645740032196045,0,0,0,0,11
1403638175.695739984512329,0,0,0,0,11
1403638175.745739936828613,0,0,0,0,11
1403638175.795740127563477,0,0,0,0,11
1403638175.845740079879761,0,0,0,0,11
1403638175.895740032196045,0,0,0,0,11
1403638175.945739984512329,0,0,0,0,11
1403638175.995739936828613,0,0,0,0,11
1403638176.045740127563477,0,0,0,0,11
1403638176.095740079879761,0,0,0,0,11
1403638176.145740032196045,0,0,0,0,11
1403638176.195739984512329,0,0,0,0,11
1403638176.245739936828613,0,0,0,0,11
1403638176.295740127563477,0,0,0,0,11
1403638176.345740079879761,0,0,0,0,11
1403638176.395740032196045,0,0,0,0,11
1403638176.445739984512329,0,0,0,0,11
1403638176.495739936828613,0,0,0,0,11
1403638176.545740127563477,0,0,0,0,11
1403638176.595740079879761,0,0,0,0,11
1403638176.645740032196045,0,0,0,0,11
1403638176.695739984512329,0,0,0,0,11
1403638176.745739936828613,0,0,0,0,11
1403638176.795740127563477,0,0,0,0,11
1403638176.845740079879761,0,0,0,0,11
1403638176.895740032196045,0,0,0,0,11
1403638176.945739984512329,0,0,0,0,11
1403638176.995739936828613,0,0,0,0,11
1403638177.045740127563477,0,0,0,0,11
1403638177.095740079879761,0,0,0,0,11
1403638177.145740032196045,0,0,0,0,11
1403638177.195739984512329,0,0,0,0,11
1403638177.245739936828613,0,0,0,0,11
1403638177.295740127563477,0,0,0,0,11
1403638177.345740079879761,0,0,0,0,11
1403638177.395740032196045,0,0,0,0,11
1403638177.445739984512329,0,0,0,0,11
1403638177.495739936828613,0,0,0,0,11
1403638177.545740127563477,0,0,0,0,11
1403638177.595740079879761,0,0,0,0,11
1403638177.645740032196045,0,0,0,0,11
1403638177.695739984512329,0,0,0,0,11
1403638177.745739936828613,0,0,0,0,11
1403638177.795740127563477,0,0,0,0,11
1403638177.845740079879761,0,0,0,0,11
1403638177.895740032196045,0,0,0,0,11
1403638177.945739984512329,0,0,0,0,11
1403638177.995739936828613,0,0,0,0,11
1403638178.045740127563477,0,0,0,0,11
1403638178.095740079879761,0,0,0,0,11
1403638178.145740032196045,0,0,0,0,11
1403638178.195739984512329,0,0,0,0,11
1403638178.245739936828613,0,0,0,0,11
1403638178.295740127563477,0,0,0,0,11
1403638178.345740079879761,0,0,0,0,11
1403638178.395740032196045,0,0,0,0,11
1403638178.445739984512329,0,0,0,0,11
1403638178.495739936828613,0,0,0,0,11
1403638178.545740127563477,0,0,0,0,11
1403638178.595740079879761,0,0,0,0,11
1403638178.645740032196045,0,0,0,0,11
1403638178.695739984512329,0,0,0,0,11
1403638178.745739936828613,0,0,0,0,11
1403638178.795740127563477,0,0,0,0,11
1403638178.845740079879761,0,0,0,0,11
1403638178.895740032196045,0,0,0,0,11
1403638178.945739984512329,0,0,0,0,11
1403638178.995739936828613,0,0,0,0,11
1403638179.045740127563477,0,0,0,0,11
1403638179.095740079879761,0,0,0,0,11
1403638179.145740032196045,0,0,0,0,11
1403638179.195739984512329,0,0,0,0,11
1403638179.245739936828613,0,0,0,0,11
1403638179.295740127563477,0,0,0,0,11
1403638179.345740079879761,0,0,0,0,11
1403638179.395740032196045,0,0,0,0,11
1403638179.445739984512329,0,0,0,0,11
1403638179.495739936828613,0,0,0,0,11
1403638179.545740127563477,0,0,0,0,11
1403638179.595740079879761,0,0,0,0,11
1403638179.645740032196045,0,0,0,0,11
1403638179.695739984512329,0,0,0,0,11
1403638179.745739936828613,0,0,0,0,11
1403638179.795740127563477,0,0,0,0,11
1403638179.845740079879761,0,0,0,0,11
1403638179.895740032196045,0,0,0,0,11
1403638179.945739984512329,0,0,0,0,11
1403638179.995739936828613,0,0,0,0,11
1403638180.045740127563477,0,0,0,0,11
1403638180.095740079879761,0,0,0,0,11
1403638180.145740032196045,0,0,0,0,11
1403638180.195739984512329,0,0,0,0,11
1403638180.245739936828613,0,0,0,0,11
1403638180.295740127563477,0,0,0,0,11
1403638180.345740079879761,0,0,0,0,11
1403638180.395740032196045,0,0,0,0,11
1403638180.445739984512329,0,0,0,0,11
1403638180.495739936828613,0,0,0,0,11
1403638180.545740127563477,0,0,0,0,11
1403638180.595740079879761,0,0,0,0,11
1403638180.645740032196045,0,0,0,0,11
1403638180.695739984512329,0,0,0,0,11
1403638180.745739936828613,0,0,0,0,11
1403638180.795740127563477,0,0,0,0,11
1403638180.845740079879761,0,0,0,0,11
1403638180.895740032196045,0,0,0,0,11
1403638180.945739984512329,0,0,0,0,11
1403638180.995739936828613,0,0,0,0,11
1403638181.045740127563477,0,0,0,0,11
1403638181.095740079879761,0,0,0,0,11
1403638181.145740032196045,0,0,0,0,11
1403638181.195739984512329,0,0,0,0,11
1403638181.245739936828613,0,0,0,0,11
1403638181.295740127563477,0,0,0,0,11
1403638181.345740079879761,0,0,0,0,11
1403638181.395740032196045,0,0,0,0,11
1403638181.445739984512329,0,0,0,0,11
1403638181.495739936828613,0,0,0,0,11
1403638181.545740127563477,0,0,0,0,11
1403638181.595740079879761,0,0,0,0,11
1403638181.645740032196045,0,0,0,0,11
1403638181.695739984512329,0,0,0,0,11
1403638181.745739936828613,0,0,0,0,11
1403638181.795740127563477,0,0,0,0,11
1403638181.845740079879761,0,0,0,0,11
1403638181.895740032196045,0,0,0,0,11
1403638181.945739984512329,0,0,0,0,11
1403638181.995739936828613,0,0,0,0,11
1403638182.045740127563477,0,0,0,0,11
1403638182.095740079879761,0,0,0,0,11
1403638182.145740032196045,0,0,0,0,11
1403638182.195739984512329,0,0,0,0,11
1403638182.245739936828613,0,0,0,0,11
1403638182.295740127563477,0,0,0,0,11
1403638182.345740079879761,0,0,0,0,11
1403638182.395740032196045,0,0,0,0,11
1403638182.445739984512329,0,0,0,0,11
1403638182.495739936828613,0,0,0,0,11
1403638182.545740127563477,0,0,0,0,11
1403638182.595740079879761,0,0,0,0,11
1403638182.645740032196045,0,0,0,0,11
1403638182.695739984512329,0,0,0,0,11
1403638182.745739936828613,0,0,0,0,11
1403638182.795740127563477,0,0,0,0,11
1403638182.845740079879761,0,0,0,0,11
1403638182.895740032196045,0,0,0,0,11
1403638182.945739984512329,0,0,0,0,11
1403638182.995739936828613,0,0,0,0,11
1403638183.045740127563477,0,0,0,0,11
1403638183.095740079879761,0,0,0,0,11
1403638183.145740032196045,0,0,0,0,11
1403638183.195739984512329,0,0,0,0,11
1403638183.245739936828613,0,0,0,0,11
1403638183.295740127563477,0,0,0,0,11
1403638183.345740079879761,0,0,0,0,11
1403638183.395740032196045,0,0,0,0,11
1403638183.445739984512329,0,0,0,0,11
1403638183.495739936828613,0,0,0,0,11
1403638183.545740127563477,0,0,0,0,11
1403638183.595740079879761,0,0,0,0,11
1403638183.645740032196045,0,0,0,0,11
1403638183.695739984512329,0,0,0,0,11
1403638183.745739936828613,0,0,0,0,11
1403638183.795740127563477,0,0,0,0,11
1403638183.845740079879761,0,0,0,0,11
1403638183.895740032196045,0,0,0,0,11
1403638183.945739984512329,0,0,0,0,11
1403638183.995739936828613,0,0,0,0,11
1403638184.045740127563477,0,0,0,0,11
1403638184.095740079879761,0,0,0,0,11
1403638184.145740032196045,0,0,0,0,11
1403638184.195739984512329,0,0,0,0,11
1403638184.245739936828613,0,0,0,0,11
1403638184.295740127563477,0,0,0,0,11
1403638184.345740079879761,0,0,0,0,11
1403638184.395740032196045,0,0,0,0,11
1403638184.445739984512329,0,0,0,0,11
1403638184.495739936828613,0,0,0,0,11
1403638184.545740127563477,0,0,0,0,11
1403638184.595740079879761,0,0,0,0,11
1403638184.645740032196045,0,0,0,0,11
1403638184.695739984512329,0,0,0,0,11
1403638184.745739936828613,0,0,0,0,11
1403638184.795740127563477,0,0,0,0,11
1403638184.845740079879761,0,0,0,0,11
1403638184.895740032196045,0,0,0,0,11
1403638184.945739984512329,0,0,0,0,11
1403638184.995739936828613,0,0,0,0,11
1403638185.045740127563477,0,0,0,0,11
1403638185.095740079879761,0,0,0,0,11
1403638185.145740032196045,0,0,0,0,11
1403638185.195739984512329,0,0,0,0,11
1403638185.245739936828613,0,0,0,0,11
1403638185.295740127563477,0,0,0,0,11
1403638185.345740079879761,0,0,0,0,11
1403638185.395740032196045,0,0,0,0,11
1403638185.445739984512329,0,0,0,0,11
1403638185.495739936828613,0,0,0,0,11
1403638185.545740127563477,0,0,0,0,11
1403638185.595740079879761,0,0,0,0,11
1403638185.645740032196045,0,0,0,0,11
1403638185.695739984512329,0,0,0,0,11
1403638185.745739936828613,0,0,0,0,11
1403638185.795740127563477,0,0,0,0,11
1403638185.845740079879761,0,0,0,0,11
1403638185.895740032196045,0,0,0,0,11
1403638185.945739984512329,0,0,0,0,11
1403638185.995739936828613,0,0,0,0,11
1403638186.045740127563477,0,0,0,0,11
1403638186.095740079879761,0,0,0,0,11
1403638186.145740032196045,0,0,0,0,11
1403638186.195739984512329,0,0,0,0,11
1403638186.245739936828613,0,0,0,0,11
1403638186.295740127563477,0,0,0,0,11
1403638186.345740079879761,0,0,0,0,11
1403638186.395740032196045,0,0,0,0,11
1403638186.445739984512329,0,0,0,0,11
1403638186.495739936828613,0,0,0,0,11
1403638186.545740127563477,0,0,0,0,11
1403638186.595740079879761,0,0,0,0,11
1403638186.645740032196045,0,0,0,0,11
1403638186.695739984512329,0,0,0,0,11
1403638186.745739936828613,0,0,0,0,11
1403638186.795740127563477,0,0,0,0,11
1403638186.845740079879761,0,0,0,0,11
1403638186.895740032196045,0,0,0,0,11
1403638186.945739984512329,0,0,0,0,11
1403638186.995739936828613,0,0,0,0,11
1403638187.045740127563477,0,0,0,0,11
1403638187.095740079879761,0,0,0,0,11
1403638187.145740032196045,0,0,0,0,11
1403638187.195739984512329,0,0,0,0,11
1403638187.245739936828613,0,0,0,0,11
1403638187.295740127563477,0,0,0,0,11
1403638187.345740079879761,0,0,0,0,11
1403638187.395740032196045,0,0,0,0,11
1403638187.445739984512329,0,0,0,0,11
1403638187.495739936828613,0,0,0,0,11
1403638187.545740127563477,0,0,0,0,11
1403638187.595740079879761,0,0,0,0,11
1403638187.645740032196045,0,0,0,0,11
1403638187.695739984512329,0,0,0,0,11
1403638187.745739936828613,0,0,0,0,11
1403638187.795740127563477,0,0,0,0,11
1403638187.845740079879761,0,0,0,0,11
1403638187.895740032196045,0,0,0,0,11
1403638187.945739984512329,0,0,0,0,11
1403638187.995739936828613,0,0,0,0,11
1403638188.045740127563477,0,0,0,0,11
1403638188.095740079879761,0,0,0,0,11
1403638188.145740032196045,0,0,0,0,11
1403638188.195739984512329,0,0,0,0,11
1403638188.245739936828613,0,0,0,0,11
1403638188.295740127563477,0,0,0,0,11
1403638188.345740079879761,0,0,0,0,11
1403638188.395740032196045,0,0,0,0,11
1403638188.445739984512329,0,0,0,0,11
1403638188.495739936828613,0,0,0,0,11
1403638188.545740127563477,0,0,0,0,11
1403638188.595740079879761,0,0,0,0,11
1403638188.645740032196045,0,0,0,0,11
1403638188.695739984512329,0,0,0,0,11
1403638188.745739936828613,0,0,0,0,11
1403638188.795740127563477,0,0,0,0,11
1403638188.845740079879761,0,0,0,0,11
1403638188.895740032196045,0,0,0,0,11
1403638188.945739984512329,0,0,0,0,11
1403638188.995739936828613,0,0,0,0,11
1403638189.045740127563477,0,0,0,0,11
1403638189.095740079879761,0,0,0,0,11
1403638189.145740032196045,0,0,0,0,11
1403638189.195739984512329,0,0,0,0,11
1403638189.245739936828613,0,0,0,0,11
1403638189.295740127563477,0,0,0,0,11
1403638189.345740079879761,0,0,0,0,11
1403638189.395740032196045,0,0,0,0,11
1403638189.445739984512329,0,0,0,0,11
1403638189.495739936828613,0,0,0,0,11
1403638189.545740127563477,0,0,0,0,11
1403638189.595740079879761,0,0,0,0,11
1403638189.645740032196045,0,0,0,0,11
1403638189.695739984512329,0,0,0,0,11
1403638189.745739936828613,0,0,0,0,11
1403638189.795740127563477,0,0,0,0,11
1403638189.845740079879761,0,0,0,0,11
1403638189.895740032196045,0,0,0,0,11
1403638189.945739984512329,0,0,0,0,11
1403638189.995739936828613,0,0,0,0,11
1403638190.045740127563477,0,0,0,0,11
1403638190.095740079879761,0,0,0,0,11
1403638190.145740032196045,0,0,0,0,11
1403638190.195739984512329,0,0,0,0,11
1403638190.245739936828613,0,0,0,0,11
1403638190.295740127563477,0,0,0,0,11
1403638190.345740079879761,0,0,0,0,11
1403638190.395740032196045,0,0,0,0,11
1403638190.445739984512329,0,0,0,0,11
1403638190.495739936828613,0,0,0,0,11
1403638190.545740127563477,0,0,0,0,11
1403638190.595740079879761,0,0,0,0,11
1403638190.645740032196045,0,0,0,0,11
1403638190.695739984512329,0,0,0,0,11
1403638190.745739936828613,0,0,0,0,11
1403638190.795740127563477,0,0,0,0,11
1403638190.845740079879761,0,0,0,0,11
1403638190.895740032196045,0,0,0,0,11
1403638190.945739984512329,0,0,0,0,11
1403638190.995739936828613,0,0,0,0,11
1403638191.045740127563477,0,0,0,0,11
1403638191.095740079879761,0,0,0,0,11
1403638191.145740032196045,0,0,0,0,11
1403638191.195739984512329,0,0,0,0,11
1403638191.245739936828613,0,0,0,0,11
1403638191.295740127563477,0,0,0,0,11
1403638191.345740079879761,0,0,0,0,11
1403638191.395740032196045,0,0,0,0,11
1403638191.445739984512329,0,0,0,0,11
1403638191.495739936828613,0,0,0,0,11
1403638191.545740127563477,0,0,0,0,11
1403638191.595740079879761,0,0,0,0,11
1403638191.645740032196045,0,0,0,0,11
1403638191.695739984512329,0,0,0,0,11
1403638191.745739936828613,0,0,0,0,11
1403638191.795740127563477,0,0,0,0,11
1403638191.845740079879761,0,0,0,0,11
1403638191.895740032196045,0,0,0,0,11
1403638191.945739984512329,0,0,0,0,11
1403638191.995739936828613,0,0,0,0,11
1403638192.045740127563477,0,0,0,0,11
1403638192.095740079879761,0,0,0,0,11
1403638192.145740032196045,0,0,0,0,11
1403638192.195739984512329,0,0,0,0,11
1403638192.245739936828613,0,0,0,0,11
1403638192.295740127563477,0,0,0,0,11
1403638192.345740079879761,0,0,0,0,11
1403638192.395740032196045,0,0,0,0,11
1403638192.445739984512329,0,0,0,0,11
1403638192.495739936828613,0,0,0,0,11
1403638192.545740127563477,0,0,0,0,11
1403638192.595740079879761,0,0,0,0,11
1403638192.645740032196045,0,0,0,0,11
1403638192.695739984512329,0,0,0,0,11
1403638192.745739936828613,0,0,0,0,11
1403638192.795740127563477,0,0,0,0,11
1403638192.845740079879761,0,0,0,0,11
1403638192.895740032196045,0,0,0,0,11
1403638192.945739984512329,0,0,0,0,11
1403638192.995739936828613,0,0,0,0,11
1403638193.045740127563477,0,0,0,0,11
1403638193.095740079879761,0,0,0,0,11
1403638193.145740032196045,0,0,0,0,11
1403638193.195739984512329,0,0,0,0,11
1403638193.245739936828613,0,0,0,0,11
1403638193.295740127563477,0,0,0,0,11
1403638193.345740079879761,0,0,0,0,11
1403638193.395740032196045,0,0,0,0,11
1403638193.445739984512329,0,0,0,0,11
1403638193.495739936828613,0,0,0,0,11
1403638193.545740127563477,0,0,0,0,11
1403638193.595740079879761,0,0,0,0,11
1403638193.645740032196045,0,0,0,0,11
1403638193.695739984512329,0,0,0,0,11
1403638193.745739936828613,0,0,0,0,11
1403638193.795740127563477,0,0,0,0,11
1403638193.845740079879761,0,0,0,0,11
1403638193.895740032196045,0,0,0,0,11
1403638193.945739984512329,0,0,0,0,11
1403638193.995739936828613,0,0,0,0,11
1403638194.045740127563477,0,0,0,0,11
1403638194.095740079879761,0,0,0,0,11
1403638194.145740032196045,0,0,0,0,11
1403638194.195739984512329,0,0,0,0,11
1403638194.245739936828613,0,0,0,0,11
1403638194.295740127563477,0,0,0,0,11
1403638194.345740079879761,0,0,0,0,11
1403638194.395740032196045,0,0,0,0,11
1403638194.445739984512329,0,0,0,0,11
1403638194.495739936828613,0,0,0,0,11
1403638194.545740127563477,0,0,0,0,11
1403638194.595740079879761,0,0,0,0,11
1403638194.645740032196045,0,0,0,0,11
1403638194.695739984512329,0,0,0,0,11
1403638194.745739936828613,0,0,0,0,11
1403638194.795740127563477,0,0,0,0,11
1403638194.845740079879761,0,0,0,0,11
1403638194.895740032196045,0,0,0,0,11
1403638194.945739984512329,0,0,0,0,11
1403638194.995739936828613,0,0,0,0,11
1403638195.045740127563477,0,0,0,0,11
1403638195.095740079879761,0,0,0,0,11
1403638195.145740032196045,0,0,0,0,11
1403638195.195739984512329,0,0,0,0,11
1403638195.245739936828613,0,0,0,0,11
1403638195.295740127563477,0,0,0,0,11
1403638195.345740079879761,0,0,0,0,11
1403638195.395740032196045,0,0,0,0,11
1403638195.445739984512329,0,0,0,0,11
1403638195.495739936828613,0,0,0,0,11
1403638195.545740127563477,0,0,0,0,11
1403638195.595740079879761,0,0,0,0,11
1403638195.645740032196045,0,0,0,0,11
1403638195.695739984512329,0,0,0,0,11
1403638195.745739936828613,0,0,0,0,11
1403638195.795740127563477,0,0,0,0,11
1403638195.845740079879761,0,0,0,0,11
1403638195.895740032196045,0,0,0,0,11
1403638195.945739984512329,0,0,0,0,11
1403638195.995739936828613,0,0,0,0,11
1403638196.045740127563477,0,0,0,0,11
1403638196.095740079879761,0,0,0,0,11
1403638196.145740032196045,0,0,0,0,11
1403638196.195739984512329,0,0,0,0,11
1403638196.245739936828613,0,0,0,0,11
1403638196.295740127563477,0,0,0,0,11
1403638196.345740079879761,0,0,0,0,11
1403638196.395740032196045,0,0,0,0,11
1403638196.445739984512329,0,0,0,0,11
1403638196.495739936828613,0,0,0,0,11
1403638196.545740127563477,0,0,0,0,11
1403638196.595740079879761,0,0,0,0,11
1403638196.645740032196045,0,0,0,0,11
1403638196.695739984512329,0,0,0,0,11
1403638196.745739936828613,0,0,0,0,11
1403638196.795740127563477,0,0,0,0,11
1403638196.845740079879761,0,0,0,0,11
1403638196.895740032196045,0,0,0,0,11
1403638196.945739984512329,0,0,0,0,11
1403638196.995739936828613,0,0,0,0,11
1403638197.045740127563477,0,0,0,0,11
1403638197.095740079879761,0,0,0,0,11
1403638197.145740032196045,0,0,0,0,11
1403638197.195739984512329,0,0,0,0,11
1403638197.245739936828613,0,0,0,0,11
1403638197.295740127563477,0,0,0,0,11
1403638197.345740079879761,0,0,0,0,11
1403638197.395740032196045,0,0,0,0,11
1403638197.445739984512329,0,0,0,0,11
1403638197.495739936828613,0,0,0,0,11
1403638197.545740127563477,0,0,0,0,11
1403638197.595740079879761,0,0,0,0,11
1403638197.645740032196045,0,0,0,0,11
1403638197.695739984512329,0,0,0,0,11
1403638197.745739936828613,0,0,0,0,11
1403638197.795740127563477,0,0,0,0,11
1403638197.845740079879761,0,0,0,0,11
1403638197.895740032196045,0,0,0,0,11
1403638197.945739984512329,0,0,0,0,11
1403638197.995739936828613,0,0,0,0,11
1403638198.045740127563477,0,0,0,0,11
1403638198.095740079879761,0,0,0,0,11
1403638198.145740032196045,0,0,0,0,11
1403638198.195739984512329,0,0,0,0,11
1403638198.245739936828613,0,0,0,0,11
1403638198.295740127563477,0,0,0,0,11
1403638198.345740079879761,0,0,0,0,11
1403638198.395740032196045,0,0,0,0,11
1403638198.445739984512329,0,0,0,0,11
1403638198.495739936828613,0,0,0,0,11
1403638198.545740127563477,0,0,0,0,11
1403638198.595740079879761,0,0,0,0,11
1403638198.645740032196045,0,0,0,0,11
1403638198.695739984512329,0,0,0,0,11
1403638198.745739936828613,0,0,0,0,11
1403638198.795740127563477,0,0,0,0,11
1403638198.845740079879761,0,0,0,0,11
1403638198.895740032196045,0,0,0,0,11
1403638198.945739984512329,0,0,0,0,11
1403638198.995739936828613,0,0,0,0,11
1403638199.045740127563477,0,0,0,0,11
1403638199.095740079879761,0,0,0,0,11
1403638199.145740032196045,0,0,0,0,11
1403638199.195739984512329,0,0,0,0,11
1403638199.245739936828613,0,0,0,0,11
1403638199.295740127563477,0,0,0,0,11
1403638199.345740079879761,0,0,0,0,11
1403638199.395740032196045,0,0,0,0,11
1403638199.445739984512329,0,0,0,0,11
1403638199.495739936828613,0,0,0,0,11
1403638199.545740127563477,0,0,0,0,11
1403638199.595740079879761,0,0,0,0,11
1403638199.645740032196045,0,0,0,0,11
1403638199.695739984512329,0,0,0,0,11
1403638199.745739936828613,0,0,0,0,11
1403638199.795740127563477,0,0,0,0,11
1403638199.845740079879761,0,0,0,0,11
1403638199.895740032196045,0,0,0,0,11
1403638199.945739984512329,0,0,0,0,11
1403638199.995739936828613,0,0,0,0,11
1403638200.045740127563477,0,0,0,0,11
1403638200.095740079879761,0,0,0,0,11
1403638200.145740032196045,0,0,0,0,11
1403638200.195739984512329,0,0,0,0,11
1403638200.245739936828613,0,0,0,0,11
1403638200.295740127563477,0,0,0,0,11
1403638200.345740079879761,0,0,0,0,11
1403638200.395740032196045,0,0,0,0,11
1403638200.445739984512329,0,0,0,0,11
1403638200.495739936828613,0,0,0,0,11
1403638200.545740127563477,0,0,0,0,11
1403638200.595740079879761,0,0,0,0,11
1403638200.645740032196045,0,0,0,0,11
1403638200.695739984512329,0,0,0,0,11
1403638200.745739936828613,0,0,0,0,11
1403638200.795740127563477,0,0,0,0,11
1403638200.845740079879761,0,0,0,0,11
1403638200.895740032196045,0,0,0,0,11
1403638200.945739984512329,0,0,0,0,11
1403638200.995739936828613,0,0,0,0,11
1403638201.045740127563477,0,0,0,0,11
1403638201.095740079879761,0,0,0,0,11
1403638201.145740032196045,0,0,0,0,11
1403638201.195739984512329,0,0,0,0,11
1403638201.245739936828613,0,0,0,0,11
1403638201.295740127563477,0,0,0,0,11
1403638201.345740079879761,0,0,0,0,11
1403638201.395740032196045,0,0,0,0,11
1403638201.445739984512329,0,0,0,0,11
1403638201.495739936828613,0,0,0,0,11
1403638201.545740127563477,0,0,0,0,11
1403638201.595740079879761,0,0,0,0,11
1403638201.645740032196045,0,0,0,0,11
1403638201.695739984512329,0,0,0,0,11
1403638201.745739936828613,0,0,0,0,11
1403638201.795740127563477,0,0,0,0,11
1403638201.845740079879761,0,0,0,0,11
1403638201.895740032196045,0,0,0,0,11
1403638201.945739984512329,0,0,0,0,11
1403638201.995739936828613,0,0,0,0,11
1403638202.045740127563477,0,0,0,0,11
1403638202.095740079879761,0,0,0,0,11
1403638202.145740032196045,0,0,0,0,11
1403638202.195739984512329,0,0,0,0,11
1403638202.245739936828613,0,0,0,0,11
1403638202.295740127563477,0,0,0,0,11
1403638202.345740079879761,0,0,0,0,11
1403638202.395740032196045,0,0,0,0,11
1403638202.445739984512329,0,0,0,0,11
1403638202.495739936828613,0,0,0,0,11
1403638202.545740127563477,0,0,0,0,11
1403638202.595740079879761,0,0,0,0,11
1403638202.645740032196045,0,0,0,0,11
1403638202.695739984512329,0,0,0,0,11
1403638202.745739936828613,0,0,0,0,11
1403638202.795740127563477,0,0,0,0,11
1403638202.845740079879761,0,0,0,0,11
1403638202.895740032196045,0,0,0,0,11
1403638202.945739984512329,0,0,0,0,11
1403638202.995739936828613,0,0,0,0,11
1403638203.045740127563477,0,0,0,0,11
1403638203.095740079879761,0,0,0,0,11
1403638203.145740032196045,0,0,0,0,11
1403638203.195739984512329,0,0,0,0,11
1403638203.245739936828613,0,0,0,0,11
1403638203.295740127563477,0,0,0,0,11
1403638203.345740079879761,0,0,0,0,11
1403638203.395740032196045,0,0,0,0,11
1403638203.445739984512329,0,0,0,0,11
1403638203.495739936828613,0,0,0,0,11
1403638203.545740127563477,0,0,0,0,11
1403638203.595740079879761,0,0,0,0,11
1403638203.645740032196045,0,0,0,0,11
1403638203.695739984512329,0,0,0,0,11
1403638203.745739936828613,0,0,0,0,11
1403638203.795740127563477,0,0,0,0,11
1403638203.845740079879761,0,0,0,0,11
1403638203.895740032196045,0,0,0,0,11
1403638203.945739984512329,0,0,0,0,11
1403638203.995739936828613,0,0,0,0,11
1403638204.045740127563477,0,0,0,0,11
1403638204.095740079879761,0,0,0,0,11
1403638204.145740032196045,0,0,0,0,11
1403638204.195739984512329,0,0,0,0,11
1403638204.245739936828613,0,0,0,0,11
1403638204.295740127563477,0,0,0,0,11
1403638204.345740079879761,0,0,0,0,11
1403638204.395740032196045,0,0,0,0,11
1403638204.445739984512329,0,0,0,0,11
1403638204.495739936828613,0,0,0,0,11
1403638204.545740127563477,0,0,0,0,11
1403638204.595740079879761,0,0,0,0,11
1403638204.645740032196045,0,0,0,0,11
1403638204.695739984512329,0,0,0,0,11
1403638204.745739936828613,0,0,0,0,11
1403638204.795740127563477,0,0,0,0,11
1403638204.845740079879761,0,0,0,0,11
1403638204.895740032196045,0,0,0,0,11
1403638204.945739984512329,0,0,0,0,11
1403638204.995739936828613,0,0,0,0,11
1403638205.045740127563477,0,0,0,0,11
1403638205.095740079879761,0,0,0,0,11
1403638205.145740032196045,0,0,0,0,11
1403638205.195739984512329,0,0,0,0,11
1403638205.245739936828613,0,0,0,0,11
1403638205.295740127563477,0,0,0,0,11
1403638205.345740079879761,0,0,0,0,11
1403638205.395740032196045,0,0,0,0,11
1403638205.445739984512329,0,0,0,0,11
1403638205.495739936828613,0,0,0,0,11
1403638205.545740127563477,0,0,0,0,11
1403638205.595740079879761,0,0,0,0,11
1403638205.645740032196045,0,0,0,0,11
1403638205.695739984512329,0,0,0,0,11
1403638205.745739936828613,0,0,0,0,11
1403638205.795740127563477,0,0,0,0,11
1403638205.845740079879761,0,0,0,0,11
1403638205.895740032196045,0,0,0,0,11
1403638205.945739984512329,0,0,0,0,11
1403638205.995739936828613,0,0,0,0,11
1403638206.045740127563477,0,0,0,0,11
1403638206.095740079879761,0,0,0,0,11
1403638206.145740032196045,0,0,0,0,11
1403638206.195739984512329,0,0,0,0,11
1403638206.245739936828613,0,0,0,0,11
1403638206.295740127563477,0,0,0,0,11
1403638206.345740079879761,0,0,0,0,11
1403638206.395740032196045,0,0,0,0,11
1403638206.445739984512329,0,0,0,0,11
1403638206.495739936828613,0,0,0,0,11
1403638206.545740127563477,0,0,0,0,11
1403638206.595740079879761,0,0,0,0,11
1403638206.645740032196045,0,0,0,0,11
1403638206.695739984512329,0,0,0,0,11
1403638206.745739936828613,0,0,0,0,11
1403638206.795740127563477,0,0,0,0,11
1403638206.845740079879761,0,0,0,0,11
1403638206.895740032196045,0,0,0,0,11
1403638206.945739984512329,0,0,0,0,11
1403638206.995739936828613,0,0,0,0,11
1403638207.045740127563477,0,0,0,0,11
1403638207.095740079879761,0,0,0,0,11
1403638207.145740032196045,0,0,0,0,11
1403638207.195739984512329,0,0,0,0,11
1403638207.245739936828613,0,0,0,0,11
1403638207.295740127563477,0,0,0,0,11
1403638207.345740079879761,0,0,0,0,11
1403638207.395740032196045,0,0,0,0,11
1403638207.445739984512329,0,0,0,0,11
1403638207.495739936828613,0,0,0,0,11
1403638207.545740127563477,0,0,0,0,11
1403638207.595740079879761,0,0,0,0,11
1403638207.645740032196045,0,0,0,0,11
1403638207.695739984512329,0,0,0,0,11
1403638207.745739936828613,0,0,0,0,11
1403638207.795740127563477,0,0,0,0,11
1403638207.845740079879761,0,0,0,0,11
1403638207.895740032196045,0,0,0,0,11
1403638207.945739984512329,0,0,0,0,11
1403638207.995739936828613,0,0,0,0,11
1403638208.045740127563477,0,0,0,0,11
1403638208.095740079879761,0,0,0,0,11
1403638208.145740032196045,0,0,0,0,11
1403638208.195739984512329,0,0,0,0,11
1403638208.245739936828613,0,0,0,0,11
1403638208.295740127563477,0,0,0,0,11
1403638208.345740079879761,0,0,0,0,11
1403638208.395740032196045,0,0,0,0,11
1403638208.445739984512329,0,0,0,0,11
1403638208.495739936828613,0,0,0,0,11
1403638208.545740127563477,0,0,0,0,11
1403638208.595740079879761,0,0,0,0,11
1403638208.645740032196045,0,0,0,0,11
1403638208.695739984512329,0,0,0,0,11
1403638208.745739936828613,0,0,0,0,11
1403638208.795740127563477,0,0,0,0,11
1403638208.845740079879761,0,0,0,0,11
1403638208.895740032196045,0,0,0,0,11
1403638208.945739984512329,0,0,0,0,11
1403638208.995739936828613,0,0,0,0,11
1403638209.045740127563477,0,0,0,0,11
1403638209.095740079879761,0,0,0,0,11
1403638209.145740032196045,0,0,0,0,11
1403638209.195739984512329,0,0,0,0,11
1403638209.245739936828613,0,0,0,0,11
1403638209.295740127563477,0,0,0,0,11
1403638209.345740079879761,0,0,0,0,11
1403638209.395740032196045,0,0,0,0,11
1403638209.445739984512329,0,0,0,0,11
1403638209.495739936828613,0,0,0,0,11
1403638209.545740127563477,0,0,0,0,11
1403638209.595740079879761,0,0,0,0,11
1403638209.645740032196045,0,0,0,0,11
1403638209.695739984512329,0,0,0,0,11
1403638209.745739936828613,0,0,0,0,11
1403638209.795740127563477,0,0,0,0,11
1403638209.845740079879761,0,0,0,0,11
1403638209.895740032196045,0,0,0,0,11
1403638209.945739984512329,0,0,0,0,11
1403638209.995739936828613,0,0,0,0,11
1403638210.045740127563477,0,0,0,0,11
1403638210.095740079879761,0,0,0,0,11
1403638210.145740032196045,0,0,0,0,11
1403638210.195739984512329,0,0,0,0,11
1403638210.245739936828613,0,0,0,0,11
1403638210.295740127563477,0,0,0,0,11
1403638210.345740079879761,0,0,0,0,11
1403638210.395740032196045,0,0,0,0,11
1403638210.445739984512329,0,0,0,0,11
1403638210.495739936828613,0,0,0,0,11
1403638210.545740127563477,0,0,0,0,11
1403638210.595740079879761,0,0,0,0,11
1403638210.645740032196045,0,0,0,0,11
1403638210.695739984512329,0,0,0,0,11
1403638210.745739936828613,0,0,0,0,11
1403638210.795740127563477,0,0,0,0,11
1403638210.845740079879761,0,0,0,0,11
1403638210.895740032196045,0,0,0,0,11
1403638210.945739984512329,0,0,0,0,11
1403638210.995739936828613,0,0,0,0,11
1403638211.045740127563477,0,0,0,0,11
1403638211.095740079879761,0,0,0,0,11
1403638211.145740032196045,0,0,0,0,11
1403638211.195739984512329,0,0,0,0,11
1403638211.245739936828613,0,0,0,0,11
1403638211.295740127563477,0,0,0,0,11
1403638211.345740079879761,0,0,0,0,11
1403638211.395740032196045,0,0,0,0,11
1403638211.445739984512329,0,0,0,0,11
1403638211.495739936828613,0,0,0,0,11
1403638211.545740127563477,0,0,0,0,11
1403638211.595740079879761,0,0,0,0,11
1403638211.645740032196045,0,0,0,0,11
1403638211.695739984512329,0,0,0,0,11
1403638211.745739936828613,0,0,0,0,11
1403638211.795740127563477,0,0,0,0,11
1403638211.845740079879761,0,0,0,0,11
1403638211.895740032196045,0,0,0,0,11
1403638211.945739984512329,0,0,0,0,11
1403638211.995739936828613,0,0,0,0,11
1403638212.045740127563477,0,0,0,0,11
1403638212.095740079879761,0,0,0,0,11
1403638212.145740032196045,0,0,0,0,11
1403638212.195739984512329,0,0,0,0,11
1403638212.245739936828613,0,0,0,0,11
1403638212.295740127563477,0,0,0,0,11
1403638212.345740079879761,0,0,0,0,11
1403638212.395740032196045,0,0,0,0,11
1403638212.445739984512329,0,0,0,0,11
1403638212.495739936828613,0,0,0,0,11
1403638212.545740127563477,0,0,0,0,11
1403638212.595740079879761,0,0,0,0,11
1403638212.645740032196045,0,0,0,0,11
1403638212.695739984512329,0,0,0,0,11
1403638212.745739936828613,0,0,0,0,11
1403638212.795740127563477,0,0,0,0,11
1403638212.845740079879761,0,0,0,0,11
1403638212.895740032196045,0,0,0,0,11
1403638212.945739984512329,0,0,0,0,11
1403638212.995739936828613,0,0,0,0,11
1403638213.045740127563477,0,0,0,0,11
1403638213.095740079879761,0,0,0,0,11
1403638213.145740032196045,0,0,0,0,11
1403638213.195739984512329,0,0,0,0,11
1403638213.245739936828613,0,0,0,0,11
1403638213.295740127563477,0,0,0,0,11
1403638213.345740079879761,0,0,0,0,11
1403638213.395740032196045,0,0,0,0,11
1403638213.445739984512329,0,0,0,0,11
1403638213.495739936828613,0,0,0,0,11
1403638213.545740127563477,0,0,0,0,11
1403638213.595740079879761,0,0,0,0,11
1403638213.645740032196045,0,0,0,0,11
1403638213.695739984512329,0,0,0,0,11
1403638213.745739936828613,0,0,0,0,11
1403638213.795740127563477,0,0,0,0,11
1403638213.845740079879761,0,0,0,0,11
1403638213.895740032196045,0,0,0,0,11
1403638213.945739984512329,0,0,0,0,11
1403638213.995739936828613,0,0,0,0,11
1403638214.045740127563477,0,0,0,0,11
1403638214.095740079879761,0,0,0,0,11
1403638214.145740032196045,0,0,0,0,11
1403638214.195739984512329,0,0,0,0,11
1403638214.245739936828613,0,0,0,0,11
1403638214.295740127563477,0,0,0,0,11
1403638214.345740079879761,0,0,0,0,11
1403638214.395740032196045,0,0,0,0,11
1403638214.445739984512329,0,0,0,0,11
1403638214.495739936828613,0,0,0,0,11
1403638214.545740127563477,0,0,0,0,11
1403638214.595740079879761,0,0,0,0,11
1403638214.645740032196045,0,0,0,0,11
1403638214.695739984512329,0,0,0,0,11
1403638214.745739936828613,0,0,0,0,11
1403638214.795740127563477,0,0,0,0,11
1403638214.845740079879761,0,0,0,0,11
1403638214.895740032196045,0,0,0,0,11
1403638214.945739984512329,0,0,0,0,11
1403638214.995739936828613,0,0,0,0,11
1403638215.045740127563477,0,0,0,0,11
1403638215.095740079879761,0,0,0,0,11
1403638215.145740032196045,0,0,0,0,11
1403638215.195739984512329,0,0,0,0,11
1403638215.245739936828613,0,0,0,0,11
1403638215.295740127563477,0,0,0,0,11
1403638215.345740079879761,0,0,0,0,11
1403638215.395740032196045,0,0,0,0,11
1403638215.445739984512329,0,0,0,0,11
1403638215.495739936828613,0,0,0,0,11
1403638215.545740127563477,0,0,0,0,11
1403638215.595740079879761,0,0,0,0,11
1403638215.645740032196045,0,0,0,0,11
1403638215.695739984512329,0,0,0,0,11
1403638215.745739936828613,0,0,0,0,11
1403638215.795740127563477,0,0,0,0,11
1403638215.845740079879761,0,0,0,0,11
1403638215.895740032196045,0,0,0,0,11
1403638215.945739984512329,0,0,0,0,11
1403638215.995739936828613,0,0,0,0,11
1403638216.045740127563477,0,0,0,0,11
1403638216.095740079879761,0,0,0,0,11
1403638216.145740032196045,0,0,0,0,11
1403638216.195739984512329,0,0,0,0,11
1403638216.245739936828613,0,0,0,0,11
1403638216.295740127563477,0,0,0,0,11
1403638216.345740079879761,0,0,0,0,11
1403638216.395740032196045,0,0,0,0,11
1403638216.445739984512329,0,0,0,0,11
1403638216.495739936828613,0,0,0,0,11
1403638216.545740127563477,0,0,0,0,11
1403638216.595740079879761,0,0,0,0,11
1403638216.645740032196045,0,0,0,0,11
1403638216.695739984512329,0,0,0,0,11
1403638216.745739936828613,0,0,0,0,11
1403638216.795740127563477,0,0,0,0,11
1403638216.845740079879761,0,0,0,0,11
1403638216.895740032196045,0,0,0,0,11
1403638216.945739984512329,0,0,0,0,11
1403638216.995739936828613,0,0,0,0,11
1403638217.045740127563477,0,0,0,0,11
1403638217.095740079879761,0,0,0,0,11
1403638217.145740032196045,0,0,0,0,11
1403638217.195739984512329,0,0,0,0,11
1403638217.245739936828613,0,0,0,0,11
1403638217.295740127563477,0,0,0,0,11
1403638217.345740079879761,0,0,0,0,11
1403638217.395740032196045,0,0,0,0,11
1403638217.445739984512329,0,0,0,0,11
1403638217.495739936828613,0,0,0,0,11
1403638217.545740127563477,0,0,0,0,11
1403638217.595740079879761,0,0,0,0,11
1403638217.645740032196045,0,0,0,0,11
1403638217.695739984512329,0,0,0,0,11
1403638217.745739936828613,0,0,0,0,11
1403638217.795740127563477,0,0,0,0,11
1403638217.845740079879761,0,0,0,0,11
1403638217.895740032196045,0,0,0,0,11
1403638217.945739984512329,0,0,0,0,11
1403638217.995739936828613,0,0,0,0,11
1403638218.045740127563477,0,0,0,0,11
1403638218.095740079879761,0,0,0,0,11
1403638218.145740032196045,0,0,0,0,11
1403638218.195739984512329,0,0,0,0,11
1403638218.245739936828613,0,0,0,0,11
1403638218.295740127563477,0,0,0,0,11
1403638218.345740079879761,0,0,0,0,11
1403638218.395740032196045,0,0,0,0,11
1403638218.445739984512329,0,0,0,0,11
1403638218.495739936828613,0,0,0,0,11
1403638218.545740127563477,0,0,0,0,11
1403638218.595740079879761,0,0,0,0,11
1403638218.645740032196045,0,0,0,0,11
1403638218.695739984512329,0,0,0,0,11
1403638218.745739936828613,0,0,0,0,11
1403638218.795740127563477,0,0,0,0,11
1403638218.845740079879761,0,0,0,0,11
1403638218.895740032196045,0,0,0,0,11
1403638218.945739984512329,0,0,0,0,11
1403638218.995739936828613,0,0,0,0,11
1403638219.045740127563477,0,0,0,0,11
1403638219.095740079879761,0,0,0,0,11
1403638219.145740032196045,0,0,0,0,11
1403638219.195739984512329,0,0,0,0,11
1403638219.245739936828613,0,0,0,0,11
1403638219.295740127563477,0,0,0,0,11
1403638219.345740079879761,0,0,0,0,11
1403638219.395740032196045,0,0,0,0,11
1403638219.445739984512329,0,0,0,0,11
1403638219.495739936828613,0,0,0,0,11
1403638219.545740127563477,0,0,0,0,11
1403638219.595740079879761,0,0,0,0,11
1403638219.645740032196045,0,0,0,0,11
1403638219.695739984512329,0,0,0,0,11
1403638219.745739936828613,0,0,0,0,11
1403638219.795740127563477,0,0,0,0,11
1403638219.845740079879761,0,0,0,0,11
1403638219.895740032196045,0,0,0,0,11
1403638219.945739984512329,0,0,0,0,11
1403638219.995739936828613,0,0,0,0,11
1403638220.045740127563477,0,0,0,0,11
1403638220.095740079879761,0,0,0,0,11
1403638220.145740032196045,0,0,0,0,11
1403638220.195739984512329,0,0,0,0,11
1403638220.245739936828613,0,0,0,0,11
1403638220.295740127563477,0,0,0,0,11
1403638220.345740079879761,0,0,0,0,11
1403638220.395740032196045,0,0,0,0,11
1403638220.445739984512329,0,0,0,0,11
1403638220.495739936828613,0,0,0,0,11
1403638220.545740127563477,0,0,0,0,11
1403638220.595740079879761,0,0,0,0,11
1403638220.645740032196045,0,0,0,0,11
1403638220.695739984512329,0,0,0,0,11
1403638220.745739936828613,0,0,0,0,11
1403638220.795740127563477,0,0,0,0,11
1403638220.845740079879761,0,0,0,0,11
1403638220.895740032196045,0,0,0,0,11
1403638220.945739984512329,0,0,0,0,11
1403638220.995739936828613,0,0,0,0,11
1403638221.045740127563477,0,0,0,0,11
1403638221.095740079879761,0,0,0,0,11
1403638221.145740032196045,0,0,0,0,11
1403638221.195739984512329,0,0,0,0,11
1403638221.245739936828613,0,0,0,0,11
1403638221.295740127563477,0,0,0,0,11
1403638221.345740079879761,0,0,0,0,11
1403638221.395740032196045,0,0,0,0,11
1403638221.445739984512329,0,0,0,0,11
1403638221.495739936828613,0,0,0,0,11
1403638221.545740127563477,0,0,0,0,11
1403638221.595740079879761,0,0,0,0,11
1403638221.645740032196045,0,0,0,0,11
1403638221.695739984512329,0,0,0,0,11
1403638221.745739936828613,0,0,0,0,11
1403638221.795740127563477,0,0,0,0,11
1403638221.845740079879761,0,0,0,0,11
1403638221.895740032196045,0,0,0,0,11
1403638221.945739984512329,0,0,0,0,11
1403638221.995739936828613,0,0,0,0,11
1403638222.045740127563477,0,0,0,0,11
1403638222.095740079879761,0,0,0,0,11
1403638222.145740032196045,0,0,0,0,11
1403638222.195739984512329,0,0,0,0,11
1403638222.245739936828613,0,0,0,0,11
1403638222.295740127563477,0,0,0,0,11
1403638222.345740079879761,0,0,0,0,11
1403638222.395740032196045,0,0,0,0,11
1403638222.445739984512329,0,0,0,0,11
1403638222.495739936828613,0,0,0,0,11
1403638222.545740127563477,0,0,0,0,11
1403638222.595740079879761,0,0,0,0,11
1403638222.645740032196045,0,0,0,0,11
1403638222.695739984512329,0,0,0,0,11
1403638222.745739936828613,0,0,0,0,11
1403638222.795740127563477,0,0,0,0,11
1403638222.845740079879761,0,0,0,0,11
1403638222.895740032196045,0,0,0,0,11
1403638222.945739984512329,0,0,0,0,11
1403638222.995739936828613,0,0,0,0,11
1403638223.045740127563477,0,0,0,0,11
1403638223.095740079879761,0,0,0,0,11
1403638223.145740032196045,0,0,0,0,11
1403638223.195739984512329,0,0,0,0,11
1403638223.245739936828613,0,0,0,0,11
1403638223.295740127563477,0,0,0,0,11
1403638223.345740079879761,0,0,0,0,11
1403638223.395740032196045,0,0,0,0,11
1403638223.445739984512329,0,0,0,0,11
1403638223.495739936828613,0,0,0,0,11
1403638223.545740127563477,0,0,0,0,11
1403638223.595740079879761,0,0,0,0,11
1403638223.645740032196045,0,0,0,0,11
1403638223.695739984512329,0,0,0,0,11
1403638223.745739936828613,0,0,0,0,11
1403638223.795740127563477,0,0,0,0,11
1403638223.845740079879761,0,0,0,0,11
1403638223.895740032196045,0,0,0,0,11
1403638223.945739984512329,0,0,0,0,11
1403638223.995739936828613,0,0,0,0,11
1403638224.045740127563477,0,0,0,0,11
1403638224.095740079879761,0,0,0,0,11
1403638224.145740032196045,0,0,0,0,11
1403638224.195739984512329,0,0,0,0,11
1403638224.245739936828613,0,0,0,0,11
1403638224.295740127563477,0,0,0,0,11
1403638224.345740079879761,0,0,0,0,11
1403638224.395740032196045,0,0,0,0,11
1403638224.445739984512329,0,0,0,0,11
1403638224.495739936828613,0,0,0,0,11
1403638224.545740127563477,0,0,0,0,11
1403638224.595740079879761,0,0,0,0,11
1403638224.645740032196045,0,0,0,0,11
1403638224.695739984512329,0,0,0,0,11
1403638224.745739936828613,0,0,0,0,11
1403638224.795740127563477,0,0,0,0,11
1403638224.845740079879761,0,0,0,0,11
1403638224.895740032196045,0,0,0,0,11
1403638224.945739984512329,0,0,0,0,11
1403638224.995739936828613,0,0,0,0,11
1403638225.045740127563477,0,0,0,0,11
1403638225.095740079879761,0,0,0,0,11
1403638225.145740032196045,0,0,0,0,11
1403638225.195739984512329,0,0,0,0,11
1403638225.245739936828613,0,0,0,0,11
1403638225.295740127563477,0,0,0,0,11
1403638225.345740079879761,0,0,0,0,11
1403638225.395740032196045,0,0,0,0,11
1403638225.445739984512329,0,0,0,0,11
1403638225.495739936828613,0,0,0,0,11
1403638225.545740127563477,0,0,0,0,11
1403638225.595740079879761,0,0,0,0,11
1403638225.645740032196045,0,0,0,0,11
1403638225.695739984512329,0,0,0,0,11
1403638225.745739936828613,0,0,0,0,11
1403638225.795740127563477,0,0,0,0,11
1403638225.845740079879761,0,0,0,0,11
1403638225.895740032196045,0,0,0,0,11
1403638225.945739984512329,0,0,0,0,11
1403638225.995739936828613,0,0,0,0,11
1403638226.045740127563477,0,0,0,0,11
1403638226.095740079879761,0,0,0,0,11
1403638226.145740032196045,0,0,0,0,11
1403638226.195739984512329,0,0,0,0,11
1403638226.245739936828613,0,0,0,0,11
1403638226.295740127563477,0,0,0,0,11
1403638226.345740079879761,0,0,0,0,11
1403638226.395740032196045,0,0,0,0,11
1403638226.445739984512329,0,0,0,0,11
1403638226.495739936828613,0,0,0,0,11
1403638226.545740127563477,0,0,0,0,11
1403638226.595740079879761,0,0,0,0,11
1403638226.645740032196045,0,0,0,0,11
1403638226.695739984512329,0,0,0,0,11
1403638226.745739936828613,0,0,0,0,11
1403638226.795740127563477,0,0,0,0,11
1403638226.845740079879761,0,0,0,0,11
1403638226.895740032196045,0,0,0,0,11
1403638226.945739984512329,0,0,0,0,11
1403638226.995739936828613,0,0,0,0,11
1403638227.045740127563477,0,0,0,0,11
1403638227.095740079879761,0,0,0,0,11
1403638227.145740032196045,0,0,0,0,11
1403638227.195739984512329,0,0,0,0,11
1403638227.245739936828613,0,0,0,0,11
1403638227.295740127563477,0,0,0,0,11
1403638227.345740079879761,0,0,0,0,11
1403638227.395740032196045,0,0,0,0,11
1403638227.445739984512329,0,0,0,0,11
1403638227.495739936828613,0,0,0,0,11
1403638227.545740127563477,0,0,0,0,11
1403638227.595740079879761,0,0,0,0,11
1403638227.645740032196045,0,0,0,0,11
1403638227.695739984512329,0,0,0,0,11
1403638227.745739936828613,0,0,0,0,11
1403638227.795740127563477,0,0,0,0,11
1403638227.845740079879761,0,0,0,0,11
1403638227.895740032196045,0,0,0,0,11
1403638227.945739984512329,0,0,0,0,11
1403638227.995739936828613,0,0,0,0,11
1403638228.045740127563477,0,0,0,0,11
1403638228.095740079879761,0,0,0,0,11
1403638228.145740032196045,0,0,0,0,11
1403638228.195739984512329,0,0,0,0,11
1403638228.245739936828613,0,0,0,0,11
1403638228.295740127563477,0,0,0,0,11
1403638228.345740079879761,0,0,0,0,11
1403638228.395740032196045,0,0,0,0,11
1403638228.445739984512329,0,0,0,0,11
1403638228.495739936828613,0,0,0,0,11
1403638228.545740127563477,0,0,0,0,11
1403638228.595740079879761,0,0,0,0,11
1403638228.645740032196045,0,0,0,0,11
1403638228.695739984512329,0,0,0,0,11
1403638228.745739936828613,0,0,0,0,11
1403638228.795740127563477,0,0,0,0,11
