# timestamp (sec),slam_feats_in_state,msckf_feats_used,slam_feats_updated,slam_feats_delayed_init,clones
1403638132.942121267318726,0,2,0,0,5
1403638132.992121219635010,0,0,0,0,6
1403638133.042121410369873,0,0,0,0,7
1403638133.092121362686157,0,0,0,0,8
1403638133.142121315002441,0,0,0,0,9
1403638133.192121267318726,0,0,0,0,10
1403638133.242121219635010,0,0,0,0,11
1403638133.292121410369873,0,0,0,0,11
1403638133.342121362686157,0,0,0,0,11
1403638133.392121315002441,0,0,0,0,11
1403638133.442121267318726,0,0,0,0,11
1403638133.492121219635010,0,0,0,0,11
1403638133.533004283905029,1,0,0,1,11
1403638133.591618061065674,9,8,0,8,11
1403638133.642254114151001,11,0,8,2,11
1403638133.692142009735107,10,0,10,0,11
1403638133.742022514343262,10,0,10,0,11
1403638133.791965007781982,10,0,10,0,11
1403638133.842318058013916,12,0,9,2,11
1403638133.892769098281860,12,0,10,0,11
1403638133.943674802780151,15,0,10,4,11
1403638133.994118452072144,15,0,11,0,11
1403638134.044967412948608,14,0,11,0,11
1403638134.095306873321533,11,0,9,0,11
1403638134.145338296890259,10,0,4,0,11
1403638134.195138692855835,19,0,3,10,11
1403638134.244717597961426,15,0,6,1,11
1403638134.294502258300781,15,0,4,1,11
1403638134.344415187835693,8,0,4,0,11
1403638134.394391298294067,5,0,3,0,11
1403638134.444344758987427,4,0,1,0,11
1403638134.494282007217407,3,0,1,0,11
1403638134.544212579727173,1,0,1,0,11
1403638134.594160556793213,1,0,1,0,11
1403638134.644098520278931,1,0,1,0,11
1403638134.694098472595215,1,0,0,0,11
1403638134.744193792343140,3,0,0,2,11
1403638134.793926477432251,13,0,2,11,11
1403638134.844039201736450,21,1,13,8,11
1403638134.893812656402588,21,0,20,0,11
1403638134.943441867828369,24,0,18,3,11
1403638134.993518352508545,25,0,19,2,11
1403638135.043828248977661,23,0,20,0,11
1403638135.094081401824951,21,0,18,0,11
1403638135.144311428070068,21,0,16,1,11
1403638135.194495201110840,18,0,15,0,11
1403638135.244625091552734,16,0,12,0,11
1403638135.294502735137939,16,0,9,1,11
1403638135.344427347183228,15,0,9,2,11
1403638135.394427299499512,14,0,11,2,11
1403638135.444632053375244,13,0,12,0,11
1403638135.494717836380005,13,0,11,0,11
1403638135.544877290725708,12,0,11,0,11
1403638135.594889879226685,11,0,11,0,11
1403638135.644754409790039,10,0,10,0,11
1403638135.694621562957764,10,0,10,0,11
1403638135.744512557983398,10,0,10,0,11
1403638135.794553041458130,11,0,10,1,11
1403638135.844710350036621,12,0,11,1,11
1403638135.894796609878540,12,0,10,0,11
1403638135.944924354553223,14,0,10,2,11
1403638135.994941234588623,11,0,10,0,11
1403638136.044945240020752,9,0,8,0,11
1403638136.094918012619019,8,0,8,0,11
1403638136.144888877868652,8,0,8,0,11
1403638136.194876670837402,8,0,7,0,11
1403638136.244920253753662,7,0,6,0,11
1403638136.294961929321289,6,0,6,0,11
1403638136.345021963119507,6,0,6,0,11
1403638136.395056962966919,5,0,5,0,11
1403638136.445091962814331,5,0,5,0,11
1403638136.495118856430054,5,0,5,0,11
1403638136.545121669769287,5,0,5,0,11
1403638136.595083236694336,5,0,4,0,11
1403638136.645037889480591,5,0,5,0,11
1403638136.694965600967407,5,0,5,0,11
1403638136.744898080825806,5,0,4,0,11
1403638136.794863462448120,5,0,1,0,11
1403638136.844813108444214,5,0,0,1,11
1403638136.894740343093872,2,0,1,1,11
1403638136.944665670394897,3,0,2,1,11
1403638136.994664907455444,4,0,2,1,11
1403638137.044693470001221,5,0,2,1,11
1403638137.094715833663940,4,1,2,0,11
1403638137.144715785980225,5,0,0,2,11
1403638137.194756269454956,5,0,0,1,11
1403638137.244756221771240,3,0,0,0,11
1403638137.294756412506104,1,0,0,0,11
1403638137.344756364822388,0,0,0,0,11
1403638137.394756317138672,0,0,0,0,11
1403638137.444756269454956,0,0,0,0,11
1403638137.494756221771240,0,0,0,0,11
1403638137.544756412506104,0,0,0,0,11
1403638137.594756364822388,0,0,0,0,11
1403638137.644756317138672,0,0,0,0,11
1403638137.694756269454956,0,0,0,0,11
1403638137.744756221771240,0,0,0,0,11
1403638137.794756412506104,0,0,0,0,11
1403638137.844756364822388,0,0,0,0,11
1403638137.894756317138672,0,0,0,0,11
1403638137.944756269454956,0,0,0,0,11
1403638137.994756221771240,0,0,0,0,11
1403638138.044756412506104,0,0,0,0,11
1403638138.094756364822388,0,0,0,0,11
1403638138.144756317138672,0,0,0,0,11
1403638138.194756269454956,0,0,0,0,11
1403638138.244756221771240,0,0,0,0,11
1403638138.294756412506104,0,0,0,0,11
1403638138.344756364822388,0,0,0,0,11
1403638138.394756317138672,0,0,0,0,11
1403638138.444756269454956,0,0,0,0,11
1403638138.494756221771240,0,0,0,0,11
1403638138.544756412506104,0,0,0,0,11
1403638138.594756364822388,0,0,0,0,11
1403638138.644756317138672,0,0,0,0,11
1403638138.694756269454956,0,0,0,0,11
1403638138.744756221771240,0,0,0,0,11
1403638138.794756412506104,0,0,0,0,11
1403638138.844756364822388,0,0,0,0,11
1403638138.894756317138672,0,0,0,0,11
1403638138.944756269454956,0,0,0,0,11
1403638138.994756221771240,0,0,0,0,11
1403638139.044756412506104,0,0,0,0,11
1403638139.094756364822388,0,0,0,0,11
1403638139.144756317138672,0,0,0,0,11
1403638139.194756269454956,0,0,0,0,11
1403638139.244756221771240,0,0,0,0,11
1403638139.294756412506104,0,0,0,0,11
1403638139.344756364822388,0,0,0,0,11
1403638139.394756317138672,0,0,0,0,11
1403638139.444756269454956,0,0,0,0,11
1403638139.494756221771240,0,0,0,0,11
1403638139.544756412506104,0,0,0,0,11
1403638139.594756364822388,0,0,0,0,11
1403638139.644756317138672,0,0,0,0,11
1403638139.694756269454956,0,0,0,0,11
1403638139.744756221771240,0,0,0,0,11
1403638139.794756412506104,0,0,0,0,11
1403638139.844756364822388,0,0,0,0,11
1403638139.894756317138672,0,0,0,0,11
1403638139.944756269454956,0,0,0,0,11
1403638139.994756221771240,0,0,0,0,11
1403638140.044756412506104,0,0,0,0,11
1403638140.094756364822388,0,0,0,0,11
1403638140.144756317138672,0,0,0,0,11
1403638140.194756269454956,0,0,0,0,11
1403638140.244756221771240,0,0,0,0,11
1403638140.294756412506104,0,0,0,0,11
1403638140.344756364822388,0,0,0,0,11
1403638140.394756317138672,0,0,0,0,11
1403638140.444756269454956,0,0,0,0,11
1403638140.494756221771240,0,0,0,0,11
1403638140.544756412506104,0,0,0,0,11
1403638140.594756364822388,0,0,0,0,11
1403638140.644756317138672,0,0,0,0,11
1403638140.694756269454956,0,0,0,0,11
1403638140.744756221771240,0,0,0,0,11
1403638140.794756412506104,0,0,0,0,11
1403638140.844756364822388,0,0,0,0,11
1403638140.894756317138672,0,0,0,0,11
1403638140.944756269454956,0,0,0,0,11
1403638140.994756221771240,0,0,0,0,11
1403638141.044756412506104,0,0,0,0,11
1403638141.094756364822388,0,0,0,0,11
1403638141.144756317138672,0,0,0,0,11
1403638141.194756269454956,0,0,0,0,11
1403638141.244756221771240,0,0,0,0,11
1403638141.294756412506104,0,0,0,0,11
1403638141.344756364822388,0,0,0,0,11
1403638141.394756317138672,0,0,0,0,11
1403638141.444756269454956,0,0,0,0,11
1403638141.494756221771240,0,0,0,0,11
1403638141.544756412506104,0,0,0,0,11
1403638141.594756364822388,0,0,0,0,11
1403638141.644756317138672,0,0,0,0,11
1403638141.694756269454956,0,0,0,0,11
1403638141.744756221771240,0,0,0,0,11
1403638141.794756412506104,0,0,0,0,11
1403638141.844756364822388,0,0,0,0,11
1403638141.894756317138672,0,0,0,0,11
1403638141.944756269454956,0,0,0,0,11
1403638141.994756221771240,0,0,0,0,11
1403638142.044756412506104,0,0,0,0,11
1403638142.094756364822388,0,0,0,0,11
1403638142.144756317138672,0,0,0,0,11
1403638142.194756269454956,0,0,0,0,11
1403638142.244756221771240,0,0,0,0,11
1403638142.294756412506104,0,0,0,0,11
1403638142.344756364822388,0,0,0,0,11
1403638142.394756317138672,0,0,0,0,11
1403638142.444756269454956,0,0,0,0,11
1403638142.494756221771240,0,0,0,0,11
1403638142.544756412506104,0,0,0,0,11
1403638142.594756364822388,0,0,0,0,11
1403638142.644756317138672,0,0,0,0,11
1403638142.694756269454956,0,0,0,0,11
1403638142.744756221771240,0,0,0,0,11
1403638142.794756412506104,0,0,0,0,11
1403638142.844756364822388,0,0,0,0,11
1403638142.894756317138672,0,0,0,0,11
1403638142.944756269454956,0,0,0,0,11
1403638142.994756221771240,0,0,0,0,11
1403638143.044756412506104,0,0,0,0,11
1403638143.094756364822388,0,0,0,0,11
1403638143.144756317138672,0,0,0,0,11
1403638143.194756269454956,0,0,0,0,11
1403638143.244756221771240,0,0,0,0,11
1403638143.294756412506104,0,0,0,0,11
1403638143.344756364822388,0,0,0,0,11
1403638143.394756317138672,0,0,0,0,11
1403638143.444756269454956,0,0,0,0,11
1403638143.494756221771240,0,0,0,0,11
1403638143.544756412506104,0,0,0,0,11
1403638143.594756364822388,0,0,0,0,11
1403638143.644756317138672,0,0,0,0,11
1403638143.694756269454956,0,0,0,0,11
1403638143.744756221771240,0,0,0,0,11
1403638143.794756412506104,0,0,0,0,11
1403638143.844756364822388,0,0,0,0,11
1403638143.894756317138672,0,0,0,0,11
1403638143.944756269454956,0,0,0,0,11
1403638143.994756221771240,0,0,0,0,11
1403638144.044756412506104,0,0,0,0,11
1403638144.094756364822388,0,0,0,0,11
1403638144.144756317138672,0,0,0,0,11
1403638144.194756269454956,0,0,0,0,11
1403638144.244756221771240,0,0,0,0,11
1403638144.294756412506104,0,0,0,0,11
1403638144.344756364822388,0,0,0,0,11
1403638144.394756317138672,0,0,0,0,11
1403638144.444756269454956,0,0,0,0,11
1403638144.494756221771240,0,0,0,0,11
1403638144.544756412506104,0,0,0,0,11
1403638144.594756364822388,0,0,0,0,11
1403638144.644756317138672,0,0,0,0,11
1403638144.694756269454956,0,0,0,0,11
1403638144.744756221771240,0,0,0,0,11
1403638144.794756412506104,0,0,0,0,11
1403638144.844756364822388,0,0,0,0,11
1403638144.894756317138672,0,0,0,0,11
1403638144.944756269454956,0,0,0,0,11
1403638144.994756221771240,0,0,0,0,11
1403638145.044756412506104,0,0,0,0,11
1403638145.094756364822388,0,0,0,0,11
1403638145.144756317138672,0,0,0,0,11
1403638145.194756269454956,0,0,0,0,11
1403638145.244756221771240,0,0,0,0,11
1403638145.294756412506104,0,0,0,0,11
1403638145.344756364822388,0,0,0,0,11
1403638145.394756317138672,0,0,0,0,11
1403638145.444756269454956,0,0,0,0,11
1403638145.494756221771240,0,0,0,0,11
1403638145.544756412506104,0,0,0,0,11
1403638145.594756364822388,0,0,0,0,11
1403638145.644756317138672,0,0,0,0,11
1403638145.694756269454956,0,0,0,0,11
1403638145.744756221771240,0,0,0,0,11
1403638145.794756412506104,0,0,0,0,11
1403638145.844756364822388,0,0,0,0,11
1403638145.894756317138672,0,0,0,0,11
1403638145.944756269454956,0,0,0,0,11
1403638145.994756221771240,0,0,0,0,11
1403638146.044756412506104,0,0,0,0,11
1403638146.094756364822388,0,0,0,0,11
1403638146.144756317138672,0,0,0,0,11
1403638146.194756269454956,0,0,0,0,11
1403638146.244756221771240,0,0,0,0,11
1403638146.294756412506104,0,0,0,0,11
1403638146.344756364822388,0,0,0,0,11
1403638146.394756317138672,0,0,0,0,11
1403638146.444756269454956,0,0,0,0,11
1403638146.494756221771240,0,0,0,0,11
1403638146.544756412506104,0,0,0,0,11
1403638146.594756364822388,0,0,0,0,11
1403638146.644756317138672,0,0,0,0,11
1403638146.694756269454956,0,0,0,0,11
1403638146.744756221771240,0,0,0,0,11
1403638146.794756412506104,0,0,0,0,11
1403638146.844756364822388,0,0,0,0,11
1403638146.894756317138672,0,0,0,0,11
1403638146.944756269454956,0,0,0,0,11
1403638146.994756221771240,0,0,0,0,11
1403638147.044756412506104,0,0,0,0,11
1403638147.094756364822388,0,0,0,0,11
1403638147.144756317138672,0,0,0,0,11
1403638147.194756269454956,0,0,0,0,11
1403638147.244756221771240,0,0,0,0,11
1403638147.294756412506104,0,0,0,0,11
1403638147.344756364822388,0,0,0,0,11
1403638147.394756317138672,0,0,0,0,11
1403638147.444756269454956,0,0,0,0,11
1403638147.494756221771240,0,0,0,0,11
1403638147.544756412506104,0,0,0,0,11
1403638147.594756364822388,0,0,0,0,11
1403638147.644756317138672,0,0,0,0,11
1403638147.694756269454956,0,0,0,0,11
1403638147.744756221771240,0,0,0,0,11
1403638147.794756412506104,0,0,0,0,11
1403638147.844756364822388,0,0,0,0,11
1403638147.894756317138672,0,0,0,0,11
1403638147.944756269454956,0,0,0,0,11
1403638147.994756221771240,0,0,0,0,11
1403638148.044743776321411,0,3,0,0,11
1403638148.094743728637695,0,0,0,0,11
1403638148.144750595092773,0,1,0,0,11
1403638148.194750547409058,0,0,0,0,11
1403638148.244749784469604,0,1,0,0,11
1403638148.294749975204468,0,0,0,0,11
1403638148.344749927520752,0,0,0,0,11
1403638148.394749879837036,0,0,0,0,11
1403638148.444749832153320,0,0,0,0,11
1403638148.494749784469604,0,0,0,0,11
1403638148.544749975204468,0,0,0,0,11
1403638148.594749927520752,0,0,0,0,11
1403638148.644749879837036,0,0,0,0,11
1403638148.694749832153320,0,0,0,0,11
1403638148.744749784469604,0,0,0,0,11
1403638148.794749975204468,0,0,0,0,11
1403638148.844749927520752,0,0,0,0,11
1403638148.894749879837036,0,0,0,0,11
1403638148.944749832153320,0,0,0,0,11
1403638148.994749784469604,0,0,0,0,11
1403638149.044749975204468,0,0,0,0,11
1403638149.094750165939331,0,1,0,0,11
1403638149.144750118255615,0,0,0,0,11
1403638149.194750070571899,0,0,0,0,11
1403638149.244750022888184,0,0,0,0,11
1403638149.294750213623047,0,0,0,0,11
1403638149.344750165939331,0,0,0,0,11
1403638149.394750118255615,0,0,0,0,11
1403638149.444750070571899,0,0,0,0,11
1403638149.494750022888184,0,0,0,0,11
1403638149.544750213623047,0,0,0,0,11
1403638149.594750165939331,0,0,0,0,11
1403638149.644750118255615,0,0,0,0,11
1403638149.694750070571899,0,0,0,0,11
1403638149.744750022888184,0,0,0,0,11
1403638149.794750213623047,0,0,0,0,11
1403638149.844750165939331,0,0,0,0,11
1403638149.894750118255615,0,0,0,0,11
1403638149.944750070571899,0,0,0,0,11
1403638149.994750022888184,0,0,0,0,11
1403638150.044750213623047,0,0,0,0,11
1403638150.094750165939331,0,0,0,0,11
1403638150.144750118255615,0,0,0,0,11
1403638150.194750070571899,0,0,0,0,11
1403638150.244750022888184,0,0,0,0,11
1403638150.294750213623047,0,0,0,0,11
1403638150.344750165939331,0,0,0,0,11
1403638150.394750118255615,0,0,0,0,11
1403638150.444750070571899,0,0,0,0,11
1403638150.494750022888184,0,0,0,0,11
1403638150.544750213623047,0,0,0,0,11
1403638150.594750165939331,0,0,0,0,11
1403638150.644750118255615,0,0,0,0,11
1403638150.694750070571899,0,0,0,0,11
1403638150.744750022888184,0,0,0,0,11
1403638150.794750213623047,0,0,0,0,11
1403638150.844750165939331,0,0,0,0,11
1403638150.894750118255615,0,0,0,0,11
1403638150.944750070571899,0,0,0,0,11
1403638150.994750022888184,0,0,0,0,11
1403638151.044750213623047,0,0,0,0,11
1403638151.094750165939331,0,0,0,0,11
1403638151.144750118255615,0,0,0,0,11
1403638151.194750070571899,0,0,0,0,11
1403638151.244750022888184,0,0,0,0,11
1403638151.294750213623047,0,0,0,0,11
1403638151.344750165939331,0,0,0,0,11
1403638151.394750118255615,0,0,0,0,11
1403638151.444750070571899,0,0,0,0,11
1403638151.494750022888184,0,0,0,0,11
1403638151.544750213623047,0,0,0,0,11
1403638151.594750165939331,0,0,0,0,11
1403638151.644750118255615,0,0,0,0,11
1403638151.694750070571899,0,0,0,0,11
1403638151.744750022888184,0,0,0,0,11
1403638151.794750213623047,0,0,0,0,11
1403638151.844750165939331,0,0,0,0,11
1403638151.894750118255615,0,0,0,0,11
1403638151.944750070571899,0,0,0,0,11
1403638151.994750022888184,0,0,0,0,11
1403638152.044750213623047,0,0,0,0,11
1403638152.094750165939331,0,0,0,0,11
1403638152.144750118255615,0,0,0,0,11
1403638152.194750070571899,0,0,0,0,11
1403638152.244750022888184,0,0,0,0,11
1403638152.294750213623047,0,0,0,0,11
1403638152.344750165939331,0,0,0,0,11
1403638152.394750118255615,0,0,0,0,11
1403638152.444750070571899,0,0,0,0,11
1403638152.494750022888184,0,0,0,0,11
1403638152.544750213623047,0,0,0,0,11
1403638152.594750165939331,0,0,0,0,11
1403638152.644750118255615,0,0,0,0,11
1403638152.694750070571899,0,0,0,0,11
1403638152.744750022888184,0,0,0,0,11
1403638152.794750213623047,0,0,0,0,11
1403638152.844750165939331,0,0,0,0,11
1403638152.894750118255615,0,0,0,0,11
1403638152.944750070571899,0,0,0,0,11
1403638152.994750022888184,0,0,0,0,11
1403638153.044750213623047,0,0,0,0,11
1403638153.094750165939331,0,0,0,0,11
1403638153.144750118255615,0,0,0,0,11
1403638153.194750070571899,0,0,0,0,11
1403638153.244750022888184,0,0,0,0,11
1403638153.294750213623047,0,0,0,0,11
1403638153.344750165939331,0,0,0,0,11
1403638153.394750118255615,0,0,0,0,11
1403638153.444750070571899,0,0,0,0,11
1403638153.494750022888184,0,0,0,0,11
1403638153.544750213623047,0,0,0,0,11
1403638153.594750165939331,0,0,0,0,11
1403638153.644750118255615,0,0,0,0,11
1403638153.694750070571899,0,0,0,0,11
1403638153.744750022888184,0,0,0,0,11
1403638153.794750213623047,0,0,0,0,11
1403638153.844750165939331,0,0,0,0,11
1403638153.894750118255615,0,0,0,0,11
1403638153.944750070571899,0,0,0,0,11
1403638153.994750022888184,0,0,0,0,11
1403638154.044750213623047,0,0,0,0,11
1403638154.094750165939331,0,0,0,0,11
1403638154.144750118255615,0,0,0,0,11
1403638154.194750070571899,0,0,0,0,11
1403638154.244750022888184,0,0,0,0,11
1403638154.294750213623047,0,0,0,0,11
1403638154.344750165939331,0,0,0,0,11
1403638154.394750118255615,0,0,0,0,11
1403638154.444750070571899,0,0,0,0,11
1403638154.494750022888184,0,0,0,0,11
1403638154.544750213623047,0,0,0,0,11
1403638154.594750165939331,0,0,0,0,11
1403638154.644750118255615,0,0,0,0,11
1403638154.694750070571899,0,0,0,0,11
1403638154.744750022888184,0,0,0,0,11
1403638154.794750213623047,0,0,0,0,11
1403638154.844750165939331,0,0,0,0,11
1403638154.894750118255615,0,0,0,0,11
1403638154.944750070571899,0,0,0,0,11
1403638154.994750022888184,0,0,0,0,11
1403638155.044750213623047,0,0,0,0,11
1403638155.094750165939331,0,0,0,0,11
1403638155.144750118255615,0,0,0,0,11
1403638155.194750070571899,0,0,0,0,11
1403638155.244750022888184,0,0,0,0,11
1403638155.294750213623047,0,0,0,0,11
1403638155.344750165939331,0,0,0,0,11
1403638155.394750118255615,0,0,0,0,11
1403638155.444750070571899,0,0,0,0,11
1403638155.494750022888184,0,0,0,0,11
1403638155.544750213623047,0,0,0,0,11
1403638155.594750165939331,0,0,0,0,11
1403638155.644750118255615,0,0,0,0,11
1403638155.694750070571899,0,0,0,0,11
1403638155.744750022888184,0,0,0,0,11
1403638155.794750213623047,0,0,0,0,11
1403638155.844750165939331,0,0,0,0,11
1403638155.894750118255615,0,0,0,0,11
1403638155.944750070571899,0,0,0,0,11
1403638155.994750022888184,0,0,0,0,11
1403638156.044750213623047,0,0,0,0,11
1403638156.094750165939331,0,0,0,0,11
1403638156.144750118255615,0,0,0,0,11
1403638156.194750070571899,0,0,0,0,11
1403638156.244750022888184,0,0,0,0,11
1403638156.294750213623047,0,0,0,0,11
1403638156.344750165939331,0,0,0,0,11
1403638156.394750118255615,0,0,0,0,11
1403638156.444750070571899,0,0,0,0,11
1403638156.494750022888184,0,0,0,0,11
1403638156.544750213623047,0,0,0,0,11
1403638156.594750165939331,0,0,0,0,11
1403638156.644750118255615,0,0,0,0,11
1403638156.694750070571899,0,0,0,0,11
1403638156.744750022888184,0,0,0,0,11
1403638156.794750213623047,0,0,0,0,11
1403638156.844750165939331,0,0,0,0,11
1403638156.894750118255615,0,0,0,0,11
1403638156.944750070571899,0,0,0,0,11
1403638156.994750022888184,0,0,0,0,11
1403638157.044750213623047,0,0,0,0,11
1403638157.094750165939331,0,0,0,0,11
1403638157.144750118255615,0,0,0,0,11
1403638157.194750070571899,0,0,0,0,11
1403638157.244750022888184,0,0,0,0,11
1403638157.294750213623047,0,0,0,0,11
1403638157.344750165939331,0,0,0,0,11
1403638157.394750118255615,0,0,0,0,11
1403638157.444750070571899,0,0,0,0,11
1403638157.494750022888184,0,0,0,0,11
1403638157.544750213623047,0,0,0,0,11
1403638157.594750165939331,0,0,0,0,11
1403638157.644750118255615,0,0,0,0,11
1403638157.694750070571899,0,0,0,0,11
1403638157.744750022888184,0,0,0,0,11
1403638157.794750213623047,0,0,0,0,11
1403638157.844750165939331,0,0,0,0,11
1403638157.894750118255615,0,0,0,0,11
1403638157.944750070571899,0,0,0,0,11
1403638157.994750022888184,0,0,0,0,11
1403638158.044750213623047,0,0,0,0,11
1403638158.094750165939331,0,0,0,0,11
1403638158.144750118255615,0,0,0,0,11
1403638158.194750070571899,0,0,0,0,11
1403638158.244750022888184,0,0,0,0,11
1403638158.294750213623047,0,0,0,0,11
1403638158.344750165939331,0,0,0,0,11
1403638158.394750118255615,0,0,0,0,11
1403638158.444750070571899,0,0,0,0,11
1403638158.494750022888184,0,0,0,0,11
1403638158.544750213623047,0,0,0,0,11
1403638158.594750165939331,0,0,0,0,11
1403638158.644750118255615,0,0,0,0,11
1403638158.694750070571899,0,0,0,0,11
1403638158.744750022888184,0,0,0,0,11
1403638158.794750213623047,0,0,0,0,11
1403638158.844750165939331,0,0,0,0,11
1403638158.894750118255615,0,0,0,0,11
1403638158.944750070571899,0,0,0,0,11
1403638158.994750022888184,0,0,0,0,11
1403638159.044750213623047,0,0,0,0,11
1403638159.094750165939331,0,0,0,0,11
1403638159.144750118255615,0,0,0,0,11
1403638159.194750070571899,0,0,0,0,11
1403638159.244750022888184,0,0,0,0,11
1403638159.294750213623047,0,0,0,0,11
1403638159.344750165939331,0,0,0,0,11
1403638159.394750118255615,0,0,0,0,11
1403638159.444750070571899,0,0,0,0,11
1403638159.494750022888184,0,0,0,0,11
1403638159.544750213623047,0,0,0,0,11
1403638159.594750165939331,0,0,0,0,11
1403638159.644750118255615,0,0,0,0,11
1403638159.694750070571899,0,0,0,0,11
1403638159.744750022888184,0,0,0,0,11
1403638159.794750213623047,0,0,0,0,11
1403638159.844750165939331,0,0,0,0,11
1403638159.894750118255615,0,0,0,0,11
1403638159.944750070571899,0,0,0,0,11
1403638159.994750022888184,0,0,0,0,11
1403638160.044750213623047,0,0,0,0,11
1403638160.094750165939331,0,0,0,0,11
1403638160.144750118255615,0,0,0,0,11
1403638160.194750070571899,0,0,0,0,11
1403638160.244750022888184,0,0,0,0,11
1403638160.294750213623047,0,0,0,0,11
1403638160.344750165939331,0,0,0,0,11
1403638160.394750118255615,0,0,0,0,11
1403638160.444750070571899,0,0,0,0,11
1403638160.494750022888184,0,0,0,0,11
1403638160.544750213623047,0,0,0,0,11
1403638160.594750165939331,0,0,0,0,11
1403638160.644750118255615,0,0,0,0,11
1403638160.694750070571899,0,0,0,0,11
1403638160.744750022888184,0,0,0,0,11
1403638160.794750213623047,0,0,0,0,11
1403638160.844750165939331,0,0,0,0,11
1403638160.894750118255615,0,0,0,0,11
1403638160.944750070571899,0,0,0,0,11
1403638160.994750022888184,0,0,0,0,11
1403638161.044750213623047,0,0,0,0,11
1403638161.094750165939331,0,0,0,0,11
1403638161.144750118255615,0,0,0,0,11
1403638161.194750070571899,0,0,0,0,11
1403638161.244750022888184,0,0,0,0,11
1403638161.294750213623047,0,0,0,0,11
1403638161.344750165939331,0,0,0,0,11
1403638161.394750118255615,0,0,0,0,11
1403638161.444750070571899,0,0,0,0,11
1403638161.494750022888184,0,0,0,0,11
1403638161.544750213623047,0,0,0,0,11
1403638161.594750165939331,0,0,0,0,11
1403638161.644750118255615,0,0,0,0,11
1403638161.694750070571899,0,0,0,0,11
1403638161.744750022888184,0,0,0,0,11
1403638161.794750213623047,0,0,0,0,11
1403638161.844750165939331,0,0,0,0,11
1403638161.894750118255615,0,0,0,0,11
1403638161.944750070571899,0,0,0,0,11
1403638161.994750022888184,0,0,0,0,11
1403638162.044750213623047,0,0,0,0,11
1403638162.094750165939331,0,0,0,0,11
1403638162.144750118255615,0,0,0,0,11
1403638162.194750070571899,0,0,0,0,11
1403638162.244750022888184,0,0,0,0,11
1403638162.294750213623047,0,0,0,0,11
1403638162.344750165939331,0,0,0,0,11
1403638162.394750118255615,0,0,0,0,11
1403638162.444750070571899,0,0,0,0,11
1403638162.494750022888184,0,0,0,0,11
1403638162.544750213623047,0,0,0,0,11
1403638162.594750165939331,0,0,0,0,11
1403638162.644750118255615,0,0,0,0,11
1403638162.694750070571899,0,0,0,0,11
1403638162.744750022888184,0,0,0,0,11
1403638162.794750213623047,0,0,0,0,11
1403638162.844750165939331,0,0,0,0,11
1403638162.894750118255615,0,0,0,0,11
1403638162.944750070571899,0,0,0,0,11
1403638162.994750022888184,0,0,0,0,11
1403638163.044750213623047,0,0,0,0,11
1403638163.094750165939331,0,0,0,0,11
1403638163.144750118255615,0,0,0,0,11
1403638163.194750070571899,0,0,0,0,11
1403638163.244750022888184,0,0,0,0,11
1403638163.294750213623047,0,0,0,0,11
1403638163.344750165939331,0,0,0,0,11
1403638163.394750118255615,0,0,0,0,11
1403638163.444750070571899,0,0,0,0,11
1403638163.494750022888184,0,0,0,0,11
1403638163.544750213623047,0,0,0,0,11
1403638163.594750165939331,0,0,0,0,11
1403638163.644750118255615,0,0,0,0,11
1403638163.694750070571899,0,0,0,0,11
1403638163.744750022888184,0,0,0,0,11
1403638163.794750213623047,0,0,0,0,11
1403638163.844750165939331,0,0,0,0,11
1403638163.894750118255615,0,0,0,0,11
1403638163.944750070571899,0,0,0,0,11
1403638163.994750022888184,0,0,0,0,11
1403638164.044750213623047,0,0,0,0,11
1403638164.094750165939331,0,0,0,0,11
1403638164.144750118255615,0,0,0,0,11
1403638164.194750070571899,0,0,0,0,11
1403638164.244750022888184,0,0,0,0,11
1403638164.294750213623047,0,0,0,0,11
1403638164.344750165939331,0,0,0,0,11
1403638164.394750118255615,0,0,0,0,11
1403638164.444750070571899,0,0,0,0,11
1403638164.494750022888184,0,0,0,0,11
1403638164.544750213623047,0,0,0,0,11
1403638164.594750165939331,0,0,0,0,11
1403638164.644750118255615,0,0,0,0,11
1403638164.694750070571899,0,0,0,0,11
1403638164.744750022888184,0,0,0,0,11
1403638164.794750213623047,0,0,0,0,11
1403638164.844750165939331,0,0,0,0,11
1403638164.894750118255615,0,0,0,0,11
1403638164.944750070571899,0,0,0,0,11
1403638164.994750022888184,0,0,0,0,11
1403638165.044750213623047,0,0,0,0,11
1403638165.094750165939331,0,0,0,0,11
1403638165.144750118255615,0,0,0,0,11
1403638165.194750070571899,0,0,0,0,11
1403638165.244750022888184,0,0,0,0,11
1403638165.294750213623047,0,0,0,0,11
1403638165.344750165939331,0,0,0,0,11
1403638165.394750118255615,0,0,0,0,11
1403638165.444750070571899,0,0,0,0,11
1403638165.494750022888184,0,0,0,0,11
1403638165.544750213623047,0,0,0,0,11
1403638165.594750165939331,0,0,0,0,11
1403638165.644750118255615,0,0,0,0,11
1403638165.694750070571899,0,0,0,0,11
1403638165.744750022888184,0,0,0,0,11
1403638165.794750213623047,0,0,0,0,11
1403638165.844750165939331,0,0,0,0,11
1403638165.894750118255615,0,0,0,0,11
1403638165.944750070571899,0,0,0,0,11
1403638165.994750022888184,0,0,0,0,11
1403638166.044750213623047,0,0,0,0,11
1403638166.094750165939331,0,0,0,0,11
1403638166.144750118255615,0,0,0,0,11
1403638166.194750070571899,0,0,0,0,11
1403638166.244750022888184,0,0,0,0,11
1403638166.294750213623047,0,0,0,0,11
1403638166.344750165939331,0,0,0,0,11
1403638166.394750118255615,0,0,0,0,11
1403638166.444750070571899,0,0,0,0,11
1403638166.494750022888184,0,0,0,0,11
1403638166.544750213623047,0,0,0,0,11
1403638166.594750165939331,0,0,0,0,11
1403638166.644750118255615,0,0,0,0,11
1403638166.694750070571899,0,0,0,0,11
1403638166.744750022888184,0,0,0,0,11
1403638166.794750213623047,0,0,0,0,11
1403638166.844750165939331,0,0,0,0,11
1403638166.894750118255615,0,0,0,0,11
1403638166.944750070571899,0,0,0,0,11
1403638166.994750022888184,0,0,0,0,11
1403638167.044750213623047,0,0,0,0,11
1403638167.094750165939331,0,0,0,0,11
1403638167.144750118255615,0,0,0,0,11
1403638167.194750070571899,0,0,0,0,11
1403638167.244750022888184,0,0,0,0,11
1403638167.294750213623047,0,0,0,0,11
1403638167.344750165939331,0,0,0,0,11
1403638167.394750118255615,0,0,0,0,11
1403638167.444750070571899,0,0,0,0,11
1403638167.494750022888184,0,0,0,0,11
1403638167.544750213623047,0,0,0,0,11
1403638167.594750165939331,0,0,0,0,11
1403638167.644750118255615,0,0,0,0,11
1403638167.694750070571899,0,0,0,0,11
1403638167.744750022888184,0,0,0,0,11
1403638167.794750213623047,0,0,0,0,11
1403638167.844750165939331,0,0,0,0,11
1403638167.894750118255615,0,0,0,0,11
1403638167.944750070571899,0,0,0,0,11
1403638167.994750022888184,0,0,0,0,11
1403638168.044750213623047,0,0,0,0,11
1403638168.094750165939331,0,0,0,0,11
1403638168.144750118255615,0,0,0,0,11
1403638168.194750070571899,0,0,0,0,11
1403638168.244750022888184,0,0,0,0,11
1403638168.294750213623047,0,0,0,0,11
1403638168.344750165939331,0,0,0,0,11
1403638168.394750118255615,0,0,0,0,11
1403638168.444750070571899,0,0,0,0,11
1403638168.494750022888184,0,0,0,0,11
1403638168.544750213623047,0,0,0,0,11
1403638168.594750165939331,0,0,0,0,11
1403638168.644750118255615,0,0,0,0,11
1403638168.694750070571899,0,0,0,0,11
1403638168.744750022888184,0,0,0,0,11
1403638168.794750213623047,0,0,0,0,11
1403638168.844750165939331,0,0,0,0,11
1403638168.894750118255615,0,0,0,0,11
1403638168.944750070571899,0,0,0,0,11
1403638168.994750022888184,0,0,0,0,11
1403638169.044750213623047,0,0,0,0,11
1403638169.094750165939331,0,0,0,0,11
1403638169.144750118255615,0,0,0,0,11
1403638169.194750070571899,0,0,0,0,11
1403638169.244750022888184,0,0,0,0,11
1403638169.294750213623047,0,0,0,0,11
1403638169.344750165939331,0,0,0,0,11
1403638169.394750118255615,0,0,0,0,11
1403638169.444750070571899,0,0,0,0,11
1403638169.494750022888184,0,0,0,0,11
1403638169.544750213623047,0,0,0,0,11
1403638169.594750165939331,0,0,0,0,11
1403638169.644750118255615,0,0,0,0,11
1403638169.694750070571899,0,0,0,0,11
1403638169.744750022888184,0,0,0,0,11
1403638169.794750213623047,0,0,0,0,11
1403638169.844750165939331,0,0,0,0,11
1403638169.894750118255615,0,0,0,0,11
1403638169.944750070571899,0,0,0,0,11
1403638169.994750022888184,0,0,0,0,11
1403638170.044750213623047,0,0,0,0,11
1403638170.094750165939331,0,0,0,0,11
1403638170.144750118255615,0,0,0,0,11
1403638170.194750070571899,0,0,0,0,11
1403638170.244750022888184,0,0,0,0,11
1403638170.294750213623047,0,0,0,0,11
1403638170.344750165939331,0,0,0,0,11
1403638170.394750118255615,0,0,0,0,11
1403638170.444750070571899,0,0,0,0,11
1403638170.494750022888184,0,0,0,0,11
1403638170.544750213623047,0,0,0,0,11
1403638170.594750165939331,0,0,0,0,11
1403638170.644750118255615,0,0,0,0,11
1403638170.694750070571899,0,0,0,0,11
1403638170.744750022888184,0,0,0,0,11
1403638170.794750213623047,0,0,0,0,11
1403638170.844750165939331,0,0,0,0,11
1403638170.894750118255615,0,0,0,0,11
1403638170.944750070571899,0,0,0,0,11
1403638170.994750022888184,0,0,0,0,11
1403638171.044750213623047,0,0,0,0,11
1403638171.094750165939331,0,0,0,0,11
1403638171.144750118255615,0,0,0,0,11
1403638171.194750070571899,0,0,0,0,11
1403638171.244750022888184,0,0,0,0,11
1403638171.294750213623047,0,0,0,0,11
1403638171.344750165939331,0,0,0,0,11
1403638171.394750118255615,0,0,0,0,11
1403638171.444750070571899,0,0,0,0,11
1403638171.494750022888184,0,0,0,0,11
1403638171.544750213623047,0,0,0,0,11
1403638171.594750165939331,0,0,0,0,11
1403638171.644750118255615,0,0,0,0,11
1403638171.694750070571899,0,0,0,0,11
1403638171.744750022888184,0,0,0,0,11
1403638171.794750213623047,0,0,0,0,11
1403638171.844750165939331,0,0,0,0,11
1403638171.894750118255615,0,0,0,0,11
1403638171.944750070571899,0,0,0,0,11
1403638171.994750022888184,0,0,0,0,11
1403638172.044750213623047,0,0,0,0,11
1403638172.094750165939331,0,0,0,0,11
1403638172.144750118255615,0,0,0,0,11
1403638172.194750070571899,0,0,0,0,11
1403638172.244750022888184,0,0,0,0,11
1403638172.294750213623047,0,0,0,0,11
1403638172.344750165939331,0,0,0,0,11
1403638172.394750118255615,0,0,0,0,11
1403638172.444750070571899,0,0,0,0,11
1403638172.494750022888184,0,0,0,0,11
1403638172.544750213623047,0,0,0,0,11
1403638172.594750165939331,0,0,0,0,11
1403638172.644750118255615,0,0,0,0,11
1403638172.694750070571899,0,0,0,0,11
1403638172.744750022888184,0,0,0,0,11
1403638172.794750213623047,0,0,0,0,11
1403638172.844750165939331,0,0,0,0,11
1403638172.894750118255615,0,0,0,0,11
1403638172.944750070571899,0,0,0,0,11
1403638172.994750022888184,0,0,0,0,11
1403638173.044750213623047,0,0,0,0,11
1403638173.094750165939331,0,0,0,0,11
1403638173.144750118255615,0,0,0,0,11
1403638173.194750070571899,0,0,0,0,11
1403638173.244750022888184,0,0,0,0,11
1403638173.294750213623047,0,0,0,0,11
1403638173.344750165939331,0,0,0,0,11
1403638173.394750118255615,0,0,0,0,11
1403638173.444750070571899,0,0,0,0,11
1403638173.494750022888184,0,0,0,0,11
1403638173.544750213623047,0,0,0,0,11
1403638173.594750165939331,0,0,0,0,11
1403638173.644750118255615,0,0,0,0,11
1403638173.694750070571899,0,0,0,0,11
1403638173.744750022888184,0,0,0,0,11
1403638173.794750213623047,0,0,0,0,11
1403638173.844750165939331,0,0,0,0,11
1403638173.894750118255615,0,0,0,0,11
1403638173.944750070571899,0,0,0,0,11
1403638173.994750022888184,0,0,0,0,11
1403638174.044750213623047,0,0,0,0,11
1403638174.094750165939331,0,0,0,0,11
1403638174.144750118255615,0,0,0,0,11
1403638174.194750070571899,0,0,0,0,11
1403638174.244750022888184,0,0,0,0,11
1403638174.294750213623047,0,0,0,0,11
1403638174.344750165939331,0,0,0,0,11
1403638174.394750118255615,0,0,0,0,11
1403638174.444750070571899,0,0,0,0,11
1403638174.494750022888184,0,0,0,0,11
1403638174.544750213623047,0,0,0,0,11
1403638174.594750165939331,0,0,0,0,11
1403638174.644750118255615,0,0,0,0,11
1403638174.694750070571899,0,0,0,0,11
1403638174.744750022888184,0,0,0,0,11
1403638174.794750213623047,0,0,0,0,11
1403638174.844750165939331,0,0,0,0,11
1403638174.894750118255615,0,0,0,0,11
1403638174.944750070571899,0,0,0,0,11
1403638174.994750022888184,0,0,0,0,11
1403638175.044750213623047,0,0,0,0,11
1403638175.094750165939331,0,0,0,0,11
1403638175.144750118255615,0,0,0,0,11
1403638175.194750070571899,0,0,0,0,11
1403638175.244750022888184,0,0,0,0,11
1403638175.294750213623047,0,0,0,0,11
1403638175.344750165939331,0,0,0,0,11
1403638175.394750118255615,0,0,0,0,11
1403638175.444750070571899,0,0,0,0,11
1403638175.494750022888184,0,0,0,0,11
1403638175.544750213623047,0,0,0,0,11
1403638175.594750165939331,0,0,0,0,11
1403638175.644750118255615,0,0,0,0,11
1403638175.694750070571899,0,0,0,0,11
1403638175.744750022888184,0,0,0,0,11
1403638175.794750213623047,0,0,0,0,11
1403638175.844750165939331,0,0,0,0,11
1403638175.894750118255615,0,0,0,0,11
1403638175.944750070571899,0,0,0,0,11
1403638175.994750022888184,0,0,0,0,11
1403638176.044750213623047,0,0,0,0,11
1403638176.094750165939331,0,0,0,0,11
1403638176.144750118255615,0,0,0,0,11
1403638176.194750070571899,0,0,0,0,11
1403638176.244750022888184,0,0,0,0,11
1403638176.294750213623047,0,0,0,0,11
1403638176.344750165939331,0,0,0,0,11
1403638176.394750118255615,0,0,0,0,11
1403638176.444750070571899,0,0,0,0,11
1403638176.494750022888184,0,0,0,0,11
1403638176.544750213623047,0,0,0,0,11
1403638176.594750165939331,0,0,0,0,11
1403638176.644750118255615,0,0,0,0,11
1403638176.694750070571899,0,0,0,0,11
1403638176.744750022888184,0,0,0,0,11
1403638176.794750213623047,0,0,0,0,11
1403638176.844750165939331,0,0,0,0,11
1403638176.894750118255615,0,0,0,0,11
1403638176.944750070571899,0,0,0,0,11
1403638176.994750022888184,0,0,0,0,11
1403638177.044750213623047,0,0,0,0,11
1403638177.094750165939331,0,0,0,0,11
1403638177.144750118255615,0,0,0,0,11
1403638177.194750070571899,0,0,0,0,11
1403638177.244750022888184,0,0,0,0,11
1403638177.294750213623047,0,0,0,0,11
1403638177.344750165939331,0,0,0,0,11
1403638177.394750118255615,0,0,0,0,11
1403638177.444750070571899,0,0,0,0,11
1403638177.494750022888184,0,0,0,0,11
1403638177.544750213623047,0,0,0,0,11
1403638177.594750165939331,0,0,0,0,11
1403638177.644750118255615,0,0,0,0,11
1403638177.694750070571899,0,0,0,0,11
1403638177.744750022888184,0,0,0,0,11
1403638177.794750213623047,0,0,0,0,11
1403638177.844750165939331,0,0,0,0,11
1403638177.894750118255615,0,0,0,0,11
1403638177.944750070571899,0,0,0,0,11
1403638177.994750022888184,0,0,0,0,11
1403638178.044750213623047,0,0,0,0,11
1403638178.094750165939331,0,0,0,0,11
1403638178.144750118255615,0,0,0,0,11
1403638178.194750070571899,0,0,0,0,11
1403638178.244750022888184,0,0,0,0,11
1403638178.294750213623047,0,0,0,0,11
1403638178.344750165939331,0,0,0,0,11
1403638178.394750118255615,0,0,0,0,11
1403638178.444750070571899,0,0,0,0,11
1403638178.494750022888184,0,0,0,0,11
1403638178.544750213623047,0,0,0,0,11
1403638178.594750165939331,0,0,0,0,11
1403638178.644750118255615,0,0,0,0,11
1403638178.694750070571899,0,0,0,0,11
1403638178.744750022888184,0,0,0,0,11
1403638178.794750213623047,0,0,0,0,11
1403638178.844750165939331,0,0,0,0,11
1403638178.894750118255615,0,0,0,0,11
1403638178.944750070571899,0,0,0,0,11
1403638178.994750022888184,0,0,0,0,11
1403638179.044750213623047,0,0,0,0,11
1403638179.094750165939331,0,0,0,0,11
1403638179.144750118255615,0,0,0,0,11
1403638179.194750070571899,0,0,0,0,11
1403638179.244750022888184,0,0,0,0,11
1403638179.294750213623047,0,0,0,0,11
1403638179.344750165939331,0,0,0,0,11
1403638179.394750118255615,0,0,0,0,11
1403638179.444750070571899,0,0,0,0,11
1403638179.494750022888184,0,0,0,0,11
1403638179.544750213623047,0,0,0,0,11
1403638179.594750165939331,0,0,0,0,11
1403638179.644750118255615,0,0,0,0,11
1403638179.694750070571899,0,0,0,0,11
1403638179.744750022888184,0,0,0,0,11
1403638179.794750213623047,0,0,0,0,11
1403638179.844750165939331,0,0,0,0,11
1403638179.894750118255615,0,0,0,0,11
1403638179.944750070571899,0,0,0,0,11
1403638179.994750022888184,0,0,0,0,11
1403638180.044750213623047,0,0,0,0,11
1403638180.094750165939331,0,0,0,0,11
1403638180.144750118255615,0,0,0,0,11
1403638180.194750070571899,0,0,0,0,11
1403638180.244750022888184,0,0,0,0,11
1403638180.294750213623047,0,0,0,0,11
1403638180.344750165939331,0,0,0,0,11
1403638180.394750118255615,0,0,0,0,11
1403638180.444750070571899,0,0,0,0,11
1403638180.494750022888184,0,0,0,0,11
1403638180.544750213623047,0,0,0,0,11
1403638180.594750165939331,0,0,0,0,11
1403638180.644750118255615,0,0,0,0,11
1403638180.694750070571899,0,0,0,0,11
1403638180.744750022888184,0,0,0,0,11
1403638180.794750213623047,0,0,0,0,11
1403638180.844750165939331,0,0,0,0,11
1403638180.894750118255615,0,0,0,0,11
1403638180.944750070571899,0,0,0,0,11
1403638180.994750022888184,0,0,0,0,11
1403638181.044750213623047,0,0,0,0,11
1403638181.094750165939331,0,0,0,0,11
1403638181.144750118255615,0,0,0,0,11
1403638181.194750070571899,0,0,0,0,11
1403638181.244750022888184,0,0,0,0,11
1403638181.294750213623047,0,0,0,0,11
1403638181.344750165939331,0,0,0,0,11
1403638181.394750118255615,0,0,0,0,11
1403638181.444750070571899,0,0,0,0,11
1403638181.494750022888184,0,0,0,0,11
1403638181.544750213623047,0,0,0,0,11
1403638181.594750165939331,0,0,0,0,11
1403638181.644750118255615,0,0,0,0,11
1403638181.694750070571899,0,0,0,0,11
1403638181.744750022888184,0,0,0,0,11
1403638181.794750213623047,0,0,0,0,11
1403638181.844750165939331,0,0,0,0,11
1403638181.894750118255615,0,0,0,0,11
1403638181.944750070571899,0,0,0,0,11
1403638181.994750022888184,0,0,0,0,11
1403638182.044750213623047,0,0,0,0,11
1403638182.094750165939331,0,0,0,0,11
1403638182.144750118255615,0,0,0,0,11
1403638182.194750070571899,0,0,0,0,11
1403638182.244750022888184,0,0,0,0,11
1403638182.294750213623047,0,0,0,0,11
1403638182.344750165939331,0,0,0,0,11
1403638182.394750118255615,0,0,0,0,11
1403638182.444750070571899,0,0,0,0,11
1403638182.494750022888184,0,0,0,0,11
1403638182.544750213623047,0,0,0,0,11
1403638182.594750165939331,0,0,0,0,11
1403638182.644750118255615,0,0,0,0,11
1403638182.694750070571899,0,0,0,0,11
1403638182.744750022888184,0,0,0,0,11
1403638182.794750213623047,0,0,0,0,11
1403638182.844750165939331,0,0,0,0,11
1403638182.894750118255615,0,0,0,0,11
1403638182.944750070571899,0,0,0,0,11
1403638182.994750022888184,0,0,0,0,11
1403638183.044750213623047,0,0,0,0,11
1403638183.094750165939331,0,0,0,0,11
1403638183.144750118255615,0,0,0,0,11
1403638183.194750070571899,0,0,0,0,11
1403638183.244750022888184,0,0,0,0,11
1403638183.294750213623047,0,0,0,0,11
1403638183.344750165939331,0,0,0,0,11
1403638183.444750070571899,0,0,0,0,11
1403638183.494750022888184,0,0,0,0,11
1403638183.544750213623047,0,0,0,0,11
1403638183.594750165939331,0,0,0,0,11
1403638183.644750118255615,0,0,0,0,11
1403638183.694750070571899,0,0,0,0,11
1403638183.744750022888184,0,1,0,0,11
1403638183.794750213623047,0,0,0,0,11
1403638183.844750165939331,0,0,0,0,11
1403638183.894750118255615,0,1,0,0,11
1403638183.944750070571899,0,0,0,0,11
1403638183.994750022888184,0,0,0,0,11
1403638184.044750213623047,0,0,0,0,11
1403638184.094750165939331,0,0,0,0,11
1403638184.144750118255615,0,0,0,0,11
1403638184.194750070571899,0,0,0,0,11
1403638184.244750022888184,0,0,0,0,11
1403638184.294750213623047,0,0,0,0,11
1403638184.344750165939331,0,0,0,0,11
1403638184.394750118255615,0,1,0,0,11
1403638184.444750070571899,0,0,0,0,11
1403638184.494750022888184,0,0,0,0,11
1403638184.544750213623047,0,0,0,0,11
1403638184.594750165939331,0,0,0,0,11
1403638184.644750118255615,0,0,0,0,11
1403638184.694750070571899,0,0,0,0,11
1403638184.744750022888184,0,0,0,0,11
1403638184.794750213623047,0,0,0,0,11
1403638184.844750165939331,0,0,0,0,11
1403638184.894750118255615,0,0,0,0,11
1403638184.944750070571899,0,0,0,0,11
1403638184.994750022888184,0,0,0,0,11
1403638185.044750213623047,0,0,0,0,11
1403638185.094750165939331,0,0,0,0,11
1403638185.144750118255615,0,0,0,0,11
1403638185.194750070571899,0,0,0,0,11
1403638185.244750022888184,0,0,0,0,11
1403638185.294750213623047,0,0,0,0,11
1403638185.344750165939331,0,0,0,0,11
1403638185.394750118255615,0,0,0,0,11
1403638185.444750070571899,0,0,0,0,11
1403638185.494750022888184,0,0,0,0,11
1403638185.544750213623047,0,0,0,0,11
1403638185.594750404357910,0,1,0,0,11
1403638185.644750356674194,0,0,0,0,11
1403638185.694750308990479,0,0,0,0,11
1403638185.744750261306763,0,0,0,0,11
1403638185.794750452041626,0,0,0,0,11
1403638185.844750404357910,0,0,0,0,11
1403638185.894750356674194,0,0,0,0,11
1403638185.944750308990479,0,0,0,0,11
1403638185.994750261306763,0,0,0,0,11
1403638186.044750452041626,0,0,0,0,11
1403638186.094750404357910,0,0,0,0,11
1403638186.144750356674194,0,1,0,0,11
1403638186.194750308990479,0,0,0,0,11
1403638186.244750261306763,0,0,0,0,11
1403638186.294750452041626,0,0,0,0,11
1403638186.344750404357910,0,0,0,0,11
1403638186.394750356674194,0,0,0,0,11
1403638186.444750308990479,0,0,0,0,11
1403638186.494750261306763,0,0,0,0,11
1403638186.544750452041626,0,0,0,0,11
1403638186.594750404357910,0,0,0,0,11
1403638186.644750356674194,0,0,0,0,11
1403638186.694750308990479,0,0,0,0,11
1403638186.744750261306763,0,0,0,0,11
1403638186.794750452041626,0,0,0,0,11
1403638186.844750404357910,0,0,0,0,11
1403638186.894750356674194,0,0,0,0,11
1403638186.944750308990479,0,0,0,0,11
1403638186.994750261306763,0,0,0,0,11
1403638187.044750452041626,0,0,0,0,11
1403638187.094750404357910,0,0,0,0,11
1403638187.144750356674194,0,1,0,0,11
1403638187.194750308990479,0,0,0,0,11
1403638187.244750261306763,0,0,0,0,11
1403638187.294750452041626,0,0,0,0,11
1403638187.344750404357910,0,0,0,0,11
1403638187.394750356674194,0,0,0,0,11
1403638187.444750308990479,0,0,0,0,11
1403638187.494750261306763,0,0,0,0,11
1403638187.544750452041626,0,0,0,0,11
1403638187.594750404357910,0,0,0,0,11
1403638187.644750356674194,0,0,0,0,11
1403638187.694750308990479,0,0,0,0,11
1403638187.744750261306763,0,0,0,0,11
1403638187.794750452041626,0,0,0,0,11
1403638187.844750404357910,0,0,0,0,11
1403638187.894750356674194,0,0,0,0,11
1403638187.944750070571899,0,1,0,0,11
1403638187.994750022888184,0,0,0,0,11
1403638188.044750213623047,0,0,0,0,11
1403638188.094750165939331,0,0,0,0,11
1403638188.144750118255615,0,0,0,0,11
1403638188.194750070571899,0,0,0,0,11
1403638188.244750022888184,0,0,0,0,11
1403638188.294750213623047,0,0,0,0,11
1403638188.344750165939331,0,0,0,0,11
1403638188.394750118255615,0,0,0,0,11
1403638188.444750070571899,0,0,0,0,11
1403638188.494750022888184,0,0,0,0,11
1403638188.544750213623047,0,0,0,0,11
1403638188.594750165939331,0,0,0,0,11
1403638188.644750118255615,0,0,0,0,11
1403638188.694750070571899,0,0,0,0,11
1403638188.744750022888184,0,0,0,0,11
1403638188.794750213623047,0,0,0,0,11
1403638188.844750165939331,0,0,0,0,11
1403638188.894750118255615,0,0,0,0,11
1403638188.944750070571899,0,0,0,0,11
1403638188.994750022888184,0,0,0,0,11
1403638189.044750213623047,0,0,0,0,11
1403638189.094750165939331,0,0,0,0,11
1403638189.144750118255615,0,0,0,0,11
1403638189.194750070571899,0,0,0,0,11
1403638189.244750261306763,0,1,0,0,11
1403638189.294750452041626,0,0,0,0,11
1403638189.344750404357910,0,0,0,0,11
1403638189.394750356674194,0,0,0,0,11
1403638189.444750308990479,0,0,0,0,11
1403638189.494750261306763,0,0,0,0,11
1403638189.544750452041626,0,0,0,0,11
1403638189.594750404357910,0,0,0,0,11
1403638189.644751071929932,0,1,0,0,11
1403638189.694751024246216,0,0,0,0,11
1403638189.744750976562500,0,0,0,0,11
1403638189.794751167297363,0,0,0,0,11
1403638189.844751119613647,0,0,0,0,11
1403638189.894751071929932,0,0,0,0,11
1403638189.944751024246216,0,0,0,0,11
1403638189.994750976562500,0,0,0,0,11
1403638190.044751167297363,0,0,0,0,11
1403638190.094751119613647,0,0,0,0,11
1403638190.144751071929932,0,0,0,0,11
1403638190.194751024246216,0,0,0,0,11
1403638190.244750976562500,0,0,0,0,11
1403638190.294751167297363,0,0,0,0,11
1403638190.344751119613647,0,0,0,0,11
1403638190.394751071929932,0,0,0,0,11
1403638190.444751024246216,0,0,0,0,11
1403638190.494750976562500,0,0,0,0,11
1403638190.544751167297363,0,0,0,0,11
1403638190.594751119613647,0,0,0,0,11
1403638190.644751071929932,0,0,0,0,11
1403638190.694751024246216,0,0,0,0,11
1403638190.744750976562500,0,0,0,0,11
1403638190.794751167297363,0,0,0,0,11
1403638190.844751119613647,0,0,0,0,11
1403638190.894751071929932,0,0,0,0,11
1403638190.944751024246216,0,0,0,0,11
1403638190.994750976562500,0,0,0,0,11
1403638191.044751167297363,0,0,0,0,11
1403638191.094751119613647,0,0,0,0,11
1403638191.144751071929932,0,0,0,0,11
1403638191.194751024246216,0,0,0,0,11
1403638191.244750976562500,0,0,0,0,11
1403638191.294751167297363,0,0,0,0,11
1403638191.344751119613647,0,0,0,0,11
1403638191.394751071929932,0,0,0,0,11
1403638191.444751024246216,0,0,0,0,11
1403638191.494750976562500,0,0,0,0,11
1403638191.544751167297363,0,0,0,0,11
1403638191.594751119613647,0,0,0,0,11
1403638191.644751071929932,0,0,0,0,11
1403638191.694751024246216,0,0,0,0,11
1403638191.744750976562500,0,0,0,0,11
1403638191.794751167297363,0,0,0,0,11
1403638191.844751119613647,0,0,0,0,11
1403638191.894751071929932,0,0,0,0,11
1403638191.944751024246216,0,0,0,0,11
1403638191.994750976562500,0,0,0,0,11
1403638192.044751167297363,0,0,0,0,11
1403638192.094751119613647,0,0,0,0,11
1403638192.144751071929932,0,0,0,0,11
1403638192.194751024246216,0,0,0,0,11
1403638192.244750976562500,0,0,0,0,11
1403638192.294751167297363,0,0,0,0,11
1403638192.344751119613647,0,0,0,0,11
1403638192.394751071929932,0,0,0,0,11
1403638192.444751024246216,0,0,0,0,11
1403638192.494750976562500,0,0,0,0,11
1403638192.544751167297363,0,0,0,0,11
1403638192.594751119613647,0,0,0,0,11
1403638192.644751071929932,0,0,0,0,11
1403638192.694751024246216,0,0,0,0,11
1403638192.744750976562500,0,0,0,0,11
1403638192.794751167297363,0,0,0,0,11
1403638192.844751119613647,0,0,0,0,11
1403638192.894751071929932,0,0,0,0,11
1403638192.944751024246216,0,0,0,0,11
1403638192.994750976562500,0,0,0,0,11
1403638193.044751167297363,0,0,0,0,11
1403638193.094751119613647,0,0,0,0,11
1403638193.144751071929932,0,0,0,0,11
1403638193.194751024246216,0,0,0,0,11
1403638193.244750976562500,0,0,0,0,11
1403638193.294751167297363,0,0,0,0,11
1403638193.344751119613647,0,0,0,0,11
1403638193.394751071929932,0,0,0,0,11
1403638193.444751024246216,0,0,0,0,11
1403638193.494750976562500,0,0,0,0,11
1403638193.544751167297363,0,0,0,0,11
1403638193.594751119613647,0,0,0,0,11
1403638193.644751071929932,0,0,0,0,11
1403638193.694751024246216,0,0,0,0,11
1403638193.744750976562500,0,0,0,0,11
1403638193.794751167297363,0,0,0,0,11
1403638193.844751119613647,0,0,0,0,11
1403638193.894751071929932,0,0,0,0,11
1403638193.944751024246216,0,0,0,0,11
1403638193.994750976562500,0,0,0,0,11
1403638194.044751167297363,0,0,0,0,11
1403638194.094751119613647,0,0,0,0,11
1403638194.144751071929932,0,0,0,0,11
1403638194.194751024246216,0,0,0,0,11
1403638194.244750976562500,0,0,0,0,11
1403638194.294751167297363,0,0,0,0,11
1403638194.344751119613647,0,0,0,0,11
1403638194.394751071929932,0,0,0,0,11
1403638194.444751024246216,0,0,0,0,11
1403638194.494750976562500,0,0,0,0,11
1403638194.544751167297363,0,0,0,0,11
1403638194.594751119613647,0,0,0,0,11
1403638194.644751071929932,0,0,0,0,11
1403638194.694751024246216,0,0,0,0,11
1403638194.744750976562500,0,0,0,0,11
1403638194.794751167297363,0,0,0,0,11
1403638194.844751119613647,0,0,0,0,11
1403638194.894751071929932,0,0,0,0,11
1403638194.944751024246216,0,0,0,0,11
1403638194.994750976562500,0,0,0,0,11
1403638195.044751167297363,0,0,0,0,11
1403638195.094751119613647,0,0,0,0,11
1403638195.144751071929932,0,0,0,0,11
1403638195.194751024246216,0,0,0,0,11
1403638195.244750976562500,0,0,0,0,11
1403638195.294751167297363,0,0,0,0,11
1403638195.344751119613647,0,0,0,0,11
1403638195.394751071929932,0,0,0,0,11
1403638195.444751024246216,0,0,0,0,11
1403638195.494750976562500,0,0,0,0,11
1403638195.544751167297363,0,0,0,0,11
1403638195.594751119613647,0,0,0,0,11
1403638195.644751071929932,0,0,0,0,11
1403638195.694751024246216,0,0,0,0,11
1403638195.744750976562500,0,0,0,0,11
1403638195.794751167297363,0,0,0,0,11
1403638195.844751119613647,0,0,0,0,11
1403638195.894751071929932,0,0,0,0,11
1403638195.944751024246216,0,0,0,0,11
1403638195.994750976562500,0,0,0,0,11
1403638196.044751167297363,0,0,0,0,11
1403638196.094751119613647,0,0,0,0,11
1403638196.144751071929932,0,0,0,0,11
1403638196.194751024246216,0,0,0,0,11
1403638196.244750976562500,0,0,0,0,11
1403638196.294751167297363,0,0,0,0,11
1403638196.344751119613647,0,0,0,0,11
1403638196.394751071929932,0,0,0,0,11
1403638196.444751024246216,0,0,0,0,11
1403638196.494750976562500,0,0,0,0,11
1403638196.544751167297363,0,0,0,0,11
1403638196.594751119613647,0,0,0,0,11
1403638196.644751071929932,0,0,0,0,11
1403638196.694751024246216,0,0,0,0,11
1403638196.744750976562500,0,0,0,0,11
1403638196.794751167297363,0,0,0,0,11
1403638196.844751119613647,0,0,0,0,11
1403638196.894751071929932,0,0,0,0,11
1403638196.944751024246216,0,0,0,0,11
1403638196.994750976562500,0,0,0,0,11
1403638197.044751167297363,0,0,0,0,11
1403638197.094751119613647,0,0,0,0,11
1403638197.144751071929932,0,0,0,0,11
1403638197.194751024246216,0,0,0,0,11
1403638197.244750976562500,0,0,0,0,11
1403638197.294751167297363,0,0,0,0,11
1403638197.344751119613647,0,0,0,0,11
1403638197.394751071929932,0,0,0,0,11
1403638197.444751024246216,0,0,0,0,11
1403638197.494750976562500,0,0,0,0,11
1403638197.544751167297363,0,0,0,0,11
1403638197.594751119613647,0,0,0,0,11
1403638197.644751071929932,0,0,0,0,11
1403638197.694751024246216,0,0,0,0,11
1403638197.744750976562500,0,0,0,0,11
1403638197.794751167297363,0,0,0,0,11
1403638197.844751119613647,0,0,0,0,11
1403638197.894751071929932,0,0,0,0,11
1403638197.944751024246216,0,0,0,0,11
1403638197.994750976562500,0,0,0,0,11
1403638198.044751167297363,0,0,0,0,11
1403638198.094751119613647,0,0,0,0,11
1403638198.144751071929932,0,0,0,0,11
1403638198.194751024246216,0,0,0,0,11
1403638198.244750976562500,0,0,0,0,11
1403638198.294751167297363,0,0,0,0,11
1403638198.344751119613647,0,0,0,0,11
1403638198.394751071929932,0,0,0,0,11
1403638198.444751024246216,0,0,0,0,11
1403638198.494750976562500,0,0,0,0,11
1403638198.544751167297363,0,0,0,0,11
1403638198.594751119613647,0,0,0,0,11
1403638198.644751071929932,0,0,0,0,11
1403638198.694751024246216,0,0,0,0,11
1403638198.744750976562500,0,0,0,0,11
1403638198.794751167297363,0,0,0,0,11
1403638198.844751119613647,0,0,0,0,11
1403638198.894751071929932,0,0,0,0,11
1403638198.944751024246216,0,0,0,0,11
1403638198.994750976562500,0,0,0,0,11
1403638199.044751167297363,0,0,0,0,11
1403638199.094751119613647,0,0,0,0,11
1403638199.144751071929932,0,0,0,0,11
1403638199.194751024246216,0,0,0,0,11
1403638199.244750976562500,0,0,0,0,11
1403638199.294751167297363,0,0,0,0,11
1403638199.344751119613647,0,0,0,0,11
1403638199.394751071929932,0,0,0,0,11
1403638199.444751024246216,0,0,0,0,11
1403638199.494750976562500,0,0,0,0,11
1403638199.544751167297363,0,0,0,0,11
1403638199.594751119613647,0,0,0,0,11
1403638199.644751071929932,0,0,0,0,11
1403638199.694751024246216,0,0,0,0,11
1403638199.744750976562500,0,0,0,0,11
1403638199.794751167297363,0,0,0,0,11
1403638199.844751119613647,0,0,0,0,11
1403638199.894751071929932,0,0,0,0,11
1403638199.944751024246216,0,0,0,0,11
1403638199.994750976562500,0,0,0,0,11
1403638200.044751167297363,0,0,0,0,11
1403638200.094751119613647,0,0,0,0,11
1403638200.144751071929932,0,0,0,0,11
1403638200.194751024246216,0,0,0,0,11
1403638200.244750976562500,0,0,0,0,11
1403638200.294751167297363,0,0,0,0,11
1403638200.344751119613647,0,0,0,0,11
1403638200.394751071929932,0,0,0,0,11
1403638200.444751024246216,0,0,0,0,11
1403638200.494750976562500,0,0,0,0,11
1403638200.544751167297363,0,0,0,0,11
1403638200.594751119613647,0,0,0,0,11
1403638200.644751071929932,0,0,0,0,11
1403638200.694751024246216,0,0,0,0,11
1403638200.744750976562500,0,0,0,0,11
1403638200.794751167297363,0,0,0,0,11
1403638200.844751119613647,0,0,0,0,11
1403638200.894751071929932,0,0,0,0,11
1403638200.944751024246216,0,0,0,0,11
1403638200.994750976562500,0,0,0,0,11
1403638201.044751167297363,0,0,0,0,11
1403638201.094751119613647,0,0,0,0,11
1403638201.144751071929932,0,0,0,0,11
1403638201.194751024246216,0,0,0,0,11
1403638201.244750976562500,0,0,0,0,11
1403638201.294751167297363,0,0,0,0,11
1403638201.344751119613647,0,0,0,0,11
1403638201.394751071929932,0,0,0,0,11
1403638201.444751024246216,0,0,0,0,11
1403638201.494750976562500,0,0,0,0,11
1403638201.544751167297363,0,0,0,0,11
1403638201.594751119613647,0,0,0,0,11
1403638201.644751071929932,0,0,0,0,11
1403638201.694751024246216,0,0,0,0,11
1403638201.744750976562500,0,0,0,0,11
1403638201.794751167297363,0,0,0,0,11
1403638201.844751119613647,0,0,0,0,11
1403638201.894751071929932,0,0,0,0,11
1403638201.944751024246216,0,0,0,0,11
1403638201.994750976562500,0,0,0,0,11
1403638202.044751167297363,0,0,0,0,11
1403638202.094751119613647,0,0,0,0,11
1403638202.144751071929932,0,0,0,0,11
1403638202.194751024246216,0,0,0,0,11
1403638202.244750976562500,0,0,0,0,11
1403638202.294751167297363,0,0,0,0,11
1403638202.344751119613647,0,0,0,0,11
1403638202.394751071929932,0,0,0,0,11
1403638202.444751024246216,0,0,0,0,11
1403638202.494750976562500,0,0,0,0,11
1403638202.544751167297363,0,0,0,0,11
1403638202.594751119613647,0,0,0,0,11
1403638202.644751071929932,0,0,0,0,11
1403638202.694751024246216,0,0,0,0,11
1403638202.744750976562500,0,0,0,0,11
1403638202.794751167297363,0,0,0,0,11
1403638202.844751119613647,0,0,0,0,11
1403638202.894751071929932,0,0,0,0,11
1403638202.944751024246216,0,0,0,0,11
1403638202.994750976562500,0,0,0,0,11
1403638203.044751167297363,0,0,0,0,11
1403638203.094751119613647,0,0,0,0,11
1403638203.144751071929932,0,0,0,0,11
1403638203.194751024246216,0,0,0,0,11
1403638203.244750976562500,0,0,0,0,11
1403638203.294751167297363,0,0,0,0,11
1403638203.344751119613647,0,0,0,0,11
1403638203.394751071929932,0,0,0,0,11
1403638203.444751024246216,0,0,0,0,11
1403638203.494750976562500,0,0,0,0,11
1403638203.544751167297363,0,0,0,0,11
1403638203.594751119613647,0,0,0,0,11
1403638203.644751071929932,0,0,0,0,11
1403638203.694751024246216,0,0,0,0,11
1403638203.744750976562500,0,0,0,0,11
1403638203.794751167297363,0,0,0,0,11
1403638203.894751071929932,0,0,0,0,11
1403638203.944751024246216,0,0,0,0,11
1403638203.994750976562500,0,0,0,0,11
1403638204.044751167297363,0,0,0,0,11
1403638204.094751119613647,0,0,0,0,11
1403638204.144751071929932,0,0,0,0,11
1403638204.194751024246216,0,0,0,0,11
1403638204.244750976562500,0,0,0,0,11
1403638204.294751167297363,0,0,0,0,11
1403638204.344751119613647,0,0,0,0,11
1403638204.394751071929932,0,0,0,0,11
1403638204.444751024246216,0,0,0,0,11
1403638204.494750976562500,0,0,0,0,11
1403638204.544751167297363,0,0,0,0,11
1403638204.594751119613647,0,0,0,0,11
1403638204.644751071929932,0,0,0,0,11
1403638204.694751024246216,0,0,0,0,11
1403638204.744750976562500,0,0,0,0,11
1403638204.794751167297363,0,0,0,0,11
1403638204.844751119613647,0,0,0,0,11
1403638204.894751071929932,0,0,0,0,11
1403638204.944751024246216,0,0,0,0,11
1403638204.994750976562500,0,0,0,0,11
1403638205.044751167297363,0,0,0,0,11
1403638205.094751119613647,0,0,0,0,11
1403638205.144751071929932,0,0,0,0,11
1403638205.194751024246216,0,2,0,0,11
1403638205.244750976562500,0,0,0,0,11
1403638205.294751167297363,0,0,0,0,11
1403638205.344751119613647,0,0,0,0,11
1403638205.394751071929932,0,0,0,0,11
1403638205.444751024246216,0,0,0,0,11
1403638205.494750976562500,0,0,0,0,11
1403638205.544751167297363,0,0,0,0,11
1403638205.594751119613647,0,0,0,0,11
1403638205.644751071929932,0,0,0,0,11
1403638205.694751024246216,0,0,0,0,11
1403638205.744750976562500,0,0,0,0,11
1403638205.794751167297363,0,0,0,0,11
1403638205.844751119613647,0,0,0,0,11
1403638205.894751071929932,0,0,0,0,11
1403638205.944751024246216,0,0,0,0,11
1403638205.994750976562500,0,0,0,0,11
1403638206.044751167297363,0,0,0,0,11
1403638206.094751119613647,0,0,0,0,11
1403638206.144751071929932,0,0,0,0,11
1403638206.194751024246216,0,0,0,0,11
1403638206.244750976562500,0,0,0,0,11
1403638206.294751167297363,0,0,0,0,11
1403638206.344751119613647,0,0,0,0,11
1403638206.394751071929932,0,0,0,0,11
1403638206.444751024246216,0,0,0,0,11
1403638206.494750976562500,0,0,0,0,11
1403638206.544751167297363,0,0,0,0,11
1403638206.594751119613647,0,0,0,0,11
1403638206.644751071929932,0,0,0,0,11
1403638206.694751024246216,0,0,0,0,11
1403638206.744750976562500,0,0,0,0,11
1403638206.794751167297363,0,0,0,0,11
1403638206.844751119613647,0,0,0,0,11
1403638206.894751071929932,0,0,0,0,11
1403638206.944751024246216,0,0,0,0,11
1403638206.994750976562500,0,0,0,0,11
1403638207.044751167297363,0,0,0,0,11
1403638207.094751119613647,0,0,0,0,11
1403638207.144751071929932,0,0,0,0,11
1403638207.194751024246216,0,0,0,0,11
1403638207.244750976562500,0,0,0,0,11
1403638207.294751167297363,0,0,0,0,11
1403638207.344751119613647,0,0,0,0,11
1403638207.394751071929932,0,0,0,0,11
1403638207.444751024246216,0,0,0,0,11
1403638207.494750976562500,0,0,0,0,11
1403638207.544751167297363,0,0,0,0,11
1403638207.594751119613647,0,0,0,0,11
1403638207.644751071929932,0,0,0,0,11
1403638207.694751024246216,0,0,0,0,11
1403638207.744750976562500,0,0,0,0,11
1403638207.794751167297363,0,0,0,0,11
1403638207.844751119613647,0,0,0,0,11
1403638207.894751071929932,0,0,0,0,11
1403638207.944751024246216,0,0,0,0,11
1403638207.994750976562500,0,0,0,0,11
1403638208.044751167297363,0,0,0,0,11
1403638208.094751119613647,0,0,0,0,11
1403638208.144751071929932,0,0,0,0,11
1403638208.194751024246216,0,0,0,0,11
1403638208.244750976562500,0,0,0,0,11
1403638208.294751167297363,0,0,0,0,11
1403638208.344751119613647,0,0,0,0,11
1403638208.444751024246216,0,0,0,0,11
1403638208.494750976562500,0,0,0,0,11
1403638208.544751167297363,0,0,0,0,11
1403638208.594751119613647,0,0,0,0,11
1403638208.644751071929932,0,0,0,0,11
1403638208.694751024246216,0,0,0,0,11
1403638208.744750976562500,0,0,0,0,11
1403638208.794751167297363,0,0,0,0,11
1403638208.844751119613647,0,0,0,0,11
1403638208.894751071929932,0,0,0,0,11
1403638208.944751024246216,0,0,0,0,11
1403638208.994750976562500,0,0,0,0,11
1403638209.044751167297363,0,0,0,0,11
1403638209.094751119613647,0,0,0,0,11
1403638209.144751071929932,0,0,0,0,11
1403638209.194751024246216,0,0,0,0,11
1403638209.244750976562500,0,0,0,0,11
1403638209.294751167297363,0,0,0,0,11
1403638209.344751119613647,0,0,0,0,11
1403638209.394751071929932,0,0,0,0,11
1403638209.444751024246216,0,0,0,0,11
1403638209.494750976562500,0,0,0,0,11
1403638209.544751167297363,0,0,0,0,11
1403638209.594751119613647,0,0,0,0,11
1403638209.644751071929932,0,0,0,0,11
1403638209.694751024246216,0,0,0,0,11
1403638209.744750976562500,0,0,0,0,11
1403638209.794751167297363,0,0,0,0,11
1403638209.844751119613647,0,0,0,0,11
1403638209.894751071929932,0,0,0,0,11
1403638209.944751024246216,0,0,0,0,11
1403638209.994750976562500,0,0,0,0,11
1403638210.044751167297363,0,0,0,0,11
1403638210.094751119613647,0,0,0,0,11
1403638210.144751071929932,0,0,0,0,11
1403638210.194751024246216,0,0,0,0,11
1403638210.244750976562500,0,0,0,0,11
1403638210.294751167297363,0,0,0,0,11
1403638210.344751119613647,0,0,0,0,11
1403638210.394751071929932,0,0,0,0,11
1403638210.444751024246216,0,0,0,0,11
1403638210.494750976562500,0,0,0,0,11
1403638210.544751167297363,0,0,0,0,11
1403638210.594751119613647,0,0,0,0,11
1403638210.644751071929932,0,0,0,0,11
1403638210.694751024246216,0,0,0,0,11
1403638210.744750976562500,0,0,0,0,11
1403638210.794751167297363,0,0,0,0,11
1403638210.844751119613647,0,0,0,0,11
1403638210.894751071929932,0,0,0,0,11
1403638210.944751024246216,0,0,0,0,11
1403638210.994750976562500,0,0,0,0,11
1403638211.044751167297363,0,0,0,0,11
1403638211.094751119613647,0,0,0,0,11
1403638211.144751071929932,0,0,0,0,11
1403638211.194751024246216,0,0,0,0,11
1403638211.244750976562500,0,0,0,0,11
1403638211.294751167297363,0,0,0,0,11
1403638211.344751119613647,0,0,0,0,11
1403638211.394751071929932,0,0,0,0,11
1403638211.444751024246216,0,0,0,0,11
1403638211.494750976562500,0,0,0,0,11
1403638211.544751167297363,0,0,0,0,11
1403638211.594751119613647,0,0,0,0,11
1403638211.644751071929932,0,0,0,0,11
1403638211.694751024246216,0,0,0,0,11
1403638211.744750976562500,0,0,0,0,11
1403638211.794751167297363,0,0,0,0,11
1403638211.844751119613647,0,0,0,0,11
1403638211.894751071929932,0,0,0,0,11
1403638211.944751024246216,0,0,0,0,11
1403638211.994750976562500,0,0,0,0,11
1403638212.044751167297363,0,0,0,0,11
1403638212.094751119613647,0,0,0,0,11
1403638212.144751071929932,0,0,0,0,11
1403638212.194751024246216,0,0,0,0,11
1403638212.244750976562500,0,0,0,0,11
1403638212.294751167297363,0,0,0,0,11
1403638212.344751119613647,0,0,0,0,11
1403638212.394751071929932,0,0,0,0,11
1403638212.444751024246216,0,0,0,0,11
1403638212.494750976562500,0,0,0,0,11
1403638212.544751167297363,0,0,0,0,11
1403638212.594751119613647,0,0,0,0,11
1403638212.644751071929932,0,0,0,0,11
1403638212.694751024246216,0,0,0,0,11
1403638212.744750976562500,0,0,0,0,11
1403638212.794751167297363,0,1,0,0,11
1403638212.844751119613647,0,0,0,0,11
1403638212.894751071929932,0,0,0,0,11
1403638212.944751024246216,0,0,0,0,11
1403638212.994750976562500,0,0,0,0,11
1403638213.044751167297363,0,0,0,0,11
1403638213.094751119613647,0,0,0,0,11
1403638213.144751071929932,0,0,0,0,11
1403638213.194751024246216,0,0,0,0,11
1403638213.244750976562500,0,0,0,0,11
1403638213.294751167297363,0,0,0,0,11
1403638213.344751119613647,0,0,0,0,11
1403638213.394751071929932,0,0,0,0,11
1403638213.444751024246216,0,0,0,0,11
1403638213.494750976562500,0,0,0,0,11
1403638213.544751167297363,0,0,0,0,11
1403638213.594751119613647,0,0,0,0,11
1403638213.644751071929932,0,0,0,0,11
1403638213.694751024246216,0,0,0,0,11
1403638213.744750976562500,0,0,0,0,11
1403638213.794751167297363,0,0,0,0,11
1403638213.844751119613647,0,0,0,0,11
1403638213.894751071929932,0,0,0,0,11
1403638213.944751024246216,0,0,0,0,11
1403638213.994750976562500,0,0,0,0,11
1403638214.044751167297363,0,0,0,0,11
1403638214.094751119613647,0,0,0,0,11
1403638214.144751071929932,0,0,0,0,11
1403638214.194751024246216,0,0,0,0,11
1403638214.244750976562500,0,0,0,0,11
1403638214.294751167297363,0,0,0,0,11
1403638214.344751119613647,0,0,0,0,11
1403638214.394751071929932,0,0,0,0,11
1403638214.444751024246216,0,0,0,0,11
1403638214.494750976562500,0,0,0,0,11
1403638214.544751167297363,0,0,0,0,11
1403638214.594751119613647,0,0,0,0,11
1403638214.644751071929932,0,0,0,0,11
1403638214.694751024246216,0,0,0,0,11
1403638214.744750976562500,0,0,0,0,11
1403638214.794751167297363,0,0,0,0,11
1403638214.844751119613647,0,0,0,0,11
1403638214.894751071929932,0,0,0,0,11
1403638214.944751024246216,0,0,0,0,11
1403638214.994750976562500,0,0,0,0,11
1403638215.044751167297363,0,0,0,0,11
1403638215.094751119613647,0,0,0,0,11
1403638215.144751071929932,0,0,0,0,11
1403638215.194751024246216,0,0,0,0,11
1403638215.244750976562500,0,0,0,0,11
1403638215.294751167297363,0,0,0,0,11
1403638215.344751119613647,0,0,0,0,11
1403638215.394751071929932,0,0,0,0,11
1403638215.444751024246216,0,0,0,0,11
1403638215.494750976562500,0,0,0,0,11
1403638215.544751167297363,0,0,0,0,11
1403638215.594751119613647,0,0,0,0,11
1403638215.644751071929932,0,0,0,0,11
1403638215.694751024246216,0,0,0,0,11
1403638215.744750976562500,0,0,0,0,11
1403638215.794751167297363,0,0,0,0,11
1403638215.844751119613647,0,0,0,0,11
1403638215.894751071929932,0,0,0,0,11
1403638215.944751024246216,0,0,0,0,11
1403638215.994750976562500,0,0,0,0,11
1403638216.044751167297363,0,0,0,0,11
1403638216.094751119613647,0,0,0,0,11
1403638216.144751071929932,0,0,0,0,11
1403638216.194751024246216,0,0,0,0,11
1403638216.244750976562500,0,0,0,0,11
1403638216.294751167297363,0,0,0,0,11
1403638216.344751119613647,0,0,0,0,11
1403638216.394751071929932,0,0,0,0,11
1403638216.444751024246216,0,0,0,0,11
1403638216.494750976562500,0,0,0,0,11
1403638216.544751167297363,0,0,0,0,11
1403638216.594751119613647,0,0,0,0,11
1403638216.644751071929932,0,0,0,0,11
1403638216.694751024246216,0,0,0,0,11
1403638216.744750976562500,0,0,0,0,11
1403638216.794751167297363,0,0,0,0,11
1403638216.844751119613647,0,0,0,0,11
1403638216.894751071929932,0,0,0,0,11
1403638216.944751024246216,0,0,0,0,11
1403638216.994750976562500,0,0,0,0,11
1403638217.044751167297363,0,0,0,0,11
1403638217.094751119613647,0,0,0,0,11
1403638217.144751071929932,0,0,0,0,11
1403638217.194751024246216,0,0,0,0,11
1403638217.244750976562500,0,0,0,0,11
1403638217.294751167297363,0,0,0,0,11
1403638217.344751119613647,0,0,0,0,11
1403638217.394751071929932,0,0,0,0,11
1403638217.444751024246216,0,0,0,0,11
1403638217.494750976562500,0,0,0,0,11
1403638217.544751167297363,0,0,0,0,11
1403638217.594751119613647,0,0,0,0,11
1403638217.644751071929932,0,0,0,0,11
1403638217.694751024246216,0,0,0,0,11
1403638217.744750976562500,0,0,0,0,11
1403638217.794751167297363,0,0,0,0,11
1403638217.844751119613647,0,0,0,0,11
1403638217.894751071929932,0,0,0,0,11
1403638217.944751024246216,0,0,0,0,11
1403638217.994750976562500,0,0,0,0,11
1403638218.044751167297363,0,0,0,0,11
1403638218.094751119613647,0,0,0,0,11
1403638218.144751071929932,0,0,0,0,11
1403638218.194751024246216,0,0,0,0,11
1403638218.244750976562500,0,0,0,0,11
1403638218.294751167297363,0,0,0,0,11
1403638218.344751119613647,0,0,0,0,11
1403638218.394751071929932,0,0,0,0,11
1403638218.444751024246216,0,0,0,0,11
1403638218.494750976562500,0,0,0,0,11
1403638218.544751167297363,0,0,0,0,11
1403638218.594751119613647,0,0,0,0,11
1403638218.644751071929932,0,0,0,0,11
1403638218.694751024246216,0,0,0,0,11
1403638218.744750976562500,0,0,0,0,11
1403638218.794751167297363,0,0,0,0,11
1403638218.844751119613647,0,0,0,0,11
1403638218.894751071929932,0,0,0,0,11
1403638218.944751024246216,0,0,0,0,11
1403638218.994750976562500,0,0,0,0,11
1403638219.044751167297363,0,0,0,0,11
1403638219.094751119613647,0,0,0,0,11
1403638219.144751071929932,0,0,0,0,11
1403638219.194751024246216,0,0,0,0,11
1403638219.244750976562500,0,0,0,0,11
1403638219.294751167297363,0,0,0,0,11
1403638219.344751119613647,0,0,0,0,11
1403638219.394751071929932,0,0,0,0,11
1403638219.444751024246216,0,0,0,0,11
1403638219.494750976562500,0,0,0,0,11
1403638219.544751167297363,0,0,0,0,11
1403638219.594751119613647,0,0,0,0,11
1403638219.644751071929932,0,0,0,0,11
1403638219.694751024246216,0,0,0,0,11
1403638219.744750976562500,0,0,0,0,11
1403638219.794751167297363,0,0,0,0,11
1403638219.844751119613647,0,0,0,0,11
1403638219.894751071929932,0,0,0,0,11
1403638219.944751024246216,0,0,0,0,11
1403638219.994750976562500,0,0,0,0,11
1403638220.044751167297363,0,0,0,0,11
1403638220.094751119613647,0,0,0,0,11
1403638220.144751071929932,0,0,0,0,11
1403638220.194751024246216,0,0,0,0,11
1403638220.244750976562500,0,0,0,0,11
1403638220.294751167297363,0,0,0,0,11
1403638220.344751119613647,0,0,0,0,11
1403638220.394751071929932,0,0,0,0,11
1403638220.444751024246216,0,0,0,0,11
1403638220.494750976562500,0,0,0,0,11
1403638220.544751167297363,0,0,0,0,11
1403638220.594751119613647,0,0,0,0,11
1403638220.644751071929932,0,0,0,0,11
1403638220.694751024246216,0,0,0,0,11
1403638220.744750976562500,0,0,0,0,11
1403638220.794751167297363,0,0,0,0,11
1403638220.844751119613647,0,0,0,0,11
1403638220.894751071929932,0,0,0,0,11
1403638220.944751024246216,0,0,0,0,11
1403638220.994750976562500,0,0,0,0,11
1403638221.044751167297363,0,0,0,0,11
1403638221.094751119613647,0,0,0,0,11
1403638221.144751071929932,0,0,0,0,11
1403638221.194751024246216,0,0,0,0,11
1403638221.244750976562500,0,0,0,0,11
1403638221.294751167297363,0,0,0,0,11
1403638221.344751119613647,0,0,0,0,11
1403638221.394751071929932,0,0,0,0,11
1403638221.444751024246216,0,0,0,0,11
1403638221.494750976562500,0,0,0,0,11
1403638221.544751167297363,0,0,0,0,11
1403638221.594751119613647,0,0,0,0,11
1403638221.644751071929932,0,0,0,0,11
1403638221.694751024246216,0,0,0,0,11
1403638221.744750976562500,0,0,0,0,11
1403638221.794751167297363,0,0,0,0,11
1403638221.844751119613647,0,0,0,0,11
1403638221.894751071929932,0,0,0,0,11
1403638221.944751024246216,0,0,0,0,11
1403638221.994750976562500,0,0,0,0,11
1403638222.044751167297363,0,0,0,0,11
1403638222.094751119613647,0,0,0,0,11
1403638222.144751071929932,0,0,0,0,11
1403638222.194751024246216,0,0,0,0,11
1403638222.244750976562500,0,0,0,0,11
1403638222.294751167297363,0,0,0,0,11
1403638222.344751119613647,0,0,0,0,11
1403638222.394751071929932,0,0,0,0,11
1403638222.444751024246216,0,0,0,0,11
1403638222.494750976562500,0,0,0,0,11
1403638222.544751167297363,0,0,0,0,11
1403638222.594751119613647,0,0,0,0,11
1403638222.644751071929932,0,0,0,0,11
1403638222.694751024246216,0,0,0,0,11
1403638222.744750976562500,0,0,0,0,11
1403638222.794751167297363,0,0,0,0,11
1403638222.844751119613647,0,0,0,0,11
1403638222.894751071929932,0,0,0,0,11
1403638222.944751024246216,0,0,0,0,11
1403638222.994750976562500,0,0,0,0,11
1403638223.044751167297363,0,0,0,0,11
1403638223.094751119613647,0,0,0,0,11
1403638223.144751071929932,0,0,0,0,11
1403638223.194751024246216,0,0,0,0,11
1403638223.244750976562500,0,0,0,0,11
1403638223.294751167297363,0,0,0,0,11
1403638223.344751119613647,0,0,0,0,11
1403638223.394751071929932,0,0,0,0,11
1403638223.444751024246216,0,0,0,0,11
1403638223.494750976562500,0,0,0,0,11
1403638223.544751167297363,0,0,0,0,11
1403638223.594751119613647,0,0,0,0,11
1403638223.644751071929932,0,0,0,0,11
1403638223.694751024246216,0,0,0,0,11
1403638223.744750976562500,0,0,0,0,11
1403638223.794751167297363,0,0,0,0,11
1403638223.844751119613647,0,0,0,0,11
1403638223.894751071929932,0,0,0,0,11
1403638223.944751024246216,0,0,0,0,11
1403638223.994750976562500,0,0,0,0,11
1403638224.044751167297363,0,0,0,0,11
1403638224.094751119613647,0,0,0,0,11
1403638224.144751071929932,0,0,0,0,11
1403638224.194751024246216,0,0,0,0,11
1403638224.244750976562500,0,0,0,0,11
1403638224.294751644134521,0,1,0,0,11
1403638224.344751596450806,0,0,0,0,11
1403638224.394751548767090,0,0,0,0,11
1403638224.444751501083374,0,0,0,0,11
1403638224.494751453399658,0,0,0,0,11
1403638224.544751644134521,0,0,0,0,11
1403638224.594751596450806,0,0,0,0,11
1403638224.644751548767090,0,0,0,0,11
1403638224.694751501083374,0,0,0,0,11
1403638224.744751453399658,0,0,0,0,11
1403638224.794751644134521,0,0,0,0,11
1403638224.844751596450806,0,0,0,0,11
1403638224.894751548767090,0,0,0,0,11
1403638224.944751501083374,0,0,0,0,11
1403638224.994751453399658,0,0,0,0,11
1403638225.044751644134521,0,0,0,0,11
1403638225.094751596450806,0,0,0,0,11
1403638225.144751548767090,0,0,0,0,11
1403638225.194751501083374,0,0,0,0,11
1403638225.244751453399658,0,0,0,0,11
1403638225.294751644134521,0,0,0,0,11
1403638225.344751596450806,0,0,0,0,11
1403638225.394751548767090,0,0,0,0,11
1403638225.444751501083374,0,0,0,0,11
1403638225.494751453399658,0,0,0,0,11
1403638225.544751644134521,0,0,0,0,11
1403638225.594751596450806,0,0,0,0,11
1403638225.644751548767090,0,0,0,0,11
1403638225.694751501083374,0,0,0,0,11
1403638225.744751453399658,0,0,0,0,11
1403638225.794751644134521,0,0,0,0,11
1403638225.844751596450806,0,0,0,0,11
1403638225.894751548767090,0,0,0,0,11
1403638225.944751501083374,0,0,0,0,11
1403638225.994751453399658,0,0,0,0,11
1403638226.044751644134521,0,0,0,0,11
1403638226.094751596450806,0,0,0,0,11
1403638226.144751548767090,0,0,0,0,11
1403638226.194751501083374,0,0,0,0,11
1403638226.244751453399658,0,0,0,0,11
1403638226.294751644134521,0,0,0,0,11
1403638226.344751596450806,0,0,0,0,11
1403638226.394751548767090,0,0,0,0,11
1403638226.444751501083374,0,0,0,0,11
1403638226.494751453399658,0,0,0,0,11
1403638226.544751644134521,0,0,0,0,11
1403638226.594751596450806,0,0,0,0,11
1403638226.644751548767090,0,0,0,0,11
1403638226.694751501083374,0,0,0,0,11
1403638226.744751453399658,0,0,0,0,11
1403638226.794751644134521,0,0,0,0,11
1403638226.844751596450806,0,0,0,0,11
1403638226.894751548767090,0,0,0,0,11
1403638226.944751501083374,0,0,0,0,11
1403638226.994751453399658,0,0,0,0,11
1403638227.044751644134521,0,0,0,0,11
1403638227.094751596450806,0,0,0,0,11
1403638227.144751548767090,0,0,0,0,11
1403638227.194751501083374,0,0,0,0,11
1403638227.244751453399658,0,0,0,0,11
1403638227.294751644134521,0,0,0,0,11
1403638227.344751596450806,0,0,0,0,11
1403638227.394751548767090,0,0,0,0,11
1403638227.444751501083374,0,0,0,0,11
1403638227.494751453399658,0,0,0,0,11
1403638227.544751644134521,0,0,0,0,11
1403638227.594751596450806,0,0,0,0,11
1403638227.644751548767090,0,0,0,0,11
1403638227.694751501083374,0,0,0,0,11
1403638227.744751453399658,0,0,0,0,11
1403638227.794751644134521,0,0,0,0,11
1403638227.844751596450806,0,0,0,0,11
1403638227.894751548767090,0,0,0,0,11
1403638227.944751501083374,0,0,0,0,11
1403638227.994751453399658,0,0,0,0,11
1403638228.044751644134521,0,0,0,0,11
1403638228.094751596450806,0,0,0,0,11
1403638228.144751548767090,0,0,0,0,11
1403638228.194751501083374,0,0,0,0,11
1403638228.244751453399658,0,0,0,0,11
1403638228.294751644134521,0,0,0,0,11
1403638228.344751596450806,0,0,0,0,11
1403638228.394751548767090,0,0,0,0,11
1403638228.444751501083374,0,0,0,0,11
1403638228.494751453399658,0,0,0,0,11
1403638228.544751644134521,0,0,0,0,11
1403638228.594751596450806,0,0,0,0,11
1403638228.644751548767090,0,0,0,0,11
1403638228.694751501083374,0,0,0,0,11
1403638228.744751453399658,0,0,0,0,11
1403638228.794751644134521,0,0,0,0,11
