# timestamp (sec),slam_feats_in_state,msckf_feats_used,slam_feats_updated,slam_feats_delayed_init,clones
1403715893.791191101074219,0,15,0,0,5
1403715893.835780143737793,13,13,0,13,6
1403715893.885843992233276,13,0,13,0,7
1403715893.936089515686035,13,0,13,0,8
1403715893.986256122589111,13,0,12,0,9
1403715894.036474466323853,12,0,12,0,10
1403715894.086675167083740,12,0,12,0,11
1403715894.136397123336792,12,0,12,0,11
1403715894.186378002166748,17,0,11,6,11
1403715894.236416816711426,19,0,17,2,11
1403715894.286670446395874,25,0,19,6,11
1403715894.336573839187622,24,0,23,0,11
1403715894.386494159698486,28,3,24,4,11
1403715894.435997486114502,44,25,28,16,11
1403715894.485833406448364,47,0,43,4,11
1403715894.535662651062012,47,1,47,0,11
1403715894.585792064666748,50,2,47,3,11
1403715894.635801315307617,50,0,49,0,11
1403715894.685668468475342,50,0,49,0,11
1403715894.735354661941528,50,0,49,1,11
1403715894.784770965576172,50,6,50,0,11
1403715894.834315776824951,50,6,49,0,11
1403715894.884198665618896,49,2,49,0,11
1403715894.934118270874023,49,4,48,1,11
1403715894.984066963195801,49,1,48,1,11
1403715895.033911228179932,46,21,46,0,11
1403715895.083867788314819,46,1,44,1,11
1403715895.133790969848633,45,0,45,0,11
1403715895.183718204498291,45,1,44,0,11
1403715895.233756065368652,44,4,42,0,11
1403715895.283753156661987,43,1,42,0,11
1403715895.333654642105103,40,0,38,1,11
1403715895.383700132369995,43,0,39,3,11
1403715895.433767795562744,48,3,41,7,11
1403715895.483780145645142,49,1,46,1,11
1403715895.533743381500244,49,2,46,2,11
1403715895.583805322647095,50,0,45,2,11
1403715895.633952856063843,48,18,42,0,11
1403715895.684023380279541,49,14,42,4,11
1403715895.734132289886475,46,0,44,0,11
1403715895.784165143966675,46,1,44,0,11
1403715895.834259748458862,45,0,43,0,11
1403715895.884256362915039,45,5,42,1,11
1403715895.934263467788696,45,1,43,1,11
1403715895.984250545501709,45,1,44,1,11
1403715896.034220457077026,46,1,43,2,11
1403715896.084197282791138,46,0,43,0,11
1403715896.134104251861572,46,0,43,1,11
1403715896.184212684631348,47,9,43,3,11
1403715896.234307527542114,47,16,46,1,11
1403715896.284338235855103,48,10,44,2,11
1403715896.334639549255371,47,1,35,2,11
1403715896.384689807891846,45,0,30,2,11
1403715896.434793233871460,44,0,30,7,11
1403715896.484994888305664,43,0,35,4,11
1403715896.535120964050293,43,1,38,2,11
1403715896.585152149200439,42,1,40,1,11
1403715896.635168313980103,41,1,40,1,11
1403715896.685186147689819,39,2,39,0,11
1403715896.735145330429077,39,1,36,0,11
1403715896.785018205642700,47,1,32,8,11
1403715896.835024595260620,47,11,40,3,11
1403715896.884971380233765,48,5,40,5,11
1403715896.934996128082275,50,0,44,2,11
1403715896.985002994537354,50,0,46,3,11
1403715897.035020589828491,49,2,47,0,11
1403715897.085243940353394,49,11,44,1,11
1403715897.135331153869629,48,0,43,0,11
1403715897.185482978820801,47,0,43,3,11
1403715897.235494136810303,47,0,46,1,11
1403715897.285467147827148,47,2,46,0,11
1403715897.335470676422119,46,2,43,0,11
1403715897.385526418685913,48,0,43,3,11
1403715897.435621976852417,48,16,44,1,11
1403715897.485562086105347,48,9,44,1,11
1403715897.535446166992188,46,6,44,0,11
1403715897.585346698760986,45,2,43,1,11
1403715897.635235309600830,46,3,41,1,11
1403715897.685139894485474,50,3,41,5,11
1403715897.735032796859741,49,2,45,2,11
1403715897.784992456436157,48,2,45,1,11
1403715897.834946632385254,46,1,42,1,11
1403715897.884969234466553,46,2,40,2,11
1403715897.934975147247314,42,2,34,0,11
1403715897.985062360763550,39,1,32,1,11
1403715898.035076379776001,38,16,30,8,11
1403715898.085064411163330,41,6,31,3,11
1403715898.135097265243530,38,2,24,0,11
1403715898.185142278671265,29,3,22,4,11
1403715898.235207080841064,22,2,19,1,11
1403715898.285308361053467,21,3,20,0,11
1403715898.335369348526001,20,5,20,0,11
1403715898.385414361953735,20,3,20,0,11
1403715898.435482025146484,18,8,17,0,11
1403715898.485583305358887,26,7,17,8,11
1403715898.535585641860962,26,7,24,1,11
1403715898.585599422454834,26,1,22,2,11
1403715898.635613441467285,33,4,23,7,11
1403715898.685604572296143,35,3,26,6,11
1403715898.735595941543579,34,8,27,1,11
1403715898.785602331161499,24,3,19,2,11
1403715898.835603237152100,24,1,20,3,11
1403715898.885589838027954,25,6,22,1,11
1403715898.935536384582520,29,5,17,8,11
1403715898.985530138015747,25,2,24,0,11
1403715899.035514593124390,28,3,22,5,11
1403715899.085480928421021,28,2,25,1,11
1403715899.135465621948242,25,4,23,1,11
1403715899.185443162918091,27,3,23,4,11
1403715899.235427856445312,34,2,25,8,11
1403715899.285426616668701,32,4,26,0,11
1403715899.335412979125977,38,10,23,11,11
1403715899.385393857955933,33,4,31,1,11
1403715899.435404777526855,31,6,31,0,11
1403715899.485451698303223,34,6,30,3,11
1403715899.535493135452271,38,1,30,6,11
1403715899.585513353347778,38,3,33,0,11
1403715899.635558605194092,41,0,33,5,11
1403715899.685545206069946,49,11,38,11,11
1403715899.735586404800415,49,3,41,0,11
1403715899.785612344741821,50,4,45,1,11
1403715899.835624933242798,46,10,43,1,11
1403715899.885634422302246,45,4,41,1,11
1403715899.935643911361694,42,5,40,2,11
1403715899.985680818557739,39,4,38,0,11
1403715900.035725831985474,38,3,36,0,11
1403715900.085785627365112,42,3,36,5,11
1403715900.135847091674805,42,6,40,2,11
1403715900.185891151428223,40,4,40,0,11
1403715900.235913753509521,40,0,39,0,11
1403715900.285962104797363,46,4,39,6,11
1403715900.335961580276489,44,1,43,1,11
1403715900.385940551757812,44,6,42,0,11
1403715900.435957431793213,48,2,42,6,11
1403715900.485939979553223,43,4,42,0,11
1403715900.535965919494629,39,3,34,3,11
1403715900.585940837860107,36,5,32,3,11
1403715900.635917186737061,33,5,27,2,11
1403715900.685916185379028,32,1,23,1,11
1403715900.735905885696411,29,3,23,1,11
1403715900.785884857177734,28,0,14,5,11
1403715900.835883378982544,31,4,16,8,11
1403715900.885871648788452,26,4,21,1,11
1403715900.935848951339722,24,0,21,0,11
1403715900.985818147659302,24,1,19,2,11
1403715901.035805940628052,21,1,19,0,11
1403715901.085785627365112,18,2,17,0,11
1403715901.135761260986328,18,3,14,2,11
1403715901.185756444931030,20,1,12,4,11
1403715901.235754251480103,20,2,14,0,11
1403715901.285731315612793,19,1,10,5,11
1403715901.335704326629639,21,2,13,3,11
1403715901.385675430297852,20,2,15,2,11
1403715901.435588836669922,21,2,15,5,11
1403715901.485566616058350,23,3,19,3,11
1403715901.535528898239136,24,1,21,1,11
1403715901.585478305816650,24,0,21,0,11
1403715901.635419845581055,27,0,16,5,11
1403715901.685348987579346,29,3,21,3,11
1403715901.735326528549194,28,0,23,4,11
1403715901.785294055938721,31,2,27,3,11
1403715901.835276365280151,31,2,28,1,11
1403715901.885257244110107,32,1,28,2,11
1403715901.935236930847168,31,2,30,1,11
1403715901.985201120376587,33,2,29,2,11
1403715902.035186052322388,35,1,31,2,11
1403715902.085178852081299,40,1,33,7,11
1403715902.135175228118896,42,1,39,2,11
1403715902.185173273086548,44,2,39,2,11
1403715902.235184431076050,46,1,39,4,11
1403715902.285204887390137,46,1,42,2,11
1403715902.335220098495483,45,3,38,3,11
1403715902.385231971740723,45,5,40,1,11
1403715902.435232639312744,42,2,41,1,11
1403715902.485249996185303,44,2,40,3,11
1403715902.535242795944214,44,1,42,0,11
1403715902.585235118865967,43,2,41,1,11
1403715902.635231733322144,44,2,42,2,11
1403715902.685205698013306,49,13,42,5,11
1403715902.735190629959106,50,9,47,1,11
1403715902.785180330276489,49,2,47,1,11
1403715902.835173368453979,48,2,44,0,11
1403715902.885147809982300,45,2,39,2,11
1403715902.935132980346680,41,2,38,1,11
1403715902.985126495361328,39,2,35,3,11
1403715903.035114765167236,37,1,36,1,11
1403715903.085095882415771,39,7,32,3,11
1403715903.135087728500366,38,4,32,0,11
1403715903.185106992721558,34,3,30,1,11
1403715903.235129833221436,32,3,31,1,11
1403715903.285153150558472,38,2,28,9,11
1403715903.335165977478027,40,3,35,2,11
1403715903.385186672210693,41,4,35,4,11
1403715903.435190677642822,40,5,37,0,11
1403715903.485176563262939,40,5,31,7,11
1403715903.535179853439331,35,6,32,0,11
1403715903.585168600082397,35,5,28,4,11
1403715903.635161161422729,30,10,26,0,11
1403715903.685149192810059,40,4,23,12,11
1403715903.735186338424683,41,7,32,7,11
1403715903.785191059112549,41,7,32,3,11
1403715903.835192918777466,28,11,27,0,11
1403715903.885188102722168,23,5,21,0,11
1403715903.935172557830811,23,4,18,3,11
1403715903.985150098800659,13,5,12,0,11
1403715904.035113811492920,15,0,12,3,11
1403715904.085064649581909,17,3,15,2,11
1403715904.135046005249023,17,10,17,0,11
1403715904.185033559799194,17,3,16,0,11
1403715904.235026836395264,19,6,16,3,11
1403715904.285000324249268,30,5,17,12,11
1403715904.335007667541504,27,7,27,0,11
1403715904.385009765625000,30,1,27,3,11
1403715904.435007810592651,36,2,29,6,11
1403715904.485013246536255,35,4,34,0,11
1403715904.535022497177124,37,5,33,3,11
1403715904.585027933120728,32,3,32,0,11
1403715904.635040998458862,31,0,28,1,11
1403715904.685032606124878,29,1,27,0,11
1403715904.735012769699097,29,2,19,7,11
1403715904.784991264343262,30,1,25,1,11
1403715904.834957361221313,35,1,21,10,11
1403715904.884948730468750,34,2,28,1,11
1403715904.934946537017822,32,3,26,2,11
1403715904.984950780868530,30,2,22,3,11
1403715905.034960985183716,28,3,20,5,11
1403715905.084969043731689,27,0,22,1,11
1403715905.134979009628296,27,1,22,1,11
1403715905.184993505477905,28,7,18,4,11
1403715905.234993457794189,27,0,25,0,11
1403715905.285000801086426,25,1,23,1,11
1403715905.335010528564453,23,2,23,0,11
1403715905.385026216506958,25,1,22,2,11
1403715905.435026884078979,25,3,23,1,11
1403715905.485027790069580,25,0,22,3,11
1403715905.535030603408813,25,0,22,3,11
1403715905.585005998611450,30,2,24,5,11
1403715905.635017871856689,30,5,26,2,11
1403715905.685018062591553,28,2,25,0,11
1403715905.735017538070679,28,0,23,3,11
1403715905.785028457641602,38,1,25,12,11
1403715905.835033416748047,40,4,30,4,11
1403715905.885034322738647,35,2,29,0,11
1403715905.935019493103027,37,1,27,8,11
1403715905.985009908676147,39,3,33,4,11
1403715906.034983396530151,38,3,36,0,11
1403715906.084945201873779,33,4,27,0,11
1403715906.134898185729980,26,3,22,0,11
1403715906.184830904006958,29,2,18,6,11
1403715906.234800577163696,28,4,19,4,11
1403715906.284796714782715,21,1,18,0,11
1403715906.334791421890259,20,1,18,2,11
1403715906.384779930114746,20,3,19,0,11
1403715906.434767723083496,23,2,18,4,11
1403715906.484756946563721,27,0,16,4,11
1403715906.534756660461426,27,1,17,1,11
1403715906.584739446640015,22,4,15,3,11
1403715906.634725332260132,20,4,16,0,11
1403715906.684717893600464,27,4,16,9,11
1403715906.734712362289429,24,6,21,0,11
1403715906.784713029861450,23,2,18,0,11
1403715906.834707975387573,21,7,16,2,11
1403715906.884711027145386,16,5,13,2,11
1403715906.934714078903198,15,6,14,0,11
1403715906.984720945358276,14,0,12,2,11
1403715907.034727334976196,16,2,11,4,11
1403715907.084731101989746,16,1,15,0,11
1403715907.134736299514771,16,1,13,3,11
1403715907.184737682342529,16,0,16,0,11
1403715907.234736919403076,19,1,14,4,11
1403715907.284730434417725,33,0,18,14,11
1403715907.334730148315430,24,1,23,0,11
1403715907.384735822677612,21,1,19,2,11
1403715907.434724092483521,21,1,19,2,11
1403715907.484722614288330,21,1,21,0,11
1403715907.534709692001343,23,1,19,4,11
1403715907.584709882736206,18,0,18,0,11
1403715907.634699821472168,25,0,17,8,11
1403715907.684698343276978,27,1,23,3,11
1403715907.734702110290527,33,1,24,9,11
1403715907.784707784652710,30,4,28,0,11
1403715907.834703683853149,28,6,24,4,11
1403715907.884699344635010,26,1,26,0,11
1403715907.934693098068237,23,3,23,0,11
1403715907.984688520431519,27,0,23,4,11
1403715908.034686326980591,38,4,25,13,11
1403715908.084690570831299,37,1,35,0,11
1403715908.134699344635010,37,2,32,1,11
1403715908.184708595275879,39,3,30,7,11
1403715908.234715223312378,38,0,34,1,11
1403715908.284727573394775,42,2,29,10,11
1403715908.334729194641113,40,0,38,0,11
1403715908.384726047515869,35,2,35,0,11
1403715908.434728384017944,36,0,32,3,11
1403715908.484725713729858,32,0,31,0,11
1403715908.534718513488770,37,1,29,6,11
1403715908.584706306457520,36,0,33,0,11
1403715908.634693384170532,36,4,31,5,11
1403715908.684676647186279,33,1,32,0,11
1403715908.734656810760498,40,2,29,10,11
1403715908.784658193588257,33,0,32,1,11
1403715908.834669589996338,33,0,31,2,11
1403715908.884683609008789,38,0,31,6,11
1403715908.934691429138184,37,0,36,0,11
1403715908.984694480895996,35,0,34,0,11
1403715909.034693002700806,49,3,33,15,11
1403715909.084692001342773,44,0,44,0,11
1403715909.134692668914795,42,0,40,1,11
1403715909.184696912765503,42,5,35,7,11
1403715909.234700441360474,48,9,39,8,11
1403715909.284721374511719,47,0,46,0,11
1403715909.334729909896851,48,0,45,1,11
1403715909.384732961654663,47,9,44,2,11
1403715909.434762716293335,45,0,41,1,11
1403715909.484772443771362,37,3,35,0,11
1403715909.534779310226440,37,0,32,2,11
1403715909.584779500961304,35,2,32,0,11
1403715909.634767770767212,44,9,28,12,11
1403715909.684764862060547,41,0,39,0,11
1403715909.734750986099243,36,3,34,1,11
1403715909.784747362136841,40,4,31,5,11
1403715909.834742784500122,44,4,28,8,11
1403715909.884742021560669,38,2,34,0,11
1403715909.934743404388428,31,5,29,0,11
1403715909.984743833541870,39,3,24,10,11
1403715910.034740924835205,32,2,27,0,11
1403715910.084737062454224,22,1,20,1,11
1403715910.134734869003296,15,3,15,0,11
1403715910.184734344482422,13,3,12,0,11
1403715910.234731912612915,15,3,10,4,11
1403715910.284737825393677,10,10,8,0,11
1403715910.334733009338379,1,9,1,0,11
1403715910.384732961654663,0,0,0,0,11
1403715910.434719324111938,3,4,0,3,11
1403715910.484716653823853,2,1,2,0,11
1403715910.534714698791504,7,2,2,5,11
1403715910.584708690643311,11,5,7,4,11
1403715910.634716033935547,14,5,11,3,11
1403715910.684709787368774,19,3,12,6,11
1403715910.734708547592163,24,5,16,6,11
1403715910.784709930419922,32,1,21,9,11
1403715910.834705352783203,35,1,30,5,11
1403715910.884696722030640,43,2,34,9,11
1403715910.934708118438721,43,7,38,5,11
1403715910.984704732894897,38,8,37,0,11
1403715911.034699440002441,41,1,37,3,11
1403715911.084695100784302,37,3,36,1,11
1403715911.134696483612061,35,0,33,1,11
1403715911.184697389602661,34,4,32,0,11
1403715911.234697341918945,32,2,30,0,11
1403715911.284696578979492,32,2,28,2,11
1403715911.334682464599609,33,5,29,2,11
1403715911.384678602218628,35,1,27,4,11
1403715911.434670925140381,17,2,15,0,11
1403715911.484659671783447,28,6,13,12,11
1403715911.534654140472412,28,3,25,1,11
1403715911.584647893905640,27,1,24,1,11
1403715911.634645938873291,23,2,19,1,11
1403715911.684649229049683,23,3,16,5,11
1403715911.734649896621704,22,0,20,1,11
1403715911.784659624099731,24,6,20,4,11
1403715911.834668159484863,24,1,24,0,11
1403715911.884665489196777,37,0,24,13,11
1403715911.934669733047485,37,1,34,0,11
1403715911.984689950942993,42,3,34,6,11
1403715912.034685611724854,41,2,39,2,11
1403715912.084695816040039,44,8,37,4,11
1403715912.134687423706055,43,1,42,0,11
1403715912.184687376022339,43,3,39,2,11
1403715912.234668731689453,44,4,36,5,11
1403715912.284654378890991,44,2,40,1,11
1403715912.334645271301270,46,3,37,4,11
1403715912.384651899337769,44,6,41,0,11
1403715912.434637546539307,44,5,39,3,11
1403715912.484620809555054,42,0,40,1,11
1403715912.534608125686646,45,4,37,5,11
1403715912.584603548049927,43,3,38,0,11
1403715912.634600639343262,40,2,36,0,11
1403715912.684594631195068,41,1,34,4,11
1403715912.734590530395508,36,2,31,0,11
1403715912.784587144851685,34,2,28,0,11
1403715912.834593534469604,35,4,23,5,11
1403715912.884599685668945,27,2,18,1,11
1403715912.934599876403809,20,1,13,0,11
1403715912.984601974487305,14,3,9,1,11
1403715913.034646749496460,22,1,3,15,11
1403715913.084654331207275,19,2,13,0,11
1403715913.134656429290771,15,4,10,0,11
1403715913.184650182723999,15,2,10,5,11
1403715913.234640121459961,14,2,14,0,11
1403715913.284640312194824,19,6,14,5,11
1403715913.334642171859741,24,5,18,5,11
1403715913.384637832641602,27,2,22,3,11
1403715913.434636116027832,27,7,23,2,11
1403715913.484632492065430,26,5,23,1,11
1403715913.534630298614502,29,2,23,4,11
1403715913.584636688232422,32,0,26,4,11
1403715913.634615659713745,32,1,28,1,11
1403715913.684597969055176,39,0,28,8,11
1403715913.734583616256714,38,1,31,2,11
1403715913.784552812576294,46,2,27,10,11
1403715913.834522008895874,48,2,35,6,11
1403715913.884514570236206,47,2,39,6,11
1403715913.934524297714233,44,2,43,0,11
1403715913.984511375427246,47,4,42,4,11
1403715914.034526586532593,48,5,44,2,11
1403715914.084537506103516,47,2,42,2,11
1403715914.134546279907227,48,2,44,2,11
1403715914.184545516967773,46,4,43,2,11
1403715914.234549999237061,45,2,41,1,11
1403715914.284576892852783,47,8,39,4,11
1403715914.334582090377808,48,2,40,3,11
1403715914.384588956832886,46,0,36,3,11
1403715914.434594869613647,47,8,38,5,11
1403715914.484589815139771,47,2,41,4,11
1403715914.534568309783936,45,2,39,0,11
1403715914.584550142288208,47,5,37,4,11
1403715914.634545803070068,46,0,39,3,11
1403715914.684535026550293,48,9,37,4,11
1403715914.734526395797729,44,2,34,0,11
1403715914.784506082534790,41,2,27,2,11
1403715914.834502935409546,36,3,9,0,11
1403715914.884498596191406,31,1,7,4,11
1403715914.934496402740479,18,3,4,8,11
1403715914.984495639801025,17,0,10,0,11
1403715915.034494400024414,14,2,10,2,11
1403715915.084486484527588,13,2,12,1,11
1403715915.134485960006714,13,2,12,0,11
1403715915.184478044509888,13,0,12,0,11
1403715915.234462499618530,13,1,11,1,11
1403715915.284399986267090,21,1,12,8,11
1403715915.334393501281738,21,2,20,1,11
1403715915.384373903274536,24,6,19,3,11
1403715915.434364557266235,25,4,22,1,11
1403715915.484323501586914,35,2,22,12,11
1403715915.534268379211426,43,0,33,9,11
1403715915.584182024002075,49,4,41,7,11
1403715915.634145498275757,49,9,47,1,11
1403715915.684109449386597,48,6,47,1,11
1403715915.734082221984863,46,5,44,0,11
1403715915.784039497375488,47,3,41,3,11
1403715915.834039211273193,47,2,43,1,11
1403715915.884025096893311,47,10,45,2,11
1403715915.934031486511230,45,0,43,0,11
1403715915.984042644500732,45,4,42,1,11
1403715916.034049987792969,44,3,42,0,11
1403715916.084059000015259,48,1,42,5,11
1403715916.134076118469238,49,3,45,2,11
1403715916.184080839157104,49,4,47,0,11
1403715916.234094619750977,46,7,44,2,11
1403715916.284090995788574,47,7,44,3,11
1403715916.334091186523438,47,4,45,0,11
1403715916.384089708328247,46,2,43,1,11
1403715916.434102296829224,45,2,39,2,11
1403715916.484105825424194,44,1,38,2,11
1403715916.534110069274902,43,3,37,4,11
1403715916.584112405776978,42,5,37,1,11
1403715916.634114980697632,42,2,37,1,11
1403715916.684111595153809,41,0,34,3,11
1403715916.734119892120361,40,4,31,0,11
1403715916.784126758575439,38,0,28,3,11
1403715916.834129095077515,43,2,31,12,11
1403715916.884128332138062,42,3,38,1,11
1403715916.934131383895874,43,0,35,4,11
1403715916.984131336212158,40,1,37,1,11
1403715917.034136295318604,41,4,34,5,11
1403715917.084138393402100,41,3,39,2,11
1403715917.134148836135864,37,5,24,5,11
1403715917.184147119522095,29,3,26,0,11
1403715917.234147310256958,26,0,22,1,11
1403715917.284156560897827,27,0,22,2,11
1403715917.334162950515747,27,2,24,3,11
1403715917.384169101715088,26,2,26,0,11
1403715917.434171199798584,27,1,24,2,11
1403715917.484167575836182,30,1,26,3,11
1403715917.534172773361206,29,0,29,0,11
1403715917.584179878234863,33,0,28,4,11
1403715917.634174823760986,33,5,31,1,11
1403715917.684160947799683,33,2,31,1,11
1403715917.734146595001221,33,3,30,0,11
1403715917.784125089645386,37,2,27,7,11
1403715917.834110498428345,39,2,32,5,11
1403715917.884097099304199,40,1,35,3,11
1403715917.934100389480591,43,0,36,5,11
1403715917.984114646911621,45,3,41,3,11
1403715918.034123659133911,46,3,42,2,11
1403715918.084135293960571,46,1,42,1,11
1403715918.134137630462646,44,3,41,3,11
1403715918.184129953384399,48,3,41,4,11
1403715918.234127998352051,48,0,44,0,11
1403715918.284135103225708,47,3,43,3,11
1403715918.334125518798828,47,3,44,2,11
1403715918.384116172790527,44,4,40,0,11
1403715918.434112071990967,46,4,37,4,11
1403715918.484111070632935,48,1,39,4,11
1403715918.534110784530640,46,4,38,4,11
1403715918.584113359451294,43,0,40,0,11
1403715918.634109973907471,40,1,38,0,11
1403715918.684109210968018,39,4,37,1,11
1403715918.734106540679932,40,0,36,3,11
1403715918.784099578857422,37,2,31,3,11
1403715918.834094047546387,38,3,31,2,11
1403715918.884090662002563,39,0,29,5,11
1403715918.934086561203003,42,4,33,6,11
1403715918.984086036682129,41,2,37,2,11
1403715919.034085512161255,41,5,38,2,11
1403715919.084089994430542,47,5,36,8,11
1403715919.134097099304199,47,9,43,2,11
1403715919.184104204177856,46,1,42,2,11
1403715919.234102964401245,47,0,42,3,11
1403715919.284100770950317,50,8,44,4,11
1403715919.334112882614136,48,22,47,0,11
1403715919.384114265441895,47,1,46,1,11
1403715919.434108972549438,47,0,47,0,11
1403715919.484094381332397,47,0,46,0,11
1403715919.534061670303345,49,8,46,2,11
1403715919.584036588668823,49,1,48,1,11
1403715919.634006261825562,49,0,49,0,11
1403715919.683972835540771,50,1,46,1,11
1403715919.733934164047241,50,7,49,0,11
1403715919.783917903900146,50,1,49,1,11
1403715919.833910703659058,50,0,49,0,11
1403715919.883912086486816,50,9,49,0,11
1403715919.933910608291626,49,25,49,0,11
1403715919.983917713165283,50,20,49,1,11
1403715920.033917188644409,50,0,50,0,11
1403715920.083917379379272,50,0,48,0,11
1403715920.133910417556763,50,11,47,0,11
1403715920.183910608291626,49,0,47,2,11
1403715920.233910560607910,49,1,49,0,11
1403715920.283913612365723,50,0,49,1,11
1403715920.333909749984741,50,8,48,0,11
1403715920.383913278579712,50,0,47,0,11
1403715920.433914184570312,48,2,44,0,11
1403715920.483909606933594,50,7,44,5,11
1403715920.533899068832397,49,27,48,1,11
1403715920.583892583847046,48,11,47,0,11
1403715920.633890151977539,48,1,46,0,11
1403715920.683890342712402,45,2,42,0,11
1403715920.733887434005737,45,4,41,1,11
1403715920.783886671066284,41,5,39,2,11
1403715920.833885431289673,40,1,39,0,11
1403715920.883880138397217,40,2,38,0,11
1403715920.933875083923340,44,4,36,6,11
1403715920.983869075775146,44,2,41,1,11
1403715921.033870697021484,48,7,38,5,11
1403715921.083868503570557,45,1,43,0,11
1403715921.133876562118530,47,8,42,5,11
1403715921.183879852294922,46,2,45,0,11
1403715921.233880996704102,47,4,43,3,11
1403715921.283880949020386,48,1,44,2,11
1403715921.333877801895142,47,2,46,0,11
1403715921.383882522583008,49,16,46,3,11
1403715921.433881521224976,48,2,48,0,11
1403715921.483887910842896,47,2,47,0,11
1403715921.533890724182129,46,8,45,1,11
1403715921.583894014358521,47,0,46,1,11
1403715921.633894681930542,48,9,45,3,11
1403715921.683890104293823,48,4,46,0,11
1403715921.733890771865845,44,2,37,1,11
1403715921.783895015716553,44,5,34,5,11
1403715921.833897352218628,47,1,35,5,11
1403715921.883898496627808,46,2,33,5,11
1403715921.933899402618408,41,2,31,1,11
1403715921.983900547027588,39,0,32,2,11
1403715922.033903121948242,35,0,31,1,11
1403715922.083900213241577,34,7,26,4,11
1403715922.133900403976440,29,2,22,0,11
1403715922.183897972106934,24,8,18,0,11
1403715922.233893871307373,22,3,18,4,11
1403715922.283891677856445,25,2,17,5,11
1403715922.333893775939941,29,3,19,5,11
1403715922.383894920349121,25,8,18,4,11
1403715922.433894395828247,28,5,21,6,11
1403715922.483898401260376,29,5,23,2,11
1403715922.533900022506714,29,4,21,2,11
1403715922.583901405334473,22,6,19,0,11
1403715922.633901834487915,19,3,18,1,11
1403715922.683903932571411,22,1,19,3,11
1403715922.733903646469116,21,1,19,1,11
1403715922.783902168273926,23,2,18,2,11
1403715922.833901882171631,19,4,18,0,11
1403715922.883899211883545,22,1,17,4,11
1403715922.933895349502563,20,2,18,2,11
1403715922.983899831771851,19,3,18,0,11
1403715923.033900976181030,20,0,17,1,11
1403715923.083902359008789,23,0,16,4,11
1403715923.133906602859497,25,1,20,3,11
1403715923.183910608291626,25,2,23,1,11
1403715923.233913421630859,32,3,22,9,11
1403715923.283918857574463,32,1,26,2,11
1403715923.333925485610962,33,0,26,1,11
1403715923.383927583694458,34,5,22,8,11
1403715923.433932542800903,37,2,26,6,11
1403715923.483935594558716,36,1,32,2,11
1403715923.533937692642212,34,0,32,0,11
1403715923.583937883377075,36,2,32,2,11
1403715923.633938789367676,34,3,32,1,11
1403715923.683946371078491,36,2,32,2,11
1403715923.733954429626465,44,3,32,9,11
1403715923.783956527709961,45,0,42,2,11
1403715923.833953857421875,45,0,44,1,11
1403715923.883953809738159,44,2,44,0,11
1403715923.933953762054443,43,1,39,2,11
1403715923.983955621719360,46,3,40,5,11
1403715924.033957242965698,47,2,45,2,11
1403715924.083955764770508,46,3,43,0,11
1403715924.133958339691162,47,4,41,1,11
1403715924.183960914611816,44,3,39,1,11
1403715924.233961820602417,44,3,36,1,11
1403715924.283961772918701,42,1,37,1,11
1403715924.333961725234985,41,7,38,3,11
1403715924.383961439132690,41,0,36,1,11
1403715924.433960676193237,40,1,35,0,11
1403715924.483958721160889,35,5,32,0,11
1403715924.533958435058594,31,1,25,1,11
1403715924.583958864212036,29,3,22,2,11
1403715924.633959770202637,26,6,19,2,11
1403715924.683958768844604,25,5,20,1,11
1403715924.733959436416626,19,3,15,0,11
1403715924.783956766128540,22,2,14,3,11
1403715924.833958148956299,20,2,11,3,11
1403715924.883958339691162,19,7,11,1,11
1403715924.933960199356079,16,4,8,4,11
1403715924.983956575393677,14,5,11,0,11
1403715925.033969640731812,16,6,7,7,11
1403715925.083968639373779,17,8,14,3,11
1403715925.133969306945801,9,1,8,0,11
1403715925.183969259262085,12,6,7,3,11
1403715925.233969688415527,11,2,10,0,11
1403715925.283977270126343,14,4,10,4,11
1403715925.333976268768311,15,4,13,2,11
1403715925.383981943130493,15,5,14,0,11
1403715925.433984041213989,18,13,14,3,11
1403715925.483986854553223,17,0,17,0,11
1403715925.533982515335083,20,8,17,3,11
1403715925.583971500396729,25,5,15,8,11
1403715925.633967161178589,34,3,21,9,11
1403715925.683957815170288,33,5,28,3,11
1403715925.733952045440674,33,5,29,1,11
1403715925.783944368362427,33,2,24,6,11
1403715925.833935260772705,33,4,23,2,11
1403715925.883933067321777,25,5,19,1,11
1403715925.933928728103638,26,5,18,5,11
1403715925.983925580978394,19,7,19,0,11
1403715926.033920049667358,24,10,19,5,11
1403715926.083915710449219,27,2,22,5,11
1403715926.133912086486816,29,8,23,3,11
1403715926.183913230895996,31,3,24,4,11
1403715926.233915090560913,24,5,22,0,11
1403715926.283916473388672,25,5,14,3,11
1403715926.333915948867798,23,4,15,2,11
1403715926.383916616439819,16,2,13,3,11
1403715926.433915615081787,17,1,14,1,11
1403715926.483916282653809,20,3,11,7,11
1403715926.533910512924194,23,5,14,6,11
1403715926.583903789520264,23,2,19,1,11
1403715926.633888006210327,26,3,19,5,11
1403715926.683882713317871,21,6,19,0,11
1403715926.733877658843994,24,0,19,3,11
1403715926.783869504928589,29,3,21,7,11
1403715926.833867311477661,30,3,28,2,11
1403715926.883868694305420,29,2,28,0,11
1403715926.933867454528809,37,6,26,9,11
1403715926.983867645263672,38,0,35,2,11
1403715927.033869743347168,38,1,36,1,11
1403715927.083873748779297,40,5,35,4,11
1403715927.133874416351318,45,0,38,6,11
1403715927.183881998062134,46,2,41,2,11
1403715927.233883380889893,42,1,38,4,11
1403715927.283887624740601,48,4,38,8,11
1403715927.333888769149780,46,8,43,2,11
1403715927.383892297744751,40,3,37,0,11
1403715927.433896303176880,49,6,37,9,11
1403715927.483899354934692,47,1,45,0,11
1403715927.533894538879395,44,3,44,0,11
1403715927.583891391754150,44,1,43,0,11
1403715927.633888721466064,42,0,39,0,11
1403715927.683881998062134,39,2,35,1,11
1403715927.733872652053833,44,0,33,9,11
1403715927.783872365951538,45,1,37,2,11
1403715927.833879232406616,43,0,36,1,11
1403715927.883877515792847,46,9,37,7,11
1403715927.933877468109131,46,2,42,2,11
1403715927.983877897262573,44,2,42,0,11
1403715928.033879280090332,46,1,41,5,11
1403715928.083876609802246,50,12,46,4,11
1403715928.133882284164429,48,3,45,0,11
1403715928.183884143829346,41,1,39,0,11
1403715928.233901977539062,40,3,37,1,11
1403715928.283913135528564,35,4,34,0,11
1403715928.333921670913696,29,4,25,0,11
1403715928.383929014205933,29,1,21,5,11
1403715928.433933973312378,27,2,22,0,11
1403715928.483934879302979,29,2,15,5,11
1403715928.533929824829102,19,5,15,0,11
1403715928.583919286727905,17,4,10,5,11
1403715928.633914709091187,17,4,13,0,11
1403715928.683908939361572,17,6,12,3,11
1403715928.733894824981689,24,6,11,9,11
1403715928.783887863159180,25,7,16,3,11
1403715928.833886384963989,20,5,17,0,11
1403715928.883879184722900,24,4,17,7,11
1403715928.933876276016235,20,7,19,0,11
1403715928.983873605728149,25,3,18,6,11
1403715929.033875942230225,29,3,22,6,11
1403715929.083876132965088,31,3,27,4,11
1403715929.133880138397217,34,2,29,4,11
1403715929.183880090713501,34,4,31,0,11
1403715929.233888149261475,38,3,30,6,11
1403715929.283890724182129,37,3,34,0,11
1403715929.333873271942139,47,17,31,12,11
1403715929.383877754211426,44,8,40,2,11
1403715929.433873653411865,43,7,39,1,11
1403715929.483861446380615,45,17,36,6,11
1403715929.533862829208374,42,10,38,2,11
1403715929.583866596221924,37,8,33,1,11
1403715929.633878469467163,38,3,34,3,11
1403715929.683886051177979,40,0,35,4,11
1403715929.733879804611206,42,3,38,3,11
1403715929.783875226974487,41,2,41,0,11
1403715929.833869218826294,41,3,40,1,11
1403715929.883868217468262,41,3,38,1,11
1403715929.933861494064331,44,2,36,3,11
1403715929.983862876892090,45,13,38,4,11
1403715930.033863544464111,44,3,39,2,11
1403715930.083862543106079,47,10,38,6,11
1403715930.133866071701050,46,3,41,1,11
1403715930.183872461318970,43,0,37,1,11
1403715930.233879089355469,46,5,37,6,11
1403715930.283893823623657,47,2,43,3,11
1403715930.333906412124634,46,0,45,0,11
1403715930.383916139602661,46,0,46,0,11
1403715930.433912515640259,49,1,45,3,11
1403715930.483914136886597,49,0,48,0,11
1403715930.533917427062988,49,5,48,1,11
1403715930.583910703659058,50,9,49,1,11
1403715930.633910655975342,49,4,49,0,11
1403715930.683918714523315,49,14,46,1,11
1403715930.733918666839600,50,0,45,1,11
1403715930.783918619155884,48,0,47,1,11
1403715930.833918094635010,49,0,48,1,11
1403715930.883914947509766,49,0,48,0,11
1403715930.933911085128784,49,0,47,0,11
1403715930.983914136886597,47,0,46,0,11
1403715931.033915996551514,47,4,45,1,11
1403715931.083921909332275,50,4,44,3,11
1403715931.133925437927246,50,5,45,1,11
1403715931.183928012847900,49,8,47,1,11
1403715931.233922481536865,50,2,47,2,11
1403715931.283913135528564,50,14,47,0,11
1403715931.333912134170532,49,5,44,1,11
1403715931.383911371231079,49,3,43,3,11
1403715931.433911561965942,48,7,39,2,11
1403715931.483911275863647,46,5,38,0,11
1403715931.533911466598511,45,11,35,8,11
1403715931.583912134170532,43,7,40,2,11
1403715931.633918523788452,43,4,39,0,11
1403715931.683922529220581,40,6,35,0,11
1403715931.733925819396973,39,5,32,3,11
1403715931.783924818038940,39,3,27,7,11
1403715931.833924293518066,33,3,28,0,11
1403715931.883925676345825,38,7,26,10,11
1403715931.933927536010742,34,6,26,1,11
1403715931.983927488327026,30,4,25,0,11
1403715932.033930063247681,29,3,24,4,11
1403715932.083930969238281,27,7,24,0,11
1403715932.133936405181885,29,7,20,5,11
1403715932.183939695358276,29,6,19,4,11
1403715932.233942270278931,24,2,19,0,11
1403715932.283944606781006,22,3,14,3,11
1403715932.333944797515869,21,5,12,4,11
1403715932.383944511413574,18,3,12,1,11
1403715932.433943271636963,15,2,12,0,11
1403715932.483942985534668,15,3,11,3,11
1403715932.533943176269531,15,1,14,0,11
1403715932.583942413330078,15,4,14,1,11
1403715932.633939981460571,16,4,15,1,11
1403715932.683938980102539,18,3,14,2,11
1403715932.733939170837402,19,3,14,3,11
1403715932.783934831619263,20,2,16,4,11
1403715932.833931446075439,22,1,20,2,11
1403715932.883925199508667,23,1,22,1,11
1403715932.933910131454468,30,6,21,7,11
1403715932.983895301818848,32,9,25,2,11
1403715933.033891439437866,32,2,21,2,11
1403715933.083890438079834,28,2,20,2,11
1403715933.133888721466064,29,1,19,5,11
1403715933.183892965316772,24,1,20,1,11
1403715933.233894586563110,20,1,18,0,11
1403715933.283896446228027,17,1,13,2,11
1403715933.333900690078735,16,2,14,0,11
1403715933.383901357650757,14,5,12,1,11
1403715933.433901071548462,12,6,10,0,11
1403715933.483900070190430,8,6,7,1,11
1403715933.533897161483765,9,8,8,1,11
1403715933.583890676498413,7,5,6,1,11
1403715933.633876562118530,9,1,2,6,11
1403715933.683853626251221,18,2,7,9,11
1403715933.733839273452759,17,5,16,0,11
1403715933.783815383911133,22,0,16,6,11
1403715933.833799362182617,22,0,20,0,11
1403715933.883776664733887,26,3,16,5,11
1403715933.933763742446899,30,16,15,8,11
1403715933.983755588531494,36,36,19,10,11
1403715934.033755064010620,31,11,19,4,11
1403715934.083754539489746,23,7,15,1,11
1403715934.133756637573242,14,10,8,1,11
1403715934.183756589889526,11,2,4,2,11
1403715934.233756065368652,7,3,3,0,11
1403715934.283754825592041,4,7,2,1,11
1403715934.333755731582642,3,1,3,0,11
1403715934.383756160736084,2,8,2,0,11
1403715934.433756828308105,1,4,1,0,11
1403715934.483758687973022,1,2,1,0,11
1403715934.533769607543945,0,7,0,0,11
1403715934.583773374557495,0,1,0,0,11
1403715934.633774757385254,0,2,0,0,11
1403715934.683774709701538,0,0,0,0,11
1403715934.733771085739136,1,1,0,1,11
1403715934.783773899078369,2,1,1,1,11
1403715934.833766460418701,9,2,2,7,11
1403715934.883754014968872,12,1,9,3,11
1403715934.933741331100464,17,6,11,5,11
1403715934.983735799789429,20,12,13,5,11
1403715935.033735275268555,27,5,10,9,11
1403715935.083732843399048,23,11,16,2,11
1403715935.133732318878174,8,3,6,2,11
1403715935.183731555938721,9,4,7,1,11
1403715935.233734130859375,10,2,7,1,11
1403715935.283737659454346,9,2,7,1,11
1403715935.333745241165161,10,3,7,2,11
1403715935.383746623992920,9,4,8,0,11
1403715935.433749437332153,9,7,8,0,11
1403715935.483749389648438,9,5,6,3,11
1403715935.533747911453247,9,3,6,3,11
1403715935.583747625350952,12,4,8,3,11
1403715935.633741140365601,16,3,11,4,11
1403715935.683736324310303,15,3,12,1,11
1403715935.733728408813477,22,4,12,9,11
1403715935.783727407455444,31,0,18,11,11
1403715935.833725452423096,35,3,25,8,11
1403715935.883727550506592,42,0,32,8,11
1403715935.933731317520142,45,11,40,5,11
1403715935.983740091323853,50,6,45,5,11
1403715936.033749818801880,50,2,49,0,11
1403715936.083770513534546,49,15,47,0,11
1403715936.133778810501099,48,8,45,0,11
1403715936.183778285980225,47,6,43,0,11
1403715936.233776569366455,46,24,35,3,11
1403715936.283773660659790,44,7,33,0,11
1403715936.333770275115967,35,0,25,3,11
1403715936.383772134780884,31,3,25,0,11
1403715936.433775663375854,29,1,19,1,11
1403715936.483777284622192,25,3,19,1,11
1403715936.533774137496948,24,2,20,4,11
1403715936.583776235580444,24,1,23,0,11
1403715936.633777141571045,24,7,24,0,11
1403715936.683778285980225,24,1,24,0,11
1403715936.733775854110718,34,1,24,10,11
1403715936.783777475357056,33,0,33,0,11
1403715936.833782672882080,41,0,33,8,11
1403715936.883785009384155,49,1,40,8,11
1403715936.933784961700439,50,2,48,1,11
1403715936.983783721923828,49,4,48,0,11
1403715937.033782482147217,49,1,46,0,11
1403715937.083782911300659,48,0,45,1,11
1403715937.133780241012573,49,4,46,2,11
1403715937.183779001235962,48,0,48,0,11
1403715937.233773231506348,50,3,46,2,11
1403715937.283770084381104,50,0,46,0,11
1403715937.333765268325806,48,4,45,0,11
1403715937.383764266967773,47,0,45,1,11
1403715937.433763742446899,45,1,43,0,11
1403715937.483760833740234,45,4,40,3,11
1403715937.533759355545044,49,4,43,6,11
1403715937.583757638931274,48,1,44,1,11
1403715937.633755922317505,46,11,40,2,11
1403715937.683753967285156,37,8,33,2,11
1403715937.733753442764282,45,0,31,10,11
1403715937.783752918243408,43,0,40,0,11
1403715937.833752155303955,41,3,38,3,11
1403715937.883751869201660,49,2,39,9,11
1403715937.933752298355103,50,2,46,1,11
1403715937.983750343322754,47,3,45,0,11
1403715938.033748626708984,46,11,43,3,11
1403715938.083747863769531,44,1,43,1,11
1403715938.133747339248657,40,2,39,0,11
1403715938.183743953704834,46,12,36,9,11
1403715938.233741998672485,47,1,45,2,11
1403715938.283740282058716,42,0,40,0,11
1403715938.333738565444946,40,3,38,0,11
1403715938.383734941482544,38,5,36,0,11
1403715938.433733463287354,44,13,35,9,11
1403715938.483734607696533,42,3,42,0,11
1403715938.533735752105713,38,7,37,0,11
1403715938.583736181259155,36,1,35,0,11
1403715938.633740901947021,39,1,35,4,11
1403715938.683744907379150,43,5,39,4,11
1403715938.733747243881226,41,0,41,0,11
1403715938.783746004104614,45,8,39,6,11
1403715938.833747625350952,44,3,44,0,11
1403715938.883748054504395,43,4,42,0,11
1403715938.933748722076416,43,2,42,0,11
1403715938.983751535415649,48,4,37,7,11
1403715939.033753871917725,49,8,44,2,11
1403715939.083755731582642,48,2,45,2,11
1403715939.133760690689087,48,12,45,1,11
1403715939.183768272399902,40,7,38,0,11
1403715939.233774662017822,38,6,37,0,11
1403715939.283780336380005,41,5,34,7,11
1403715939.333781003952026,38,2,38,0,11
1403715939.383780002593994,38,9,31,3,11
1403715939.433780193328857,35,7,20,0,11
1403715939.483780860900879,27,4,14,1,11
1403715939.533781766891479,23,3,14,6,11
1403715939.583782911300659,24,1,19,5,11
1403715939.633780956268311,21,5,18,1,11
1403715939.683782577514648,19,3,16,1,11
1403715939.733793020248413,20,2,15,4,11
1403715939.783794879913330,18,1,16,0,11
1403715939.833797216415405,17,2,15,1,11
1403715939.883804559707642,20,2,15,4,11
1403715939.933808803558350,27,0,18,7,11
1403715939.983809232711792,28,0,25,2,11
1403715940.033816099166870,37,2,27,10,11
1403715940.083821296691895,39,5,37,2,11
1403715940.133821725845337,44,3,37,5,11
1403715940.183820486068726,46,9,42,2,11
1403715940.233819246292114,49,6,44,5,11
1403715940.283819198608398,50,2,45,1,11
1403715940.333820819854736,50,5,39,0,11
1403715940.383822917938232,38,8,30,2,11
1403715940.433824777603149,35,2,25,5,11
1403715940.483828783035278,36,2,28,3,11
1403715940.533830404281616,30,3,24,1,11
1403715940.583833456039429,28,1,24,1,11
1403715940.633833885192871,25,3,23,1,11
1403715940.683833599090576,19,0,17,0,11
1403715940.733829736709595,26,0,13,11,11
1403715940.783827543258667,31,0,22,8,11
1403715940.833827257156372,33,0,27,4,11
1403715940.883827686309814,33,1,28,0,11
1403715940.933831691741943,37,2,24,8,11
1403715940.983832836151123,37,18,29,4,11
1403715941.033834695816040,42,16,30,7,11
1403715941.083837509155273,40,12,20,6,11
1403715941.133837461471558,24,3,7,2,11
1403715941.183837890625000,15,12,3,0,11
1403715941.233835697174072,3,6,1,1,11
1403715941.283836126327515,2,3,1,0,11
1403715941.333835601806641,1,8,1,0,11
1403715941.383836507797241,1,3,1,0,11
1403715941.433837652206421,1,5,1,0,11
1403715941.483837366104126,1,2,1,0,11
1403715941.533838272094727,1,3,1,0,11
1403715941.583832979202271,6,2,1,5,11
1403715941.633832693099976,5,3,5,0,11
1403715941.683825731277466,8,2,5,3,11
1403715941.733820199966431,13,3,8,5,11
1403715941.783815145492554,20,7,10,10,11
1403715941.833813905715942,17,1,15,1,11
1403715941.883810520172119,20,1,16,3,11
1403715941.933805704116821,29,1,19,10,11
1403715941.983805179595947,33,1,28,4,11
1403715942.033806324005127,36,1,32,3,11
1403715942.083808183670044,36,3,35,1,11
1403715942.133807659149170,38,4,33,2,11
1403715942.183808803558350,41,2,32,4,11
1403715942.233807802200317,36,4,29,4,11
1403715942.283808231353760,32,3,23,2,11
1403715942.333806753158569,28,3,21,2,11
1403715942.383804321289062,29,3,19,5,11
1403715942.433805227279663,18,4,14,2,11
1403715942.483805894851685,14,1,10,1,11
1403715942.533806324005127,12,1,10,0,11
1403715942.583806991577148,5,3,5,0,11
1403715942.633805274963379,7,1,4,3,11
1403715942.683809518814087,9,1,5,4,11
1403715942.733808517456055,7,5,4,3,11
1403715942.783806562423706,12,6,7,5,11
1403715942.833805799484253,14,9,12,2,11
1403715942.883810520172119,25,1,13,12,11
1403715942.933812141418457,24,1,24,0,11
1403715942.983814716339111,30,0,24,6,11
1403715943.033817052841187,39,2,30,9,11
1403715943.083819627761841,45,1,39,6,11
1403715943.133822202682495,49,11,44,5,11
1403715943.183819055557251,49,20,47,1,11
1403715943.233818292617798,50,28,44,1,11
1403715943.283817768096924,48,16,41,0,11
1403715943.333817005157471,47,1,35,4,11
1403715943.383816957473755,45,9,36,1,11
1403715943.433818817138672,38,4,29,5,11
1403715943.483822107315063,38,4,28,2,11
1403715943.533822536468506,31,1,23,0,11
1403715943.583824396133423,26,2,19,1,11
1403715943.633824348449707,22,1,19,0,11
1403715943.683824062347412,19,1,17,0,11
1403715943.733824014663696,18,0,17,1,11
1403715943.783824443817139,17,0,16,0,11
1403715943.833824157714844,20,1,16,3,11
1403715943.883822202682495,20,1,15,5,11
1403715943.933824777603149,20,1,19,1,11
1403715943.983836889266968,35,1,20,15,11
1403715944.033844470977783,37,0,35,2,11
1403715944.083852291107178,41,3,34,4,11
1403715944.133861780166626,45,0,36,5,11
1403715944.183865785598755,42,9,29,5,11
1403715944.233867645263672,37,3,27,1,11
1403715944.283867359161377,28,0,22,2,11
1403715944.333870410919189,27,1,23,2,11
1403715944.383869647979736,22,1,21,0,11
1403715944.433870315551758,22,2,18,2,11
1403715944.483870029449463,16,0,14,0,11
1403715944.533871650695801,12,1,10,1,11
1403715944.583873271942139,11,0,10,0,11
1403715944.633874893188477,11,3,9,0,11
1403715944.683897972106934,16,3,8,6,11
1403715944.733906030654907,16,1,12,1,11
1403715944.783915996551514,24,0,8,9,11
1403715944.833934545516968,34,4,16,13,11
1403715944.883946418762207,40,7,21,10,11
1403715944.933949947357178,47,15,33,8,11
1403715944.983949661254883,44,12,39,1,11
1403715945.033948659896851,42,9,36,3,11
1403715945.083949327468872,30,2,27,0,11
1403715945.133952379226685,25,1,21,1,11
1403715945.183952093124390,16,4,16,0,11
1403715945.233949422836304,15,9,8,6,11
1403715945.283948183059692,9,4,8,0,11
1403715945.333948612213135,10,8,8,1,11
1403715945.383948087692261,8,6,7,1,11
1403715945.433946371078491,8,2,8,0,11
1403715945.483943223953247,8,8,8,0,11
1403715945.533930540084839,14,1,7,7,11
1403715945.583918333053589,14,1,14,0,11
1403715945.633898258209229,21,0,14,7,11
1403715945.683882713317871,29,2,21,8,11
1403715945.733873367309570,36,4,29,7,11
1403715945.783869743347168,38,7,36,2,11
1403715945.833866596221924,42,0,36,4,11
1403715945.883864164352417,40,1,36,0,11
1403715945.933861732482910,37,0,32,3,11
1403715945.983861207962036,34,0,33,1,11
1403715946.033856153488159,27,0,24,0,11
1403715946.083851814270020,24,1,21,0,11
1403715946.133848667144775,21,2,21,0,11
1403715946.183845520019531,19,1,18,0,11
1403715946.233840703964233,21,1,19,2,11
1403715946.283836841583252,21,0,20,1,11
1403715946.333831310272217,25,1,19,5,11
1403715946.383823633193970,34,2,22,9,11
1403715946.433819293975830,34,4,30,1,11
1403715946.483820915222168,44,13,30,12,11
1403715946.533821344375610,43,9,39,0,11
1403715946.583819389343262,39,7,33,4,11
1403715946.633818149566650,31,10,28,1,11
1403715946.683820009231567,29,8,25,3,11
1403715946.733821153640747,25,12,21,1,11
1403715946.783823013305664,25,0,18,2,11
1403715946.833825826644897,25,3,19,3,11
1403715946.883829355239868,20,5,20,0,11
1403715946.933831214904785,17,1,16,0,11
1403715946.983832359313965,15,3,13,0,11
1403715947.033833742141724,12,3,12,0,11
1403715947.083842992782593,19,1,12,7,11
1403715947.133843421936035,14,3,7,0,11
1403715947.183845996856689,15,2,6,2,11
1403715947.233845472335815,13,3,7,5,11
1403715947.283843517303467,13,1,11,2,11
1403715947.333839893341064,13,1,12,0,11
1403715947.383832216262817,16,2,12,3,11
1403715947.433824777603149,18,1,12,4,11
1403715947.483818292617798,22,1,15,4,11
1403715947.533816099166870,23,8,18,4,11
1403715947.583815574645996,24,4,21,3,11
1403715947.633816242218018,17,7,16,0,11
1403715947.683816909790039,17,4,14,0,11
1403715947.733817100524902,17,3,14,1,11
1403715947.783817768096924,16,1,11,2,11
1403715947.833818197250366,17,5,12,2,11
1403715947.883819818496704,15,4,13,1,11
1403715947.933819055557251,11,3,8,2,11
1403715947.983819007873535,10,6,9,0,11
1403715948.033817291259766,16,2,9,7,11
1403715948.083817720413208,17,4,16,1,11
1403715948.133820056915283,19,0,16,3,11
1403715948.183820724487305,30,2,19,11,11
1403715948.233823537826538,36,2,29,7,11
1403715948.283827066421509,48,0,36,12,11
1403715948.333830833435059,49,7,48,1,11
1403715948.383831501007080,50,9,49,1,11
1403715948.433831691741943,50,19,50,0,11
1403715948.483831644058228,50,10,49,0,11
1403715948.533832550048828,50,14,47,0,11
1403715948.583833932876587,47,3,44,0,11
1403715948.633834838867188,46,10,38,1,11
1403715948.683836460113525,43,7,37,1,11
1403715948.733836650848389,38,1,30,2,11
1403715948.783836126327515,36,3,31,0,11
1403715948.833835840225220,29,5,27,0,11
1403715948.883836507797241,26,2,25,1,11
1403715948.933836698532104,24,0,24,0,11
1403715948.983834743499756,26,3,22,4,11
1403715949.033836126327515,23,1,22,0,11
1403715949.083839416503906,26,1,22,3,11
1403715949.133842945098877,25,1,24,1,11
1403715949.183845520019531,29,1,22,6,11
1403715949.233849048614502,28,4,24,2,11
1403715949.283852815628052,31,1,23,4,11
1403715949.333855390548706,30,1,16,4,11
1403715949.383857488632202,27,2,15,2,11
1403715949.433858633041382,29,4,16,8,11
1403715949.483858108520508,17,3,12,1,11
1403715949.533857822418213,15,1,8,0,11
1403715949.583857774734497,12,0,5,2,11
1403715949.633857011795044,10,4,7,2,11
1403715949.683856010437012,10,1,9,1,11
1403715949.733854770660400,10,0,10,0,11
1403715949.783848762512207,12,0,9,3,11
1403715949.833840370178223,13,4,11,1,11
1403715949.883819341659546,20,1,11,7,11
1403715949.933813095092773,23,1,14,6,11
1403715949.983811140060425,22,7,20,0,11
1403715950.033808946609497,27,15,18,7,11
1403715950.083803892135620,38,13,25,11,11
1403715950.133800268173218,47,9,33,12,11
1403715950.183798313140869,41,10,35,1,11
1403715950.233797550201416,31,1,30,1,11
1403715950.283797264099121,26,4,26,0,11
1403715950.333796739578247,27,4,22,4,11
1403715950.383794069290161,21,4,18,2,11
1403715950.433793067932129,19,0,16,0,11
1403715950.483792304992676,11,4,9,0,11
1403715950.533791303634644,10,6,7,1,11
1403715950.583790302276611,8,3,7,0,11
1403715950.633781671524048,13,8,6,6,11
1403715950.683778047561646,14,4,11,2,11
1403715950.733769893646240,19,5,12,5,11
1403715950.783768653869629,21,8,13,4,11
1403715950.833768844604492,22,1,13,6,11
1403715950.883768081665039,20,1,19,1,11
1403715950.933766365051270,18,1,18,0,11
1403715950.983763217926025,18,0,18,0,11
1403715951.033759117126465,16,4,14,0,11
1403715951.083756923675537,17,3,12,1,11
1403715951.133756160736084,16,0,8,1,11
1403715951.183754920959473,19,5,6,6,11
1403715951.233753681182861,17,3,11,3,11
1403715951.283753633499146,16,1,13,1,11
1403715951.333753108978271,15,6,13,0,11
1403715951.383752107620239,8,6,8,0,11
1403715951.433750391006470,7,3,7,0,11
1403715951.483749866485596,8,1,7,1,11
1403715951.533749341964722,8,1,7,0,11
1403715951.583746194839478,16,2,7,8,11
1403715951.633740663528442,19,0,12,5,11
1403715951.683737277984619,26,1,16,7,11
1403715951.733735084533691,31,3,20,9,11
1403715951.783735036849976,35,4,26,5,11
1403715951.833734989166260,48,12,30,15,11
1403715951.883738040924072,47,12,40,3,11
1403715951.933737993240356,48,26,40,2,11
1403715951.983739137649536,45,14,36,0,11
1403715952.033739805221558,43,3,35,2,11
1403715952.083739042282104,36,9,28,1,11
1403715952.133737325668335,29,5,21,0,11
1403715952.183735847473145,20,3,12,0,11
1403715952.233734369277954,10,5,7,2,11
1403715952.283735036849976,6,3,4,0,11
1403715952.333735227584839,2,0,1,0,11
1403715952.383735418319702,1,4,1,0,11
1403715952.433734893798828,1,9,1,0,11
1403715952.483735799789429,2,0,1,1,11
1403715952.533740282058716,4,3,1,3,11
1403715952.583740949630737,4,4,4,0,11
1403715952.633742094039917,3,3,3,0,11
1403715952.683741092681885,3,2,3,0,11
1403715952.733741998672485,8,1,1,6,11
1403715952.783742666244507,7,3,5,0,11
1403715952.833746194839478,8,2,5,2,11
1403715952.883747100830078,10,5,4,4,11
1403715952.933748483657837,10,3,6,0,11
1403715952.983751535415649,9,4,6,1,11
1403715953.033748865127563,8,13,6,1,11
1403715953.083749771118164,7,4,5,0,11
1403715953.133749723434448,7,1,5,1,11
1403715953.183752536773682,7,5,4,3,11
1403715953.233752012252808,9,3,7,2,11
1403715953.283752918243408,8,3,8,0,11
1403715953.333754062652588,9,2,8,1,11
1403715953.383754491806030,6,1,5,0,11
1403715953.433755159378052,9,1,5,3,11
1403715953.483757019042969,10,3,8,2,11
1403715953.533757925033569,10,0,10,0,11
1403715953.583760499954224,14,2,10,4,11
1403715953.633761882781982,16,2,14,2,11
1403715953.683762311935425,26,7,16,10,11
1403715953.733764171600342,33,2,24,8,11
1403715953.783764600753784,42,3,26,13,11
1403715953.833763122558594,47,1,37,7,11
1403715953.883762598037720,44,15,39,3,11
1403715953.933761358261108,45,9,39,3,11
1403715953.983760833740234,43,12,37,0,11
1403715954.033761501312256,47,7,34,8,11
1403715954.083761215209961,36,7,26,1,11
1403715954.133760452270508,31,7,22,0,11
1403715954.183759689331055,28,2,20,4,11
1403715954.233758687973022,26,4,21,0,11
1403715954.283757686614990,23,4,16,2,11
1403715954.333758115768433,19,3,11,2,11
1403715954.383758783340454,17,7,11,1,11
1403715954.433759212493896,14,2,10,1,11
1403715954.483759164810181,15,5,11,2,11
1403715954.533759117126465,12,15,11,1,11
1403715954.583756923675537,10,7,9,0,11
1403715954.633756399154663,11,0,6,1,11
1403715954.683756351470947,8,4,6,1,11
1403715954.733749866485596,12,1,7,5,11
1403715954.783749103546143,16,0,12,4,11
1403715954.833750486373901,21,0,16,5,11
1403715954.883748769760132,24,0,20,3,11
1403715954.933748483657837,30,5,22,6,11
1403715954.983747482299805,32,3,26,4,11
1403715955.033746242523193,33,8,25,5,11
1403715955.083745718002319,30,5,28,0,11
1403715955.133744239807129,27,5,23,2,11
1403715955.183743476867676,21,5,18,0,11
1403715955.233741760253906,21,4,18,1,11
1403715955.283738374710083,19,4,17,1,11
1403715955.333737134933472,18,1,11,1,11
1403715955.383735656738281,15,3,9,1,11
1403715955.433731079101562,13,5,7,3,11
1403715955.483728170394897,15,4,8,3,11
1403715955.533724069595337,15,3,11,2,11
1403715955.583717346191406,20,3,11,7,11
1403715955.633714437484741,20,3,12,1,11
1403715955.683710336685181,27,2,12,9,11
1403715955.733705520629883,24,3,21,3,11
1403715955.783701181411743,27,1,23,4,11
1403715955.833697319030762,37,21,26,10,11
1403715955.883695840835571,41,5,34,5,11
1403715955.933694839477539,42,8,31,4,11
1403715955.983695030212402,36,2,27,1,11
1403715956.033691406250000,28,5,19,3,11
1403715956.083688497543335,24,8,15,4,11
1403715956.133685827255249,21,3,15,2,11
1403715956.183684349060059,20,3,16,1,11
1403715956.233681917190552,21,1,17,3,11
1403715956.283681154251099,20,1,17,1,11
1403715956.333679914474487,20,4,17,1,11
1403715956.383678436279297,17,2,15,0,11
1403715956.433676719665527,16,5,13,1,11
1403715956.483673095703125,12,5,6,3,11
1403715956.533672571182251,12,1,9,2,11
1403715956.583670854568481,16,0,10,5,11
1403715956.633667945861816,21,0,14,5,11
1403715956.683667182922363,24,1,18,4,11
1403715956.733662843704224,28,0,22,5,11
1403715956.783661842346191,32,0,27,5,11
1403715956.833660125732422,36,0,32,4,11
1403715956.883658170700073,36,5,36,0,11
1403715956.933655500411987,43,2,34,9,11
1403715956.983654499053955,49,5,39,6,11
1403715957.033651351928711,48,10,41,1,11
1403715957.083648920059204,47,3,39,5,11
1403715957.133645534515381,47,3,43,3,11
1403715957.183642864227295,42,1,37,2,11
1403715957.233641624450684,35,5,30,2,11
1403715957.283640861511230,30,7,28,2,11
1403715957.333640098571777,31,2,30,1,11
1403715957.383639335632324,31,6,31,0,11
1403715957.433638811111450,38,1,30,7,11
1403715957.483637809753418,33,1,30,0,11
1403715957.533636331558228,27,4,26,0,11
1403715957.583632946014404,31,6,22,9,11
1403715957.633629560470581,27,3,24,0,11
1403715957.683626413345337,25,3,22,0,11
1403715957.733620166778564,23,2,20,2,11
1403715957.783612251281738,24,19,20,2,11
1403715957.833606481552124,28,3,17,5,11
1403715957.883603811264038,28,0,18,4,11
1403715957.933603048324585,24,4,13,1,11
1403715957.983599901199341,24,2,7,4,11
1403715958.033601045608521,17,2,8,1,11
1403715958.083601236343384,11,4,5,0,11
1403715958.133602380752563,9,3,3,1,11
1403715958.183604955673218,6,4,3,1,11
1403715958.233605146408081,4,2,3,0,11
1403715958.283605813980103,4,0,3,0,11
1403715958.333612680435181,4,7,2,2,11
1403715958.383619546890259,6,7,2,2,11
1403715958.433627843856812,6,11,1,3,11
1403715958.483628034591675,6,2,3,2,11
1403715958.533634185791016,13,0,5,8,11
1403715958.583638906478882,17,0,12,4,11
1403715958.633642435073853,19,0,17,2,11
1403715958.683644533157349,21,1,15,4,11
1403715958.733644962310791,21,3,17,1,11
1403715958.783645868301392,20,3,15,1,11
1403715958.833645820617676,23,6,16,4,11
1403715958.883645772933960,27,9,18,7,11
1403715958.933645963668823,26,1,24,0,11
1403715958.983648777008057,28,1,24,4,11
1403715959.033649444580078,32,6,28,4,11
1403715959.083650112152100,33,1,31,1,11
1403715959.133651256561279,35,4,30,3,11
1403715959.183653354644775,33,0,29,1,11
1403715959.233655214309692,33,3,29,0,11
1403715959.283657073974609,31,2,27,1,11
1403715959.333657979965210,27,6,21,0,11
1403715959.383657693862915,21,3,17,1,11
1403715959.433657884597778,21,1,17,3,11
1403715959.483659029006958,26,2,17,6,11
1403715959.533660888671875,25,1,16,0,11
1403715959.583664417266846,28,5,13,9,11
1403715959.633672237396240,28,0,18,8,11
1403715959.683679580688477,30,4,26,2,11
1403715959.733689069747925,30,5,21,1,11
1403715959.783691883087158,27,6,10,1,11
1403715959.833694458007812,23,5,10,3,11
1403715959.883699655532837,19,1,13,5,11
1403715959.933700323104858,20,5,15,2,11
1403715959.983698844909668,21,2,16,1,11
1403715960.033699274063110,20,0,17,2,11
1403715960.083698987960815,21,10,16,2,11
1403715960.133699417114258,19,2,14,0,11
1403715960.183698654174805,19,3,9,5,11
1403715960.233699798583984,17,24,11,2,11
1403715960.283699512481689,12,2,9,0,11
1403715960.333699941635132,11,1,10,0,11
1403715960.383699655532837,7,7,7,0,11
1403715960.433696985244751,11,0,6,5,11
1403715960.483695507049561,15,1,10,4,11
1403715960.533694982528687,16,1,15,1,11
1403715960.583694696426392,16,0,16,0,11
1403715960.633697032928467,16,2,16,0,11
1403715960.683698177337646,17,2,16,1,11
1403715960.733697414398193,18,3,16,1,11
1403715960.783695697784424,21,5,17,3,11
1403715960.833695888519287,20,3,19,1,11
1403715960.883696556091309,21,2,19,1,11
1403715960.933696508407593,18,3,18,0,11
1403715960.983695745468140,18,2,17,0,11
1403715961.033696174621582,19,2,18,1,11
1403715961.083696842193604,17,4,17,0,11
1403715961.133697032928467,17,2,15,2,11
1403715961.183697938919067,19,0,17,2,11
1403715961.233701229095459,20,3,17,2,11
1403715961.283704757690430,25,1,17,5,11
1403715961.333708524703979,29,1,21,5,11
1403715961.383713960647583,29,4,24,2,11
1403715961.433724164962769,32,18,24,5,11
1403715961.483726501464844,33,18,28,4,11
1403715961.533727407455444,36,10,30,4,11
1403715961.583727598190308,31,3,28,0,11
1403715961.633732080459595,32,2,26,4,11
1403715961.683733463287354,29,1,27,0,11
1403715961.733734846115112,29,5,21,2,11
1403715961.783736944198608,31,3,16,3,11
1403715961.833738327026367,20,3,14,1,11
1403715961.883740663528442,13,11,7,0,11
1403715961.933742761611938,11,2,7,0,11
1403715961.983743429183960,6,2,4,0,11
1403715962.033744096755981,4,3,3,0,11
1403715962.083745479583740,4,2,1,2,11
1403715962.133746385574341,4,1,1,1,11
1403715962.183746576309204,2,0,1,0,11
1403715962.233748674392700,3,0,1,1,11
1403715962.283749103546143,1,1,0,0,11
1403715962.333749294281006,1,4,0,0,11
1403715962.383749246597290,0,2,0,0,11
1403715962.433750629425049,0,2,0,0,11
1403715962.483756542205811,1,1,0,1,11
1403715962.533757448196411,1,1,1,0,11
1403715962.583758831024170,1,5,0,0,11
1403715962.633761644363403,0,8,0,0,11
1403715962.683764934539795,3,1,0,3,11
1403715962.733764648437500,3,1,2,0,11
1403715962.783764600753784,3,2,2,0,11
1403715962.833764314651489,2,2,2,0,11
1403715962.883764028549194,2,1,2,0,11
1403715962.933763265609741,3,7,1,1,11
1403715962.983763217926025,0,1,0,0,11
1403715963.033762693405151,2,9,0,2,11
1403715963.083761453628540,5,8,2,3,11
1403715963.133760690689087,7,1,3,4,11
1403715963.183759689331055,9,5,5,3,11
1403715963.233759403228760,13,10,7,5,11
1403715963.283759832382202,18,4,9,8,11
1403715963.333760976791382,21,11,12,7,11
1403715963.383760452270508,21,9,17,1,11
1403715963.433765411376953,22,11,17,3,11
1403715963.483769655227661,20,5,16,1,11
1403715963.533771991729736,21,11,16,2,11
1403715963.583773374557495,22,9,14,5,11
1403715963.633774757385254,25,5,16,6,11
1403715963.683776378631592,25,15,18,4,11
1403715963.733777284622192,29,3,22,5,11
1403715963.783777952194214,28,2,25,2,11
1403715963.833781957626343,30,3,23,4,11
1403715963.883786439895630,30,1,25,2,11
1403715963.933792591094971,33,1,26,5,11
1403715963.983794212341309,33,1,30,1,11
1403715964.033797264099121,35,1,28,3,11
1403715964.083798408508301,34,5,23,0,11
1403715964.133798599243164,44,5,20,13,11
1403715964.183797836303711,39,4,31,3,11
1403715964.233803033828735,46,2,32,11,11
1403715964.283816337585449,46,9,37,4,11
1403715964.333826303482056,49,1,34,4,11
1403715964.383830547332764,47,1,30,2,11
1403715964.433835506439209,42,4,30,2,11
1403715964.483837842941284,38,2,30,5,11
1403715964.533839464187622,39,0,34,3,11
1403715964.583838462829590,38,0,36,1,11
1403715964.633838415145874,37,0,37,0,11
1403715964.683838605880737,43,3,34,7,11
1403715964.733839035034180,47,6,36,5,11
1403715964.783839941024780,49,2,36,4,11
1403715964.833840608596802,48,3,34,5,11
1403715964.883841276168823,46,7,36,4,11
1403715964.933840990066528,41,5,36,3,11
1403715964.983841419219971,40,2,35,4,11
1403715965.033841848373413,43,2,37,6,11
1403715965.083842754364014,44,5,42,1,11
1403715965.133843421936035,38,1,38,0,11
1403715965.183846712112427,49,2,37,12,11
1403715965.233848333358765,48,2,48,0,11
1403715965.283850908279419,46,4,46,0,11
1403715965.333852052688599,47,3,44,1,11
1403715965.383850574493408,48,6,39,1,11
1403715965.433847904205322,49,8,42,3,11
1403715965.483847856521606,45,1,38,1,11
1403715965.533848047256470,41,0,38,1,11
1403715965.583845853805542,45,2,38,6,11
1403715965.633837699890137,45,1,42,0,11
1403715965.683831214904785,44,6,35,0,11
1403715965.733826160430908,44,13,29,2,11
1403715965.783821582794189,40,11,28,3,11
1403715965.833818912506104,34,11,27,2,11
1403715965.883816719055176,29,7,18,2,11
1403715965.933816432952881,27,2,16,1,11
1403715965.983816623687744,23,3,13,4,11
1403715966.033816814422607,23,1,19,3,11
1403715966.083818435668945,18,4,13,0,11
1403715966.133818626403809,16,3,10,1,11
1403715966.183819532394409,11,0,8,0,11
1403715966.233820438385010,9,2,7,0,11
1403715966.283822536468506,10,0,7,3,11
1403715966.333824634552002,14,0,10,4,11
1403715966.383830308914185,23,3,10,9,11
1403715966.433833360671997,26,0,17,3,11
1403715966.483835458755493,24,5,14,3,11
1403715966.533838033676147,28,7,16,6,11
1403715966.583838224411011,24,3,19,4,11
1403715966.633838176727295,24,0,16,2,11
1403715966.683835744857788,24,1,17,1,11
1403715966.733834028244019,22,0,17,3,11
1403715966.783830881118774,22,1,19,3,11
1403715966.833829164505005,23,1,20,1,11
1403715966.883826971054077,21,0,19,0,11
1403715966.933824062347412,24,3,18,5,11
1403715966.983819484710693,31,8,23,8,11
1403715967.033819198608398,31,11,31,0,11
1403715967.083816051483154,37,13,31,6,11
1403715967.133812665939331,44,9,33,7,11
1403715967.183812618255615,44,3,28,3,11
1403715967.233812570571899,36,2,15,0,11
1403715967.283812999725342,20,5,5,1,11
1403715967.333812952041626,11,3,3,1,11
1403715967.383813142776489,10,1,4,3,11
1403715967.433813810348511,8,2,6,1,11
1403715967.483814716339111,7,0,6,0,11
1403715967.533815860748291,7,0,6,1,11
1403715967.583828926086426,12,3,7,5,11
1403715967.633831024169922,13,1,11,1,11
1403715967.683830976486206,13,5,11,0,11
1403715967.733833074569702,13,5,9,2,11
1403715967.783835411071777,13,1,9,2,11
1403715967.833835840225220,13,4,9,1,11
1403715967.883836746215820,15,1,9,4,11
1403715967.933837652206421,16,0,11,3,11
1403715967.983838319778442,16,1,14,1,11
1403715968.033838987350464,17,1,13,2,11
1403715968.083839654922485,17,6,14,1,11
1403715968.133840322494507,14,1,13,1,11
1403715968.183841705322266,15,2,12,1,11
1403715968.233843803405762,20,3,14,5,11
1403715968.283848285675049,28,0,19,9,11
1403715968.333849191665649,30,1,28,2,11
1403715968.383850812911987,39,5,29,9,11
1403715968.433850049972534,47,7,37,8,11
1403715968.483849287033081,49,8,44,3,11
1403715968.533848285675049,48,10,46,2,11
1403715968.583847284317017,48,2,48,0,11
1403715968.633846282958984,48,6,45,1,11
1403715968.683844089508057,48,1,43,0,11
1403715968.733843564987183,47,1,42,2,11
1403715968.783843278884888,47,0,43,3,11
1403715968.833842754364014,47,0,45,1,11
1403715968.883840322494507,44,2,42,1,11
1403715968.933838844299316,43,0,42,0,11
1403715968.983834505081177,46,1,41,4,11
1403715969.033828496932983,48,9,37,2,11
1403715969.083827257156372,48,3,32,2,11
1403715969.133820295333862,43,17,27,5,11
1403715969.183820724487305,39,1,30,2,11
1403715969.233819723129272,33,2,28,2,11
1403715969.283820152282715,29,7,27,0,11
1403715969.333821296691895,25,4,22,1,11
1403715969.383822441101074,20,3,18,0,11
1403715969.433823347091675,18,4,13,2,11
1403715969.483822822570801,12,1,10,0,11
1403715969.533822059631348,8,2,8,0,11
1403715969.583822011947632,7,2,7,0,11
1403715969.633822202682495,7,6,7,0,11
1403715969.683820724487305,12,1,6,5,11
1403715969.733819007873535,20,2,11,8,11
1403715969.783818244934082,30,4,19,11,11
1403715969.833817243576050,38,8,29,8,11
1403715969.883815526962280,48,11,36,10,11
1403715969.933815479278564,47,16,40,2,11
1403715969.983815193176270,45,7,33,4,11
1403715970.033816099166870,41,3,31,3,11
1403715970.083815813064575,34,1,30,2,11
1403715970.133816719055176,34,6,27,2,11
1403715970.183816909790039,33,4,24,1,11
1403715970.233816862106323,23,2,19,0,11
1403715970.283817529678345,16,1,11,0,11
1403715970.333817720413208,14,0,9,0,11
1403715970.383822202682495,16,2,7,6,11
1403715970.433823108673096,14,0,6,1,11
1403715970.483831167221069,20,1,7,7,11
1403715970.533834218978882,17,1,7,3,11
1403715970.583851099014282,28,2,9,11,11
1403715970.633853435516357,25,1,19,4,11
1403715970.683856964111328,26,3,21,2,11
1403715970.733863353729248,37,1,19,12,11
1403715970.783863544464111,29,4,22,1,11
1403715970.833862304687500,28,3,18,6,11
1403715970.883862733840942,25,4,19,3,11
1403715970.933862686157227,23,5,16,0,11
1403715970.983862876892090,21,1,13,3,11
1403715971.033863067626953,13,6,10,1,11
1403715971.083862066268921,10,1,10,0,11
1403715971.133861541748047,11,2,10,1,11
1403715971.183861970901489,9,0,9,0,11
1403715971.233857154846191,19,4,9,10,11
1403715971.283855676651001,17,8,16,0,11
1403715971.333852291107178,30,7,16,13,11
1403715971.383852005004883,30,9,25,1,11
1403715971.433850765228271,43,9,25,13,11
1403715971.483849763870239,39,7,31,3,11
1403715971.533850431442261,31,2,25,0,11
1403715971.583850622177124,26,6,18,6,11
1403715971.633849859237671,25,8,22,1,11
1403715971.683848619461060,23,3,17,2,11
1403715971.733846902847290,19,8,14,2,11
1403715971.783846616744995,12,2,12,0,11
1403715971.833846330642700,5,5,4,0,11
1403715971.883843183517456,12,5,4,7,11
1403715971.933839082717896,18,5,6,7,11
1403715971.983837842941284,18,6,15,0,11
1403715972.033834218978882,24,3,15,9,11
1403715972.083833932876587,25,0,24,1,11
1403715972.133833169937134,24,1,22,0,11
1403715972.183829545974731,36,1,19,12,11
1403715972.233825206756592,47,4,29,13,11
1403715972.283824443817139,43,3,39,1,11
1403715972.333823442459106,40,2,39,0,11
1403715972.383822202682495,49,6,38,11,11
1403715972.433821916580200,49,0,47,0,11
1403715972.483824253082275,49,0,47,0,11
1403715972.533826828002930,50,9,47,3,11
1403715972.583832263946533,50,0,49,0,11
1403715972.633835315704346,50,5,45,0,11
1403715972.683835268020630,50,1,32,1,11
1403715972.733835220336914,48,3,24,3,11
1403715972.783835887908936,44,4,21,9,11
1403715972.833834886550903,48,4,28,12,11
1403715972.883832931518555,46,0,38,3,11
1403715972.933830261230469,46,0,41,3,11
1403715972.983828067779541,49,2,44,5,11
1403715973.033828496932983,49,0,49,0,11
1403715973.083828449249268,49,0,48,0,11
1403715973.133828639984131,49,5,48,0,11
1403715973.183828592300415,49,2,48,1,11
1403715973.233827829360962,49,12,48,1,11
1403715973.283827781677246,50,0,49,1,11
1403715973.333827495574951,50,2,50,0,11
1403715973.383826971054077,50,3,50,0,11
1403715973.433826208114624,50,9,50,0,11
1403715973.483826637268066,50,3,50,0,11
1403715973.533826828002930,50,0,50,0,11
1403715973.583827018737793,50,3,50,0,11
1403715973.633826255798340,49,1,49,0,11
1403715973.683824539184570,42,28,41,1,11
1403715973.733824491500854,45,0,41,4,11
1403715973.783824682235718,45,0,44,0,11
1403715973.833824872970581,49,6,43,6,11
1403715973.883825063705444,49,0,49,0,11
1403715973.933825254440308,46,0,46,0,11
1403715973.983826160430908,47,0,45,2,11
1403715974.033827304840088,50,6,47,3,11
1403715974.083828210830688,50,2,50,0,11
1403715974.133828163146973,50,0,50,0,11
1403715974.183827877044678,50,2,50,0,11
1403715974.233827590942383,50,0,49,0,11
1403715974.283828020095825,50,25,49,0,11
1403715974.333828210830688,49,0,49,0,11
1403715974.383829116821289,49,0,49,0,11
1403715974.433829069137573,50,3,49,1,11
1403715974.483829259872437,50,0,50,0,11
1403715974.533829689025879,50,1,50,0,11
1403715974.583829641342163,50,2,50,0,11
1403715974.633829832077026,49,7,49,0,11
1403715974.683830022811890,50,5,49,1,11
1403715974.733829975128174,50,0,50,0,11
1403715974.783830165863037,50,3,50,0,11
1403715974.833830356597900,50,2,50,0,11
1403715974.883829832077026,50,25,50,0,11
1403715974.933829545974731,50,26,50,0,11
1403715974.983829259872437,50,0,50,0,11
1403715975.033829450607300,50,3,50,0,11
1403715975.083829402923584,50,0,50,0,11
1403715975.133829355239868,50,0,50,0,11
1403715975.183829307556152,50,2,50,0,11
1403715975.233829259872437,50,7,50,0,11
1403715975.283829689025879,50,1,50,0,11
1403715975.333830356597900,49,0,49,0,11
1403715975.383830547332764,50,1,49,1,11
1403715975.433830976486206,50,2,50,0,11
1403715975.483831405639648,50,22,50,0,11
1403715975.533831834793091,50,18,50,0,11
1403715975.583831787109375,50,0,50,0,11
1403715975.633831739425659,50,3,49,0,11
1403715975.683831453323364,49,0,48,0,11
1403715975.733831405639648,48,0,47,0,11
1403715975.783831596374512,47,1,46,0,11
1403715975.833831548690796,49,4,46,3,11
1403715975.883831739425659,48,2,48,0,11
1403715975.933831453323364,48,0,48,0,11
1403715975.983831644058228,49,2,48,1,11
1403715976.033831834793091,49,0,49,0,11
1403715976.083832025527954,50,20,49,1,11
1403715976.133832454681396,50,11,50,0,11
1403715976.183832406997681,49,0,49,0,11
1403715976.233832597732544,50,3,48,1,11
1403715976.283832788467407,50,1,49,0,11
1403715976.333832502365112,47,1,45,0,11
1403715976.383832693099976,46,1,45,0,11
1403715976.433832645416260,49,32,45,4,11
1403715976.483832120895386,49,0,49,0,11
1403715976.533832550048828,49,0,49,0,11
1403715976.583832979202271,49,1,49,0,11
1403715976.633832931518555,49,1,49,0,11
1403715976.683832883834839,50,17,49,1,11
1403715976.733833074569702,50,4,50,0,11
1403715976.783833503723145,50,3,50,0,11
1403715976.833833456039429,50,2,50,0,11
1403715976.883833646774292,50,1,50,0,11
1403715976.933833599090576,49,2,49,0,11
1403715976.983833551406860,49,0,49,0,11
1403715977.033833980560303,50,19,49,1,11
1403715977.083833932876587,50,0,50,0,11
1403715977.133833885192871,50,0,50,0,11
1403715977.183834314346313,50,0,50,0,11
1403715977.233834266662598,50,0,50,0,11
1403715977.283834695816040,50,16,49,0,11
1403715977.333834886550903,50,4,49,0,11
1403715977.383834838867188,49,0,49,0,11
1403715977.433835029602051,50,4,49,1,11
1403715977.483834981918335,48,2,47,0,11
1403715977.533835411071777,47,5,44,0,11
1403715977.583835124969482,46,3,41,1,11
1403715977.633835315704346,49,6,42,5,11
1403715977.683835268020630,49,0,43,0,11
1403715977.733835220336914,48,3,41,2,11
1403715977.783835172653198,41,4,37,2,11
1403715977.833835124969482,41,0,37,0,11
1403715977.883835554122925,48,1,35,8,11
1403715977.933835506439209,49,15,38,5,11
1403715977.983835220336914,45,1,36,1,11
1403715978.033835411071777,43,0,32,2,11
1403715978.083835363388062,35,1,30,0,11
1403715978.133835315704346,33,0,26,3,11
1403715978.183835029602051,32,3,28,0,11
1403715978.233834743499756,28,1,24,1,11
1403715978.283834695816040,25,3,22,0,11
1403715978.333834171295166,35,2,19,12,11
1403715978.383833885192871,29,2,24,1,11
1403715978.433833837509155,27,2,21,1,11
1403715978.483833789825439,28,1,16,6,11
1403715978.533834457397461,30,2,17,10,11
1403715978.583834171295166,30,4,20,7,11
1403715978.633833885192871,24,0,20,0,11
1403715978.683833599090576,19,0,17,0,11
1403715978.733831644058228,25,6,15,7,11
1403715978.783831596374512,20,4,18,0,11
1403715978.833831548690796,13,4,12,0,11
1403715978.883831262588501,8,2,6,1,11
1403715978.933831214904785,7,3,7,0,11
1403715978.983829975128174,15,5,6,9,11
1403715979.033830165863037,15,1,15,0,11
1403715979.083830833435059,17,2,15,2,11
1403715979.133831739425659,17,7,15,2,11
1403715979.183832883834839,17,3,16,1,11
1403715979.233834266662598,22,4,16,6,11
1403715979.283834457397461,27,3,20,6,11
1403715979.333834648132324,28,10,21,4,11
1403715979.383835315704346,25,2,20,2,11
1403715979.433836460113525,21,4,20,0,11
1403715979.483837127685547,21,0,19,1,11
1403715979.533838272094727,21,0,19,2,11
1403715979.583839178085327,22,2,18,2,11
1403715979.633839368820190,22,4,12,3,11
1403715979.683839321136475,20,2,13,1,11
1403715979.733839511871338,15,6,11,2,11
1403715979.783839941024780,14,5,10,4,11
1403715979.833839893341064,11,5,6,0,11
1403715979.883840560913086,16,7,4,6,11
1403715979.933839797973633,17,3,10,7,11
1403715979.983839511871338,16,8,14,0,11
1403715980.033839941024780,22,6,13,7,11
1403715980.083839416503906,16,3,15,1,11
1403715980.133839130401611,15,9,14,0,11
1403715980.183839321136475,16,7,10,2,11
1403715980.233839511871338,15,8,12,0,11
1403715980.283839941024780,13,3,11,2,11
1403715980.333839893341064,14,4,8,1,11
1403715980.383839607238770,13,3,11,1,11
1403715980.433840036392212,11,5,10,1,11
1403715980.483839750289917,11,3,8,1,11
1403715980.533840179443359,14,0,8,4,11
1403715980.583840131759644,13,2,7,0,11
1403715980.633839845657349,18,2,6,8,11
1403715980.683840036392212,12,3,8,0,11
1403715980.733839988708496,11,2,5,2,11
1403715980.783840179443359,15,1,7,7,11
1403715980.833840370178223,17,1,11,5,11
1403715980.883840560913086,24,4,15,7,11
1403715980.933840513229370,26,5,21,3,11
1403715980.983840703964233,23,1,19,1,11
1403715981.033840894699097,18,10,9,6,11
1403715981.083840847015381,18,0,10,3,11
1403715981.133841037750244,17,9,8,0,11
1403715981.183840990066528,17,7,4,7,11
1403715981.233840703964233,17,5,6,5,11
1403715981.283840894699097,17,1,10,3,11
1403715981.333841085433960,16,4,11,3,11
1403715981.383841276168823,16,1,13,0,11
1403715981.433841705322266,17,1,10,5,11
1403715981.483841657638550,20,7,11,6,11
1403715981.533841371536255,19,2,14,0,11
1403715981.583841323852539,18,5,13,2,11
1403715981.633841276168823,16,2,13,2,11
1403715981.683840990066528,23,0,14,7,11
1403715981.733842134475708,19,1,19,0,11
1403715981.783843040466309,19,2,19,0,11
1403715981.833843231201172,23,2,18,4,11
1403715981.883843421936035,25,0,20,2,11
1403715981.933842658996582,22,2,17,2,11
1403715981.983842611312866,20,3,14,3,11
1403715982.033843278884888,19,1,16,2,11
1403715982.083843231201172,19,2,18,1,11
1403715982.133843660354614,20,3,17,3,11
1403715982.183843612670898,19,0,17,0,11
1403715982.233843803405762,11,2,11,0,11
1403715982.283843994140625,19,2,10,8,11
1403715982.333843946456909,24,1,15,6,11
1403715982.383843898773193,26,0,20,4,11
1403715982.433844089508057,28,1,23,4,11
1403715982.483844041824341,29,1,23,6,11
1403715982.533844232559204,38,2,24,12,11
1403715982.583844900131226,43,3,31,9,11
1403715982.633844852447510,39,0,36,0,11
1403715982.683844804763794,40,2,33,5,11
1403715982.733844518661499,38,1,32,5,11
1403715982.783844470977783,39,1,35,3,11
1403715982.833844423294067,35,0,34,1,11
1403715982.883844137191772,36,7,29,5,11
1403715982.933844327926636,32,3,29,0,11
1403715982.983844757080078,30,3,25,2,11
1403715983.033845186233521,17,4,16,0,11
1403715983.083845376968384,20,1,13,4,11
1403715983.133845329284668,21,2,14,6,11
1403715983.183845281600952,18,2,17,0,11
1403715983.233845472335815,16,4,14,1,11
1403715983.283845663070679,12,5,10,2,11
1403715983.333845615386963,17,5,10,6,11
1403715983.383845567703247,22,2,12,8,11
1403715983.433845758438110,24,3,17,5,11
1403715983.483845710754395,23,5,17,0,11
1403715983.533846378326416,31,3,13,11,11
1403715983.583846569061279,17,9,9,0,11
1403715983.633846759796143,19,4,7,4,11
1403715983.683846712112427,21,2,7,9,11
1403715983.733847141265869,23,0,11,7,11
1403715983.783846855163574,20,7,14,1,11
1403715983.833846807479858,19,6,14,1,11
1403715983.883846521377563,20,2,11,6,11
1403715983.933845758438110,20,4,17,0,11
1403715983.983845233917236,17,6,13,2,11
1403715984.033844470977783,20,7,12,4,11
1403715984.083843469619751,14,7,12,0,11
1403715984.133842468261719,14,8,8,5,11
1403715984.183842658996582,15,5,11,2,11
1403715984.233842611312866,11,4,8,1,11
1403715984.283843040466309,8,2,6,1,11
1403715984.333843231201172,6,7,6,0,11
1403715984.383843421936035,6,9,6,0,11
1403715984.433843612670898,6,1,6,0,11
1403715984.483843564987183,5,1,5,0,11
1403715984.533843040466309,7,11,5,2,11
1403715984.583842992782593,5,2,4,0,11
1403715984.633842945098877,4,3,3,0,11
1403715984.683842897415161,5,16,3,2,11
1403715984.733843088150024,6,3,3,1,11
1403715984.783843278884888,3,4,2,0,11
1403715984.833843469619751,2,7,1,0,11
1403715984.883843660354614,1,2,0,0,11
1403715984.933843612670898,0,5,0,0,11
1403715984.983843803405762,2,5,0,2,11
1403715985.033845186233521,6,5,1,4,11
1403715985.083844900131226,5,8,4,1,11
1403715985.133844852447510,4,7,4,0,11
1403715985.183844566345215,9,1,2,5,11
1403715985.233844041824341,9,0,8,0,11
1403715985.283843755722046,11,0,6,4,11
1403715985.333843469619751,21,1,9,10,11
1403715985.383843183517456,22,1,16,3,11
1403715985.433842897415161,23,3,18,2,11
1403715985.483842611312866,27,1,19,7,11
1403715985.533842802047729,26,2,24,2,11
1403715985.583842515945435,27,10,24,2,11
1403715985.633842706680298,27,6,25,1,11
1403715985.683842658996582,25,7,23,0,11
1403715985.733842849731445,26,2,23,2,11
1403715985.783842802047729,24,4,22,0,11
1403715985.833841323852539,28,0,22,4,11
1403715985.883838891983032,31,2,24,5,11
1403715985.933836460113525,31,4,28,0,11
1403715985.983834981918335,29,1,28,0,11
1403715986.033833503723145,35,0,27,7,11
1403715986.083831548690796,40,1,34,5,11
1403715986.133830785751343,43,1,38,5,11
1403715986.183829545974731,44,5,42,2,11
1403715986.233829975128174,47,0,41,4,11
1403715986.283830642700195,50,10,46,3,11
1403715986.333831310272217,47,20,46,0,11
1403715986.383831739425659,48,17,46,1,11
1403715986.433831930160522,46,1,46,0,11
1403715986.483831644058228,48,1,46,2,11
1403715986.533831357955933,48,0,46,0,11
1403715986.583829879760742,48,8,42,1,11
1403715986.633828878402710,47,5,40,3,11
1403715986.683828592300415,47,4,43,2,11
1403715986.733828306198120,47,2,43,4,11
1403715986.783828258514404,49,3,46,2,11
1403715986.833828926086426,48,4,47,0,11
1403715986.883828878402710,48,4,46,2,11
1403715986.933829307556152,50,7,48,2,11
1403715986.983830451965332,49,12,49,0,11
1403715987.033830881118774,49,3,46,1,11
1403715987.083831071853638,48,4,47,0,11
1403715987.133831501007080,47,3,45,0,11
1403715987.183831453323364,48,7,45,2,11
1403715987.233831644058228,50,18,45,3,11
1403715987.283831596374512,48,13,45,0,11
1403715987.333830595016479,48,0,45,1,11
1403715987.383829832077026,46,0,46,0,11
1403715987.433829069137573,48,1,43,2,11
1403715987.483827352523804,49,4,45,2,11
1403715987.533826351165771,48,12,47,0,11
1403715987.583826303482056,48,9,47,1,11
1403715987.633826494216919,48,0,47,0,11
1403715987.683826446533203,48,0,47,0,11
1403715987.733826398849487,47,0,46,0,11
1403715987.783827066421509,48,2,45,1,11
1403715987.833827257156372,48,9,45,2,11
1403715987.883827447891235,46,12,44,1,11
1403715987.933827638626099,39,0,37,0,11
1403715987.983827352523804,39,0,36,2,11
1403715988.033827304840088,41,3,38,3,11
1403715988.083826541900635,42,0,39,3,11
1403715988.133826255798340,47,7,38,7,11
1403715988.183826923370361,49,10,44,2,11
1403715988.233827829360962,47,0,45,0,11
1403715988.283828258514404,47,5,46,1,11
1403715988.333828210830688,47,0,46,0,11
1403715988.383828401565552,48,7,46,2,11
1403715988.433828353881836,50,0,47,2,11
1403715988.483829498291016,49,5,49,0,11
1403715988.533829927444458,49,3,47,1,11
1403715988.583830118179321,49,0,46,0,11
1403715988.633830070495605,50,9,47,2,11
1403715988.683830499649048,49,0,48,0,11
1403715988.733831167221069,49,3,48,0,11
1403715988.783831834793091,48,4,48,0,11
1403715988.833832025527954,46,0,46,0,11
1403715988.883832216262817,46,1,44,0,11
1403715988.933832168579102,46,0,44,1,11
1403715988.983831882476807,46,2,45,1,11
1403715989.033832073211670,46,0,46,0,11
1403715989.083831787109375,49,1,45,3,11
1403715989.133831977844238,49,1,47,0,11
1403715989.183831930160522,47,4,46,0,11
1403715989.233831882476807,48,8,45,3,11
1403715989.283832073211670,48,0,47,0,11
1403715989.333832263946533,48,2,47,0,11
1403715989.383832454681396,47,11,46,0,11
1403715989.433832168579102,47,0,46,0,11
1403715989.483832120895386,48,6,46,2,11
1403715989.533832311630249,48,0,48,0,11
1403715989.583832263946533,48,0,48,0,11
1403715989.633832216262817,49,2,47,1,11
1403715989.683832406997681,50,9,47,1,11
1403715989.733831882476807,49,2,48,0,11
1403715989.783831834793091,49,1,46,1,11
1403715989.833831310272217,48,9,46,0,11
1403715989.883830785751343,46,1,46,0,11
1403715989.933829545974731,50,3,44,4,11
1403715989.983829259872437,50,3,48,0,11
1403715990.033829212188721,48,0,47,0,11
1403715990.083828687667847,48,4,45,1,11
1403715990.133828878402710,47,1,46,0,11
1403715990.183827877044678,47,1,45,1,11
1403715990.233827829360962,46,2,44,0,11
1403715990.283828496932983,47,11,44,3,11
1403715990.333828210830688,48,3,46,1,11
1403715990.383828401565552,44,1,44,0,11
1403715990.433828592300415,46,2,42,3,11
1403715990.483828544616699,47,0,42,1,11
1403715990.533828735351562,46,1,42,1,11
1403715990.583828449249268,43,6,40,1,11
1403715990.633828639984131,34,6,32,0,11
1403715990.683828830718994,33,4,27,1,11
1403715990.733828783035278,29,2,25,0,11
1403715990.783828973770142,32,1,23,6,11
1403715990.833828687667847,33,3,22,7,11
1403715990.883828401565552,37,2,26,8,11
1403715990.933828353881836,30,1,27,0,11
1403715990.983828067779541,29,4,23,0,11
1403715991.033827781677246,26,2,18,3,11
1403715991.083827257156372,24,1,17,1,11
1403715991.133826255798340,21,0,18,0,11
1403715991.183826446533203,19,0,17,1,11
1403715991.233826875686646,17,0,12,0,11
1403715991.283827066421509,17,0,17,0,11
1403715991.333827018737793,18,0,17,1,11
1403715991.383826971054077,19,1,18,1,11
1403715991.433826923370361,19,0,19,0,11
1403715991.483826875686646,19,0,19,0,11
1403715991.533827066421509,19,0,18,0,11
1403715991.583827018737793,19,0,18,0,11
1403715991.633826732635498,18,0,18,0,11
1403715991.683826684951782,18,0,18,0,11
1403715991.733826637268066,19,0,18,1,11
1403715991.783826589584351,19,0,19,0,11
1403715991.833826541900635,19,0,19,0,11
1403715991.883826494216919,20,0,19,1,11
1403715991.933826446533203,20,0,20,0,11
1403715991.983826398849487,20,0,20,0,11
1403715992.033826589584351,20,0,20,0,11
1403715992.083826541900635,20,0,20,0,11
1403715992.133826494216919,20,0,20,0,11
1403715992.183826446533203,20,0,20,0,11
1403715992.233826398849487,20,0,20,0,11
1403715992.283826589584351,20,0,20,0,11
1403715992.333826541900635,22,0,20,2,11
1403715992.383826494216919,22,0,22,0,11
1403715992.433826446533203,22,0,22,0,11
1403715992.483826398849487,22,0,22,0,11
1403715992.533826589584351,22,0,22,0,11
1403715992.583826541900635,22,0,22,0,11
1403715992.633826494216919,22,0,21,0,11
1403715992.683826446533203,21,0,21,0,11
1403715992.733826398849487,21,0,21,0,11
1403715992.783826589584351,21,0,21,0,11
1403715992.833826303482056,22,0,21,1,11
1403715992.883826255798340,22,0,22,0,11
1403715992.933826208114624,22,0,22,0,11
1403715992.983826160430908,22,0,22,0,11
1403715993.033826351165771,22,0,22,0,11
1403715993.083826303482056,22,0,22,0,11
1403715993.133826255798340,22,0,22,0,11
1403715993.183826208114624,22,0,22,0,11
1403715993.233826160430908,22,0,22,0,11
1403715993.283826351165771,22,0,22,0,11
1403715993.333826303482056,22,0,22,0,11
1403715993.383826255798340,22,0,22,0,11
1403715993.433826208114624,22,0,22,0,11
1403715993.483826160430908,22,0,22,0,11
1403715993.533826351165771,22,0,22,0,11
1403715993.583826303482056,22,0,22,0,11
1403715993.633826255798340,22,0,22,0,11
1403715993.683826208114624,22,0,22,0,11
1403715993.733826160430908,22,0,22,0,11
1403715993.783826351165771,22,0,22,0,11
1403715993.833826303482056,22,0,22,0,11
1403715993.883826017379761,22,0,22,0,11
1403715993.933826208114624,22,0,22,0,11
1403715993.983826160430908,22,0,22,0,11
