# timestamp (sec),slam_feats_in_state,msckf_feats_used,slam_feats_updated,slam_feats_delayed_init,clones
1403638539.227882385253906,0,8,0,0,5
1403638539.282200813293457,8,22,0,8,6
1403638539.331370830535889,5,12,5,0,7
1403638539.381268978118896,3,1,3,0,8
1403638539.430998563766479,2,12,2,0,9
1403638539.480962038040161,1,0,1,0,10
1403638539.530914545059204,0,3,0,0,11
1403638539.580882310867310,0,2,0,0,11
1403638539.630882263183594,0,0,0,0,11
1403638539.680882215499878,0,0,0,0,11
1403638539.730548858642578,0,12,0,0,11
1403638539.779917240142822,0,5,0,0,11
1403638539.829811096191406,0,1,0,0,11
1403638539.879261255264282,1,1,0,1,11
1403638539.929227590560913,1,0,1,0,11
1403638539.978943586349487,1,2,1,0,11
1403638540.028195619583130,1,6,1,0,11
1403638540.078064680099487,1,0,1,0,11
1403638540.127925634384155,0,5,0,0,11
1403638540.176342964172363,6,4,0,6,11
1403638540.225772380828857,5,1,5,0,11
1403638540.275738716125488,1,1,0,0,11
1403638540.325618267059326,0,2,0,0,11
1403638540.375618219375610,0,0,0,0,11
1403638540.425618171691895,0,0,0,0,11
1403638540.475618124008179,0,0,0,0,11
1403638540.525618076324463,0,0,0,0,11
1403638540.575709104537964,2,1,0,2,11
1403638540.625614881515503,2,0,2,0,11
1403638540.675497770309448,7,1,2,5,11
1403638540.725718975067139,8,1,4,4,11
1403638540.775701761245728,10,0,8,2,11
1403638540.825977802276611,14,1,10,4,11
1403638540.875988245010376,12,1,12,0,11
1403638540.926074981689453,15,0,12,3,11
1403638540.976212739944458,15,0,15,0,11
1403638541.026308298110962,14,0,14,0,11
1403638541.076543807983398,13,0,13,0,11
1403638541.126902341842651,16,0,13,3,11
1403638541.176985502243042,21,0,15,6,11
1403638541.227122306823730,25,0,21,4,11
1403638541.277333021163940,26,1,22,3,11
1403638541.327318429946899,26,0,25,0,11
1403638541.377323150634766,25,1,25,0,11
1403638541.427487611770630,23,0,22,0,11
1403638541.477571725845337,25,0,21,2,11
1403638541.527390241622925,26,0,23,2,11
1403638541.577279806137085,25,1,24,0,11
1403638541.627303123474121,24,1,21,1,11
1403638541.677349328994751,23,0,20,0,11
1403638541.727374076843262,25,0,19,5,11
1403638541.777496099472046,30,1,22,7,11
1403638541.827646732330322,31,0,28,3,11
1403638541.877645730972290,41,0,31,10,11
1403638541.927574634552002,40,1,39,0,11
1403638541.977556467056274,44,0,38,5,11
1403638542.027550220489502,48,1,43,5,11
1403638542.077520370483398,47,5,46,1,11
1403638542.127471208572388,48,0,44,3,11
1403638542.177438735961914,49,1,47,1,11
1403638542.227418661117554,47,1,47,0,11
1403638542.277368307113647,47,7,45,2,11
1403638542.327386140823364,44,5,43,1,11
1403638542.377396821975708,47,4,43,3,11
1403638542.427446603775024,43,4,40,2,11
1403638542.477478265762329,38,2,36,1,11
1403638542.527543544769287,37,0,33,4,11
1403638542.577636718750000,36,0,35,0,11
1403638542.627674102783203,35,1,34,0,11
1403638542.677725076675415,36,1,34,2,11
1403638542.727714538574219,37,0,36,1,11
1403638542.777758836746216,40,0,36,4,11
1403638542.827787637710571,39,0,38,0,11
1403638542.877817392349243,39,2,36,2,11
1403638542.927855730056763,45,1,38,7,11
1403638542.977873325347900,48,0,44,4,11
1403638543.027892827987671,48,5,47,1,11
1403638543.077989339828491,48,4,48,0,11
1403638543.128035545349121,49,4,48,1,11
1403638543.178075551986694,48,3,48,0,11
1403638543.228103637695312,48,3,47,1,11
1403638543.278109788894653,48,5,47,1,11
1403638543.328111886978149,49,0,48,1,11
1403638543.378143310546875,50,6,49,1,11
1403638543.428160429000854,50,11,50,0,11
1403638543.478177070617676,49,8,49,0,11
1403638543.528229713439941,49,5,47,1,11
1403638543.578250169754028,48,5,46,1,11
1403638543.628283977508545,46,2,45,1,11
1403638543.678324460983276,43,8,41,1,11
1403638543.728374958038330,44,3,40,4,11
1403638543.778395652770996,45,7,42,3,11
1403638543.828409671783447,46,2,43,2,11
1403638543.878400564193726,49,7,45,3,11
1403638543.928400516510010,43,2,40,0,11
1403638543.978398561477661,45,0,37,7,11
1403638544.028397560119629,47,7,42,5,11
1403638544.078402996063232,49,10,46,2,11
1403638544.128388404846191,48,7,46,1,11
1403638544.178384065628052,46,0,45,0,11
1403638544.228379726409912,45,4,43,1,11
1403638544.278373003005981,44,0,41,2,11
1403638544.328366756439209,45,1,41,4,11
1403638544.378369092941284,46,3,45,1,11
1403638544.428394079208374,46,0,45,0,11
1403638544.478398084640503,47,10,45,1,11
1403638544.528401851654053,43,0,42,0,11
1403638544.578366518020630,46,3,42,3,11
1403638544.628343343734741,46,2,44,1,11
1403638544.678319692611694,47,12,42,3,11
1403638544.728316307067871,48,6,44,3,11
1403638544.778315782546997,48,4,45,2,11
1403638544.828317880630493,48,1,46,1,11
1403638544.878312826156616,47,0,47,0,11
1403638544.928307771682739,47,0,47,0,11
1403638544.978294134140015,46,2,46,0,11
1403638545.028282165527344,45,1,45,0,11
1403638545.078270196914673,48,5,45,3,11
1403638545.128267049789429,50,1,47,2,11
1403638545.178274393081665,50,3,49,0,11
1403638545.228266239166260,49,3,49,0,11
1403638545.278254270553589,50,16,49,1,11
1403638545.328247547149658,49,5,49,0,11
1403638545.378241062164307,48,3,47,1,11
1403638545.428241729736328,48,2,48,0,11
1403638545.478238582611084,48,0,46,1,11
1403638545.528231859207153,48,0,46,0,11
1403638545.578223705291748,47,2,45,1,11
1403638545.628196954727173,48,0,46,2,11
1403638545.678176164627075,48,4,47,0,11
1403638545.728170394897461,43,0,42,0,11
1403638545.778150320053101,44,1,41,1,11
1403638545.828138113021851,43,1,39,3,11
1403638545.878136873245239,40,16,38,2,11
1403638545.928127050399780,43,1,39,4,11
1403638545.978130817413330,45,1,43,2,11
1403638546.028128147125244,45,2,45,0,11
1403638546.078129529953003,44,0,43,0,11
1403638546.128126144409180,43,1,39,0,11
1403638546.178137779235840,41,2,38,1,11
1403638546.228124380111694,41,1,36,5,11
1403638546.278099298477173,44,1,40,4,11
1403638546.328104734420776,43,7,41,1,11
1403638546.378115177154541,42,3,39,2,11
1403638546.428128719329834,41,4,39,1,11
1403638546.478118181228638,45,7,40,4,11
1403638546.528121709823608,44,0,42,2,11
1403638546.578114509582520,41,0,40,1,11
1403638546.628106355667114,39,2,39,0,11
1403638546.678106546401978,40,1,38,2,11
1403638546.728101015090942,42,0,37,3,11
1403638546.778079271316528,41,0,35,1,11
1403638546.828056335449219,39,0,32,4,11
1403638546.878049850463867,38,0,34,1,11
1403638546.928065061569214,40,4,33,5,11
1403638546.978058815002441,39,0,37,1,11
1403638547.028048515319824,41,6,38,3,11
1403638547.078040838241577,44,1,41,3,11
1403638547.128063440322876,39,1,38,0,11
1403638547.178059339523315,39,1,36,2,11
1403638547.228060960769653,39,1,33,3,11
1403638547.278059959411621,41,1,35,2,11
1403638547.328090190887451,44,0,35,7,11
1403638547.378096818923950,42,2,41,0,11
1403638547.428117990493774,44,3,38,6,11
1403638547.478137016296387,46,3,43,3,11
1403638547.528145313262939,46,3,46,0,11
1403638547.578154087066650,43,1,42,0,11
1403638547.628157377243042,42,6,40,0,11
1403638547.678148269653320,41,0,40,0,11
1403638547.728143930435181,39,0,37,1,11
1403638547.778139591217041,42,1,38,3,11
1403638547.828133106231689,41,0,39,1,11
1403638547.878137111663818,41,1,39,1,11
1403638547.928134202957153,39,2,38,0,11
1403638547.978144884109497,42,0,38,3,11
1403638548.028146743774414,43,2,40,3,11
1403638548.078137636184692,47,0,41,5,11
1403638548.128138542175293,47,1,46,0,11
1403638548.178139209747314,47,9,44,1,11
1403638548.228139400482178,43,5,41,1,11
1403638548.278132200241089,41,5,41,0,11
1403638548.328130483627319,42,2,39,2,11
1403638548.378138303756714,41,1,40,0,11
1403638548.428142786026001,42,2,39,3,11
1403638548.478151321411133,45,3,41,3,11
1403638548.528166770935059,47,1,42,2,11
1403638548.578164577484131,44,3,41,1,11
1403638548.628146171569824,42,0,38,3,11
1403638548.678139209747314,47,0,41,6,11
1403638548.728132963180542,47,4,46,1,11
1403638548.778133869171143,45,5,44,0,11
1403638548.828159093856812,49,13,44,4,11
1403638548.878146886825562,49,14,48,1,11
1403638548.928143739700317,50,8,49,1,11
1403638548.978146553039551,49,1,49,0,11
1403638549.028148651123047,49,5,49,0,11
1403638549.078148603439331,47,3,46,0,11
1403638549.128135681152344,50,7,46,3,11
1403638549.178135633468628,49,9,48,0,11
1403638549.228133678436279,49,4,47,1,11
1403638549.278120994567871,49,2,48,1,11
1403638549.328101158142090,50,16,48,1,11
1403638549.378106355667114,48,4,47,0,11
1403638549.428099155426025,48,13,46,2,11
1403638549.478092193603516,49,12,46,2,11
1403638549.528093338012695,49,4,46,1,11
1403638549.578097105026245,48,1,47,0,11
1403638549.628093481063843,48,17,46,2,11
1403638549.678095340728760,49,2,46,2,11
1403638549.728087425231934,48,4,46,0,11
1403638549.778090715408325,49,15,46,2,11
1403638549.828091382980347,48,5,43,1,11
1403638549.878091573715210,48,7,43,0,11
1403638549.928086280822754,45,5,42,2,11
1403638549.978083372116089,49,4,44,5,11
1403638550.028082370758057,48,7,47,1,11
1403638550.078082561492920,47,14,44,2,11
1403638550.128078699111938,50,1,45,3,11
1403638550.178070545196533,49,14,48,0,11
1403638550.228062629699707,47,18,46,1,11
1403638550.278058528900146,47,4,44,3,11
1403638550.328024864196777,48,0,46,2,11
1403638550.378019571304321,49,15,46,2,11
1403638550.428025007247925,50,8,46,1,11
1403638550.478038787841797,48,10,46,0,11
1403638550.528038501739502,48,8,45,2,11
1403638550.578032255172729,48,1,46,1,11
1403638550.628020763397217,47,9,44,2,11
1403638550.678018569946289,48,7,43,3,11
1403638550.728013992309570,46,0,45,0,11
1403638550.778005599975586,48,10,43,4,11
1403638550.828006744384766,49,17,45,2,11
1403638550.877989292144775,47,4,45,1,11
1403638550.928000211715698,46,9,44,2,11
1403638550.978013038635254,49,13,46,3,11
1403638551.028015136718750,47,4,43,1,11
1403638551.078025817871094,50,6,43,3,11
1403638551.128031492233276,46,5,45,0,11
1403638551.178045988082886,48,7,41,4,11
1403638551.228039979934692,48,4,44,2,11
1403638551.278027057647705,46,0,42,1,11
1403638551.328014373779297,47,0,39,1,11
1403638551.378003597259521,46,14,39,3,11
1403638551.428000450134277,46,14,42,3,11
1403638551.477989196777344,47,1,42,3,11
1403638551.527986049652100,49,6,45,2,11
1403638551.578002214431763,47,16,46,1,11
1403638551.628000259399414,49,3,46,3,11
1403638551.678009033203125,48,6,48,0,11
1403638551.728010177612305,49,10,48,1,11
1403638551.778008937835693,50,4,47,1,11
1403638551.828024864196777,50,5,46,0,11
1403638551.878032684326172,47,4,44,0,11
1403638551.928069353103638,48,9,44,3,11
1403638551.978081464767456,46,10,45,1,11
1403638552.028072834014893,47,7,45,2,11
1403638552.078061103820801,48,0,47,1,11
1403638552.128045797348022,47,7,46,1,11
1403638552.178030967712402,49,8,46,3,11
1403638552.228017330169678,50,5,49,1,11
1403638552.278024435043335,50,10,49,0,11
1403638552.328050613403320,49,5,48,0,11
1403638552.378064632415771,49,13,48,1,11
1403638552.428089141845703,46,8,44,1,11
1403638552.478080511093140,49,7,44,3,11
1403638552.528076171875000,47,10,45,1,11
1403638552.578077077865601,49,4,44,3,11
1403638552.628079652786255,49,9,47,1,11
1403638552.678077697753906,48,4,46,0,11
1403638552.728079795837402,49,7,45,1,11
1403638552.778087139129639,48,10,46,1,11
1403638552.828101396560669,48,6,46,1,11
1403638552.878103017807007,49,9,47,1,11
1403638552.928105115890503,49,5,48,1,11
1403638552.978125810623169,50,11,46,1,11
1403638553.028120279312134,50,8,47,0,11
1403638553.078119993209839,47,11,46,0,11
1403638553.128118991851807,50,12,46,3,11
1403638553.178126811981201,48,5,48,0,11
1403638553.228121995925903,48,11,46,2,11
1403638553.278122186660767,48,4,48,0,11
1403638553.328126192092896,48,9,45,2,11
1403638553.378121137619019,49,16,45,2,11
1403638553.428121566772461,46,4,43,1,11
1403638553.478117465972900,49,5,44,4,11
1403638553.528110027313232,47,5,46,1,11
1403638553.578103303909302,49,10,46,3,11
1403638553.628104209899902,49,7,47,1,11
1403638553.678105354309082,50,8,48,1,11
1403638553.728101253509521,49,9,48,0,11
1403638553.778083562850952,50,5,46,1,11
1403638553.828057289123535,49,13,46,0,11
1403638553.878037214279175,48,5,46,1,11
1403638553.928023576736450,49,10,46,2,11
1403638553.977999925613403,49,13,47,1,11
1403638554.028007984161377,48,3,47,1,11
1403638554.078003644943237,50,7,48,2,11
1403638554.128002166748047,50,7,50,0,11
1403638554.177959918975830,50,13,49,0,11
1403638554.227950096130371,50,5,49,0,11
1403638554.277944087982178,48,10,48,0,11
1403638554.327951669692993,49,6,47,2,11
1403638554.377954959869385,50,3,49,1,11
1403638554.427958965301514,50,17,50,0,11
1403638554.477967023849487,49,11,49,0,11
1403638554.527967214584351,50,10,49,1,11
1403638554.577958583831787,50,14,50,0,11
1403638554.627950668334961,50,2,50,0,11
1403638554.677932500839233,50,5,50,0,11
1403638554.727926254272461,50,10,50,0,11
1403638554.777928113937378,50,10,49,0,11
1403638554.827926158905029,50,5,48,0,11
1403638554.877928256988525,49,19,48,0,11
1403638554.927930116653442,49,5,48,1,11
1403638554.977926015853882,49,3,49,0,11
1403638555.027921438217163,50,17,49,1,11
1403638555.077913522720337,50,5,50,0,11
1403638555.127904653549194,50,6,49,0,11
1403638555.177907466888428,50,20,48,0,11
1403638555.227905273437500,49,3,47,0,11
1403638555.277899742126465,49,7,47,1,11
1403638555.327897548675537,49,6,47,1,11
1403638555.377893924713135,49,8,46,1,11
1403638555.427893161773682,49,10,46,1,11
1403638555.477893352508545,49,15,47,1,11
1403638555.527896165847778,48,11,47,0,11
1403638555.577898979187012,50,3,47,2,11
1403638555.627908229827881,49,12,49,0,11
1403638555.677912473678589,49,3,48,0,11
1403638555.727915525436401,50,4,48,1,11
1403638555.777928113937378,49,29,48,0,11
1403638555.827934265136719,50,1,48,1,11
1403638555.877941608428955,49,5,49,0,11
1403638555.927940368652344,50,5,48,1,11
1403638555.977921962738037,50,24,49,0,11
1403638556.027918815612793,49,7,49,0,11
1403638556.077922821044922,49,14,48,1,11
1403638556.127925157546997,50,7,49,1,11
1403638556.177921533584595,50,7,49,0,11
1403638556.227917194366455,49,13,48,0,11
1403638556.277915954589844,49,2,47,1,11
1403638556.327919483184814,50,7,47,1,11
1403638556.377921581268311,49,28,48,0,11
1403638556.427920818328857,49,2,47,1,11
1403638556.477918386459351,49,7,47,0,11
1403638556.527918100357056,49,2,46,1,11
1403638556.577918052673340,48,19,45,1,11
1403638556.627916097640991,49,6,44,2,11
1403638556.677901268005371,48,19,46,0,11
1403638556.727889299392700,48,5,46,2,11
1403638556.777889966964722,48,1,46,2,11
1403638556.827881813049316,49,9,47,2,11
1403638556.877887487411499,50,1,49,1,11
1403638556.927889347076416,49,20,48,0,11
1403638556.977900981903076,49,27,46,1,11
1403638557.027922153472900,48,2,45,1,11
1403638557.077934503555298,47,6,43,1,11
1403638557.127948760986328,48,1,43,3,11
1403638557.177950620651245,48,12,44,2,11
1403638557.227954626083374,49,11,45,2,11
1403638557.277961015701294,48,16,47,1,11
1403638557.327962875366211,49,5,47,2,11
1403638557.377970457077026,48,2,48,0,11
1403638557.427972793579102,50,20,48,2,11
1403638557.477973461151123,49,2,48,0,11
1403638557.527970790863037,50,12,48,1,11
1403638557.577966451644897,49,22,47,0,11
1403638557.627969026565552,46,18,44,1,11
1403638557.677969455718994,47,3,44,2,11
1403638557.727964639663696,47,2,45,1,11
1403638557.777965784072876,48,8,44,3,11
1403638557.827966928482056,49,5,46,2,11
1403638557.877971172332764,48,12,48,0,11
1403638557.927976369857788,49,11,47,2,11
1403638557.977976083755493,47,2,46,0,11
1403638558.027975082397461,47,13,41,2,11
1403638558.077973365783691,45,1,43,0,11
1403638558.127974033355713,48,3,41,5,11
1403638558.177993535995483,47,31,42,2,11
1403638558.227996110916138,47,15,43,3,11
1403638558.277997493743896,46,1,46,0,11
1403638558.327998638153076,49,4,45,4,11
1403638558.377996683120728,48,4,46,1,11
1403638558.427993297576904,49,2,45,2,11
1403638558.477986097335815,48,12,45,1,11
1403638558.527971506118774,49,6,45,2,11
1403638558.577968597412109,42,4,42,0,11
1403638558.627942562103271,48,6,39,6,11
1403638558.677916765213013,46,3,42,0,11
1403638558.727898120880127,46,2,40,3,11
1403638558.777870655059814,45,29,37,4,11
1403638558.827870368957520,47,12,40,5,11
1403638558.877875089645386,45,2,42,0,11
1403638558.927876472473145,46,1,40,3,11
1403638558.977878808975220,44,2,42,1,11
1403638559.027878999710083,44,0,39,4,11
1403638559.077881813049316,45,9,40,2,11
1403638559.127879619598389,46,5,40,4,11
1403638559.177880048751831,41,2,38,0,11
1403638559.227886438369751,42,8,33,7,11
1403638559.277886629104614,43,1,37,4,11
1403638559.327886819839478,45,2,41,2,11
1403638559.377884864807129,42,13,40,2,11
1403638559.427883386611938,49,9,40,7,11
1403638559.477881669998169,48,0,45,0,11
1403638559.527882814407349,46,0,43,2,11
1403638559.577884435653687,40,4,38,2,11
1403638559.627888441085815,49,1,38,9,11
1403638559.677886962890625,49,3,46,1,11
1403638559.727882146835327,47,3,46,0,11
1403638559.777888536453247,48,2,44,1,11
1403638559.827886581420898,48,7,42,2,11
1403638559.877888202667236,47,4,42,1,11
1403638559.927887678146362,44,2,41,0,11
1403638559.977883815765381,44,11,38,3,11
1403638560.027880430221558,45,8,37,4,11
1403638560.077879667282104,44,1,41,2,11
1403638560.127877473831177,44,2,41,2,11
1403638560.177881479263306,42,10,37,4,11
1403638560.227883338928223,40,2,37,0,11
1403638560.277887582778931,37,1,34,1,11
1403638560.327893495559692,37,13,31,3,11
1403638560.377896070480347,34,1,32,0,11
1403638560.427896738052368,32,2,27,2,11
1403638560.477892398834229,37,4,27,5,11
1403638560.527887821197510,34,4,29,0,11
1403638560.577880859375000,38,10,29,7,11
1403638560.627886772155762,43,3,33,7,11
1403638560.677880764007568,41,4,38,0,11
1403638560.727872610092163,40,1,37,1,11
1403638560.777872085571289,40,3,34,3,11
1403638560.827870607376099,42,1,30,6,11
1403638560.877871751785278,32,3,23,0,11
1403638560.927870988845825,27,1,21,0,11
1403638560.977872610092163,22,3,19,2,11
1403638561.027871131896973,23,1,20,1,11
1403638561.077872991561890,24,4,21,2,11
1403638561.127872943878174,21,2,20,1,11
1403638561.177877187728882,35,5,18,16,11
1403638561.227879524230957,35,2,29,1,11
1403638561.277879953384399,33,1,30,1,11
1403638561.327885389328003,41,4,31,10,11
1403638561.377877473831177,41,1,40,1,11
1403638561.427867650985718,41,3,40,0,11
1403638561.477861642837524,41,2,40,0,11
1403638561.527857065200806,42,2,40,2,11
1403638561.577855587005615,49,11,41,7,11
1403638561.627855300903320,50,1,45,1,11
1403638561.677861213684082,49,5,44,0,11
1403638561.727865695953369,46,1,43,0,11
1403638561.777866125106812,47,4,43,3,11
1403638561.827870845794678,47,3,46,1,11
1403638561.877868890762329,49,7,45,3,11
1403638561.927864551544189,49,3,47,1,11
1403638561.977864027023315,49,2,45,1,11
1403638562.027863025665283,50,2,45,1,11
1403638562.077861547470093,47,9,46,0,11
1403638562.127861976623535,47,4,45,1,11
1403638562.177859544754028,49,11,46,2,11
1403638562.227864503860474,47,6,46,1,11
1403638562.277865648269653,48,6,46,2,11
1403638562.327868938446045,49,4,48,1,11
1403638562.377870559692383,48,5,48,0,11
1403638562.427874565124512,49,3,47,1,11
1403638562.477876663208008,49,3,47,1,11
1403638562.527880668640137,44,4,44,0,11
1403638562.577885150909424,44,1,42,1,11
1403638562.627889394760132,44,0,41,2,11
1403638562.677892923355103,46,3,39,5,11
1403638562.727900981903076,48,8,42,3,11
1403638562.777905702590942,45,8,40,2,11
1403638562.827906608581543,45,6,42,0,11
1403638562.877908229827881,46,5,38,5,11
1403638562.927912473678589,48,2,40,4,11
1403638562.977918148040771,45,3,40,0,11
1403638563.027923107147217,42,1,34,2,11
1403638563.077930212020874,41,0,35,2,11
1403638563.127933740615845,39,2,34,5,11
1403638563.177939653396606,39,1,39,0,11
1403638563.227944612503052,44,1,37,7,11
1403638563.277947187423706,48,12,42,6,11
1403638563.327948570251465,49,9,47,2,11
1403638563.377953052520752,50,5,48,1,11
1403638563.427958726882935,50,19,49,0,11
1403638563.477959394454956,48,15,48,0,11
1403638563.527957439422607,50,1,48,2,11
1403638563.577957153320312,50,15,49,0,11
1403638563.627948284149170,49,6,47,0,11
1403638563.677953004837036,49,7,47,1,11
1403638563.727955341339111,49,15,48,1,11
1403638563.777953386306763,49,2,48,0,11
1403638563.827952384948730,48,0,47,0,11
1403638563.877942800521851,49,24,47,2,11
1403638563.927945375442505,48,7,46,1,11
1403638563.977945327758789,50,11,46,2,11
1403638564.027948141098022,49,17,48,0,11
1403638564.077948808670044,49,16,48,1,11
1403638564.127950668334961,48,2,47,0,11
1403638564.177954673767090,49,14,46,2,11
1403638564.227959394454956,49,13,48,1,11
1403638564.277961969375610,49,1,48,1,11
1403638564.327965974807739,50,17,49,1,11
1403638564.377973079681396,49,5,49,0,11
1403638564.427973508834839,49,0,49,0,11
1403638564.477976560592651,50,18,48,1,11
1403638564.527970075607300,48,12,45,0,11
1403638564.577968835830688,49,9,45,2,11
1403638564.627965211868286,48,13,47,1,11
1403638564.677968502044678,50,11,47,2,11
1403638564.727967023849487,49,11,47,0,11
1403638564.777966022491455,47,10,45,1,11
1403638564.827964544296265,47,8,44,2,11
1403638564.877965688705444,48,3,44,3,11
1403638564.927966594696045,49,11,47,2,11
1403638564.977964401245117,48,12,46,1,11
1403638565.027962923049927,47,2,46,0,11
1403638565.077960252761841,49,10,45,3,11
1403638565.127959728240967,50,14,43,1,11
1403638565.177958488464355,48,11,42,0,11
1403638565.227955341339111,41,17,38,2,11
1403638565.277958154678345,44,4,34,8,11
1403638565.327955722808838,50,8,42,6,11
1403638565.377950906753540,47,11,47,0,11
1403638565.427949666976929,49,3,45,3,11
1403638565.477951765060425,50,5,45,1,11
1403638565.527948617935181,49,12,46,0,11
1403638565.577941894531250,46,10,45,1,11
1403638565.627940654754639,46,1,44,0,11
1403638565.677940368652344,50,9,42,4,11
1403638565.727939605712891,46,13,43,0,11
1403638565.777939319610596,47,5,41,3,11
1403638565.827936887741089,46,18,41,3,11
1403638565.877936363220215,46,13,41,3,11
1403638565.927933931350708,45,1,42,1,11
1403638565.977933168411255,49,9,42,5,11
1403638566.027932167053223,49,2,47,1,11
1403638566.077932596206665,49,4,47,1,11
1403638566.127936840057373,49,14,45,1,11
1403638566.177938461303711,49,11,44,1,11
1403638566.227939844131470,46,5,44,0,11
1403638566.277940750122070,47,4,43,4,11
1403638566.327937841415405,45,8,42,2,11
1403638566.377936601638794,48,2,43,4,11
1403638566.427940368652344,49,16,45,2,11
1403638566.477943897247314,49,13,47,0,11
1403638566.527946949005127,48,4,47,1,11
1403638566.577950716018677,48,11,46,1,11
1403638566.627956390380859,48,12,44,1,11
1403638566.677983283996582,47,8,44,2,11
1403638566.727995395660400,42,9,36,3,11
1403638566.777994632720947,45,6,35,6,11
1403638566.827997207641602,43,3,36,4,11
1403638566.878003597259521,45,6,38,5,11
1403638566.928002119064331,45,10,37,3,11
1403638566.977995395660400,46,2,37,4,11
1403638567.027997255325317,43,7,37,4,11
1403638567.077979803085327,47,0,41,5,11
1403638567.127967357635498,45,9,45,0,11
1403638567.177968025207520,39,5,37,2,11
1403638567.227971315383911,43,2,38,4,11
1403638567.277963399887085,50,6,40,7,11
1403638567.327954292297363,49,11,46,0,11
1403638567.377952575683594,44,12,41,1,11
1403638567.427947044372559,49,7,42,5,11
1403638567.477943897247314,47,6,44,1,11
1403638567.527936935424805,48,7,42,2,11
1403638567.577928066253662,48,0,44,1,11
1403638567.627918481826782,47,5,44,2,11
1403638567.677908420562744,49,4,45,2,11
1403638567.727923870086670,49,18,46,1,11
1403638567.777929067611694,47,9,46,0,11
1403638567.827936172485352,47,0,43,1,11
1403638567.877942562103271,50,4,44,3,11
1403638567.927950620651245,46,12,46,0,11
1403638567.977957725524902,49,7,45,3,11
1403638568.027962684631348,49,8,45,1,11
1403638568.077968358993530,48,17,45,0,11
1403638568.127970218658447,48,5,44,2,11
1403638568.177972793579102,48,1,46,2,11
1403638568.227977514266968,50,7,48,2,11
1403638568.277978658676147,49,9,47,0,11
1403638568.327978372573853,49,19,46,0,11
1403638568.377978324890137,48,13,45,1,11
1403638568.427976131439209,48,10,45,1,11
1403638568.477976322174072,48,0,46,1,11
1403638568.527976751327515,49,7,46,2,11
1403638568.577978849411011,50,14,48,1,11
1403638568.627979278564453,48,8,48,0,11
1403638568.677978038787842,48,20,46,2,11
1403638568.727976560592651,49,6,47,2,11
1403638568.777976512908936,49,1,46,1,11
1403638568.827975749969482,49,8,46,1,11
1403638568.877975702285767,47,8,44,1,11
1403638568.927973985671997,50,12,44,3,11
1403638568.977973699569702,47,13,46,0,11
1403638569.027972936630249,49,6,46,3,11
1403638569.077971458435059,50,16,49,1,11
1403638569.127972364425659,50,7,50,0,11
1403638569.177971124649048,50,14,50,0,11
1403638569.227974414825439,50,11,50,0,11
1403638569.277974843978882,50,11,50,0,11
1403638569.327973365783691,49,4,49,0,11
1403638569.377972602844238,49,0,49,0,11
1403638569.427973747253418,46,3,46,0,11
1403638569.477970600128174,48,4,45,3,11
1403638569.527975320816040,49,24,48,1,11
1403638569.577975749969482,49,6,49,0,11
1403638569.627974510192871,50,5,49,1,11
1403638569.677974462509155,50,9,50,0,11
1403638569.727974414825439,50,1,50,0,11
1403638569.777973890304565,50,3,50,0,11
1403638569.827974557876587,50,0,50,0,11
1403638569.877974987030029,49,0,49,0,11
1403638569.927974224090576,49,0,49,0,11
1403638569.977973699569702,49,0,49,0,11
1403638570.027972698211670,49,0,49,0,11
1403638570.077971935272217,49,0,49,0,11
1403638570.127970218658447,49,0,49,0,11
1403638570.177966356277466,49,0,49,0,11
1403638570.227965593338013,49,0,49,0,11
1403638570.277962923049927,49,0,49,0,11
1403638570.327961206436157,49,0,49,0,11
1403638570.377957105636597,49,0,49,0,11
1403638570.427953720092773,49,0,49,0,11
1403638570.477944850921631,49,0,49,0,11
1403638570.527939319610596,49,0,48,0,11
1403638570.577935934066772,48,0,47,0,11
1403638570.627930164337158,47,0,47,0,11
1403638570.677924871444702,45,0,43,0,11
1403638570.727921724319458,45,0,41,0,11
1403638570.777917623519897,40,0,37,0,11
1403638570.827916383743286,37,0,35,0,11
1403638570.877915143966675,34,0,33,0,11
1403638570.927914142608643,32,0,30,0,11
1403638570.977914810180664,30,0,28,1,11
1403638571.027915239334106,30,0,27,1,11
1403638571.077919483184814,38,0,28,8,11
1403638571.127921819686890,41,2,34,6,11
1403638571.177922248840332,37,0,36,0,11
1403638571.227920532226562,40,0,35,4,11
1403638571.277918338775635,41,1,36,3,11
1403638571.327914714813232,46,17,37,7,11
1403638571.377904891967773,49,8,43,4,11
1403638571.427901268005371,47,4,45,1,11
1403638571.477898597717285,49,10,46,3,11
1403638571.527897357940674,49,3,47,1,11
1403638571.577898263931274,48,27,46,1,11
1403638571.627897500991821,49,5,47,2,11
1403638571.677898168563843,50,1,48,1,11
1403638571.727896451950073,49,20,47,0,11
1403638571.777897596359253,46,1,44,0,11
1403638571.827897787094116,44,2,42,2,11
1403638571.877899885177612,42,1,41,0,11
1403638571.927901029586792,45,22,39,6,11
1403638571.977904081344604,46,1,41,3,11
1403638572.027907371520996,44,2,39,1,11
1403638572.077908754348755,46,4,39,6,11
1403638572.127910375595093,48,2,45,3,11
1403638572.177907466888428,45,21,43,1,11
1403638572.227907657623291,45,1,39,5,11
1403638572.277906179428101,44,0,43,1,11
1403638572.327900648117065,44,20,40,3,11
1403638572.377900600433350,41,1,39,1,11
1403638572.427899599075317,45,3,35,8,11
1403638572.477896928787231,49,6,41,5,11
1403638572.527894735336304,48,17,44,1,11
1403638572.577891588211060,44,5,43,0,11
1403638572.627886295318604,45,3,41,3,11
1403638572.677883863449097,47,0,42,3,11
1403638572.727885007858276,45,9,41,3,11
1403638572.777882575988770,49,5,42,5,11
1403638572.827883481979370,46,5,45,0,11
1403638572.877883195877075,40,3,40,0,11
1403638572.927883863449097,45,15,38,7,11
1403638572.977884531021118,45,1,43,2,11
1403638573.027887344360352,46,7,44,2,11
1403638573.077888965606689,47,0,44,2,11
1403638573.127888441085815,49,16,45,3,11
1403638573.177888393402100,48,10,47,0,11
1403638573.227886915206909,50,2,48,2,11
1403638573.277888298034668,47,4,46,0,11
1403638573.327882289886475,48,8,45,3,11
1403638573.377885341644287,46,9,45,1,11
1403638573.427884578704834,48,4,45,3,11
1403638573.477882146835327,50,2,48,2,11
1403638573.527879953384399,47,18,44,0,11
1403638573.577878713607788,44,3,42,0,11
1403638573.627877473831177,44,5,39,2,11
1403638573.677880525588989,43,2,37,2,11
1403638573.727882146835327,40,7,32,7,11
1403638573.777880430221558,40,3,36,3,11
1403638573.827875852584839,40,5,35,1,11
1403638573.877873897552490,38,0,33,1,11
1403638573.927872896194458,34,2,26,3,11
1403638573.977869272232056,35,6,26,4,11
1403638574.027864933013916,31,5,27,2,11
1403638574.077856063842773,34,4,26,5,11
1403638574.127848863601685,37,7,30,6,11
1403638574.177840709686279,38,2,30,4,11
1403638574.227838039398193,34,2,30,1,11
1403638574.277837514877319,32,2,29,3,11
1403638574.327834367752075,38,3,29,7,11
1403638574.377833127975464,39,1,35,2,11
1403638574.427830457687378,39,2,30,7,11
1403638574.477832078933716,43,3,37,6,11
1403638574.527832031250000,48,3,40,6,11
1403638574.577833175659180,47,2,45,0,11
1403638574.627829551696777,48,0,45,2,11
1403638574.677824974060059,46,1,45,0,11
1403638574.727822780609131,46,1,44,1,11
1403638574.777820587158203,48,3,45,3,11
1403638574.827818870544434,46,1,44,0,11
1403638574.877815723419189,46,0,42,3,11
1403638574.927816390991211,46,3,44,2,11
1403638574.977814435958862,45,5,44,0,11
1403638575.027811765670776,46,0,44,1,11
1403638575.077810287475586,44,3,43,1,11
1403638575.127809047698975,44,1,44,0,11
1403638575.177809000015259,43,0,42,1,11
1403638575.227809190750122,46,5,41,3,11
1403638575.277808666229248,46,2,44,0,11
1403638575.327809095382690,44,5,43,0,11
1403638575.377810478210449,45,3,42,2,11
1403638575.427808523178101,45,2,43,2,11
1403638575.477809906005859,44,0,44,0,11
1403638575.527825355529785,48,8,42,6,11
1403638575.577828168869019,47,6,45,0,11
1403638575.627833366394043,44,0,42,0,11
1403638575.677834987640381,40,0,38,2,11
1403638575.727835655212402,41,4,39,2,11
1403638575.777835130691528,40,1,39,1,11
1403638575.827838182449341,43,3,39,4,11
1403638575.877841234207153,39,3,39,0,11
1403638575.927841424942017,41,6,37,3,11
1403638575.977838277816772,40,4,37,3,11
1403638576.027833938598633,40,4,39,1,11
1403638576.077832937240601,41,4,38,1,11
1403638576.127825021743774,42,7,38,3,11
1403638576.177824020385742,42,2,37,4,11
1403638576.227823019027710,39,2,38,0,11
1403638576.277822256088257,42,1,38,3,11
1403638576.327822685241699,44,2,39,3,11
1403638576.377822160720825,45,6,39,5,11
1403638576.427821874618530,44,6,43,1,11
1403638576.477822065353394,41,2,39,0,11
1403638576.527822971343994,41,4,37,3,11
1403638576.577822685241699,43,3,38,4,11
1403638576.627822875976562,42,1,41,1,11
1403638576.677822828292847,40,2,39,0,11
1403638576.727819681167603,41,4,38,3,11
1403638576.777819395065308,47,3,41,6,11
1403638576.827818393707275,43,4,42,0,11
1403638576.877817392349243,42,4,41,0,11
1403638576.927819013595581,40,6,38,2,11
1403638576.977816104888916,41,3,39,2,11
1403638577.027811288833618,45,5,40,5,11
1403638577.077811241149902,45,3,45,0,11
1403638577.127810716629028,44,2,42,2,11
1403638577.177812337875366,43,2,40,2,11
1403638577.227812051773071,43,3,42,0,11
1403638577.277814388275146,45,2,40,5,11
1403638577.327816963195801,45,4,44,0,11
1403638577.377813816070557,45,6,40,2,11
1403638577.427814960479736,42,2,40,0,11
1403638577.477817058563232,38,4,38,0,11
1403638577.527817010879517,41,1,35,4,11
1403638577.577812671661377,40,4,36,0,11
1403638577.627816438674927,36,6,29,3,11
1403638577.677818775177002,33,3,31,1,11
1403638577.727818727493286,33,1,29,1,11
1403638577.777817010879517,33,2,29,1,11
1403638577.827821016311646,30,2,30,0,11
1403638577.877818107604980,30,0,30,0,11
1403638577.927817583084106,32,4,30,2,11
1403638577.977810859680176,37,2,30,5,11
1403638578.027810096740723,40,1,33,4,11
1403638578.077810525894165,42,2,36,5,11
1403638578.127809524536133,39,4,36,0,11
1403638578.177807331085205,44,2,35,5,11
1403638578.227805137634277,39,4,36,0,11
1403638578.277806282043457,37,4,32,1,11
1403638578.327806949615479,38,2,31,5,11
1403638578.377806901931763,36,1,33,1,11
1403638578.427807569503784,38,2,33,3,11
1403638578.477807760238647,34,4,34,0,11
1403638578.527807474136353,33,1,33,0,11
1403638578.577809572219849,32,2,32,0,11
1403638578.627809286117554,32,0,32,0,11
1403638578.677810668945312,32,2,30,1,11
1403638578.727813482284546,33,3,30,1,11
1403638578.777814388275146,32,3,29,1,11
1403638578.827818393707275,38,4,29,8,11
1403638578.877817869186401,37,2,33,1,11
1403638578.927819728851318,40,0,33,4,11
1403638578.977820158004761,36,0,36,0,11
1403638579.027820348739624,37,2,34,1,11
1403638579.077819585800171,38,1,35,1,11
1403638579.127819776535034,36,3,30,3,11
1403638579.177815675735474,36,5,33,0,11
1403638579.227813959121704,31,2,31,0,11
1403638579.277814865112305,31,1,29,0,11
1403638579.327815055847168,32,1,27,2,11
1403638579.377816438674927,33,2,29,3,11
1403638579.427817106246948,32,1,31,0,11
1403638579.477816581726074,33,1,31,1,11
1403638579.527817964553833,39,2,30,8,11
1403638579.577818632125854,36,0,36,0,11
1403638579.627819299697876,32,1,32,0,11
1403638579.677818775177002,34,1,30,3,11
1403638579.727818012237549,36,4,30,5,11
1403638579.777813911437988,34,3,32,0,11
1403638579.827806949615479,35,2,33,2,11
1403638579.877801656723022,35,0,33,0,11
1403638579.927797317504883,31,1,31,0,11
1403638579.977793931961060,31,2,27,1,11
1403638580.027793407440186,30,3,26,1,11
1403638580.077792406082153,21,1,20,0,11
1403638580.127793312072754,24,2,20,4,11
1403638580.177789688110352,22,1,20,0,11
1403638580.227785348892212,20,1,16,0,11
1403638580.277781486511230,16,1,15,0,11
1403638580.327774524688721,18,1,14,3,11
1403638580.377770662307739,17,0,15,0,11
1403638580.427762031555176,16,0,15,0,11
1403638580.477758646011353,15,0,15,0,11
1403638580.527756214141846,16,0,15,1,11
1403638580.577752590179443,16,0,16,0,11
1403638580.627747058868408,16,0,15,1,11
1403638580.677746295928955,17,0,16,1,11
1403638580.727748870849609,24,0,16,8,11
1403638580.777751207351685,24,0,22,1,11
1403638580.827756881713867,27,0,23,3,11
1403638580.877763032913208,30,0,25,4,11
1403638580.927773714065552,31,1,28,1,11
1403638580.977779388427734,36,0,28,6,11
1403638581.027785539627075,33,1,31,0,11
1403638581.077791690826416,33,3,32,0,11
1403638581.127793550491333,31,2,31,0,11
1403638581.177796840667725,30,0,29,1,11
1403638581.227798938751221,31,0,30,1,11
1403638581.277801990509033,30,3,28,0,11
1403638581.327802658081055,34,3,25,9,11
1403638581.377804756164551,34,1,32,1,11
1403638581.427805662155151,34,0,33,0,11
1403638581.477804183959961,31,3,29,0,11
1403638581.527799844741821,30,0,30,0,11
1403638581.577803850173950,33,1,30,3,11
1403638581.627805948257446,34,1,33,1,11
1403638581.677806854248047,32,1,31,1,11
1403638581.727805614471436,32,1,31,1,11
1403638581.777804136276245,32,0,32,0,11
1403638581.827802658081055,32,0,31,1,11
1403638581.877804994583130,31,0,30,0,11
1403638581.927805423736572,30,0,25,3,11
1403638581.977805614471436,28,0,28,0,11
1403638582.027808666229248,30,0,27,2,11
1403638582.077814579010010,30,1,29,0,11
1403638582.127819538116455,29,0,29,0,11
1403638582.177823781967163,29,0,28,0,11
1403638582.227823495864868,29,0,28,0,11
1403638582.277818441390991,30,0,27,2,11
1403638582.327807188034058,28,0,26,0,11
1403638582.377803325653076,28,0,23,0,11
1403638582.427803993225098,23,0,19,0,11
1403638582.477802515029907,20,0,15,0,11
1403638582.527797222137451,24,1,11,5,11
1403638582.577798843383789,22,1,13,2,11
1403638582.627802371978760,19,0,12,3,11
1403638582.677804231643677,18,0,12,1,11
1403638582.727804422378540,16,0,12,0,11
1403638582.777805089950562,13,1,10,0,11
1403638582.827807664871216,14,0,10,2,11
1403638582.877806425094604,13,1,12,1,11
1403638582.927808046340942,12,1,11,0,11
1403638582.977809429168701,14,1,11,2,11
1403638583.027810811996460,16,0,12,3,11
1403638583.077810764312744,18,1,13,3,11
1403638583.127809286117554,27,0,12,9,11
1403638583.177810192108154,29,0,19,5,11
1403638583.227807998657227,33,0,23,7,11
1403638583.277804613113403,39,0,28,8,11
1403638583.327802181243896,39,0,35,1,11
1403638583.377800464630127,38,2,32,1,11
1403638583.427795648574829,37,1,31,1,11
1403638583.477794647216797,33,0,31,2,11
1403638583.527796030044556,33,0,32,0,11
1403638583.577794075012207,32,0,29,0,11
1403638583.627790451049805,30,0,28,0,11
1403638583.677788734436035,30,0,28,1,11
1403638583.727789402008057,30,0,27,0,11
1403638583.777789115905762,32,0,28,3,11
1403638583.827789545059204,32,0,29,3,11
1403638583.877789974212646,36,1,31,4,11
1403638583.927789449691772,36,1,34,1,11
1403638583.977790117263794,38,0,35,3,11
1403638584.027789831161499,36,0,36,0,11
1403638584.077790021896362,34,0,31,3,11
1403638584.127790451049805,34,0,33,1,11
1403638584.177791833877563,30,0,27,1,11
1403638584.227792501449585,30,0,27,2,11
1403638584.277792930603027,23,0,23,0,11
1403638584.327793598175049,23,0,23,0,11
1403638584.377794981002808,23,0,23,0,11
1403638584.427796125411987,23,0,23,0,11
1403638584.477797985076904,23,0,23,0,11
1403638584.527799844741821,23,0,22,0,11
1403638584.577802896499634,23,0,22,0,11
1403638584.627807617187500,21,1,21,0,11
1403638584.677809953689575,22,1,21,1,11
1403638584.727815628051758,23,0,22,1,11
1403638584.777818202972412,23,1,23,0,11
1403638584.827821493148804,35,0,23,12,11
1403638584.877823114395142,34,0,34,0,11
1403638584.927822589874268,34,0,34,0,11
1403638584.977824211120605,37,0,34,3,11
1403638585.027825593948364,41,0,36,5,11
1403638585.077827453613281,43,0,41,2,11
1403638585.127829313278198,41,0,40,0,11
1403638585.177831411361694,43,0,39,2,11
1403638585.227833032608032,41,0,40,0,11
1403638585.277833461761475,46,0,40,6,11
1403638585.327832937240601,47,1,46,1,11
1403638585.377830505371094,48,2,47,1,11
1403638585.427831172943115,49,9,47,2,11
1403638585.477832078933716,48,1,48,0,11
1403638585.527832269668579,48,3,48,0,11
1403638585.577832460403442,48,2,47,0,11
1403638585.627833843231201,48,4,45,2,11
1403638585.677833318710327,48,6,45,0,11
1403638585.727832555770874,46,3,45,0,11
1403638585.777831792831421,45,0,44,0,11
1403638585.827830076217651,45,0,44,0,11
1403638585.877830505371094,46,0,44,2,11
1403638585.927832603454590,47,1,45,1,11
1403638585.977840423583984,48,1,45,1,11
1403638586.027846813201904,49,6,46,2,11
1403638586.077851533889771,47,1,47,0,11
1403638586.127853631973267,46,6,45,0,11
1403638586.177853107452393,46,0,45,0,11
1403638586.227852821350098,45,2,45,0,11
1403638586.277853012084961,47,4,44,2,11
1403638586.327852010726929,48,5,46,1,11
1403638586.377851247787476,46,4,45,0,11
1403638586.427848815917969,46,1,44,1,11
1403638586.477846622467041,44,0,44,0,11
1403638586.527845382690430,44,0,43,0,11
1403638586.577844858169556,43,0,42,1,11
1403638586.627843618392944,49,5,42,7,11
1403638586.677844047546387,49,2,48,0,11
1403638586.727843761444092,49,4,48,0,11
1403638586.777843713760376,48,1,48,0,11
1403638586.827844142913818,47,3,46,0,11
1403638586.877845048904419,46,6,45,0,11
1403638586.927845716476440,46,3,45,1,11
1403638586.977845907211304,46,4,45,0,11
1403638587.027845621109009,45,1,45,0,11
1403638587.077847480773926,48,2,45,3,11
1403638587.127847909927368,48,1,48,0,11
1403638587.177847146987915,48,3,47,0,11
1403638587.227845907211304,48,2,45,2,11
1403638587.277847528457642,47,1,47,0,11
1403638587.327848672866821,48,5,47,1,11
1403638587.377848863601685,48,3,48,0,11
1403638587.427848577499390,48,4,48,0,11
1403638587.477848529815674,48,8,48,0,11
1403638587.527848720550537,49,8,48,1,11
1403638587.577849626541138,49,5,49,0,11
1403638587.627849817276001,49,3,49,0,11
1403638587.677850008010864,49,6,48,0,11
1403638587.727849721908569,49,1,48,0,11
1403638587.777850389480591,48,9,48,0,11
1403638587.827850580215454,48,3,46,2,11
1403638587.877850770950317,46,7,46,0,11
1403638587.927851438522339,46,3,45,0,11
1403638587.977851390838623,46,2,45,0,11
1403638588.027850866317749,46,2,45,1,11
1403638588.077851295471191,48,6,46,2,11
1403638588.127851486206055,48,6,48,0,11
1403638588.177851676940918,48,4,47,0,11
1403638588.227851867675781,49,0,48,1,11
1403638588.277851819992065,49,8,48,0,11
1403638588.327852249145508,49,8,48,1,11
1403638588.377852678298950,49,9,48,0,11
1403638588.427852630615234,48,7,47,0,11
1403638588.477852344512939,47,1,47,0,11
1403638588.527852773666382,49,0,47,2,11
1403638588.577852725982666,49,2,47,0,11
1403638588.627852916717529,49,5,47,0,11
1403638588.677854776382446,47,6,47,0,11
1403638588.727857589721680,48,6,45,1,11
1403638588.777855873107910,48,7,45,1,11
1403638588.827854156494141,46,0,46,0,11
1403638588.877850770950317,48,5,46,2,11
1403638588.927849531173706,47,10,47,0,11
1403638588.977845668792725,49,5,47,2,11
1403638589.027841567993164,50,10,49,1,11
1403638589.077838897705078,50,6,49,0,11
1403638589.127838373184204,50,0,49,0,11
1403638589.177838563919067,49,5,48,0,11
1403638589.227837800979614,50,5,47,1,11
1403638589.277837276458740,49,6,48,0,11
1403638589.327838659286499,47,10,47,0,11
1403638589.377838373184204,50,6,46,3,11
1403638589.427838325500488,50,4,49,0,11
1403638589.477838516235352,49,9,47,0,11
1403638589.527838230133057,50,8,47,1,11
1403638589.577839136123657,47,4,46,0,11
1403638589.627839326858521,49,10,43,3,11
1403638589.677839040756226,48,3,43,1,11
1403638589.727839231491089,49,3,43,2,11
1403638589.777838706970215,46,5,44,0,11
1403638589.827839136123657,48,3,42,3,11
1403638589.877839565277100,47,3,44,1,11
1403638589.927839994430542,48,19,45,2,11
1403638589.977840423583984,48,2,47,1,11
1403638590.027839660644531,47,7,45,0,11
1403638590.077840089797974,49,2,43,3,11
1403638590.127839326858521,50,4,46,1,11
1403638590.177839517593384,47,11,47,0,11
1403638590.227839469909668,49,5,45,3,11
1403638590.277840137481689,50,7,48,1,11
1403638590.327840566635132,48,2,46,0,11
1403638590.377840518951416,48,9,47,0,11
1403638590.427840471267700,48,2,46,1,11
1403638590.477842569351196,49,9,46,2,11
1403638590.527842044830322,48,23,47,0,11
1403638590.577842235565186,49,1,47,2,11
1403638590.627841949462891,48,11,48,0,11
1403638590.677841901779175,47,3,46,0,11
1403638590.727839708328247,48,4,43,1,11
1403638590.777838468551636,48,12,43,2,11
1403638590.827838182449341,48,2,45,2,11
1403638590.877838611602783,48,5,47,1,11
1403638590.927839994430542,49,0,48,1,11
1403638590.977839469909668,48,11,47,0,11
1403638591.027839899063110,48,7,46,1,11
1403638591.077841997146606,45,5,44,0,11
1403638591.127843618392944,47,14,44,2,11
1403638591.177848577499390,49,4,45,3,11
1403638591.227853298187256,48,9,45,0,11
1403638591.277855634689331,48,0,45,1,11
1403638591.327855110168457,45,10,44,0,11
1403638591.377856016159058,44,6,43,1,11
1403638591.427854776382446,47,0,42,3,11
1403638591.477854728698730,47,4,44,1,11
1403638591.527854681015015,44,0,44,0,11
1403638591.577854156494141,46,13,44,2,11
1403638591.627853631973267,46,1,42,1,11
1403638591.677854061126709,47,1,43,2,11
1403638591.727859973907471,45,23,44,0,11
1403638591.777860641479492,48,1,44,4,11
1403638591.827859640121460,47,5,47,0,11
1403638591.877860546112061,48,1,47,1,11
1403638591.927860021591187,49,24,48,1,11
1403638591.977859497070312,48,6,46,0,11
1403638592.027858495712280,47,0,46,0,11
1403638592.077858209609985,46,7,46,0,11
1403638592.127858161926270,46,1,46,0,11
1403638592.177858829498291,47,6,45,1,11
1403638592.227860450744629,46,2,45,0,11
1403638592.277861118316650,45,5,44,1,11
1403638592.327859640121460,45,15,43,2,11
1403638592.377859592437744,44,0,43,1,11
1403638592.427855253219604,46,1,44,2,11
1403638592.477851867675781,46,0,44,1,11
1403638592.527847528457642,46,11,46,0,11
1403638592.577842473983765,44,3,43,1,11
1403638592.627839803695679,45,0,44,1,11
1403638592.677839756011963,46,3,45,1,11
1403638592.727838039398193,45,2,44,1,11
1403638592.777840137481689,48,8,44,3,11
1403638592.827842712402344,48,3,46,1,11
1403638592.877843618392944,47,10,46,0,11
1403638592.927845954895020,46,26,45,0,11
1403638592.977846622467041,46,0,42,0,11
1403638593.027848243713379,48,5,43,4,11
1403638593.077849626541138,47,1,46,0,11
1403638593.127849817276001,47,11,46,0,11
1403638593.177850961685181,46,5,46,0,11
1403638593.227850198745728,47,0,44,2,11
1403638593.277850866317749,47,4,46,1,11
1403638593.327851057052612,45,7,42,0,11
1403638593.377850055694580,44,5,40,2,11
1403638593.427850723266602,43,3,40,2,11
1403638593.477852344512939,48,1,41,5,11
1403638593.527854442596436,46,23,44,1,11
1403638593.577855587005615,45,0,44,0,11
1403638593.627857446670532,49,0,42,5,11
1403638593.677859544754028,49,1,47,1,11
1403638593.727863311767578,48,10,48,0,11
1403638593.777866125106812,48,4,47,0,11
1403638593.827866792678833,47,1,47,0,11
1403638593.877866029739380,42,3,39,0,11
1403638593.927872657775879,39,4,37,1,11
1403638593.977881908416748,37,1,35,1,11
1403638594.027890205383301,39,0,35,2,11
1403638594.077893733978271,38,0,36,0,11
1403638594.127896785736084,42,15,36,6,11
1403638594.177896499633789,43,0,42,1,11
1403638594.227895498275757,43,0,43,0,11
1403638594.277895927429199,44,0,43,1,11
1403638594.327893495559692,47,3,44,3,11
1403638594.377891778945923,47,2,47,0,11
1403638594.427889823913574,48,0,47,1,11
1403638594.477890014648438,47,3,47,0,11
1403638594.527890682220459,46,4,46,0,11
1403638594.577891826629639,46,0,46,0,11
1403638594.627892971038818,45,1,45,0,11
1403638594.677891731262207,46,0,45,1,11
1403638594.727892160415649,46,14,45,1,11
1403638594.777891635894775,48,7,46,2,11
1403638594.827891826629639,48,0,47,0,11
1403638594.877891063690186,49,2,46,1,11
1403638594.927889585494995,49,12,48,1,11
1403638594.977888584136963,49,1,49,0,11
1403638595.027888536453247,49,1,48,0,11
1403638595.077887773513794,49,2,48,1,11
1403638595.127887010574341,49,8,49,0,11
1403638595.177885770797729,49,5,49,0,11
1403638595.227885246276855,49,0,47,0,11
1403638595.277886390686035,49,0,47,0,11
1403638595.327885627746582,47,10,47,0,11
1403638595.377885341644287,47,3,47,0,11
1403638595.427885055541992,47,0,47,0,11
1403638595.477884769439697,47,0,47,0,11
1403638595.527884960174561,47,3,47,0,11
1403638595.577884912490845,46,0,45,0,11
1403638595.627884387969971,46,0,46,0,11
1403638595.677883863449097,46,0,45,0,11
1403638595.727882623672485,46,0,45,0,11
1403638595.777881860733032,45,0,45,0,11
1403638595.827882766723633,45,0,45,0,11
1403638595.877881765365601,45,0,45,0,11
1403638595.927881956100464,45,0,45,0,11
1403638595.977882146835327,45,0,45,0,11
1403638596.027882337570190,45,0,45,0,11
1403638596.077881813049316,45,0,45,0,11
1403638596.127881526947021,45,3,45,0,11
1403638596.177880764007568,45,0,45,0,11
1403638596.227879524230957,44,0,44,0,11
1403638596.277878284454346,44,0,44,0,11
1403638596.327879428863525,44,5,44,0,11
1403638596.377880573272705,46,2,44,2,11
1403638596.427880764007568,46,0,45,0,11
1403638596.477882623672485,46,0,46,0,11
1403638596.527882575988770,49,9,45,3,11
1403638596.577884674072266,48,10,47,0,11
1403638596.627884149551392,48,0,47,0,11
1403638596.677883863449097,46,1,45,0,11
1403638596.727885961532593,50,9,43,4,11
1403638596.777886152267456,49,7,47,0,11
1403638596.827888727188110,46,1,41,1,11
1403638596.877888679504395,45,7,40,2,11
1403638596.927890777587891,46,19,38,4,11
1403638596.977890014648438,47,10,38,3,11
1403638597.027887344360352,46,1,41,3,11
1403638597.077888965606689,43,0,39,1,11
1403638597.127886056900024,48,12,39,6,11
1403638597.177885293960571,48,9,43,2,11
1403638597.227887392044067,47,4,40,2,11
1403638597.277887582778931,47,4,42,1,11
1403638597.327890157699585,44,11,36,3,11
1403638597.377890586853027,45,2,40,3,11
1403638597.427896261215210,47,0,41,5,11
1403638597.477895498275757,46,12,43,2,11
1403638597.527892827987671,48,19,41,3,11
1403638597.577892065048218,47,14,43,0,11
1403638597.627890586853027,44,3,41,1,11
1403638597.677891016006470,46,1,39,3,11
1403638597.727890968322754,47,4,40,4,11
1403638597.777890682220459,47,6,43,3,11
1403638597.827893733978271,48,7,45,2,11
1403638597.877895593643188,47,3,45,1,11
1403638597.927894830703735,50,5,46,3,11
1403638597.977893352508545,49,8,47,0,11
1403638598.027892589569092,50,2,46,1,11
1403638598.077893733978271,47,19,43,0,11
1403638598.127892255783081,45,15,38,3,11
1403638598.177889585494995,46,21,41,4,11
1403638598.227889537811279,49,1,44,4,11
1403638598.277886867523193,49,1,46,1,11
1403638598.327886819839478,44,3,40,1,11
1403638598.377886295318604,48,2,41,5,11
1403638598.427886486053467,47,6,44,2,11
1403638598.477887392044067,49,2,45,2,11
1403638598.527884960174561,48,13,44,0,11
1403638598.577883243560791,46,15,41,2,11
1403638598.627880573272705,44,5,40,3,11
1403638598.677879810333252,47,4,42,5,11
1403638598.727878570556641,48,14,40,3,11
1403638598.777875185012817,49,21,41,2,11
1403638598.827873945236206,43,10,41,1,11
1403638598.877872228622437,43,3,40,2,11
1403638598.927870035171509,46,4,35,6,11
1403638598.977870941162109,43,7,37,3,11
1403638599.027865886688232,40,5,33,5,11
1403638599.077868223190308,42,7,32,5,11
1403638599.127868175506592,43,5,33,5,11
1403638599.177868366241455,48,8,36,7,11
1403638599.227868795394897,44,8,40,2,11
1403638599.277873039245605,48,4,41,6,11
1403638599.327873229980469,47,17,45,2,11
1403638599.377875089645386,48,12,44,3,11
1403638599.427877664566040,48,2,44,1,11
1403638599.477883100509644,48,2,43,1,11
1403638599.527889013290405,46,4,39,1,11
1403638599.577893733978271,46,12,37,4,11
1403638599.627897262573242,43,6,41,2,11
1403638599.677900314331055,45,9,42,3,11
1403638599.727900266647339,47,2,43,3,11
1403638599.777899503707886,48,10,43,3,11
1403638599.827901363372803,45,5,42,2,11
1403638599.877901792526245,44,3,43,0,11
1403638599.927902936935425,50,16,39,6,11
1403638599.977902650833130,46,16,41,0,11
1403638600.027903556823730,46,7,41,4,11
1403638600.077904224395752,46,2,42,1,11
1403638600.127906084060669,47,6,41,4,11
1403638600.177908658981323,46,21,42,3,11
1403638600.227910518646240,49,13,39,4,11
1403638600.277912378311157,44,8,37,1,11
1403638600.327913761138916,38,3,35,1,11
1403638600.377914905548096,44,3,35,7,11
1403638600.427916765213013,43,3,38,2,11
1403638600.477916955947876,41,2,38,1,11
1403638600.527916431427002,47,6,37,9,11
1403638600.577916860580444,47,9,44,3,11
1403638600.627917289733887,50,3,45,3,11
1403638600.677917957305908,49,3,46,0,11
1403638600.727918148040771,48,8,46,1,11
1403638600.777918577194214,48,10,44,2,11
1403638600.827921628952026,50,4,45,2,11
1403638600.877925395965576,47,7,46,0,11
1403638600.927928209304810,46,11,41,3,11
1403638600.977931499481201,46,3,42,1,11
1403638601.027932643890381,45,1,41,3,11
1403638601.077934265136719,48,2,43,4,11
1403638601.127937555313110,47,13,42,1,11
1403638601.177937746047974,45,4,42,1,11
1403638601.227940797805786,44,6,40,3,11
1403638601.277941465377808,42,4,41,0,11
1403638601.327943325042725,46,8,39,7,11
1403638601.377943277359009,47,9,43,3,11
1403638601.427941322326660,48,2,44,2,11
1403638601.477942228317261,48,10,45,2,11
1403638601.527940988540649,47,6,44,2,11
1403638601.577940464019775,49,4,44,3,11
1403638601.627940177917480,45,5,39,1,11
1403638601.677937984466553,42,2,37,1,11
1403638601.727937698364258,43,2,34,6,11
1403638601.777938604354858,40,3,37,0,11
1403638601.827938079833984,39,3,34,2,11
1403638601.877938747406006,38,5,35,0,11
1403638601.927938938140869,41,2,34,5,11
1403638601.977939844131470,44,2,39,4,11
1403638602.027939796447754,45,1,39,4,11
1403638602.077940464019775,48,5,40,5,11
1403638602.127940654754639,48,7,44,2,11
1403638602.177946805953979,48,16,44,2,11
1403638602.227946281433105,47,19,43,1,11
1403638602.277946710586548,49,9,43,3,11
1403638602.327947616577148,47,8,44,1,11
1403638602.377946376800537,45,7,40,3,11
1403638602.427942752838135,44,8,40,1,11
1403638602.477940797805786,41,5,39,0,11
1403638602.527935743331909,41,6,32,6,11
1403638602.577933788299561,36,5,31,1,11
1403638602.627931833267212,40,10,31,7,11
1403638602.677934169769287,38,4,36,1,11
1403638602.727935075759888,42,0,35,5,11
1403638602.777937412261963,43,3,39,2,11
1403638602.827932119369507,47,1,40,6,11
1403638602.877943038940430,41,12,39,2,11
1403638602.927940130233765,48,0,40,7,11
1403638602.977941989898682,49,4,46,2,11
1403638603.027947425842285,47,16,46,1,11
1403638603.077950000762939,49,0,46,2,11
1403638603.127949953079224,50,7,48,1,11
1403638603.177949428558350,48,9,47,0,11
1403638603.227947711944580,50,6,47,2,11
1403638603.277943372726440,49,8,49,0,11
1403638603.327937841415405,50,3,48,1,11
1403638603.377935886383057,49,8,49,0,11
1403638603.427934646606445,50,3,49,1,11
1403638603.477938175201416,50,5,50,0,11
1403638603.527945756912231,50,6,49,0,11
1403638603.577953815460205,50,6,49,0,11
1403638603.627959728240967,48,3,48,0,11
1403638603.677965879440308,47,0,46,1,11
1403638603.727975845336914,50,3,46,3,11
1403638603.777976989746094,50,8,49,0,11
1403638603.827979326248169,49,17,49,0,11
1403638603.877984762191772,50,8,49,1,11
1403638603.927983999252319,50,5,49,0,11
1403638603.977983474731445,50,9,48,0,11
1403638604.027983427047729,48,4,46,0,11
1403638604.077980995178223,49,10,46,2,11
1403638604.127980470657349,48,4,47,0,11
1403638604.177981853485107,48,2,46,1,11
1403638604.227984666824341,47,4,46,0,11
1403638604.277988195419312,47,2,45,0,11
1403638604.327990770339966,47,2,43,1,11
1403638604.377990722656250,46,4,44,1,11
1403638604.427989244461060,48,7,45,3,11
1403638604.477986335754395,48,5,48,0,11
1403638604.527985095977783,50,6,48,2,11
1403638604.577984333038330,50,12,49,0,11
1403638604.627978801727295,49,8,49,0,11
1403638604.677977085113525,50,9,49,1,11
1403638604.727973937988281,50,7,49,0,11
1403638604.777973651885986,50,1,48,0,11
1403638604.827972412109375,49,7,48,0,11
1403638604.877971172332764,48,1,47,0,11
1403638604.927971839904785,49,2,46,1,11
1403638604.977972984313965,49,5,46,1,11
1403638605.027971982955933,47,6,45,0,11
1403638605.077972412109375,47,9,44,1,11
1403638605.127971887588501,47,3,45,1,11
1403638605.177972793579102,49,26,46,3,11
1403638605.227971792221069,50,5,48,1,11
1403638605.277968406677246,50,5,49,0,11
1403638605.327962875366211,49,4,48,0,11
1403638605.377957820892334,47,0,46,0,11
1403638605.427952051162720,47,7,46,1,11
1403638605.477946758270264,47,0,47,0,11
1403638605.527945518493652,49,0,46,2,11
1403638605.577944040298462,49,6,48,0,11
1403638605.627941131591797,48,17,48,0,11
1403638605.677944421768188,47,6,47,0,11
1403638605.727944850921631,48,3,47,1,11
1403638605.777945518493652,50,23,48,2,11
1403638605.827946424484253,50,5,50,0,11
1403638605.877947568893433,50,5,50,0,11
1403638605.927946329116821,50,5,50,0,11
1403638605.977946519851685,49,8,49,0,11
1403638606.027947187423706,49,13,48,0,11
1403638606.077948331832886,49,0,48,0,11
1403638606.127948760986328,48,0,48,0,11
1403638606.177948236465454,50,4,48,2,11
1403638606.227947235107422,50,23,49,0,11
1403638606.277946710586548,50,9,48,0,11
1403638606.327943325042725,48,4,47,0,11
1403638606.377941370010376,49,12,47,2,11
1403638606.427939891815186,48,6,48,0,11
1403638606.477938175201416,49,6,47,2,11
1403638606.527938365936279,49,8,49,0,11
1403638606.577939033508301,50,14,49,1,11
1403638606.627940416336060,48,13,46,0,11
1403638606.677940607070923,45,2,42,0,11
1403638606.727942228317261,43,3,42,1,11
1403638606.777941226959229,43,3,38,1,11
1403638606.827939510345459,44,23,32,6,11
1403638606.877939224243164,37,4,29,3,11
1403638606.927940607070923,38,1,29,3,11
1403638606.977942705154419,43,7,29,9,11
1403638607.027940511703491,42,3,37,2,11
1403638607.077941656112671,40,1,37,2,11
1403638607.127941131591797,43,1,37,4,11
1403638607.177938222885132,48,27,40,7,11
1403638607.227939605712891,48,6,45,2,11
1403638607.277936220169067,42,5,40,0,11
1403638607.327933311462402,48,6,37,8,11
1403638607.377933740615845,45,17,40,2,11
1403638607.427932739257812,47,10,41,4,11
1403638607.477931261062622,47,4,42,3,11
1403638607.527931451797485,50,7,45,3,11
1403638607.577930927276611,48,6,47,0,11
1403638607.627927541732788,50,10,47,2,11
1403638607.677927732467651,48,2,45,0,11
1403638607.727927207946777,44,2,40,0,11
1403638607.777924776077271,46,15,37,6,11
1403638607.827925443649292,49,18,43,4,11
1403638607.877924680709839,47,2,47,0,11
1403638607.927923917770386,50,5,45,3,11
1403638607.977923870086670,48,23,45,0,11
1403638608.027924537658691,47,9,45,2,11
1403638608.077925682067871,48,3,43,3,11
1403638608.127925872802734,47,10,43,2,11
1403638608.177924871444702,46,7,42,2,11
1403638608.227924108505249,48,7,41,4,11
1403638608.277924060821533,46,5,41,1,11
1403638608.327924013137817,43,3,36,0,11
1403638608.377923965454102,46,6,35,7,11
1403638608.427925109863281,46,11,42,3,11
1403638608.477925539016724,43,0,42,0,11
1403638608.527925014495850,45,7,36,7,11
1403638608.577923297882080,49,12,41,5,11
1403638608.627922773361206,45,0,39,0,11
1403638608.677921295166016,43,2,38,0,11
1403638608.727920532226562,42,7,37,4,11
1403638608.777922153472900,49,2,40,7,11
1403638608.827922821044922,48,8,46,1,11
1403638608.877922296524048,48,9,46,1,11
1403638608.927921772003174,48,3,46,1,11
1403638608.977921009063721,49,4,47,2,11
1403638609.027921199798584,49,14,48,0,11
1403638609.077920913696289,50,3,48,1,11
1403638609.127921104431152,48,12,46,0,11
1403638609.177921533584595,50,6,46,2,11
1403638609.227922677993774,47,2,46,0,11
1403638609.277925014495850,50,2,46,3,11
1403638609.327925682067871,48,9,48,0,11
1403638609.377925157546997,49,0,46,1,11
1403638609.427924871444702,49,8,45,1,11
1403638609.477923154830933,48,7,46,1,11
1403638609.527922868728638,47,4,45,2,11
1403638609.577923059463501,50,5,46,3,11
1403638609.627924203872681,50,17,49,0,11
1403638609.677923679351807,49,0,47,0,11
1403638609.727923154830933,50,7,47,1,11
1403638609.777922391891479,46,6,45,0,11
1403638609.827922821044922,46,0,39,2,11
1403638609.877923250198364,46,0,40,3,11
1403638609.927923440933228,46,8,43,3,11
1403638609.977923393249512,47,0,46,1,11
1403638610.027924299240112,48,6,45,3,11
1403638610.077924966812134,50,14,48,2,11
1403638610.127925395965576,50,8,50,0,11
1403638610.177925586700439,50,4,49,0,11
1403638610.227925539016724,50,17,49,0,11
1403638610.277925729751587,49,2,49,0,11
1403638610.327926397323608,50,10,49,1,11
1403638610.377927064895630,50,10,50,0,11
1403638610.427927017211914,50,3,49,0,11
1403638610.477927207946777,50,0,49,0,11
1403638610.527926445007324,49,7,49,0,11
1403638610.577926397323608,50,2,49,1,11
1403638610.627925157546997,50,8,50,0,11
1403638610.677926540374756,50,11,50,0,11
1403638610.727926492691040,50,9,48,0,11
1403638610.777926683425903,50,6,48,0,11
1403638610.827925682067871,47,18,47,0,11
1403638610.877926111221313,46,0,44,2,11
1403638610.927926063537598,50,4,46,4,11
1403638610.977923870086670,50,5,49,0,11
1403638611.027923107147217,50,4,49,0,11
1403638611.077922105789185,49,1,48,0,11
1403638611.127920866012573,50,13,48,1,11
1403638611.177920818328857,49,3,48,0,11
1403638611.227921485900879,50,6,47,1,11
1403638611.277923822402954,49,11,48,0,11
1403638611.327923774719238,49,7,48,1,11
1403638611.377923250198364,49,2,48,1,11
1403638611.427920579910278,49,17,48,1,11
1403638611.477919816970825,50,3,49,1,11
1403638611.527918338775635,48,10,48,0,11
1403638611.577918291091919,49,2,48,1,11
1403638611.627918481826782,49,2,47,0,11
1403638611.677918672561646,49,1,47,0,11
1403638611.727918624877930,48,17,47,1,11
1403638611.777917861938477,49,3,47,2,11
1403638611.827917337417603,48,3,48,0,11
1403638611.877917528152466,49,8,47,2,11
1403638611.927920103073120,49,19,48,1,11
1403638611.977920055389404,50,11,49,1,11
1403638612.027920722961426,50,18,50,0,11
1403638612.077920675277710,50,4,50,0,11
1403638612.127920389175415,48,17,48,0,11
1403638612.177921056747437,48,1,47,1,11
1403638612.227921009063721,49,1,48,1,11
1403638612.277920246124268,50,9,48,1,11
1403638612.327919960021973,50,11,48,0,11
1403638612.377918958663940,49,2,48,0,11
1403638612.427919387817383,49,6,48,1,11
1403638612.477918386459351,50,4,49,1,11
1403638612.527920007705688,49,19,49,0,11
1403638612.577922105789185,50,23,49,1,11
1403638612.627920866012573,50,16,49,0,11
1403638612.677921772003174,50,1,48,0,11
1403638612.727921485900879,49,8,47,0,11
1403638612.777920961380005,48,0,47,0,11
1403638612.827921867370605,48,0,47,1,11
1403638612.877922296524048,50,5,48,2,11
1403638612.927922487258911,49,10,48,0,11
1403638612.977922201156616,49,2,48,0,11
1403638613.027920722961426,49,6,48,1,11
1403638613.077919721603394,49,8,48,1,11
1403638613.127918481826782,49,18,48,0,11
1403638613.177917718887329,50,18,48,1,11
1403638613.227916955947876,49,20,48,0,11
1403638613.277917146682739,50,1,48,1,11
1403638613.327917814254761,49,9,49,0,11
1403638613.377917766571045,49,1,49,0,11
1403638613.427917957305908,49,1,49,0,11
1403638613.477918148040771,50,4,49,1,11
1403638613.527918577194214,50,6,50,0,11
1403638613.577918767929077,50,2,50,0,11
1403638613.627918720245361,50,7,49,0,11
1403638613.677918434143066,50,5,48,0,11
1403638613.727917909622192,49,31,48,0,11
1403638613.777916908264160,49,14,48,1,11
1403638613.827916860580444,50,14,48,1,11
1403638613.877917766571045,50,0,48,0,11
1403638613.927918434143066,49,8,48,0,11
1403638613.977919340133667,48,1,47,0,11
1403638614.027919769287109,48,0,47,0,11
1403638614.077920436859131,49,2,47,2,11
1403638614.127919912338257,49,6,49,0,11
1403638614.177920341491699,50,1,49,1,11
1403638614.227919816970825,50,5,49,0,11
1403638614.277920007705688,50,6,49,0,11
1403638614.327918529510498,48,31,47,0,11
1403638614.377918004989624,49,14,47,2,11
1403638614.427920341491699,48,17,48,0,11
1403638614.477922677993774,48,0,47,0,11
1403638614.527923583984375,48,5,46,1,11
1403638614.577924728393555,47,4,46,0,11
1403638614.627927780151367,50,20,45,3,11
1403638614.677928686141968,49,2,46,0,11
1403638614.727927684783936,48,6,46,0,11
1403638614.777927398681641,45,0,45,0,11
1403638614.827927827835083,46,2,44,1,11
1403638614.877928972244263,46,3,43,1,11
1403638614.927929639816284,44,12,40,3,11
1403638614.977929115295410,48,27,41,6,11
1403638615.027928590774536,48,8,45,1,11
1403638615.077929496765137,46,0,44,0,11
1403638615.127933025360107,40,3,37,1,11
1403638615.177934646606445,37,3,34,1,11
1403638615.227935791015625,47,4,34,12,11
1403638615.277935266494751,37,1,35,1,11
1403638615.327935457229614,32,4,28,1,11
1403638615.377935886383057,26,2,23,0,11
1403638615.427935600280762,23,0,20,1,11
1403638615.477936744689941,18,8,17,0,11
1403638615.527935504913330,42,5,17,24,11
1403638615.577934503555298,46,8,37,6,11
1403638615.627935647964478,42,6,39,3,11
1403638615.677934408187866,49,2,42,7,11
1403638615.727934360504150,48,7,47,0,11
1403638615.777935504913330,45,8,42,1,11
1403638615.827936172485352,42,3,41,0,11
1403638615.877934217453003,49,3,40,8,11
1403638615.927931070327759,47,1,45,1,11
1403638615.977933168411255,49,6,44,3,11
1403638616.027932167053223,48,5,45,1,11
1403638616.077931642532349,42,0,42,0,11
1403638616.127931356430054,48,5,39,8,11
1403638616.177932024002075,49,17,44,2,11
1403638616.227931976318359,46,11,44,1,11
1403638616.277931213378906,48,3,45,3,11
1403638616.327930450439453,49,5,47,2,11
1403638616.377929449081421,45,13,44,1,11
1403638616.427929162979126,44,1,39,3,11
1403638616.477929353713989,46,2,40,3,11
1403638616.527929782867432,47,4,42,3,11
1403638616.577930927276611,46,7,43,3,11
1403638616.627931118011475,48,6,44,4,11
1403638616.677931547164917,45,4,43,2,11
1403638616.727934360504150,48,3,41,5,11
1403638616.777934551239014,49,11,43,2,11
1403638616.827936172485352,45,13,42,1,11
1403638616.877934932708740,43,0,41,2,11
1403638616.927930116653442,48,8,42,6,11
1403638616.977926254272461,50,8,48,2,11
1403638617.027923345565796,48,8,48,0,11
1403638617.077919483184814,48,2,44,2,11
1403638617.127917051315308,46,1,42,2,11
1403638617.177915811538696,45,11,40,4,11
1403638617.227917671203613,48,16,43,5,11
1403638617.277917146682739,49,2,47,2,11
1403638617.327919483184814,48,6,47,1,11
1403638617.377920389175415,50,7,48,2,11
1403638617.427921056747437,50,14,50,0,11
1403638617.477921009063721,49,6,49,0,11
1403638617.527922630310059,50,14,49,1,11
1403638617.577924728393555,48,10,48,0,11
1403638617.627925395965576,48,15,46,1,11
1403638617.677927732467651,50,1,46,2,11
1403638617.727929115295410,47,2,45,0,11
1403638617.777931213378906,47,11,44,3,11
1403638617.827931642532349,50,13,46,3,11
1403638617.877931594848633,49,6,48,0,11
1403638617.927931785583496,49,2,48,1,11
1403638617.977931499481201,50,17,47,1,11
1403638618.027931928634644,50,16,48,0,11
1403638618.077931880950928,47,4,47,0,11
1403638618.127931594848633,50,10,47,3,11
1403638618.177931547164917,49,12,47,0,11
1403638618.227931022644043,49,6,47,0,11
1403638618.277930498123169,47,9,46,1,11
1403638618.327930450439453,46,2,44,1,11
1403638618.377929687500000,48,6,43,4,11
1403638618.427929878234863,47,8,45,2,11
1403638618.477929353713989,47,9,45,2,11
1403638618.527929544448853,47,1,43,3,11
1403638618.577929019927979,50,16,44,3,11
1403638618.627928972244263,48,14,45,0,11
1403638618.677929162979126,47,7,45,1,11
1403638618.727928400039673,49,5,46,3,11
1403638618.777927637100220,48,13,45,1,11
1403638618.827929019927979,47,2,45,0,11
1403638618.877930402755737,47,6,44,3,11
1403638618.927931785583496,50,4,46,3,11
1403638618.977933168411255,49,10,48,0,11
1403638619.027934074401855,46,8,45,1,11
1403638619.077935218811035,44,5,44,0,11
1403638619.127934932708740,40,0,39,0,11
1403638619.177933454513550,46,0,36,8,11
1403638619.227930784225464,45,15,40,4,11
1403638619.277930498123169,43,1,40,2,11
1403638619.327930688858032,46,2,42,3,11
1403638619.377930164337158,45,6,41,4,11
1403638619.427929639816284,45,2,44,1,11
1403638619.477929592132568,46,5,40,5,11
1403638619.527928352355957,45,1,43,1,11
1403638619.577926397323608,44,3,44,0,11
1403638619.627926826477051,48,1,43,5,11
1403638619.677927255630493,49,4,48,1,11
1403638619.727926969528198,48,1,47,1,11
1403638619.777927637100220,50,2,48,2,11
1403638619.827926874160767,48,10,48,0,11
1403638619.877927303314209,48,3,48,0,11
1403638619.927927255630493,50,9,47,2,11
1403638619.977926969528198,50,5,48,0,11
1403638620.027926445007324,48,3,46,0,11
1403638620.077925682067871,46,4,45,0,11
1403638620.127926349639893,46,6,44,2,11
1403638620.177928209304810,48,2,45,2,11
1403638620.227928638458252,47,3,46,0,11
1403638620.277928829193115,46,0,45,0,11
1403638620.327930212020874,49,1,45,3,11
1403638620.377930641174316,49,2,48,1,11
1403638620.427932024002075,50,11,49,1,11
1403638620.477933168411255,50,2,49,0,11
1403638620.527933359146118,50,5,49,0,11
1403638620.577934741973877,49,5,48,0,11
1403638620.627935171127319,50,1,48,1,11
1403638620.677935123443604,49,6,49,0,11
1403638620.727935552597046,49,5,49,0,11
1403638620.777935743331909,49,13,49,0,11
1403638620.827936410903931,49,3,48,0,11
1403638620.877936601638794,49,8,49,0,11
1403638620.927936792373657,49,0,48,0,11
1403638620.977936744689941,50,1,48,1,11
1403638621.027936697006226,48,10,47,0,11
1403638621.077936649322510,50,0,46,2,11
1403638621.127936363220215,48,6,46,0,11
1403638621.177937030792236,48,9,46,1,11
1403638621.227937698364258,47,3,46,0,11
1403638621.277937412261963,49,5,46,2,11
1403638621.327937364578247,48,3,48,0,11
1403638621.377938032150269,49,11,47,2,11
1403638621.427937746047974,49,3,49,0,11
1403638621.477938175201416,50,7,49,1,11
1403638621.527937650680542,50,0,50,0,11
1403638621.577938556671143,50,1,50,0,11
1403638621.627938508987427,50,10,50,0,11
1403638621.677938938140869,49,7,49,0,11
1403638621.727939605712891,50,7,48,1,11
1403638621.777939319610596,50,7,48,0,11
1403638621.827939510345459,46,1,45,0,11
1403638621.877939462661743,47,4,45,2,11
1403638621.927939414978027,48,2,46,2,11
1403638621.977939844131470,48,9,47,1,11
1403638622.027939796447754,47,1,47,0,11
1403638622.077940464019775,50,1,47,3,11
1403638622.127940893173218,50,1,50,0,11
1403638622.177941322326660,50,0,50,0,11
1403638622.227941751480103,50,11,50,0,11
1403638622.277941465377808,50,9,50,0,11
1403638622.327941656112671,50,2,50,0,11
1403638622.377941370010376,50,5,49,0,11
1403638622.427941322326660,47,2,46,0,11
1403638622.477941513061523,47,2,46,1,11
1403638622.527941703796387,47,0,46,1,11
1403638622.577942609786987,45,8,45,0,11
1403638622.627943992614746,45,2,45,0,11
1403638622.677946805953979,46,0,45,1,11
1403638622.727948904037476,46,0,46,0,11
1403638622.777949333190918,44,0,44,0,11
1403638622.827950000762939,43,2,42,1,11
1403638622.877951383590698,43,2,43,0,11
1403638622.927954196929932,47,0,43,4,11
1403638622.977958440780640,49,1,47,2,11
1403638623.027961254119873,49,0,49,0,11
1403638623.077962636947632,49,0,48,0,11
1403638623.127965688705444,50,3,48,1,11
1403638623.177965402603149,49,0,49,0,11
1403638623.227966785430908,49,5,49,0,11
1403638623.277967453002930,49,5,49,0,11
1403638623.327967643737793,49,0,49,0,11
1403638623.377967596054077,49,2,49,0,11
1403638623.427967548370361,49,1,49,0,11
1403638623.477966785430908,49,5,49,0,11
1403638623.527966737747192,49,2,49,0,11
1403638623.577967405319214,49,2,49,0,11
1403638623.627967596054077,49,1,49,0,11
1403638623.677967548370361,49,0,49,0,11
1403638623.727968215942383,50,3,49,1,11
1403638623.777968168258667,50,8,50,0,11
1403638623.827968358993530,50,5,50,0,11
1403638623.877967357635498,50,5,50,0,11
1403638623.927969455718994,50,7,50,0,11
1403638623.977970123291016,50,2,50,0,11
1403638624.027973890304565,50,7,50,0,11
1403638624.077973365783691,50,4,50,0,11
1403638624.127974271774292,50,2,49,0,11
1403638624.177974700927734,50,0,49,0,11
1403638624.227975368499756,49,1,49,0,11
1403638624.277977943420410,49,0,49,0,11
1403638624.327978372573853,50,1,49,1,11
1403638624.377979516983032,50,7,50,0,11
1403638624.427978992462158,50,4,50,0,11
1403638624.477980375289917,50,5,50,0,11
1403638624.527981519699097,50,6,50,0,11
1403638624.577980041503906,50,11,50,0,11
1403638624.627980470657349,50,9,50,0,11
1403638624.677981615066528,50,9,50,0,11
1403638624.727981567382812,50,3,50,0,11
1403638624.777981996536255,50,4,50,0,11
1403638624.827981948852539,50,3,49,0,11
1403638624.877981424331665,50,1,49,0,11
1403638624.927980661392212,49,2,49,0,11
1403638624.977980613708496,50,8,49,1,11
1403638625.027979612350464,50,4,50,0,11
1403638625.077979326248169,50,6,50,0,11
1403638625.127980232238770,50,6,50,0,11
1403638625.177980422973633,50,8,49,0,11
1403638625.227981328964233,50,8,49,0,11
1403638625.277981996536255,49,8,49,0,11
1403638625.327982664108276,49,2,49,0,11
1403638625.377983093261719,49,1,49,0,11
1403638625.427983283996582,49,1,49,0,11
1403638625.477983951568604,49,1,49,0,11
1403638625.527983903884888,49,1,49,0,11
1403638625.577984333038330,49,6,49,0,11
1403638625.627984523773193,49,5,49,0,11
1403638625.677984714508057,50,5,49,1,11
1403638625.727985620498657,50,3,50,0,11
1403638625.777985572814941,50,8,50,0,11
1403638625.827986240386963,50,4,50,0,11
1403638625.877985000610352,50,6,50,0,11
1403638625.927984714508057,50,4,50,0,11
1403638625.977983713150024,50,0,50,0,11
1403638626.027983427047729,50,27,50,0,11
1403638626.077983140945435,50,0,50,0,11
1403638626.127982378005981,50,1,50,0,11
1403638626.177981615066528,50,5,50,0,11
1403638626.227980613708496,50,4,50,0,11
1403638626.277980089187622,50,4,50,0,11
1403638626.327979326248169,50,2,50,0,11
1403638626.377979278564453,50,7,50,0,11
1403638626.427979230880737,50,3,50,0,11
1403638626.477980375289917,50,5,50,0,11
1403638626.527981519699097,50,2,50,0,11
1403638626.577981710433960,49,1,49,0,11
1403638626.627984046936035,49,24,49,0,11
1403638626.677984237670898,49,1,48,0,11
1403638626.727984905242920,49,1,48,0,11
1403638626.777985095977783,48,5,48,0,11
1403638626.827985286712646,49,3,48,1,11
1403638626.877984762191772,49,2,49,0,11
1403638626.927983999252319,49,1,49,0,11
1403638626.977983236312866,49,5,48,0,11
1403638627.027981758117676,49,1,48,0,11
1403638627.077981948852539,48,0,48,0,11
1403638627.127980232238770,49,1,48,1,11
1403638627.177980899810791,49,1,49,0,11
1403638627.227979421615601,50,19,49,1,11
1403638627.277979850769043,50,1,50,0,11
1403638627.327979564666748,50,0,50,0,11
1403638627.377979278564453,50,3,50,0,11
1403638627.427978754043579,50,29,50,0,11
1403638627.477978467941284,50,3,50,0,11
1403638627.527978658676147,50,0,50,0,11
1403638627.577978610992432,50,1,50,0,11
1403638627.627978801727295,50,0,50,0,11
1403638627.677978515625000,50,0,50,0,11
1403638627.727978467941284,50,0,50,0,11
1403638627.777978420257568,50,0,50,0,11
1403638627.827978849411011,49,3,49,0,11
1403638627.877978801727295,49,1,49,0,11
1403638627.927978515625000,49,0,49,0,11
1403638627.977978467941284,49,2,49,0,11
1403638628.027978420257568,49,14,49,0,11
1403638628.077978372573853,48,3,48,0,11
1403638628.127978324890137,47,0,47,0,11
1403638628.177978515625000,47,0,47,0,11
1403638628.227978229522705,47,0,47,0,11
1403638628.277978181838989,47,0,46,0,11
1403638628.327978372573853,47,0,46,0,11
1403638628.377978801727295,45,3,45,0,11
1403638628.427979230880737,45,0,45,0,11
1403638628.477980375289917,45,4,45,0,11
1403638628.527980804443359,45,0,45,0,11
1403638628.577981472015381,45,1,45,0,11
1403638628.627981185913086,47,1,45,2,11
1403638628.677979946136475,47,0,47,0,11
1403638628.727979421615601,47,0,47,0,11
1403638628.777980804443359,48,8,47,1,11
1403638628.827981233596802,48,2,48,0,11
1403638628.877980947494507,48,2,48,0,11
1403638628.927979230880737,49,9,48,1,11
1403638628.977979183197021,48,0,48,0,11
1403638629.027978181838989,48,1,48,0,11
1403638629.077978372573853,48,5,48,0,11
1403638629.127978086471558,47,0,47,0,11
1403638629.177978038787842,47,1,46,0,11
1403638629.227977991104126,47,1,46,0,11
1403638629.277977228164673,45,2,45,0,11
1403638629.327977418899536,45,1,45,0,11
1403638629.377976894378662,46,2,44,2,11
1403638629.427976608276367,46,0,45,0,11
1403638629.477976322174072,46,0,42,0,11
1403638629.527975320816040,46,0,42,1,11
1403638629.577975273132324,42,0,42,0,11
1403638629.627975702285767,42,2,42,0,11
1403638629.677979946136475,46,15,42,4,11
1403638629.727980613708496,45,1,45,0,11
1403638629.777980566024780,48,6,45,3,11
1403638629.827980279922485,48,4,48,0,11
1403638629.877978563308716,47,0,47,0,11
1403638629.927977085113525,46,2,46,0,11
1403638629.977975368499756,47,0,46,1,11
1403638630.027974605560303,45,0,44,0,11
1403638630.077975273132324,41,1,40,0,11
1403638630.127975940704346,37,5,36,0,11
1403638630.177973747253418,28,10,25,0,11
1403638630.227970838546753,24,4,21,1,11
1403638630.277964591979980,19,5,11,4,11
1403638630.327964544296265,4,5,0,0,11
1403638630.377964496612549,2,0,0,0,11
1403638630.427964448928833,0,0,0,0,11
1403638630.477964401245117,0,0,0,0,11
1403638630.527964353561401,0,3,0,0,11
1403638630.577964544296265,0,0,0,0,11
1403638630.627964496612549,0,0,0,0,11
1403638630.677964448928833,0,0,0,0,11
1403638630.727964878082275,0,2,0,0,11
1403638630.777964830398560,0,0,0,0,11
1403638630.827965021133423,0,0,0,0,11
1403638630.877964973449707,0,0,0,0,11
1403638630.927964925765991,0,0,0,0,11
1403638630.977964878082275,0,0,0,0,11
1403638631.027964830398560,0,0,0,0,11
1403638631.077965021133423,0,0,0,0,11
1403638631.127964973449707,0,0,0,0,11
1403638631.177964925765991,0,0,0,0,11
1403638631.227964878082275,0,0,0,0,11
1403638631.277964830398560,0,0,0,0,11
1403638631.327965021133423,0,0,0,0,11
1403638631.377964973449707,0,0,0,0,11
1403638631.427964925765991,0,0,0,0,11
1403638631.477964878082275,0,0,0,0,11
1403638631.527964830398560,0,0,0,0,11
1403638631.577965021133423,0,0,0,0,11
1403638631.627964973449707,0,0,0,0,11
