# timestamp (sec),slam_feats_in_state,msckf_feats_used,slam_feats_updated,slam_feats_delayed_init,clones
1403638132.942121267318726,0,2,0,0,5
1403638132.992121219635010,0,0,0,0,6
1403638133.042121410369873,0,0,0,0,7
1403638133.092121362686157,0,0,0,0,8
1403638133.142121315002441,0,0,0,0,9
1403638133.192121267318726,0,0,0,0,10
1403638133.242121219635010,0,0,0,0,11
1403638133.292121410369873,0,0,0,0,11
1403638133.342121362686157,0,0,0,0,11
1403638133.392121315002441,0,0,0,0,11
1403638133.442121267318726,0,0,0,0,11
1403638133.492121219635010,0,0,0,0,11
1403638133.533004283905029,1,0,0,1,11
1403638133.590957164764404,17,8,0,16,11
1403638133.640974998474121,20,0,16,3,11
1403638133.691011905670166,19,0,17,0,11
1403638133.741059303283691,19,0,16,0,11
1403638133.791031360626221,17,0,15,0,11
1403638133.840934991836548,18,0,14,2,11
1403638133.891749858856201,17,0,16,0,11
1403638133.942420959472656,17,0,9,0,11
1403638133.992829322814941,16,0,4,0,11
1403638134.042829513549805,8,0,0,0,11
1403638134.092829465866089,4,0,0,0,11
1403638134.142829418182373,0,0,0,0,11
1403638134.193202733993530,3,0,0,3,11
1403638134.243179798126221,3,0,2,0,11
1403638134.293179035186768,3,0,1,0,11
1403638134.343178987503052,2,0,0,0,11
1403638134.393178939819336,1,0,0,0,11
1403638134.443178892135620,0,0,0,0,11
1403638134.493178844451904,0,0,0,0,11
1403638134.543179035186768,0,0,0,0,11
1403638134.593178987503052,0,0,0,0,11
1403638134.643178939819336,0,0,0,0,11
1403638134.693178892135620,0,0,0,0,11
1403638134.743178844451904,0,0,0,0,11
1403638134.793179035186768,0,0,0,0,11
1403638134.843178987503052,0,0,0,0,11
1403638134.893178939819336,0,0,0,0,11
1403638134.943178892135620,0,0,0,0,11
1403638134.993178844451904,0,0,0,0,11
1403638135.043179035186768,0,0,0,0,11
1403638135.093178987503052,0,0,0,0,11
1403638135.143178939819336,0,0,0,0,11
1403638135.193178892135620,0,0,0,0,11
1403638135.243178844451904,0,0,0,0,11
1403638135.293179035186768,0,0,0,0,11
1403638135.343178987503052,0,0,0,0,11
1403638135.392712831497192,2,0,0,2,11
1403638135.442261457443237,3,0,2,1,11
1403638135.492077827453613,3,0,3,0,11
1403638135.541846275329590,3,0,3,0,11
1403638135.591783285140991,3,0,2,0,11
1403638135.641863822937012,2,0,2,0,11
1403638135.691991806030273,2,0,1,0,11
1403638135.741991758346558,1,0,0,0,11
1403638135.791991949081421,1,0,0,0,11
1403638135.841991901397705,0,0,0,0,11
1403638135.892185688018799,1,0,0,1,11
1403638135.942769050598145,3,0,0,2,11
1403638135.992977857589722,7,0,1,4,11
1403638136.043693065643311,9,0,4,3,11
1403638136.094071626663208,8,0,8,0,11
1403638136.144374608993530,8,0,7,0,11
1403638136.194698333740234,9,0,4,1,11
1403638136.244798183441162,8,0,4,0,11
1403638136.294999837875366,6,0,3,1,11
1403638136.345048189163208,7,0,1,2,11
1403638136.395296096801758,8,0,3,3,11
1403638136.445370197296143,7,0,3,1,11
1403638136.495399236679077,7,0,4,0,11
1403638136.545680522918701,6,0,3,2,11
1403638136.595677137374878,6,0,2,0,11
1403638136.645697116851807,5,0,1,0,11
1403638136.695738315582275,2,0,1,0,11
1403638136.745738267898560,1,0,0,0,11
1403638136.795738458633423,1,0,0,0,11
1403638136.845738410949707,0,0,0,0,11
1403638136.895633697509766,3,0,0,3,11
1403638136.945533990859985,4,0,2,1,11
1403638136.995204448699951,5,0,2,1,11
1403638137.045301198959351,12,0,3,8,11
1403638137.095396041870117,12,1,5,0,11
1403638137.146378278732300,17,0,3,6,11
1403638137.196601867675781,12,1,2,2,11
1403638137.246765136718750,10,0,0,1,11
1403638137.297262430191040,6,0,0,2,11
1403638137.347262382507324,3,0,0,0,11
1403638137.397262334823608,2,0,0,0,11
1403638137.447262287139893,0,0,0,0,11
1403638137.497262239456177,0,0,0,0,11
1403638137.547262430191040,0,0,0,0,11
1403638137.597262382507324,0,0,0,0,11
1403638137.647262334823608,0,0,0,0,11
1403638137.697262287139893,0,0,0,0,11
1403638137.747262239456177,0,0,0,0,11
1403638137.797262430191040,0,0,0,0,11
1403638137.847262382507324,0,0,0,0,11
1403638137.897262334823608,0,0,0,0,11
1403638137.947262287139893,0,0,0,0,11
1403638137.997262239456177,0,0,0,0,11
1403638138.047262430191040,0,0,0,0,11
1403638138.097262382507324,0,0,0,0,11
1403638138.147262334823608,0,0,0,0,11
1403638138.197262287139893,0,0,0,0,11
1403638138.247262239456177,0,0,0,0,11
1403638138.297262430191040,0,0,0,0,11
1403638138.347262382507324,0,0,0,0,11
1403638138.397262334823608,0,0,0,0,11
1403638138.447262287139893,0,0,0,0,11
1403638138.497262239456177,0,0,0,0,11
1403638138.547262430191040,0,0,0,0,11
1403638138.597262382507324,0,0,0,0,11
1403638138.647262334823608,0,0,0,0,11
1403638138.697262287139893,0,0,0,0,11
1403638138.747262239456177,0,0,0,0,11
1403638138.797262430191040,0,0,0,0,11
1403638138.847262382507324,0,0,0,0,11
1403638138.897262334823608,0,0,0,0,11
1403638138.947262287139893,0,0,0,0,11
1403638138.997262239456177,0,0,0,0,11
1403638139.047262430191040,0,0,0,0,11
1403638139.097262382507324,0,0,0,0,11
1403638139.147262334823608,0,0,0,0,11
1403638139.197262287139893,0,0,0,0,11
1403638139.247262239456177,0,0,0,0,11
1403638139.297262430191040,0,0,0,0,11
1403638139.347262382507324,0,0,0,0,11
1403638139.397262334823608,0,0,0,0,11
1403638139.447262287139893,0,0,0,0,11
1403638139.497262239456177,0,0,0,0,11
1403638139.547262430191040,0,0,0,0,11
1403638139.597262382507324,0,0,0,0,11
1403638139.647262334823608,0,0,0,0,11
1403638139.697262287139893,0,0,0,0,11
1403638139.747262239456177,0,0,0,0,11
1403638139.797262430191040,0,0,0,0,11
1403638139.847262382507324,0,0,0,0,11
1403638139.897262334823608,0,0,0,0,11
1403638139.947262287139893,0,0,0,0,11
1403638139.997262239456177,0,0,0,0,11
1403638140.047262430191040,0,0,0,0,11
1403638140.097262382507324,0,0,0,0,11
1403638140.147262334823608,0,0,0,0,11
1403638140.197262287139893,0,0,0,0,11
1403638140.247262239456177,0,0,0,0,11
1403638140.297262430191040,0,0,0,0,11
1403638140.347262382507324,0,0,0,0,11
1403638140.397262334823608,0,0,0,0,11
1403638140.447262287139893,0,0,0,0,11
1403638140.497262239456177,0,0,0,0,11
1403638140.547262430191040,0,0,0,0,11
1403638140.597262382507324,0,0,0,0,11
1403638140.647262334823608,0,0,0,0,11
1403638140.697262287139893,0,0,0,0,11
1403638140.747262239456177,0,0,0,0,11
1403638140.797262430191040,0,0,0,0,11
1403638140.847262382507324,0,0,0,0,11
1403638140.897262334823608,0,0,0,0,11
1403638140.947262287139893,0,0,0,0,11
1403638140.997262239456177,0,0,0,0,11
1403638141.047262430191040,0,0,0,0,11
1403638141.097262382507324,0,0,0,0,11
1403638141.147262334823608,0,0,0,0,11
1403638141.197262287139893,0,0,0,0,11
1403638141.247262239456177,0,0,0,0,11
1403638141.297262430191040,0,0,0,0,11
1403638141.347262382507324,0,0,0,0,11
1403638141.397262334823608,0,0,0,0,11
1403638141.447262287139893,0,0,0,0,11
1403638141.497262239456177,0,0,0,0,11
1403638141.547262430191040,0,0,0,0,11
1403638141.597262382507324,0,0,0,0,11
1403638141.647262334823608,0,0,0,0,11
1403638141.697262287139893,0,0,0,0,11
1403638141.747262239456177,0,0,0,0,11
1403638141.797262430191040,0,0,0,0,11
1403638141.847262382507324,0,0,0,0,11
1403638141.897262334823608,0,0,0,0,11
1403638141.947262287139893,0,0,0,0,11
1403638141.997262239456177,0,0,0,0,11
1403638142.047262430191040,0,0,0,0,11
1403638142.097262382507324,0,0,0,0,11
1403638142.147262334823608,0,0,0,0,11
1403638142.197262287139893,0,0,0,0,11
1403638142.247262239456177,0,0,0,0,11
1403638142.297262430191040,0,0,0,0,11
1403638142.347262382507324,0,0,0,0,11
1403638142.397262334823608,0,0,0,0,11
1403638142.447262287139893,0,0,0,0,11
1403638142.497262239456177,0,0,0,0,11
1403638142.547262430191040,0,0,0,0,11
1403638142.597262382507324,0,0,0,0,11
1403638142.647262334823608,0,0,0,0,11
1403638142.697262287139893,0,0,0,0,11
1403638142.747262239456177,0,0,0,0,11
1403638142.797262430191040,0,0,0,0,11
1403638142.847262382507324,0,0,0,0,11
1403638142.897262334823608,0,0,0,0,11
1403638142.947262287139893,0,0,0,0,11
1403638142.997262239456177,0,0,0,0,11
1403638143.047262430191040,0,0,0,0,11
1403638143.097262382507324,0,0,0,0,11
1403638143.147262334823608,0,0,0,0,11
1403638143.197262287139893,0,0,0,0,11
1403638143.247262239456177,0,0,0,0,11
1403638143.297262430191040,0,0,0,0,11
1403638143.347262382507324,0,0,0,0,11
1403638143.397262334823608,0,0,0,0,11
1403638143.447262287139893,0,0,0,0,11
1403638143.497262239456177,0,0,0,0,11
1403638143.547262430191040,0,0,0,0,11
1403638143.597262382507324,0,0,0,0,11
1403638143.647262334823608,0,0,0,0,11
1403638143.697262287139893,0,0,0,0,11
1403638143.747262239456177,0,0,0,0,11
1403638143.797262430191040,0,0,0,0,11
1403638143.847262382507324,0,0,0,0,11
1403638143.897262334823608,0,0,0,0,11
1403638143.947262287139893,0,0,0,0,11
1403638143.997262239456177,0,0,0,0,11
1403638144.047262430191040,0,0,0,0,11
1403638144.097262382507324,0,0,0,0,11
1403638144.147262334823608,0,0,0,0,11
1403638144.197262287139893,0,0,0,0,11
1403638144.247262239456177,0,0,0,0,11
1403638144.297262430191040,0,0,0,0,11
1403638144.347262382507324,0,0,0,0,11
1403638144.397262334823608,0,0,0,0,11
1403638144.447262287139893,0,0,0,0,11
1403638144.497262239456177,0,0,0,0,11
1403638144.547262430191040,0,0,0,0,11
1403638144.597262382507324,0,0,0,0,11
1403638144.647262334823608,0,0,0,0,11
1403638144.697262287139893,0,0,0,0,11
1403638144.747262239456177,0,0,0,0,11
1403638144.797262430191040,0,0,0,0,11
1403638144.847262382507324,0,0,0,0,11
1403638144.897262334823608,0,0,0,0,11
1403638144.947262287139893,0,0,0,0,11
1403638144.997262239456177,0,0,0,0,11
1403638145.047262430191040,0,0,0,0,11
1403638145.097262382507324,0,0,0,0,11
1403638145.147262334823608,0,0,0,0,11
1403638145.197262287139893,0,0,0,0,11
1403638145.247262239456177,0,0,0,0,11
1403638145.297262430191040,0,0,0,0,11
1403638145.347262382507324,0,0,0,0,11
1403638145.397262334823608,0,0,0,0,11
1403638145.447262287139893,0,0,0,0,11
1403638145.497262239456177,0,0,0,0,11
1403638145.547262430191040,0,0,0,0,11
1403638145.597262382507324,0,0,0,0,11
1403638145.647262334823608,0,0,0,0,11
1403638145.697262287139893,0,0,0,0,11
1403638145.747262239456177,0,0,0,0,11
1403638145.797262430191040,0,0,0,0,11
1403638145.847262382507324,0,0,0,0,11
1403638145.897262334823608,0,0,0,0,11
1403638145.947262287139893,0,0,0,0,11
1403638145.997262239456177,0,0,0,0,11
1403638146.047262430191040,0,0,0,0,11
1403638146.097262382507324,0,0,0,0,11
1403638146.147262334823608,0,0,0,0,11
1403638146.197262287139893,0,0,0,0,11
1403638146.247262239456177,0,0,0,0,11
1403638146.297262430191040,0,0,0,0,11
1403638146.347262382507324,0,0,0,0,11
1403638146.397262334823608,0,0,0,0,11
1403638146.447262287139893,0,0,0,0,11
1403638146.497262239456177,0,0,0,0,11
1403638146.547262430191040,0,0,0,0,11
1403638146.597262382507324,0,0,0,0,11
1403638146.647262334823608,0,0,0,0,11
1403638146.697262287139893,0,0,0,0,11
1403638146.747262239456177,0,0,0,0,11
1403638146.797262430191040,0,0,0,0,11
1403638146.847262382507324,0,0,0,0,11
1403638146.897262334823608,0,0,0,0,11
1403638146.947262287139893,0,0,0,0,11
1403638146.997262239456177,0,0,0,0,11
1403638147.047262430191040,0,0,0,0,11
1403638147.097262382507324,0,0,0,0,11
1403638147.147262334823608,0,0,0,0,11
1403638147.197262287139893,0,0,0,0,11
1403638147.247262239456177,0,0,0,0,11
1403638147.297262430191040,0,0,0,0,11
1403638147.347262382507324,0,0,0,0,11
1403638147.397262334823608,0,0,0,0,11
1403638147.447262287139893,0,0,0,0,11
1403638147.497262239456177,0,0,0,0,11
1403638147.547262430191040,0,0,0,0,11
1403638147.597262382507324,0,0,0,0,11
1403638147.647262334823608,0,0,0,0,11
1403638147.697262287139893,0,0,0,0,11
1403638147.747262239456177,0,0,0,0,11
1403638147.797262430191040,0,0,0,0,11
1403638147.847262382507324,0,0,0,0,11
1403638147.897262334823608,0,0,0,0,11
1403638147.947262287139893,0,0,0,0,11
1403638147.997262239456177,0,0,0,0,11
1403638148.047262430191040,0,0,0,0,11
1403638148.097262382507324,0,0,0,0,11
1403638148.147262334823608,0,0,0,0,11
1403638148.197262287139893,0,0,0,0,11
1403638148.247262239456177,0,0,0,0,11
1403638148.297262430191040,0,0,0,0,11
1403638148.347262382507324,0,0,0,0,11
1403638148.397262334823608,0,0,0,0,11
1403638148.447262287139893,0,0,0,0,11
1403638148.497262239456177,0,0,0,0,11
1403638148.547262430191040,0,0,0,0,11
1403638148.597262382507324,0,0,0,0,11
1403638148.647262334823608,0,0,0,0,11
1403638148.697262287139893,0,0,0,0,11
1403638148.747262239456177,0,0,0,0,11
1403638148.797262430191040,0,0,0,0,11
1403638148.847262382507324,0,0,0,0,11
1403638148.897262334823608,0,0,0,0,11
1403638148.947262287139893,0,0,0,0,11
1403638148.997262239456177,0,0,0,0,11
1403638149.047262430191040,0,0,0,0,11
1403638149.097262382507324,0,0,0,0,11
1403638149.147262334823608,0,0,0,0,11
1403638149.197262287139893,0,0,0,0,11
1403638149.247262239456177,0,0,0,0,11
1403638149.297262430191040,0,0,0,0,11
1403638149.347262382507324,0,0,0,0,11
1403638149.397262334823608,0,0,0,0,11
1403638149.447262287139893,0,0,0,0,11
1403638149.497262239456177,0,0,0,0,11
1403638149.547262430191040,0,0,0,0,11
1403638149.597262382507324,0,0,0,0,11
1403638149.647262334823608,0,0,0,0,11
1403638149.697262287139893,0,0,0,0,11
1403638149.747262239456177,0,0,0,0,11
1403638149.797262430191040,0,0,0,0,11
1403638149.847262382507324,0,0,0,0,11
1403638149.897262334823608,0,0,0,0,11
1403638149.947262287139893,0,0,0,0,11
1403638149.997262239456177,0,0,0,0,11
1403638150.047262430191040,0,0,0,0,11
1403638150.097262382507324,0,0,0,0,11
1403638150.147262334823608,0,0,0,0,11
1403638150.197262287139893,0,0,0,0,11
1403638150.247262239456177,0,0,0,0,11
1403638150.297262430191040,0,0,0,0,11
1403638150.347262382507324,0,0,0,0,11
1403638150.397262334823608,0,0,0,0,11
1403638150.447262287139893,0,0,0,0,11
1403638150.497262239456177,0,0,0,0,11
1403638150.547262430191040,0,0,0,0,11
1403638150.597262382507324,0,0,0,0,11
1403638150.647262334823608,0,0,0,0,11
1403638150.697262287139893,0,0,0,0,11
1403638150.747262239456177,0,0,0,0,11
1403638150.797262430191040,0,0,0,0,11
1403638150.847262382507324,0,0,0,0,11
1403638150.897262334823608,0,0,0,0,11
1403638150.947262287139893,0,0,0,0,11
1403638150.997262239456177,0,0,0,0,11
1403638151.047262430191040,0,0,0,0,11
1403638151.097262382507324,0,0,0,0,11
1403638151.147262334823608,0,0,0,0,11
1403638151.197262287139893,0,0,0,0,11
1403638151.247262239456177,0,0,0,0,11
1403638151.297262430191040,0,0,0,0,11
1403638151.347262382507324,0,0,0,0,11
1403638151.397262334823608,0,0,0,0,11
1403638151.447262287139893,0,0,0,0,11
1403638151.497262239456177,0,0,0,0,11
1403638151.547262430191040,0,0,0,0,11
1403638151.597262382507324,0,0,0,0,11
1403638151.647262334823608,0,0,0,0,11
1403638151.697262287139893,0,0,0,0,11
1403638151.747262239456177,0,0,0,0,11
1403638151.797262430191040,0,0,0,0,11
1403638151.847262382507324,0,0,0,0,11
1403638151.897262334823608,0,0,0,0,11
1403638151.947262287139893,0,0,0,0,11
1403638151.997262239456177,0,0,0,0,11
1403638152.047262430191040,0,0,0,0,11
1403638152.097262382507324,0,0,0,0,11
1403638152.147262334823608,0,0,0,0,11
1403638152.197262287139893,0,0,0,0,11
1403638152.247262239456177,0,0,0,0,11
1403638152.297262430191040,0,0,0,0,11
1403638152.347262382507324,0,0,0,0,11
1403638152.397262334823608,0,0,0,0,11
1403638152.447262287139893,0,0,0,0,11
1403638152.497262239456177,0,0,0,0,11
1403638152.547262430191040,0,0,0,0,11
1403638152.597262382507324,0,0,0,0,11
1403638152.647262334823608,0,0,0,0,11
1403638152.697262287139893,0,0,0,0,11
1403638152.747262239456177,0,0,0,0,11
1403638152.797262430191040,0,0,0,0,11
1403638152.847262382507324,0,0,0,0,11
1403638152.897262334823608,0,0,0,0,11
1403638152.947262287139893,0,0,0,0,11
1403638152.997262239456177,0,0,0,0,11
1403638153.047262430191040,0,0,0,0,11
1403638153.097262382507324,0,0,0,0,11
1403638153.147262334823608,0,0,0,0,11
1403638153.197262287139893,0,0,0,0,11
1403638153.247262239456177,0,0,0,0,11
1403638153.297262430191040,0,0,0,0,11
1403638153.347262382507324,0,0,0,0,11
1403638153.397262334823608,0,0,0,0,11
1403638153.447262287139893,0,0,0,0,11
1403638153.497262239456177,0,0,0,0,11
1403638153.547262430191040,0,0,0,0,11
1403638153.597262382507324,0,0,0,0,11
1403638153.647262334823608,0,0,0,0,11
1403638153.697262287139893,0,0,0,0,11
1403638153.747262239456177,0,0,0,0,11
1403638153.797262430191040,0,0,0,0,11
1403638153.847262382507324,0,0,0,0,11
1403638153.897262334823608,0,0,0,0,11
1403638153.947262287139893,0,0,0,0,11
1403638153.997262239456177,0,0,0,0,11
1403638154.047262430191040,0,0,0,0,11
1403638154.097262382507324,0,0,0,0,11
1403638154.147262334823608,0,0,0,0,11
1403638154.197262287139893,0,0,0,0,11
1403638154.247262239456177,0,0,0,0,11
1403638154.297262430191040,0,0,0,0,11
1403638154.347262382507324,0,0,0,0,11
1403638154.397262334823608,0,0,0,0,11
1403638154.447262287139893,0,0,0,0,11
1403638154.497262239456177,0,0,0,0,11
1403638154.547262430191040,0,0,0,0,11
1403638154.597262382507324,0,0,0,0,11
1403638154.647262334823608,0,0,0,0,11
1403638154.697262287139893,0,0,0,0,11
1403638154.747262239456177,0,0,0,0,11
1403638154.797262430191040,0,0,0,0,11
1403638154.847262382507324,0,0,0,0,11
1403638154.897262334823608,0,0,0,0,11
1403638154.947262287139893,0,0,0,0,11
1403638154.997262239456177,0,0,0,0,11
1403638155.047262430191040,0,0,0,0,11
1403638155.097262382507324,0,0,0,0,11
1403638155.147262334823608,0,0,0,0,11
1403638155.197262287139893,0,0,0,0,11
1403638155.247262239456177,0,0,0,0,11
1403638155.297262430191040,0,0,0,0,11
1403638155.347262382507324,0,0,0,0,11
1403638155.397262334823608,0,0,0,0,11
1403638155.447262287139893,0,0,0,0,11
1403638155.497262239456177,0,0,0,0,11
1403638155.547262430191040,0,0,0,0,11
1403638155.597262382507324,0,0,0,0,11
1403638155.647262334823608,0,0,0,0,11
1403638155.697262287139893,0,0,0,0,11
1403638155.747262239456177,0,0,0,0,11
1403638155.797262430191040,0,0,0,0,11
1403638155.847262382507324,0,0,0,0,11
1403638155.897262334823608,0,0,0,0,11
1403638155.947262287139893,0,0,0,0,11
1403638155.997262239456177,0,0,0,0,11
1403638156.047262430191040,0,0,0,0,11
1403638156.097262382507324,0,0,0,0,11
1403638156.147262334823608,0,0,0,0,11
1403638156.197262287139893,0,0,0,0,11
1403638156.247262239456177,0,0,0,0,11
1403638156.297262430191040,0,0,0,0,11
1403638156.347262382507324,0,0,0,0,11
1403638156.397262334823608,0,0,0,0,11
1403638156.447262287139893,0,0,0,0,11
1403638156.497262239456177,0,0,0,0,11
1403638156.547262430191040,0,0,0,0,11
1403638156.597262382507324,0,0,0,0,11
1403638156.647262334823608,0,0,0,0,11
1403638156.697262287139893,0,0,0,0,11
1403638156.747262239456177,0,0,0,0,11
1403638156.797262430191040,0,0,0,0,11
1403638156.847262382507324,0,0,0,0,11
1403638156.897262334823608,0,0,0,0,11
1403638156.947262287139893,0,0,0,0,11
1403638156.997262239456177,0,0,0,0,11
1403638157.047262430191040,0,0,0,0,11
1403638157.097262382507324,0,0,0,0,11
1403638157.147262334823608,0,0,0,0,11
1403638157.197262287139893,0,0,0,0,11
1403638157.247262239456177,0,0,0,0,11
1403638157.297262430191040,0,0,0,0,11
1403638157.347262382507324,0,0,0,0,11
1403638157.397262334823608,0,0,0,0,11
1403638157.447262287139893,0,0,0,0,11
1403638157.497262239456177,0,0,0,0,11
1403638157.547262430191040,0,0,0,0,11
1403638157.597262382507324,0,0,0,0,11
1403638157.647262334823608,0,0,0,0,11
1403638157.697262287139893,0,0,0,0,11
1403638157.747262239456177,0,0,0,0,11
1403638157.797262430191040,0,0,0,0,11
1403638157.847262382507324,0,0,0,0,11
1403638157.897262334823608,0,0,0,0,11
1403638157.947262287139893,0,0,0,0,11
1403638157.997262239456177,0,0,0,0,11
1403638158.047262430191040,0,0,0,0,11
1403638158.097262382507324,0,0,0,0,11
1403638158.147262334823608,0,0,0,0,11
1403638158.197262287139893,0,0,0,0,11
1403638158.247262239456177,0,0,0,0,11
1403638158.297262430191040,0,0,0,0,11
1403638158.347262382507324,0,0,0,0,11
1403638158.397262334823608,0,0,0,0,11
1403638158.447262287139893,0,0,0,0,11
1403638158.497262239456177,0,0,0,0,11
1403638158.547262430191040,0,0,0,0,11
1403638158.597262382507324,0,0,0,0,11
1403638158.647262334823608,0,0,0,0,11
1403638158.697262287139893,0,0,0,0,11
1403638158.747262239456177,0,0,0,0,11
1403638158.797262430191040,0,0,0,0,11
1403638158.847262382507324,0,0,0,0,11
1403638158.897262334823608,0,0,0,0,11
1403638158.947262287139893,0,0,0,0,11
1403638158.997262239456177,0,0,0,0,11
1403638159.047262430191040,0,0,0,0,11
1403638159.097262382507324,0,0,0,0,11
1403638159.147262334823608,0,0,0,0,11
1403638159.197262287139893,0,0,0,0,11
1403638159.247262239456177,0,0,0,0,11
1403638159.297262430191040,0,0,0,0,11
1403638159.347262382507324,0,0,0,0,11
1403638159.397262334823608,0,0,0,0,11
1403638159.447262287139893,0,0,0,0,11
1403638159.497262239456177,0,0,0,0,11
1403638159.547262430191040,0,0,0,0,11
1403638159.597262382507324,0,0,0,0,11
1403638159.647262334823608,0,0,0,0,11
1403638159.697262287139893,0,0,0,0,11
1403638159.747262239456177,0,0,0,0,11
1403638159.797262430191040,0,0,0,0,11
1403638159.847262382507324,0,0,0,0,11
1403638159.897262334823608,0,0,0,0,11
1403638159.947262287139893,0,0,0,0,11
1403638159.997262239456177,0,0,0,0,11
1403638160.047262430191040,0,0,0,0,11
1403638160.097262382507324,0,0,0,0,11
1403638160.147262334823608,0,0,0,0,11
1403638160.197262287139893,0,0,0,0,11
1403638160.247262239456177,0,0,0,0,11
1403638160.297262430191040,0,0,0,0,11
1403638160.347262382507324,0,0,0,0,11
1403638160.397262334823608,0,0,0,0,11
1403638160.447262287139893,0,0,0,0,11
1403638160.497262239456177,0,0,0,0,11
1403638160.547262430191040,0,0,0,0,11
1403638160.597262382507324,0,0,0,0,11
1403638160.647262334823608,0,0,0,0,11
1403638160.697262287139893,0,0,0,0,11
1403638160.747262239456177,0,0,0,0,11
1403638160.797262430191040,0,0,0,0,11
1403638160.847262382507324,0,0,0,0,11
1403638160.897262334823608,0,0,0,0,11
1403638160.947262287139893,0,0,0,0,11
1403638160.997262239456177,0,0,0,0,11
1403638161.047262430191040,0,0,0,0,11
1403638161.097262382507324,0,0,0,0,11
1403638161.147262334823608,0,0,0,0,11
1403638161.197262287139893,0,0,0,0,11
1403638161.247262239456177,0,0,0,0,11
1403638161.297262430191040,0,0,0,0,11
1403638161.347262382507324,0,0,0,0,11
1403638161.397262334823608,0,0,0,0,11
1403638161.447262287139893,0,0,0,0,11
1403638161.497262239456177,0,0,0,0,11
1403638161.547262430191040,0,0,0,0,11
1403638161.597262382507324,0,0,0,0,11
1403638161.647262334823608,0,0,0,0,11
1403638161.697262287139893,0,0,0,0,11
1403638161.747262239456177,0,0,0,0,11
1403638161.797262430191040,0,0,0,0,11
1403638161.847262382507324,0,0,0,0,11
1403638161.897262334823608,0,0,0,0,11
1403638161.947262287139893,0,0,0,0,11
1403638161.997262239456177,0,0,0,0,11
1403638162.047262430191040,0,0,0,0,11
1403638162.097262382507324,0,0,0,0,11
1403638162.147262334823608,0,0,0,0,11
1403638162.197262287139893,0,0,0,0,11
1403638162.247262239456177,0,0,0,0,11
1403638162.297262430191040,0,0,0,0,11
1403638162.347262382507324,0,0,0,0,11
1403638162.397262334823608,0,0,0,0,11
1403638162.447262287139893,0,0,0,0,11
1403638162.497262239456177,0,0,0,0,11
1403638162.547262430191040,0,0,0,0,11
1403638162.597262382507324,0,0,0,0,11
1403638162.647262334823608,0,0,0,0,11
1403638162.697262287139893,0,0,0,0,11
1403638162.747262239456177,0,0,0,0,11
1403638162.797262430191040,0,0,0,0,11
1403638162.847262382507324,0,0,0,0,11
1403638162.897262334823608,0,0,0,0,11
1403638162.947262287139893,0,0,0,0,11
1403638162.997262239456177,0,0,0,0,11
1403638163.047262430191040,0,0,0,0,11
1403638163.097262382507324,0,0,0,0,11
1403638163.147262334823608,0,0,0,0,11
1403638163.197262287139893,0,0,0,0,11
1403638163.247262239456177,0,0,0,0,11
1403638163.297262430191040,0,0,0,0,11
1403638163.347262382507324,0,0,0,0,11
1403638163.397262334823608,0,0,0,0,11
1403638163.447262287139893,0,0,0,0,11
1403638163.497262239456177,0,0,0,0,11
1403638163.547262430191040,0,0,0,0,11
1403638163.597262382507324,0,0,0,0,11
1403638163.647262334823608,0,0,0,0,11
1403638163.697262287139893,0,0,0,0,11
1403638163.747262239456177,0,0,0,0,11
1403638163.797262430191040,0,0,0,0,11
1403638163.847262382507324,0,0,0,0,11
1403638163.897262334823608,0,0,0,0,11
1403638163.947262287139893,0,0,0,0,11
1403638163.997262239456177,0,0,0,0,11
1403638164.047262430191040,0,0,0,0,11
1403638164.097262382507324,0,0,0,0,11
1403638164.147262334823608,0,0,0,0,11
1403638164.197262287139893,0,0,0,0,11
1403638164.247262239456177,0,0,0,0,11
1403638164.297262430191040,0,0,0,0,11
1403638164.347262382507324,0,0,0,0,11
1403638164.397262334823608,0,0,0,0,11
1403638164.447262287139893,0,0,0,0,11
1403638164.497262239456177,0,0,0,0,11
1403638164.547262430191040,0,0,0,0,11
1403638164.597262382507324,0,0,0,0,11
1403638164.647262334823608,0,0,0,0,11
1403638164.697262287139893,0,0,0,0,11
1403638164.747262239456177,0,0,0,0,11
1403638164.797262430191040,0,0,0,0,11
1403638164.847262382507324,0,0,0,0,11
1403638164.897262334823608,0,0,0,0,11
1403638164.947262287139893,0,0,0,0,11
1403638164.997262239456177,0,0,0,0,11
1403638165.047262430191040,0,0,0,0,11
1403638165.097262382507324,0,0,0,0,11
1403638165.147262334823608,0,0,0,0,11
1403638165.197262287139893,0,0,0,0,11
1403638165.247262239456177,0,0,0,0,11
1403638165.297262430191040,0,0,0,0,11
1403638165.347262382507324,0,0,0,0,11
1403638165.397262334823608,0,0,0,0,11
1403638165.447262287139893,0,0,0,0,11
1403638165.497262239456177,0,0,0,0,11
1403638165.547262430191040,0,0,0,0,11
1403638165.597262382507324,0,0,0,0,11
1403638165.647262334823608,0,0,0,0,11
1403638165.697262287139893,0,0,0,0,11
1403638165.747262239456177,0,0,0,0,11
1403638165.797262430191040,0,0,0,0,11
1403638165.847262382507324,0,1,0,0,11
1403638165.897262334823608,0,0,0,0,11
1403638165.947262287139893,0,0,0,0,11
1403638165.997262239456177,0,0,0,0,11
1403638166.047262430191040,0,0,0,0,11
1403638166.097262382507324,0,0,0,0,11
1403638166.147262334823608,0,0,0,0,11
1403638166.197262287139893,0,0,0,0,11
1403638166.247262239456177,0,0,0,0,11
1403638166.297262430191040,0,0,0,0,11
1403638166.347262382507324,0,0,0,0,11
1403638166.397262334823608,0,0,0,0,11
1403638166.447262287139893,0,0,0,0,11
1403638166.497262239456177,0,0,0,0,11
1403638166.547262430191040,0,0,0,0,11
1403638166.597262382507324,0,0,0,0,11
1403638166.647262334823608,0,0,0,0,11
1403638166.697262287139893,0,0,0,0,11
1403638166.747262239456177,0,0,0,0,11
1403638166.797262430191040,0,0,0,0,11
1403638166.847262382507324,0,0,0,0,11
1403638166.897262334823608,0,0,0,0,11
1403638166.947262287139893,0,0,0,0,11
1403638166.997262239456177,0,0,0,0,11
1403638167.047262430191040,0,0,0,0,11
1403638167.097262382507324,0,0,0,0,11
1403638167.147262334823608,0,0,0,0,11
1403638167.197262287139893,0,0,0,0,11
1403638167.247262239456177,0,0,0,0,11
1403638167.297262430191040,0,0,0,0,11
1403638167.347262382507324,0,0,0,0,11
1403638167.397262334823608,0,0,0,0,11
1403638167.447262287139893,0,0,0,0,11
1403638167.497262239456177,0,0,0,0,11
1403638167.547262430191040,0,0,0,0,11
1403638167.597262382507324,0,0,0,0,11
1403638167.647262334823608,0,0,0,0,11
1403638167.697262287139893,0,0,0,0,11
1403638167.747262239456177,0,0,0,0,11
1403638167.797262430191040,0,0,0,0,11
1403638167.847262382507324,0,0,0,0,11
1403638167.897262334823608,0,0,0,0,11
1403638167.947262287139893,0,0,0,0,11
1403638167.997262239456177,0,0,0,0,11
1403638168.047262430191040,0,0,0,0,11
1403638168.097262382507324,0,0,0,0,11
1403638168.147262334823608,0,0,0,0,11
1403638168.197262287139893,0,0,0,0,11
1403638168.247262239456177,0,0,0,0,11
1403638168.297262430191040,0,0,0,0,11
1403638168.347262382507324,0,0,0,0,11
1403638168.397262334823608,0,0,0,0,11
1403638168.447262287139893,0,0,0,0,11
1403638168.497262239456177,0,0,0,0,11
1403638168.547262430191040,0,0,0,0,11
1403638168.597262382507324,0,0,0,0,11
1403638168.647262334823608,0,0,0,0,11
1403638168.697262287139893,0,0,0,0,11
1403638168.747262239456177,0,0,0,0,11
1403638168.797262430191040,0,0,0,0,11
1403638168.847262382507324,0,0,0,0,11
1403638168.897262334823608,0,0,0,0,11
1403638168.947262287139893,0,0,0,0,11
1403638168.997262239456177,0,0,0,0,11
1403638169.047262430191040,0,0,0,0,11
1403638169.097262382507324,0,0,0,0,11
1403638169.147262334823608,0,0,0,0,11
1403638169.197262287139893,0,0,0,0,11
1403638169.247262239456177,0,0,0,0,11
1403638169.297262430191040,0,0,0,0,11
1403638169.347262382507324,0,0,0,0,11
1403638169.397262334823608,0,0,0,0,11
1403638169.447262287139893,0,0,0,0,11
1403638169.497262239456177,0,0,0,0,11
1403638169.547262430191040,0,0,0,0,11
1403638169.597262382507324,0,0,0,0,11
1403638169.647262334823608,0,0,0,0,11
1403638169.697262287139893,0,0,0,0,11
1403638169.747262239456177,0,0,0,0,11
1403638169.797262430191040,0,0,0,0,11
1403638169.847262382507324,0,0,0,0,11
1403638169.897262334823608,0,0,0,0,11
1403638169.947262287139893,0,0,0,0,11
1403638169.997262239456177,0,0,0,0,11
1403638170.047262430191040,0,0,0,0,11
1403638170.097262382507324,0,0,0,0,11
1403638170.147262334823608,0,0,0,0,11
1403638170.197262287139893,0,0,0,0,11
1403638170.247262239456177,0,0,0,0,11
1403638170.297262430191040,0,0,0,0,11
1403638170.347262382507324,0,0,0,0,11
1403638170.397262334823608,0,0,0,0,11
1403638170.447262287139893,0,0,0,0,11
1403638170.497262239456177,0,0,0,0,11
1403638170.547262430191040,0,0,0,0,11
1403638170.597262382507324,0,0,0,0,11
1403638170.647262334823608,0,0,0,0,11
1403638170.697262287139893,0,0,0,0,11
1403638170.747262239456177,0,0,0,0,11
1403638170.797262430191040,0,0,0,0,11
1403638170.847262382507324,0,0,0,0,11
1403638170.897262334823608,0,0,0,0,11
1403638170.947262287139893,0,0,0,0,11
1403638170.997262239456177,0,0,0,0,11
1403638171.047262430191040,0,0,0,0,11
1403638171.097262382507324,0,0,0,0,11
1403638171.147262334823608,0,0,0,0,11
1403638171.197262287139893,0,0,0,0,11
1403638171.247262239456177,0,0,0,0,11
1403638171.297262430191040,0,0,0,0,11
1403638171.347262382507324,0,0,0,0,11
1403638171.397262334823608,0,0,0,0,11
1403638171.447262287139893,0,0,0,0,11
1403638171.497262239456177,0,0,0,0,11
1403638171.547262430191040,0,0,0,0,11
1403638171.597262382507324,0,0,0,0,11
1403638171.647262334823608,0,0,0,0,11
1403638171.697262287139893,0,0,0,0,11
1403638171.747262239456177,0,0,0,0,11
1403638171.797262430191040,0,0,0,0,11
1403638171.847262382507324,0,0,0,0,11
1403638171.897262334823608,0,0,0,0,11
1403638171.947262287139893,0,0,0,0,11
1403638171.997262239456177,0,0,0,0,11
1403638172.047262430191040,0,0,0,0,11
1403638172.097262382507324,0,0,0,0,11
1403638172.147262334823608,0,0,0,0,11
1403638172.197262287139893,0,0,0,0,11
1403638172.247262239456177,0,0,0,0,11
1403638172.297262430191040,0,0,0,0,11
1403638172.347262382507324,0,0,0,0,11
1403638172.397262334823608,0,0,0,0,11
1403638172.447262287139893,0,0,0,0,11
1403638172.497262239456177,0,0,0,0,11
1403638172.547262430191040,0,0,0,0,11
1403638172.597262382507324,0,0,0,0,11
1403638172.647262334823608,0,0,0,0,11
1403638172.697262287139893,0,0,0,0,11
1403638172.747262239456177,0,0,0,0,11
1403638172.797262430191040,0,0,0,0,11
1403638172.847262382507324,0,0,0,0,11
1403638172.897262334823608,0,0,0,0,11
1403638172.947262287139893,0,0,0,0,11
1403638172.997262239456177,0,0,0,0,11
1403638173.047262430191040,0,0,0,0,11
1403638173.097262382507324,0,0,0,0,11
1403638173.147262334823608,0,0,0,0,11
1403638173.197262287139893,0,0,0,0,11
1403638173.247262239456177,0,0,0,0,11
1403638173.297262430191040,0,0,0,0,11
1403638173.347262382507324,0,0,0,0,11
1403638173.397262334823608,0,0,0,0,11
1403638173.447262287139893,0,0,0,0,11
1403638173.497262239456177,0,0,0,0,11
1403638173.547262430191040,0,0,0,0,11
1403638173.597262382507324,0,0,0,0,11
1403638173.647262334823608,0,0,0,0,11
1403638173.697262287139893,0,0,0,0,11
1403638173.747262239456177,0,0,0,0,11
1403638173.797262430191040,0,0,0,0,11
1403638173.847262382507324,0,0,0,0,11
1403638173.897262334823608,0,0,0,0,11
1403638173.947262287139893,0,0,0,0,11
1403638173.997262239456177,0,0,0,0,11
1403638174.047262430191040,0,0,0,0,11
1403638174.097262382507324,0,0,0,0,11
1403638174.147262334823608,0,0,0,0,11
1403638174.197262287139893,0,0,0,0,11
1403638174.247262239456177,0,0,0,0,11
1403638174.297262430191040,0,0,0,0,11
1403638174.347262382507324,0,0,0,0,11
1403638174.397262334823608,0,0,0,0,11
1403638174.447262287139893,0,0,0,0,11
1403638174.497262239456177,0,0,0,0,11
1403638174.547262430191040,0,0,0,0,11
1403638174.597262382507324,0,0,0,0,11
1403638174.647262334823608,0,0,0,0,11
1403638174.697262287139893,0,0,0,0,11
1403638174.747262239456177,0,0,0,0,11
1403638174.797262430191040,0,0,0,0,11
1403638174.847262382507324,0,0,0,0,11
1403638174.897262334823608,0,0,0,0,11
1403638174.947262287139893,0,0,0,0,11
1403638174.997262239456177,0,0,0,0,11
1403638175.047262430191040,0,0,0,0,11
1403638175.097262382507324,0,0,0,0,11
1403638175.147262334823608,0,0,0,0,11
1403638175.197262287139893,0,0,0,0,11
1403638175.247262239456177,0,0,0,0,11
1403638175.297262430191040,0,0,0,0,11
1403638175.347262382507324,0,0,0,0,11
1403638175.397262334823608,0,0,0,0,11
1403638175.447262287139893,0,0,0,0,11
1403638175.497262239456177,0,0,0,0,11
1403638175.547262430191040,0,0,0,0,11
1403638175.597262382507324,0,0,0,0,11
1403638175.647262334823608,0,0,0,0,11
1403638175.697262287139893,0,0,0,0,11
1403638175.747262239456177,0,0,0,0,11
1403638175.797262430191040,0,0,0,0,11
1403638175.847262382507324,0,0,0,0,11
1403638175.897262334823608,0,0,0,0,11
1403638175.947262287139893,0,0,0,0,11
1403638175.997262239456177,0,0,0,0,11
1403638176.047262430191040,0,0,0,0,11
1403638176.097262382507324,0,0,0,0,11
1403638176.147262334823608,0,0,0,0,11
1403638176.197262287139893,0,0,0,0,11
1403638176.247262239456177,0,0,0,0,11
1403638176.297262430191040,0,0,0,0,11
1403638176.347262382507324,0,0,0,0,11
1403638176.397262334823608,0,0,0,0,11
1403638176.447262287139893,0,0,0,0,11
1403638176.497262239456177,0,0,0,0,11
1403638176.547262430191040,0,0,0,0,11
1403638176.597262382507324,0,0,0,0,11
1403638176.647262334823608,0,0,0,0,11
1403638176.697262287139893,0,0,0,0,11
1403638176.747262239456177,0,0,0,0,11
1403638176.797262430191040,0,0,0,0,11
1403638176.847262382507324,0,0,0,0,11
1403638176.897262334823608,0,0,0,0,11
1403638176.947262287139893,0,0,0,0,11
1403638176.997262239456177,0,0,0,0,11
1403638177.047262430191040,0,0,0,0,11
1403638177.097262382507324,0,0,0,0,11
1403638177.147262334823608,0,0,0,0,11
1403638177.197262287139893,0,0,0,0,11
1403638177.247262239456177,0,0,0,0,11
1403638177.297262430191040,0,0,0,0,11
1403638177.347262382507324,0,0,0,0,11
1403638177.397262334823608,0,0,0,0,11
1403638177.447262287139893,0,0,0,0,11
1403638177.497262239456177,0,0,0,0,11
1403638177.547262430191040,0,0,0,0,11
1403638177.597262382507324,0,0,0,0,11
1403638177.647262334823608,0,0,0,0,11
1403638177.697262287139893,0,0,0,0,11
1403638177.747262239456177,0,0,0,0,11
1403638177.797262430191040,0,0,0,0,11
1403638177.847262382507324,0,0,0,0,11
1403638177.897262334823608,0,0,0,0,11
1403638177.947262287139893,0,0,0,0,11
1403638177.997262239456177,0,0,0,0,11
1403638178.047262430191040,0,0,0,0,11
1403638178.097262382507324,0,0,0,0,11
1403638178.147262334823608,0,0,0,0,11
1403638178.197262287139893,0,0,0,0,11
1403638178.247262239456177,0,0,0,0,11
1403638178.297262430191040,0,0,0,0,11
1403638178.347262382507324,0,0,0,0,11
1403638178.397262334823608,0,0,0,0,11
1403638178.447262287139893,0,0,0,0,11
1403638178.497262239456177,0,0,0,0,11
1403638178.547262430191040,0,0,0,0,11
1403638178.597262382507324,0,0,0,0,11
1403638178.647262334823608,0,0,0,0,11
1403638178.697262287139893,0,0,0,0,11
1403638178.747262239456177,0,0,0,0,11
1403638178.797262430191040,0,0,0,0,11
1403638178.847262382507324,0,0,0,0,11
1403638178.897262334823608,0,0,0,0,11
1403638178.947262287139893,0,0,0,0,11
1403638178.997262239456177,0,0,0,0,11
1403638179.047262430191040,0,0,0,0,11
1403638179.097262382507324,0,0,0,0,11
1403638179.147262334823608,0,0,0,0,11
1403638179.197262287139893,0,0,0,0,11
1403638179.247262239456177,0,0,0,0,11
1403638179.297262430191040,0,0,0,0,11
1403638179.347262382507324,0,0,0,0,11
1403638179.397262334823608,0,0,0,0,11
1403638179.447262287139893,0,0,0,0,11
1403638179.497262239456177,0,0,0,0,11
1403638179.547262430191040,0,0,0,0,11
1403638179.597262382507324,0,0,0,0,11
1403638179.647262334823608,0,0,0,0,11
1403638179.697262287139893,0,0,0,0,11
1403638179.747262239456177,0,0,0,0,11
1403638179.797262430191040,0,0,0,0,11
1403638179.847262382507324,0,0,0,0,11
1403638179.897262334823608,0,0,0,0,11
1403638179.947262287139893,0,0,0,0,11
1403638179.997262239456177,0,0,0,0,11
1403638180.047262430191040,0,0,0,0,11
1403638180.097262382507324,0,0,0,0,11
1403638180.147262334823608,0,0,0,0,11
1403638180.197262287139893,0,0,0,0,11
1403638180.247262239456177,0,0,0,0,11
1403638180.297262430191040,0,0,0,0,11
1403638180.347262382507324,0,0,0,0,11
1403638180.397262334823608,0,0,0,0,11
1403638180.447262287139893,0,0,0,0,11
1403638180.497262239456177,0,0,0,0,11
1403638180.547262430191040,0,0,0,0,11
1403638180.597262382507324,0,0,0,0,11
1403638180.647262334823608,0,0,0,0,11
1403638180.697262287139893,0,0,0,0,11
1403638180.747262239456177,0,0,0,0,11
1403638180.797262430191040,0,0,0,0,11
1403638180.847262382507324,0,0,0,0,11
1403638180.897262334823608,0,0,0,0,11
1403638180.947262287139893,0,0,0,0,11
1403638180.997262239456177,0,0,0,0,11
1403638181.047262430191040,0,0,0,0,11
1403638181.097262382507324,0,0,0,0,11
1403638181.147262334823608,0,0,0,0,11
1403638181.197262287139893,0,0,0,0,11
1403638181.247262239456177,0,0,0,0,11
1403638181.297262430191040,0,0,0,0,11
1403638181.347262382507324,0,0,0,0,11
1403638181.397262334823608,0,0,0,0,11
1403638181.447262287139893,0,0,0,0,11
1403638181.497262239456177,0,0,0,0,11
1403638181.547262430191040,0,0,0,0,11
1403638181.597262382507324,0,0,0,0,11
1403638181.647262334823608,0,0,0,0,11
1403638181.697262287139893,0,0,0,0,11
1403638181.747262239456177,0,0,0,0,11
1403638181.797262430191040,0,0,0,0,11
1403638181.847262382507324,0,0,0,0,11
1403638181.897262334823608,0,0,0,0,11
1403638181.947262287139893,0,0,0,0,11
1403638181.997262239456177,0,0,0,0,11
1403638182.047262430191040,0,0,0,0,11
1403638182.097262382507324,0,0,0,0,11
1403638182.147262334823608,0,0,0,0,11
1403638182.197262287139893,0,0,0,0,11
1403638182.247262239456177,0,0,0,0,11
1403638182.297262430191040,0,0,0,0,11
1403638182.347262382507324,0,0,0,0,11
1403638182.397262334823608,0,0,0,0,11
1403638182.447262287139893,0,0,0,0,11
1403638182.497262239456177,0,0,0,0,11
1403638182.547262430191040,0,0,0,0,11
1403638182.597262382507324,0,0,0,0,11
1403638182.647262334823608,0,0,0,0,11
1403638182.697262287139893,0,0,0,0,11
1403638182.747262239456177,0,0,0,0,11
1403638182.797262430191040,0,0,0,0,11
1403638182.847262382507324,0,0,0,0,11
1403638182.897262334823608,0,0,0,0,11
1403638182.947262287139893,0,0,0,0,11
1403638182.997262239456177,0,0,0,0,11
1403638183.047262430191040,0,0,0,0,11
1403638183.097262382507324,0,0,0,0,11
1403638183.147262334823608,0,0,0,0,11
1403638183.197262287139893,0,0,0,0,11
1403638183.247262239456177,0,0,0,0,11
1403638183.297262430191040,0,0,0,0,11
1403638183.347262382507324,0,0,0,0,11
1403638183.447262287139893,0,0,0,0,11
1403638183.497262239456177,0,0,0,0,11
1403638183.547262430191040,0,0,0,0,11
1403638183.597262382507324,0,0,0,0,11
1403638183.647262334823608,0,0,0,0,11
1403638183.697262048721313,0,1,0,0,11
1403638183.747262001037598,0,0,0,0,11
1403638183.797262430191040,0,1,0,0,11
1403638183.847262382507324,0,0,0,0,11
1403638183.897262096405029,0,1,0,0,11
1403638183.947262048721313,0,0,0,0,11
1403638183.997262001037598,0,0,0,0,11
1403638184.047262191772461,0,0,0,0,11
1403638184.097262144088745,0,0,0,0,11
1403638184.147262096405029,0,0,0,0,11
1403638184.197262048721313,0,0,0,0,11
1403638184.247262001037598,0,0,0,0,11
1403638184.297262191772461,0,0,0,0,11
1403638184.347262144088745,0,0,0,0,11
1403638184.397262096405029,0,0,0,0,11
1403638184.447262048721313,0,0,0,0,11
1403638184.497262001037598,0,0,0,0,11
1403638184.547262191772461,0,0,0,0,11
1403638184.597262144088745,0,0,0,0,11
1403638184.647262096405029,0,0,0,0,11
1403638184.697262048721313,0,0,0,0,11
1403638184.747262001037598,0,0,0,0,11
1403638184.797262191772461,0,0,0,0,11
1403638184.847262144088745,0,0,0,0,11
1403638184.897262096405029,0,0,0,0,11
1403638184.947262048721313,0,0,0,0,11
1403638184.997262001037598,0,0,0,0,11
1403638185.047262191772461,0,0,0,0,11
1403638185.097262144088745,0,0,0,0,11
1403638185.147262096405029,0,0,0,0,11
1403638185.197262048721313,0,0,0,0,11
1403638185.247262001037598,0,0,0,0,11
1403638185.297262191772461,0,0,0,0,11
1403638185.347262144088745,0,0,0,0,11
1403638185.397262096405029,0,0,0,0,11
1403638185.447262048721313,0,0,0,0,11
1403638185.497262001037598,0,0,0,0,11
1403638185.547262191772461,0,0,0,0,11
1403638185.597262144088745,0,0,0,0,11
1403638185.647262096405029,0,0,0,0,11
1403638185.697262048721313,0,0,0,0,11
1403638185.747262001037598,0,0,0,0,11
1403638185.797262191772461,0,0,0,0,11
1403638185.847262144088745,0,0,0,0,11
1403638185.897262096405029,0,0,0,0,11
1403638185.947262048721313,0,0,0,0,11
1403638185.997262001037598,0,0,0,0,11
1403638186.047262191772461,0,0,0,0,11
1403638186.097262144088745,0,0,0,0,11
1403638186.147262096405029,0,0,0,0,11
1403638186.197262048721313,0,0,0,0,11
1403638186.247262001037598,0,0,0,0,11
1403638186.297262191772461,0,0,0,0,11
1403638186.347262144088745,0,0,0,0,11
1403638186.397262096405029,0,0,0,0,11
1403638186.447262048721313,0,0,0,0,11
1403638186.497262001037598,0,0,0,0,11
1403638186.547262191772461,0,0,0,0,11
1403638186.597262144088745,0,0,0,0,11
1403638186.647262096405029,0,0,0,0,11
1403638186.697262048721313,0,0,0,0,11
1403638186.747262001037598,0,0,0,0,11
1403638186.797262191772461,0,0,0,0,11
1403638186.847262144088745,0,0,0,0,11
1403638186.897262096405029,0,0,0,0,11
1403638186.947262048721313,0,0,0,0,11
1403638186.997262001037598,0,0,0,0,11
1403638187.047262191772461,0,0,0,0,11
1403638187.097262144088745,0,1,0,0,11
1403638187.147262096405029,0,0,0,0,11
1403638187.197262048721313,0,0,0,0,11
1403638187.247262001037598,0,0,0,0,11
1403638187.297262191772461,0,0,0,0,11
1403638187.347262144088745,0,0,0,0,11
1403638187.397262096405029,0,0,0,0,11
1403638187.447262048721313,0,0,0,0,11
1403638187.497262001037598,0,0,0,0,11
1403638187.547262191772461,0,0,0,0,11
1403638187.597262144088745,0,0,0,0,11
1403638187.647262096405029,0,0,0,0,11
1403638187.697262048721313,0,0,0,0,11
1403638187.747262001037598,0,0,0,0,11
1403638187.797262191772461,0,0,0,0,11
1403638187.847262144088745,0,0,0,0,11
1403638187.897262096405029,0,0,0,0,11
1403638187.947262048721313,0,0,0,0,11
1403638187.997262001037598,0,0,0,0,11
1403638188.047262191772461,0,0,0,0,11
1403638188.097262144088745,0,0,0,0,11
1403638188.147262096405029,0,0,0,0,11
1403638188.197262048721313,0,0,0,0,11
1403638188.247262001037598,0,0,0,0,11
1403638188.297262191772461,0,0,0,0,11
1403638188.347262144088745,0,0,0,0,11
1403638188.397262096405029,0,0,0,0,11
1403638188.447262048721313,0,0,0,0,11
1403638188.497262001037598,0,0,0,0,11
1403638188.547262191772461,0,0,0,0,11
1403638188.597262144088745,0,0,0,0,11
1403638188.647262096405029,0,0,0,0,11
1403638188.697262048721313,0,0,0,0,11
1403638188.747262001037598,0,0,0,0,11
1403638188.797262191772461,0,0,0,0,11
1403638188.847262144088745,0,0,0,0,11
1403638188.897262096405029,0,0,0,0,11
1403638188.947262048721313,0,0,0,0,11
1403638188.997262001037598,0,0,0,0,11
1403638189.047262191772461,0,0,0,0,11
1403638189.097262144088745,0,0,0,0,11
1403638189.147262096405029,0,0,0,0,11
1403638189.197262048721313,0,0,0,0,11
1403638189.247262001037598,0,0,0,0,11
1403638189.297262191772461,0,0,0,0,11
1403638189.347262144088745,0,0,0,0,11
1403638189.397262096405029,0,0,0,0,11
1403638189.447262048721313,0,0,0,0,11
1403638189.497262001037598,0,0,0,0,11
1403638189.547262191772461,0,0,0,0,11
1403638189.597262144088745,0,0,0,0,11
1403638189.647262096405029,0,0,0,0,11
1403638189.697262048721313,0,0,0,0,11
1403638189.747262001037598,0,0,0,0,11
1403638189.797262191772461,0,0,0,0,11
1403638189.847262144088745,0,0,0,0,11
1403638189.897262096405029,0,0,0,0,11
1403638189.947262048721313,0,0,0,0,11
1403638189.997262001037598,0,0,0,0,11
1403638190.047262191772461,0,0,0,0,11
1403638190.097262144088745,0,0,0,0,11
1403638190.147262096405029,0,0,0,0,11
1403638190.197262048721313,0,0,0,0,11
1403638190.247262001037598,0,0,0,0,11
1403638190.297262191772461,0,0,0,0,11
1403638190.347262144088745,0,0,0,0,11
1403638190.397262096405029,0,0,0,0,11
1403638190.447262048721313,0,0,0,0,11
1403638190.497262001037598,0,0,0,0,11
1403638190.547262191772461,0,0,0,0,11
1403638190.597262144088745,0,0,0,0,11
1403638190.647262096405029,0,0,0,0,11
1403638190.697262048721313,0,0,0,0,11
1403638190.747262001037598,0,0,0,0,11
1403638190.797262191772461,0,0,0,0,11
1403638190.847262144088745,0,0,0,0,11
1403638190.897262096405029,0,0,0,0,11
1403638190.947262048721313,0,0,0,0,11
1403638190.997262001037598,0,0,0,0,11
1403638191.047262191772461,0,0,0,0,11
1403638191.097262144088745,0,0,0,0,11
1403638191.147262096405029,0,0,0,0,11
1403638191.197262048721313,0,0,0,0,11
1403638191.247262001037598,0,0,0,0,11
1403638191.297262191772461,0,0,0,0,11
1403638191.347262144088745,0,0,0,0,11
1403638191.397262096405029,0,0,0,0,11
1403638191.447262048721313,0,0,0,0,11
1403638191.497262001037598,0,0,0,0,11
1403638191.547262191772461,0,0,0,0,11
1403638191.597262144088745,0,0,0,0,11
1403638191.647262096405029,0,0,0,0,11
1403638191.697262048721313,0,0,0,0,11
1403638191.747262001037598,0,0,0,0,11
1403638191.797262191772461,0,0,0,0,11
1403638191.847262144088745,0,0,0,0,11
1403638191.897262096405029,0,0,0,0,11
1403638191.947262048721313,0,0,0,0,11
1403638191.997262001037598,0,0,0,0,11
1403638192.047262191772461,0,0,0,0,11
1403638192.097262144088745,0,0,0,0,11
1403638192.147262096405029,0,0,0,0,11
1403638192.197262048721313,0,0,0,0,11
1403638192.247262001037598,0,0,0,0,11
1403638192.297262191772461,0,0,0,0,11
1403638192.347262144088745,0,0,0,0,11
1403638192.397262096405029,0,0,0,0,11
1403638192.447262048721313,0,0,0,0,11
1403638192.497262001037598,0,0,0,0,11
1403638192.547262191772461,0,0,0,0,11
1403638192.597262144088745,0,0,0,0,11
1403638192.647262096405029,0,0,0,0,11
1403638192.697262048721313,0,0,0,0,11
1403638192.747262001037598,0,0,0,0,11
1403638192.797262191772461,0,0,0,0,11
1403638192.847262144088745,0,0,0,0,11
1403638192.897262096405029,0,0,0,0,11
1403638192.947262048721313,0,0,0,0,11
1403638192.997262001037598,0,0,0,0,11
1403638193.047262191772461,0,0,0,0,11
1403638193.097262144088745,0,0,0,0,11
1403638193.147262096405029,0,0,0,0,11
1403638193.197262048721313,0,0,0,0,11
1403638193.247262001037598,0,0,0,0,11
1403638193.297262191772461,0,0,0,0,11
1403638193.347262144088745,0,0,0,0,11
1403638193.397262096405029,0,0,0,0,11
1403638193.447262048721313,0,0,0,0,11
1403638193.497262001037598,0,0,0,0,11
1403638193.547262191772461,0,0,0,0,11
1403638193.597262144088745,0,0,0,0,11
1403638193.647262096405029,0,0,0,0,11
1403638193.697262048721313,0,0,0,0,11
1403638193.747262001037598,0,0,0,0,11
1403638193.797262191772461,0,0,0,0,11
1403638193.847262144088745,0,0,0,0,11
1403638193.897262096405029,0,0,0,0,11
1403638193.947262048721313,0,0,0,0,11
1403638193.997262001037598,0,0,0,0,11
1403638194.047262191772461,0,0,0,0,11
1403638194.097262144088745,0,0,0,0,11
1403638194.147262096405029,0,0,0,0,11
1403638194.197262048721313,0,0,0,0,11
1403638194.247262001037598,0,0,0,0,11
1403638194.297262191772461,0,0,0,0,11
1403638194.347262144088745,0,0,0,0,11
1403638194.397262096405029,0,0,0,0,11
1403638194.447262048721313,0,0,0,0,11
1403638194.497262001037598,0,0,0,0,11
1403638194.547262191772461,0,0,0,0,11
1403638194.597262144088745,0,0,0,0,11
1403638194.647262096405029,0,0,0,0,11
1403638194.697262048721313,0,0,0,0,11
1403638194.747262001037598,0,0,0,0,11
1403638194.797262191772461,0,0,0,0,11
1403638194.847262144088745,0,0,0,0,11
1403638194.897262096405029,0,0,0,0,11
1403638194.947262048721313,0,0,0,0,11
1403638194.997262001037598,0,0,0,0,11
1403638195.047262191772461,0,0,0,0,11
1403638195.097262144088745,0,0,0,0,11
1403638195.147262096405029,0,0,0,0,11
1403638195.197262048721313,0,0,0,0,11
1403638195.247262001037598,0,0,0,0,11
1403638195.297262191772461,0,0,0,0,11
1403638195.347262144088745,0,0,0,0,11
1403638195.397262096405029,0,0,0,0,11
1403638195.447262048721313,0,0,0,0,11
1403638195.497262001037598,0,0,0,0,11
1403638195.547262191772461,0,0,0,0,11
1403638195.597262144088745,0,0,0,0,11
1403638195.647262096405029,0,0,0,0,11
1403638195.697262048721313,0,0,0,0,11
1403638195.747262001037598,0,0,0,0,11
1403638195.797262191772461,0,0,0,0,11
1403638195.847262144088745,0,0,0,0,11
1403638195.897262096405029,0,0,0,0,11
1403638195.947262048721313,0,0,0,0,11
1403638195.997262001037598,0,0,0,0,11
1403638196.047262191772461,0,0,0,0,11
1403638196.097262144088745,0,0,0,0,11
1403638196.147262096405029,0,0,0,0,11
1403638196.197262048721313,0,0,0,0,11
1403638196.247262001037598,0,0,0,0,11
1403638196.297262191772461,0,0,0,0,11
1403638196.347262144088745,0,0,0,0,11
1403638196.397262096405029,0,0,0,0,11
1403638196.447262048721313,0,0,0,0,11
1403638196.497262001037598,0,0,0,0,11
1403638196.547262191772461,0,0,0,0,11
1403638196.597262144088745,0,0,0,0,11
1403638196.647262096405029,0,0,0,0,11
1403638196.697262048721313,0,0,0,0,11
1403638196.747262001037598,0,0,0,0,11
1403638196.797262191772461,0,0,0,0,11
1403638196.847262144088745,0,0,0,0,11
1403638196.897262096405029,0,0,0,0,11
1403638196.947262048721313,0,0,0,0,11
1403638196.997262001037598,0,0,0,0,11
1403638197.047262191772461,0,0,0,0,11
1403638197.097262144088745,0,0,0,0,11
1403638197.147262096405029,0,0,0,0,11
1403638197.197262048721313,0,0,0,0,11
1403638197.247262001037598,0,0,0,0,11
1403638197.297262191772461,0,0,0,0,11
1403638197.347262144088745,0,0,0,0,11
1403638197.397262096405029,0,0,0,0,11
1403638197.447262048721313,0,0,0,0,11
1403638197.497262001037598,0,0,0,0,11
1403638197.547262191772461,0,0,0,0,11
1403638197.597262144088745,0,0,0,0,11
1403638197.647262096405029,0,0,0,0,11
1403638197.697262048721313,0,0,0,0,11
1403638197.747262001037598,0,0,0,0,11
1403638197.797262191772461,0,0,0,0,11
1403638197.847262144088745,0,0,0,0,11
1403638197.897262096405029,0,0,0,0,11
1403638197.947262048721313,0,0,0,0,11
1403638197.997262001037598,0,0,0,0,11
1403638198.047262191772461,0,0,0,0,11
1403638198.097262144088745,0,0,0,0,11
1403638198.147262096405029,0,0,0,0,11
1403638198.197262048721313,0,0,0,0,11
1403638198.247262001037598,0,0,0,0,11
1403638198.297262191772461,0,0,0,0,11
1403638198.347262144088745,0,0,0,0,11
1403638198.397262096405029,0,0,0,0,11
1403638198.447262048721313,0,0,0,0,11
1403638198.497262001037598,0,0,0,0,11
1403638198.547262191772461,0,0,0,0,11
1403638198.597262144088745,0,0,0,0,11
1403638198.647262096405029,0,0,0,0,11
1403638198.697262048721313,0,0,0,0,11
1403638198.747262001037598,0,0,0,0,11
1403638198.797262191772461,0,0,0,0,11
1403638198.847262144088745,0,0,0,0,11
1403638198.897262096405029,0,0,0,0,11
1403638198.947262048721313,0,0,0,0,11
1403638198.997262001037598,0,0,0,0,11
1403638199.047262191772461,0,0,0,0,11
1403638199.097262144088745,0,0,0,0,11
1403638199.147262096405029,0,0,0,0,11
1403638199.197262048721313,0,0,0,0,11
1403638199.247262001037598,0,0,0,0,11
1403638199.297262191772461,0,0,0,0,11
1403638199.347262144088745,0,0,0,0,11
1403638199.397262096405029,0,0,0,0,11
1403638199.447262048721313,0,0,0,0,11
1403638199.497262001037598,0,0,0,0,11
1403638199.547262191772461,0,0,0,0,11
1403638199.597262144088745,0,0,0,0,11
1403638199.647262096405029,0,0,0,0,11
1403638199.697262048721313,0,0,0,0,11
1403638199.747262001037598,0,0,0,0,11
1403638199.797262191772461,0,0,0,0,11
1403638199.847262144088745,0,0,0,0,11
1403638199.897262096405029,0,0,0,0,11
1403638199.947262048721313,0,0,0,0,11
1403638199.997262001037598,0,0,0,0,11
1403638200.047262191772461,0,0,0,0,11
1403638200.097262144088745,0,0,0,0,11
1403638200.147262096405029,0,0,0,0,11
1403638200.197262048721313,0,0,0,0,11
1403638200.247262001037598,0,0,0,0,11
1403638200.297262191772461,0,0,0,0,11
1403638200.347262144088745,0,0,0,0,11
1403638200.397262096405029,0,0,0,0,11
1403638200.447262048721313,0,0,0,0,11
1403638200.497262001037598,0,0,0,0,11
1403638200.547262191772461,0,0,0,0,11
1403638200.597262144088745,0,0,0,0,11
1403638200.647262096405029,0,0,0,0,11
1403638200.697262048721313,0,0,0,0,11
1403638200.747262001037598,0,0,0,0,11
1403638200.797262191772461,0,0,0,0,11
1403638200.847262144088745,0,0,0,0,11
1403638200.897262096405029,0,0,0,0,11
1403638200.947262048721313,0,0,0,0,11
1403638200.997262001037598,0,0,0,0,11
1403638201.047262191772461,0,0,0,0,11
1403638201.097262144088745,0,0,0,0,11
1403638201.147262096405029,0,0,0,0,11
1403638201.197262048721313,0,0,0,0,11
1403638201.247262001037598,0,0,0,0,11
1403638201.297262191772461,0,0,0,0,11
1403638201.347262144088745,0,0,0,0,11
1403638201.397262096405029,0,0,0,0,11
1403638201.447262048721313,0,0,0,0,11
1403638201.497262001037598,0,0,0,0,11
1403638201.547262191772461,0,0,0,0,11
1403638201.597262144088745,0,0,0,0,11
1403638201.647262096405029,0,0,0,0,11
1403638201.697262048721313,0,0,0,0,11
1403638201.747262001037598,0,0,0,0,11
1403638201.797262191772461,0,0,0,0,11
1403638201.847262144088745,0,0,0,0,11
1403638201.897262096405029,0,0,0,0,11
1403638201.947262048721313,0,0,0,0,11
1403638201.997262001037598,0,0,0,0,11
1403638202.047262191772461,0,0,0,0,11
1403638202.097262144088745,0,0,0,0,11
1403638202.147262096405029,0,0,0,0,11
1403638202.197262048721313,0,0,0,0,11
1403638202.247262001037598,0,0,0,0,11
1403638202.297262191772461,0,0,0,0,11
1403638202.347262144088745,0,0,0,0,11
1403638202.397262096405029,0,0,0,0,11
1403638202.447262048721313,0,0,0,0,11
1403638202.497262001037598,0,0,0,0,11
1403638202.547262191772461,0,0,0,0,11
1403638202.597262144088745,0,0,0,0,11
1403638202.647262096405029,0,0,0,0,11
1403638202.697262048721313,0,0,0,0,11
1403638202.747262001037598,0,0,0,0,11
1403638202.797262191772461,0,0,0,0,11
1403638202.847262144088745,0,0,0,0,11
1403638202.897262096405029,0,0,0,0,11
1403638202.947262048721313,0,0,0,0,11
1403638202.997262001037598,0,0,0,0,11
1403638203.047262191772461,0,0,0,0,11
1403638203.097262144088745,0,0,0,0,11
1403638203.147262096405029,0,0,0,0,11
1403638203.197262048721313,0,0,0,0,11
1403638203.247262001037598,0,0,0,0,11
1403638203.297262191772461,0,0,0,0,11
1403638203.347262144088745,0,0,0,0,11
1403638203.397262096405029,0,0,0,0,11
1403638203.447262048721313,0,0,0,0,11
1403638203.497262001037598,0,0,0,0,11
1403638203.547262191772461,0,0,0,0,11
1403638203.597262144088745,0,0,0,0,11
1403638203.647262096405029,0,0,0,0,11
1403638203.697262048721313,0,0,0,0,11
1403638203.747262001037598,0,0,0,0,11
1403638203.797262191772461,0,0,0,0,11
1403638203.897262096405029,0,0,0,0,11
1403638203.947262048721313,0,0,0,0,11
1403638203.997262001037598,0,0,0,0,11
1403638204.047262191772461,0,0,0,0,11
1403638204.097262144088745,0,0,0,0,11
1403638204.147262096405029,0,0,0,0,11
1403638204.197262048721313,0,0,0,0,11
1403638204.247262001037598,0,0,0,0,11
1403638204.297262191772461,0,0,0,0,11
1403638204.347262144088745,0,0,0,0,11
1403638204.397262096405029,0,0,0,0,11
1403638204.447262048721313,0,0,0,0,11
1403638204.497262001037598,0,0,0,0,11
1403638204.547262191772461,0,0,0,0,11
1403638204.597262144088745,0,0,0,0,11
1403638204.647262096405029,0,0,0,0,11
1403638204.697262048721313,0,0,0,0,11
1403638204.747262001037598,0,0,0,0,11
1403638204.797262191772461,0,0,0,0,11
1403638204.847262144088745,0,0,0,0,11
1403638204.897262096405029,0,0,0,0,11
1403638204.947262048721313,0,0,0,0,11
1403638204.997262001037598,0,0,0,0,11
1403638205.047262191772461,0,0,0,0,11
1403638205.097262144088745,0,0,0,0,11
1403638205.147262096405029,0,0,0,0,11
1403638205.197262048721313,0,0,0,0,11
1403638205.247262001037598,0,0,0,0,11
1403638205.297262191772461,0,0,0,0,11
1403638205.347262144088745,0,0,0,0,11
1403638205.397262096405029,0,0,0,0,11
1403638205.447262048721313,0,0,0,0,11
1403638205.497262001037598,0,0,0,0,11
1403638205.547262191772461,0,0,0,0,11
1403638205.597262144088745,0,0,0,0,11
1403638205.647262096405029,0,0,0,0,11
1403638205.697262048721313,0,0,0,0,11
1403638205.747262001037598,0,0,0,0,11
1403638205.797262191772461,0,0,0,0,11
1403638205.847262144088745,0,0,0,0,11
1403638205.897262096405029,0,0,0,0,11
1403638205.947262048721313,0,0,0,0,11
1403638205.997262001037598,0,0,0,0,11
1403638206.047262191772461,0,0,0,0,11
1403638206.097262144088745,0,0,0,0,11
1403638206.147262096405029,0,0,0,0,11
1403638206.197262048721313,0,0,0,0,11
1403638206.247262001037598,0,0,0,0,11
1403638206.297262191772461,0,0,0,0,11
1403638206.347262144088745,0,0,0,0,11
1403638206.397262096405029,0,0,0,0,11
1403638206.447262048721313,0,0,0,0,11
1403638206.497262001037598,0,0,0,0,11
1403638206.547262191772461,0,0,0,0,11
1403638206.597262144088745,0,0,0,0,11
1403638206.647262096405029,0,0,0,0,11
1403638206.697262048721313,0,0,0,0,11
1403638206.747262001037598,0,0,0,0,11
1403638206.797262191772461,0,0,0,0,11
1403638206.847262144088745,0,0,0,0,11
1403638206.897262096405029,0,0,0,0,11
1403638206.947262048721313,0,0,0,0,11
1403638206.997262001037598,0,0,0,0,11
1403638207.047262191772461,0,0,0,0,11
1403638207.097262144088745,0,0,0,0,11
1403638207.147262096405029,0,0,0,0,11
1403638207.197262048721313,0,0,0,0,11
1403638207.247262001037598,0,0,0,0,11
1403638207.297262191772461,0,0,0,0,11
1403638207.347262144088745,0,0,0,0,11
1403638207.397262096405029,0,0,0,0,11
1403638207.447262048721313,0,0,0,0,11
1403638207.497262001037598,0,0,0,0,11
1403638207.547262191772461,0,0,0,0,11
1403638207.597262144088745,0,0,0,0,11
1403638207.647262096405029,0,0,0,0,11
1403638207.697262048721313,0,0,0,0,11
1403638207.747262001037598,0,0,0,0,11
1403638207.797262191772461,0,0,0,0,11
1403638207.847262144088745,0,0,0,0,11
1403638207.897262096405029,0,0,0,0,11
1403638207.947262048721313,0,0,0,0,11
1403638207.997262001037598,0,0,0,0,11
1403638208.047262191772461,0,0,0,0,11
1403638208.097262144088745,0,0,0,0,11
1403638208.147262096405029,0,0,0,0,11
1403638208.197262048721313,0,0,0,0,11
1403638208.247262001037598,0,0,0,0,11
1403638208.297262191772461,0,0,0,0,11
1403638208.347262144088745,0,0,0,0,11
1403638208.447262048721313,0,0,0,0,11
1403638208.497262001037598,0,0,0,0,11
1403638208.547262191772461,0,0,0,0,11
1403638208.597262144088745,0,0,0,0,11
1403638208.647262096405029,0,0,0,0,11
1403638208.697262048721313,0,0,0,0,11
1403638208.747262001037598,0,0,0,0,11
1403638208.797262191772461,0,0,0,0,11
1403638208.847262144088745,0,0,0,0,11
1403638208.897262096405029,0,0,0,0,11
1403638208.947262048721313,0,0,0,0,11
1403638208.997262001037598,0,0,0,0,11
1403638209.047262191772461,0,0,0,0,11
1403638209.097262144088745,0,0,0,0,11
1403638209.147262096405029,0,0,0,0,11
1403638209.197262048721313,0,0,0,0,11
1403638209.247262001037598,0,0,0,0,11
1403638209.297262191772461,0,0,0,0,11
1403638209.347262144088745,0,0,0,0,11
1403638209.397262096405029,0,0,0,0,11
1403638209.447262048721313,0,0,0,0,11
1403638209.497262001037598,0,0,0,0,11
1403638209.547262191772461,0,0,0,0,11
1403638209.597262144088745,0,0,0,0,11
1403638209.647262096405029,0,0,0,0,11
1403638209.697262048721313,0,0,0,0,11
1403638209.747262001037598,0,0,0,0,11
1403638209.797262191772461,0,0,0,0,11
1403638209.847262144088745,0,0,0,0,11
1403638209.897262096405029,0,0,0,0,11
1403638209.947262048721313,0,0,0,0,11
1403638209.997262001037598,0,0,0,0,11
1403638210.047262191772461,0,0,0,0,11
1403638210.097262144088745,0,0,0,0,11
1403638210.147262096405029,0,0,0,0,11
1403638210.197262048721313,0,0,0,0,11
1403638210.247262001037598,0,0,0,0,11
1403638210.297262191772461,0,0,0,0,11
1403638210.347262144088745,0,0,0,0,11
1403638210.397262096405029,0,0,0,0,11
1403638210.447262048721313,0,0,0,0,11
1403638210.497262001037598,0,0,0,0,11
1403638210.547262191772461,0,0,0,0,11
1403638210.597262144088745,0,0,0,0,11
1403638210.647262096405029,0,0,0,0,11
1403638210.697262048721313,0,0,0,0,11
1403638210.747262001037598,0,0,0,0,11
1403638210.797262191772461,0,0,0,0,11
1403638210.847262144088745,0,0,0,0,11
1403638210.897262096405029,0,0,0,0,11
1403638210.947262048721313,0,0,0,0,11
1403638210.997262001037598,0,0,0,0,11
1403638211.047262191772461,0,0,0,0,11
1403638211.097262144088745,0,0,0,0,11
1403638211.147262096405029,0,0,0,0,11
1403638211.197262048721313,0,0,0,0,11
1403638211.247262001037598,0,0,0,0,11
1403638211.297262191772461,0,0,0,0,11
1403638211.347262144088745,0,0,0,0,11
1403638211.397262096405029,0,0,0,0,11
1403638211.447262048721313,0,0,0,0,11
1403638211.497262001037598,0,0,0,0,11
1403638211.547262191772461,0,0,0,0,11
1403638211.597262144088745,0,0,0,0,11
1403638211.647262096405029,0,0,0,0,11
1403638211.697262048721313,0,0,0,0,11
1403638211.747262001037598,0,0,0,0,11
1403638211.797262191772461,0,0,0,0,11
1403638211.847262144088745,0,0,0,0,11
1403638211.897262096405029,0,0,0,0,11
1403638211.947262048721313,0,0,0,0,11
1403638211.997262001037598,0,0,0,0,11
1403638212.047262191772461,0,0,0,0,11
1403638212.097262144088745,0,0,0,0,11
1403638212.147262096405029,0,0,0,0,11
1403638212.197262048721313,0,0,0,0,11
1403638212.247262001037598,0,0,0,0,11
1403638212.297262191772461,0,0,0,0,11
1403638212.347262144088745,0,0,0,0,11
1403638212.397262096405029,0,0,0,0,11
1403638212.447262048721313,0,0,0,0,11
1403638212.497262001037598,0,0,0,0,11
1403638212.547262191772461,0,0,0,0,11
1403638212.597262144088745,0,0,0,0,11
1403638212.647262096405029,0,0,0,0,11
1403638212.697262048721313,0,0,0,0,11
1403638212.747262001037598,0,0,0,0,11
1403638212.797262191772461,0,0,0,0,11
1403638212.847262144088745,0,0,0,0,11
1403638212.897262096405029,0,0,0,0,11
1403638212.947262048721313,0,0,0,0,11
1403638212.997262001037598,0,0,0,0,11
1403638213.047262191772461,0,0,0,0,11
1403638213.097262144088745,0,0,0,0,11
1403638213.147262096405029,0,0,0,0,11
1403638213.197262048721313,0,0,0,0,11
1403638213.247262001037598,0,0,0,0,11
1403638213.297262191772461,0,0,0,0,11
1403638213.347262144088745,0,0,0,0,11
1403638213.397262096405029,0,0,0,0,11
1403638213.447262048721313,0,0,0,0,11
1403638213.497262001037598,0,0,0,0,11
1403638213.547262191772461,0,0,0,0,11
1403638213.597262144088745,0,0,0,0,11
1403638213.647262096405029,0,0,0,0,11
1403638213.697262048721313,0,0,0,0,11
1403638213.747262001037598,0,0,0,0,11
1403638213.797262191772461,0,0,0,0,11
1403638213.847262144088745,0,0,0,0,11
1403638213.897262096405029,0,0,0,0,11
1403638213.947262048721313,0,0,0,0,11
1403638213.997262001037598,0,0,0,0,11
1403638214.047262191772461,0,0,0,0,11
1403638214.097262144088745,0,0,0,0,11
1403638214.147262096405029,0,0,0,0,11
1403638214.197262048721313,0,0,0,0,11
1403638214.247262001037598,0,0,0,0,11
1403638214.297262191772461,0,0,0,0,11
1403638214.347262144088745,0,0,0,0,11
1403638214.397262096405029,0,0,0,0,11
1403638214.447262048721313,0,0,0,0,11
1403638214.497262001037598,0,0,0,0,11
1403638214.547262191772461,0,0,0,0,11
1403638214.597262144088745,0,0,0,0,11
1403638214.647262096405029,0,0,0,0,11
1403638214.697262048721313,0,0,0,0,11
1403638214.747262001037598,0,0,0,0,11
1403638214.797262191772461,0,0,0,0,11
1403638214.847262144088745,0,0,0,0,11
1403638214.897262096405029,0,0,0,0,11
1403638214.947262048721313,0,0,0,0,11
1403638214.997262001037598,0,0,0,0,11
1403638215.047262191772461,0,0,0,0,11
1403638215.097262144088745,0,0,0,0,11
1403638215.147262096405029,0,0,0,0,11
1403638215.197262048721313,0,0,0,0,11
1403638215.247262001037598,0,0,0,0,11
1403638215.297262191772461,0,0,0,0,11
1403638215.347262144088745,0,0,0,0,11
1403638215.397262096405029,0,0,0,0,11
1403638215.447262048721313,0,0,0,0,11
1403638215.497262001037598,0,0,0,0,11
1403638215.547262191772461,0,0,0,0,11
1403638215.597262144088745,0,0,0,0,11
1403638215.647262096405029,0,0,0,0,11
1403638215.697262048721313,0,0,0,0,11
1403638215.747262001037598,0,0,0,0,11
1403638215.797262191772461,0,0,0,0,11
1403638215.847262144088745,0,0,0,0,11
1403638215.897262096405029,0,0,0,0,11
1403638215.947262048721313,0,0,0,0,11
1403638215.997262001037598,0,0,0,0,11
1403638216.047262191772461,0,0,0,0,11
1403638216.097262144088745,0,0,0,0,11
1403638216.147262096405029,0,0,0,0,11
1403638216.197262048721313,0,0,0,0,11
1403638216.247262001037598,0,0,0,0,11
1403638216.297262191772461,0,0,0,0,11
1403638216.347262144088745,0,0,0,0,11
1403638216.397262096405029,0,0,0,0,11
1403638216.447262048721313,0,0,0,0,11
1403638216.497262001037598,0,0,0,0,11
1403638216.547262191772461,0,0,0,0,11
1403638216.597262144088745,0,0,0,0,11
1403638216.647262096405029,0,0,0,0,11
1403638216.697262048721313,0,0,0,0,11
1403638216.747262001037598,0,0,0,0,11
1403638216.797262191772461,0,0,0,0,11
1403638216.847262144088745,0,0,0,0,11
1403638216.897262096405029,0,0,0,0,11
1403638216.947262048721313,0,0,0,0,11
1403638216.997262001037598,0,0,0,0,11
1403638217.047262191772461,0,0,0,0,11
1403638217.097262144088745,0,0,0,0,11
1403638217.147262096405029,0,0,0,0,11
1403638217.197262048721313,0,0,0,0,11
1403638217.247262001037598,0,0,0,0,11
1403638217.297262191772461,0,0,0,0,11
1403638217.347262144088745,0,0,0,0,11
1403638217.397262096405029,0,0,0,0,11
1403638217.447262048721313,0,0,0,0,11
1403638217.497262001037598,0,0,0,0,11
1403638217.547262191772461,0,0,0,0,11
1403638217.597262144088745,0,0,0,0,11
1403638217.647262096405029,0,0,0,0,11
1403638217.697262048721313,0,0,0,0,11
1403638217.747262001037598,0,0,0,0,11
1403638217.797262191772461,0,0,0,0,11
1403638217.847262144088745,0,0,0,0,11
1403638217.897262096405029,0,0,0,0,11
1403638217.947262048721313,0,0,0,0,11
1403638217.997262001037598,0,0,0,0,11
1403638218.047262191772461,0,0,0,0,11
1403638218.097262144088745,0,0,0,0,11
1403638218.147262096405029,0,0,0,0,11
1403638218.197262048721313,0,0,0,0,11
1403638218.247262001037598,0,0,0,0,11
1403638218.297262191772461,0,0,0,0,11
1403638218.347262144088745,0,0,0,0,11
1403638218.397262096405029,0,0,0,0,11
1403638218.447262048721313,0,0,0,0,11
1403638218.497262001037598,0,0,0,0,11
1403638218.547262191772461,0,0,0,0,11
1403638218.597262144088745,0,0,0,0,11
1403638218.647262096405029,0,0,0,0,11
1403638218.697262048721313,0,0,0,0,11
1403638218.747262001037598,0,0,0,0,11
1403638218.797262191772461,0,0,0,0,11
1403638218.847262144088745,0,0,0,0,11
1403638218.897262096405029,0,0,0,0,11
1403638218.947262048721313,0,0,0,0,11
1403638218.997262001037598,0,0,0,0,11
1403638219.047262191772461,0,0,0,0,11
1403638219.097262144088745,0,0,0,0,11
1403638219.147262096405029,0,0,0,0,11
1403638219.197262048721313,0,0,0,0,11
1403638219.247262001037598,0,0,0,0,11
1403638219.297262191772461,0,0,0,0,11
1403638219.347262144088745,0,0,0,0,11
1403638219.397262096405029,0,0,0,0,11
1403638219.447262048721313,0,0,0,0,11
1403638219.497262001037598,0,0,0,0,11
1403638219.547262191772461,0,0,0,0,11
1403638219.597262144088745,0,0,0,0,11
1403638219.647262096405029,0,0,0,0,11
1403638219.697262048721313,0,0,0,0,11
1403638219.747262001037598,0,0,0,0,11
1403638219.797262191772461,0,0,0,0,11
1403638219.847262144088745,0,0,0,0,11
1403638219.897262096405029,0,0,0,0,11
1403638219.947262048721313,0,0,0,0,11
1403638219.997262001037598,0,0,0,0,11
1403638220.047262191772461,0,0,0,0,11
1403638220.097262144088745,0,0,0,0,11
1403638220.147262096405029,0,0,0,0,11
1403638220.197262048721313,0,0,0,0,11
1403638220.247262001037598,0,0,0,0,11
1403638220.297262191772461,0,0,0,0,11
1403638220.347262144088745,0,0,0,0,11
1403638220.397262096405029,0,0,0,0,11
1403638220.447262048721313,0,0,0,0,11
1403638220.497262001037598,0,0,0,0,11
1403638220.547262191772461,0,0,0,0,11
1403638220.597262144088745,0,0,0,0,11
1403638220.647262096405029,0,0,0,0,11
1403638220.697262048721313,0,0,0,0,11
1403638220.747262001037598,0,0,0,0,11
1403638220.797262191772461,0,0,0,0,11
1403638220.847262144088745,0,0,0,0,11
1403638220.897262096405029,0,0,0,0,11
1403638220.947262048721313,0,0,0,0,11
1403638220.997262001037598,0,0,0,0,11
1403638221.047262191772461,0,0,0,0,11
1403638221.097262144088745,0,0,0,0,11
1403638221.147262096405029,0,0,0,0,11
1403638221.197262048721313,0,0,0,0,11
1403638221.247262001037598,0,0,0,0,11
1403638221.297262191772461,0,0,0,0,11
1403638221.347262144088745,0,0,0,0,11
1403638221.397262096405029,0,0,0,0,11
1403638221.447262048721313,0,0,0,0,11
1403638221.497262001037598,0,0,0,0,11
1403638221.547262191772461,0,0,0,0,11
1403638221.597262144088745,0,0,0,0,11
1403638221.647262096405029,0,0,0,0,11
1403638221.697262048721313,0,0,0,0,11
1403638221.747262001037598,0,0,0,0,11
1403638221.797262191772461,0,0,0,0,11
1403638221.847262144088745,0,0,0,0,11
1403638221.897262096405029,0,0,0,0,11
1403638221.947262048721313,0,0,0,0,11
1403638221.997262001037598,0,0,0,0,11
1403638222.047262191772461,0,0,0,0,11
1403638222.097262144088745,0,0,0,0,11
1403638222.147262096405029,0,0,0,0,11
1403638222.197262048721313,0,0,0,0,11
1403638222.247262001037598,0,0,0,0,11
1403638222.297262191772461,0,0,0,0,11
1403638222.347262144088745,0,0,0,0,11
1403638222.397262096405029,0,0,0,0,11
1403638222.447262048721313,0,0,0,0,11
1403638222.497262001037598,0,0,0,0,11
1403638222.547262191772461,0,0,0,0,11
1403638222.597262144088745,0,0,0,0,11
1403638222.647262096405029,0,0,0,0,11
1403638222.697262048721313,0,0,0,0,11
1403638222.747262001037598,0,0,0,0,11
1403638222.797262191772461,0,0,0,0,11
1403638222.847262144088745,0,0,0,0,11
1403638222.897262096405029,0,0,0,0,11
1403638222.947262048721313,0,0,0,0,11
1403638222.997262001037598,0,0,0,0,11
1403638223.047262191772461,0,0,0,0,11
1403638223.097262144088745,0,0,0,0,11
1403638223.147262096405029,0,0,0,0,11
1403638223.197262048721313,0,0,0,0,11
1403638223.247262001037598,0,0,0,0,11
1403638223.297262191772461,0,0,0,0,11
1403638223.347262144088745,0,0,0,0,11
1403638223.397262096405029,0,0,0,0,11
1403638223.447262048721313,0,0,0,0,11
1403638223.497262001037598,0,0,0,0,11
1403638223.547262191772461,0,0,0,0,11
1403638223.597262144088745,0,0,0,0,11
1403638223.647262096405029,0,0,0,0,11
1403638223.697262048721313,0,0,0,0,11
1403638223.747262001037598,0,0,0,0,11
1403638223.797262191772461,0,0,0,0,11
1403638223.847262144088745,0,0,0,0,11
1403638223.897262096405029,0,0,0,0,11
1403638223.947262048721313,0,0,0,0,11
1403638223.997262001037598,0,0,0,0,11
1403638224.047262191772461,0,0,0,0,11
1403638224.097262144088745,0,0,0,0,11
1403638224.147262096405029,0,0,0,0,11
1403638224.197262048721313,0,0,0,0,11
1403638224.247262001037598,0,0,0,0,11
1403638224.297262191772461,0,0,0,0,11
1403638224.347262144088745,0,0,0,0,11
1403638224.397262096405029,0,0,0,0,11
1403638224.447262048721313,0,0,0,0,11
1403638224.497262001037598,0,0,0,0,11
1403638224.547262191772461,0,0,0,0,11
1403638224.597262144088745,0,0,0,0,11
1403638224.647262096405029,0,0,0,0,11
1403638224.697262048721313,0,0,0,0,11
1403638224.747262001037598,0,0,0,0,11
1403638224.797262191772461,0,0,0,0,11
1403638224.847262144088745,0,0,0,0,11
1403638224.897262096405029,0,0,0,0,11
1403638224.947262048721313,0,0,0,0,11
1403638224.997262001037598,0,0,0,0,11
1403638225.047262191772461,0,0,0,0,11
1403638225.097262144088745,0,0,0,0,11
1403638225.147262096405029,0,0,0,0,11
1403638225.197262048721313,0,0,0,0,11
1403638225.247262001037598,0,0,0,0,11
1403638225.297262191772461,0,0,0,0,11
1403638225.347262144088745,0,0,0,0,11
1403638225.397262096405029,0,0,0,0,11
1403638225.447262048721313,0,0,0,0,11
1403638225.497262001037598,0,0,0,0,11
1403638225.547262191772461,0,0,0,0,11
1403638225.597262144088745,0,0,0,0,11
1403638225.647262096405029,0,0,0,0,11
1403638225.697262048721313,0,0,0,0,11
1403638225.747262001037598,0,0,0,0,11
1403638225.797263145446777,0,1,0,0,11
1403638225.847263097763062,0,0,0,0,11
1403638225.897263050079346,0,0,0,0,11
1403638225.947263002395630,0,0,0,0,11
1403638225.997262954711914,0,0,0,0,11
1403638226.047263145446777,0,0,0,0,11
1403638226.097263097763062,0,0,0,0,11
1403638226.147263050079346,0,0,0,0,11
1403638226.197263002395630,0,0,0,0,11
1403638226.247262954711914,0,0,0,0,11
1403638226.297263145446777,0,0,0,0,11
1403638226.347263097763062,0,0,0,0,11
1403638226.397263050079346,0,0,0,0,11
1403638226.447263002395630,0,0,0,0,11
1403638226.497262954711914,0,0,0,0,11
1403638226.547263145446777,0,0,0,0,11
1403638226.597263097763062,0,0,0,0,11
1403638226.647263050079346,0,0,0,0,11
1403638226.697263002395630,0,0,0,0,11
1403638226.747262954711914,0,0,0,0,11
1403638226.797263145446777,0,0,0,0,11
1403638226.847263097763062,0,0,0,0,11
1403638226.897263050079346,0,0,0,0,11
1403638226.947263002395630,0,0,0,0,11
1403638226.997262954711914,0,0,0,0,11
1403638227.047263145446777,0,0,0,0,11
1403638227.097263097763062,0,0,0,0,11
1403638227.147263050079346,0,0,0,0,11
1403638227.197263002395630,0,0,0,0,11
1403638227.247262954711914,0,0,0,0,11
1403638227.297263145446777,0,0,0,0,11
1403638227.347263097763062,0,0,0,0,11
1403638227.397263050079346,0,0,0,0,11
1403638227.447263002395630,0,0,0,0,11
1403638227.497262954711914,0,0,0,0,11
1403638227.547263145446777,0,0,0,0,11
1403638227.597263097763062,0,0,0,0,11
1403638227.647263050079346,0,0,0,0,11
1403638227.697263002395630,0,0,0,0,11
1403638227.747262954711914,0,0,0,0,11
1403638227.797263145446777,0,0,0,0,11
1403638227.847263097763062,0,0,0,0,11
1403638227.897263050079346,0,0,0,0,11
1403638227.947263002395630,0,0,0,0,11
1403638227.997262954711914,0,0,0,0,11
1403638228.047263145446777,0,0,0,0,11
1403638228.097263097763062,0,0,0,0,11
1403638228.147263050079346,0,0,0,0,11
1403638228.197263002395630,0,0,0,0,11
1403638228.247262954711914,0,0,0,0,11
1403638228.297263145446777,0,0,0,0,11
1403638228.347263097763062,0,0,0,0,11
1403638228.397263050079346,0,0,0,0,11
1403638228.447263002395630,0,0,0,0,11
1403638228.497262954711914,0,0,0,0,11
1403638228.547263145446777,0,0,0,0,11
1403638228.597263097763062,0,0,0,0,11
1403638228.647263050079346,0,0,0,0,11
1403638228.697263002395630,0,0,0,0,11
1403638228.747262954711914,0,0,0,0,11
1403638228.797263145446777,0,0,0,0,11
