# timestamp (sec),slam_feats_in_state,msckf_feats_used,slam_feats_updated,slam_feats_delayed_init,clones
1403715893.789431571960449,0,15,0,0,5
1403715893.835706472396851,14,15,0,14,6
1403715893.883751869201660,14,0,14,0,7
1403715893.932422161102295,14,0,14,0,8
1403715893.982274532318115,14,1,13,0,9
1403715894.032090902328491,13,1,13,0,10
1403715894.081556797027588,13,0,13,0,11
1403715894.131438493728638,13,1,13,0,11
1403715894.181732892990112,18,1,12,6,11
1403715894.231507062911987,20,0,18,2,11
1403715894.281766414642334,25,1,19,6,11
1403715894.331927061080933,24,1,24,0,11
1403715894.382615804672241,29,3,24,5,11
1403715894.433187246322632,44,25,29,15,11
1403715894.483263015747070,47,0,43,4,11
1403715894.533203601837158,47,0,46,0,11
1403715894.583202600479126,49,1,46,2,11
1403715894.633183479309082,48,0,47,0,11
1403715894.683122873306274,48,0,48,0,11
1403715894.733191728591919,47,0,45,0,11
1403715894.783374071121216,47,0,45,1,11
1403715894.833408117294312,49,4,46,3,11
1403715894.883335590362549,50,2,48,1,11
1403715894.933360338211060,50,5,49,0,11
1403715894.983371496200562,49,1,47,1,11
1403715895.033497333526611,46,22,45,0,11
1403715895.083487749099731,44,0,43,0,11
1403715895.133465290069580,44,2,43,0,11
1403715895.183429718017578,47,1,41,5,11
1403715895.233456611633301,47,1,43,1,11
1403715895.283438205718994,46,1,43,1,11
1403715895.333363294601440,42,2,39,1,11
1403715895.383307218551636,42,2,40,0,11
1403715895.433221817016602,45,1,40,5,11
1403715895.483205556869507,45,0,44,0,11
1403715895.533247947692871,46,1,42,2,11
1403715895.583245992660522,47,1,42,2,11
1403715895.633299827575684,44,21,41,1,11
1403715895.683289766311646,44,2,42,2,11
1403715895.733286380767822,44,0,41,0,11
1403715895.783278465270996,48,7,39,5,11
1403715895.833278179168701,47,0,43,2,11
1403715895.883272886276245,47,4,43,0,11
1403715895.933257102966309,46,1,42,2,11
1403715895.983249902725220,46,2,43,1,11
1403715896.033268690109253,45,1,44,0,11
1403715896.083277463912964,45,0,40,1,11
1403715896.133370399475098,46,0,41,1,11
1403715896.183276176452637,49,8,42,7,11
1403715896.233271121978760,48,16,48,0,11
1403715896.283254861831665,48,0,46,0,11
1403715896.333146095275879,46,0,44,0,11
1403715896.383138656616211,49,4,42,4,11
1403715896.433116912841797,50,1,45,2,11
1403715896.483091354370117,48,0,43,0,11
1403715896.533053874969482,49,0,42,2,11
1403715896.583033800125122,46,3,42,1,11
1403715896.633005142211914,44,0,42,0,11
1403715896.682996988296509,42,0,40,1,11
1403715896.733037233352661,42,0,41,0,11
1403715896.783055782318115,47,4,39,6,11
1403715896.833063840866089,46,12,44,0,11
1403715896.883058309555054,45,0,41,1,11
1403715896.933095216751099,44,2,41,2,11
1403715896.983037710189819,49,5,42,6,11
1403715897.033032894134521,49,1,47,0,11
1403715897.083056688308716,50,1,45,2,11
1403715897.133050441741943,50,0,46,1,11
1403715897.183145284652710,49,3,46,2,11
1403715897.233175516128540,49,1,46,1,11
1403715897.283223152160645,48,2,44,1,11
1403715897.333301305770874,42,2,37,0,11
1403715897.383295536041260,45,2,38,4,11
1403715897.433396100997925,44,12,40,3,11
1403715897.483342409133911,42,3,39,0,11
1403715897.533257484436035,46,3,37,4,11
1403715897.583241224288940,45,2,38,4,11
1403715897.633244752883911,45,2,42,1,11
1403715897.683249711990356,44,1,43,0,11
1403715897.733258008956909,42,2,41,1,11
1403715897.783260583877563,42,1,41,0,11
1403715897.833252429962158,42,3,39,0,11
1403715897.883248805999756,40,3,36,0,11
1403715897.933260917663574,44,4,36,6,11
1403715897.983285665512085,42,0,40,2,11
1403715898.033346176147461,42,17,35,3,11
1403715898.083340167999268,40,6,34,0,11
1403715898.133361816406250,34,8,26,1,11
1403715898.183374643325806,29,4,25,2,11
1403715898.233415603637695,30,5,21,7,11
1403715898.283477783203125,29,3,25,0,11
1403715898.333497047424316,29,5,25,1,11
1403715898.383519172668457,28,7,26,1,11
1403715898.433533668518066,26,8,25,0,11
1403715898.483511924743652,25,8,24,0,11
1403715898.533510208129883,28,6,21,6,11
1403715898.583501338958740,28,4,26,1,11
1403715898.633515834808350,34,9,24,8,11
1403715898.683539867401123,32,7,31,1,11
1403715898.733545064926147,29,5,27,1,11
1403715898.783560276031494,21,5,19,1,11
1403715898.833555459976196,21,2,19,2,11
1403715898.883555650711060,25,2,21,4,11
1403715898.933552742004395,24,2,24,0,11
1403715898.983560323715210,27,6,21,4,11
1403715899.033561229705811,29,3,22,4,11
1403715899.083516836166382,32,2,25,6,11
1403715899.133511781692505,39,4,29,9,11
1403715899.183517217636108,40,3,34,5,11
1403715899.233505964279175,36,6,35,0,11
1403715899.283511161804199,35,7,33,0,11
1403715899.333514451980591,39,6,28,8,11
1403715899.383542776107788,40,5,33,3,11
1403715899.433554649353027,36,4,31,0,11
1403715899.483583688735962,39,5,30,4,11
1403715899.533600091934204,35,1,33,0,11
1403715899.583615064620972,45,4,32,12,11
1403715899.633630275726318,48,4,42,4,11
1403715899.683625221252441,47,3,45,0,11
1403715899.733662605285645,49,9,45,4,11
1403715899.783680438995361,49,4,48,0,11
1403715899.833698034286499,46,7,43,1,11
1403715899.883717298507690,48,9,41,5,11
1403715899.933723211288452,47,0,44,1,11
1403715899.983755350112915,45,5,43,1,11
1403715900.033794164657593,43,5,43,0,11
1403715900.083837032318115,42,4,42,0,11
1403715900.133882045745850,43,0,38,3,11
1403715900.183912754058838,40,3,37,0,11
1403715900.233932495117188,43,0,37,4,11
1403715900.283996105194092,43,5,40,2,11
1403715900.333978652954102,47,1,43,4,11
1403715900.383957862854004,47,3,42,3,11
1403715900.434009790420532,46,4,45,0,11
1403715900.484018325805664,44,16,40,4,11
1403715900.534010887145996,40,5,40,0,11
1403715900.584001541137695,39,7,38,0,11
1403715900.633962154388428,41,2,35,4,11
1403715900.683923959732056,36,4,31,1,11
1403715900.733900308609009,34,2,32,0,11
1403715900.783885240554810,34,1,29,3,11
1403715900.833882093429565,31,5,25,0,11
1403715900.883893013000488,29,4,24,1,11
1403715900.933907032012939,28,1,21,2,11
1403715900.983910322189331,28,1,19,2,11
1403715901.033912181854248,31,2,18,9,11
1403715901.083925247192383,30,1,25,2,11
1403715901.133928060531616,26,3,22,1,11
1403715901.183936357498169,25,1,22,1,11
1403715901.233939886093140,23,2,20,2,11
1403715901.283939599990845,21,0,19,0,11
1403715901.333938598632812,20,1,19,0,11
1403715901.383947849273682,21,2,18,2,11
1403715901.433946371078491,22,4,18,2,11
1403715901.483940839767456,21,3,20,0,11
1403715901.533914327621460,21,2,20,1,11
1403715901.583886146545410,21,1,21,0,11
1403715901.633862495422363,25,2,21,4,11
1403715901.683851003646851,26,3,25,1,11
1403715901.733847379684448,26,0,25,0,11
1403715901.783852338790894,28,1,25,2,11
1403715901.833858251571655,32,3,25,5,11
1403715901.883857727050781,32,5,30,1,11
1403715901.933863401412964,33,5,30,3,11
1403715901.983884334564209,35,3,32,3,11
1403715902.033894062042236,37,3,31,2,11
1403715902.083904743194580,39,1,33,3,11
1403715902.133917331695557,43,0,36,7,11
1403715902.183918952941895,44,2,40,2,11
1403715902.233919143676758,45,1,42,1,11
1403715902.283918619155884,46,1,42,3,11
1403715902.333919286727905,44,1,42,0,11
1403715902.383913993835449,44,3,42,0,11
1403715902.433906078338623,43,2,40,1,11
1403715902.483900547027588,46,1,36,4,11
1403715902.533887624740601,44,0,39,0,11
1403715902.583870887756348,42,6,38,3,11
1403715902.633859395980835,46,1,39,5,11
1403715902.683853149414062,45,5,44,1,11
1403715902.733845472335815,47,2,44,2,11
1403715902.783836603164673,49,1,42,4,11
1403715902.833837509155273,49,2,44,0,11
1403715902.883821725845337,45,3,42,2,11
1403715902.933818578720093,42,0,40,2,11
1403715902.983808755874634,44,3,42,2,11
1403715903.033798694610596,42,2,42,0,11
1403715903.083784580230713,43,4,41,2,11
1403715903.133779525756836,41,1,40,0,11
1403715903.183791875839233,39,1,36,0,11
1403715903.233804702758789,32,1,31,0,11
1403715903.283817768096924,37,0,29,7,11
1403715903.333829879760742,50,3,35,13,11
1403715903.383850336074829,49,3,47,1,11
1403715903.433853387832642,47,2,45,1,11
1403715903.483846902847290,44,3,40,2,11
1403715903.533845663070679,41,3,38,0,11
1403715903.583835124969482,43,4,32,6,11
1403715903.633829832077026,40,5,35,0,11
1403715903.683833122253418,38,2,29,2,11
1403715903.733844757080078,37,5,25,10,11
1403715903.783847093582153,29,5,26,0,11
1403715903.833853006362915,18,14,18,0,11
1403715903.883855342864990,16,4,14,1,11
1403715903.933845758438110,17,1,12,3,11
1403715903.983834028244019,12,11,10,0,11
1403715904.033818006515503,11,4,9,0,11
1403715904.083798170089722,10,1,9,0,11
1403715904.133791208267212,15,3,9,6,11
1403715904.183777093887329,15,4,14,0,11
1403715904.233773946762085,15,3,13,0,11
1403715904.283761739730835,22,3,14,8,11
1403715904.333767652511597,21,5,21,0,11
1403715904.383759975433350,21,4,20,1,11
1403715904.433748006820679,30,3,19,9,11
1403715904.483752489089966,28,5,27,0,11
1403715904.533756256103516,33,1,27,6,11
1403715904.583766937255859,29,7,28,1,11
1403715904.633771657943726,28,2,28,0,11
1403715904.683770418167114,27,1,26,1,11
1403715904.733760356903076,31,2,22,7,11
1403715904.783753395080566,32,0,28,3,11
1403715904.833733081817627,34,0,28,3,11
1403715904.883736133575439,36,2,30,4,11
1403715904.933729410171509,36,1,30,4,11
1403715904.983726263046265,37,0,29,5,11
1403715905.033734560012817,35,3,24,4,11
1403715905.083735466003418,31,0,22,0,11
1403715905.133734226226807,30,1,19,4,11
1403715905.183747529983521,27,4,21,1,11
1403715905.233754873275757,26,0,21,3,11
1403715905.283760070800781,25,1,22,0,11
1403715905.333764791488647,24,1,22,1,11
1403715905.383766889572144,24,2,22,2,11
1403715905.433769226074219,28,0,22,4,11
1403715905.483769655227661,28,2,25,1,11
1403715905.533773183822632,25,5,23,2,11
1403715905.583786964416504,25,1,23,2,11
1403715905.633801460266113,27,7,22,3,11
1403715905.683806419372559,28,4,23,1,11
1403715905.733812093734741,33,2,23,8,11
1403715905.783815622329712,39,2,30,8,11
1403715905.833814382553101,40,3,32,2,11
1403715905.883817195892334,35,4,29,0,11
1403715905.933813333511353,32,3,28,3,11
1403715905.983810424804688,32,0,31,1,11
1403715906.033803701400757,29,2,27,0,11
1403715906.083792924880981,28,2,23,1,11
1403715906.133787155151367,23,2,19,1,11
1403715906.183765172958374,26,2,15,5,11
1403715906.233760595321655,22,2,16,2,11
1403715906.283739089965820,23,3,14,7,11
1403715906.333740234375000,23,1,21,1,11
1403715906.383733987808228,29,0,21,7,11
1403715906.433734178543091,29,4,27,0,11
1403715906.483730554580688,31,6,23,5,11
1403715906.533733367919922,30,1,24,0,11
1403715906.583724737167358,32,5,20,6,11
1403715906.633707046508789,28,2,24,2,11
1403715906.683706760406494,26,2,23,1,11
1403715906.733710765838623,24,3,21,0,11
1403715906.783714056015015,24,1,19,1,11
1403715906.833715438842773,21,2,19,0,11
1403715906.883728265762329,17,2,14,3,11
1403715906.933740615844727,17,2,13,2,11
1403715906.983743667602539,16,2,11,0,11
1403715907.033747196197510,16,6,10,4,11
1403715907.083739280700684,16,0,13,3,11
1403715907.133745431900024,13,1,12,0,11
1403715907.183746814727783,13,0,12,0,11
1403715907.233740329742432,20,0,10,9,11
1403715907.283736467361450,20,0,17,0,11
1403715907.333735227584839,13,0,11,0,11
1403715907.383738517761230,17,1,10,7,11
1403715907.433734416961670,17,0,17,0,11
1403715907.483735561370850,16,3,16,0,11
1403715907.533725738525391,18,0,14,4,11
1403715907.583721876144409,16,2,15,1,11
1403715907.633725166320801,20,0,14,5,11
1403715907.683728456497192,18,0,18,0,11
1403715907.733734846115112,21,1,15,6,11
1403715907.783742427825928,26,2,18,7,11
1403715907.833742856979370,28,5,21,7,11
1403715907.883741378784180,28,1,28,0,11
1403715907.933742523193359,28,1,27,1,11
1403715907.983741283416748,32,3,28,4,11
1403715908.033745527267456,36,2,30,6,11
1403715908.083747863769531,44,0,30,12,11
1403715908.133751392364502,41,1,36,1,11
1403715908.183753967285156,36,2,33,0,11
1403715908.233755826950073,30,1,27,1,11
1403715908.283757686614990,39,0,25,13,11
1403715908.333754777908325,34,1,33,0,11
1403715908.383756160736084,32,1,31,0,11
1403715908.433754920959473,31,1,29,2,11
1403715908.483757019042969,30,2,29,1,11
1403715908.533751726150513,38,2,28,10,11
1403715908.583743095397949,36,0,34,0,11
1403715908.633736371994019,31,1,29,0,11
1403715908.683704853057861,41,0,27,13,11
1403715908.733693838119507,36,2,36,0,11
1403715908.783695459365845,31,2,31,0,11
1403715908.833712339401245,32,0,28,4,11
1403715908.883729934692383,32,0,31,0,11
1403715908.933740854263306,41,0,29,10,11
1403715908.983760833740234,48,2,39,8,11
1403715909.033766984939575,45,0,45,0,11
1403715909.083768367767334,42,0,41,0,11
1403715909.133773565292358,41,0,39,0,11
1403715909.183775901794434,31,0,31,0,11
1403715909.233779668807983,47,4,27,18,11
1403715909.283783197402954,49,1,45,3,11
1403715909.333784341812134,48,0,46,0,11
1403715909.383784770965576,49,9,45,2,11
1403715909.433797359466553,48,1,45,1,11
1403715909.483800649642944,40,3,39,0,11
1403715909.533806324005127,40,0,38,1,11
1403715909.583806753158569,41,1,36,1,11
1403715909.633810043334961,46,10,32,9,11
1403715909.683813810348511,43,1,40,0,11
1403715909.733814239501953,41,5,35,2,11
1403715909.783814430236816,45,0,31,5,11
1403715909.833823680877686,39,2,30,4,11
1403715909.883823871612549,34,2,32,0,11
1403715909.933823347091675,31,8,28,0,11
1403715909.983823299407959,35,4,23,9,11
1403715910.033823251724243,29,3,25,0,11
1403715910.083822250366211,21,4,18,0,11
1403715910.133819341659546,13,2,13,0,11
1403715910.183820009231567,10,6,10,0,11
1403715910.233816385269165,11,2,7,4,11
1403715910.283814430236816,9,9,8,0,11
1403715910.333813905715942,1,9,1,0,11
1403715910.383809804916382,0,4,0,0,11
1403715910.433809518814087,4,1,0,4,11
1403715910.483809471130371,8,3,1,4,11
1403715910.533809661865234,14,5,3,7,11
1403715910.583808422088623,18,2,9,8,11
1403715910.633810043334961,23,4,17,6,11
1403715910.683816194534302,18,9,16,0,11
1403715910.733816146850586,24,5,15,6,11
1403715910.783821344375610,35,0,21,13,11
1403715910.833815097808838,38,2,33,5,11
1403715910.883801460266113,48,4,35,10,11
1403715910.933826446533203,46,5,42,2,11
1403715910.983822584152222,46,8,44,2,11
1403715911.033815145492554,47,1,44,2,11
1403715911.083804130554199,46,1,44,0,11
1403715911.133799791336060,48,6,40,3,11
1403715911.183798313140869,47,2,38,1,11
1403715911.233798027038574,43,1,34,4,11
1403715911.283797979354858,39,1,34,1,11
1403715911.333791255950928,39,3,32,3,11
1403715911.383789300918579,34,2,31,0,11
1403715911.433786869049072,18,3,16,1,11
1403715911.483782529830933,26,4,17,8,11
1403715911.533779382705688,25,2,22,1,11
1403715911.583775520324707,28,2,18,5,11
1403715911.633773565292358,23,1,20,0,11
1403715911.683772087097168,20,3,17,2,11
1403715911.733782291412354,26,1,19,6,11
1403715911.783789873123169,24,5,20,3,11
1403715911.833796977996826,23,4,22,0,11
1403715911.883814096450806,34,2,22,12,11
1403715911.933824539184570,34,0,34,0,11
1403715911.983844518661499,36,3,32,4,11
1403715912.033842802047729,37,3,35,1,11
1403715912.083852529525757,42,7,34,5,11
1403715912.133852720260620,44,1,38,4,11
1403715912.183856964111328,41,2,41,0,11
1403715912.233851671218872,38,2,37,1,11
1403715912.283847093582153,40,1,36,3,11
1403715912.333843708038330,43,2,37,3,11
1403715912.383846759796143,45,2,38,4,11
1403715912.433842658996582,43,7,40,0,11
1403715912.483834266662598,45,7,40,3,11
1403715912.533837080001831,43,2,42,0,11
1403715912.583838224411011,43,5,39,0,11
1403715912.633835792541504,44,4,35,4,11
1403715912.683841228485107,46,5,38,5,11
1403715912.733844280242920,43,1,37,0,11
1403715912.783852577209473,46,9,33,7,11
1403715912.833847761154175,39,5,36,1,11
1403715912.883857965469360,35,1,28,0,11
1403715912.933858156204224,22,3,13,0,11
1403715912.983869552612305,20,2,8,5,11
1403715913.033869266510010,13,3,8,2,11
1403715913.083870410919189,11,3,9,0,11
1403715913.133869647979736,18,5,7,11,11
1403715913.183873176574707,18,0,17,0,11
1403715913.233879089355469,16,1,15,0,11
1403715913.283882856369019,13,1,13,0,11
1403715913.333884000778198,13,4,13,0,11
1403715913.383888244628906,19,2,12,7,11
1403715913.433894395828247,20,5,19,1,11
1403715913.483905792236328,22,2,19,2,11
1403715913.533908843994141,26,1,20,4,11
1403715913.583911418914795,30,6,24,5,11
1403715913.633902788162231,32,1,29,3,11
1403715913.683898687362671,33,1,31,2,11
1403715913.733896970748901,33,2,31,0,11
1403715913.783875942230225,42,2,30,10,11
1403715913.833860158920288,47,1,39,7,11
1403715913.883857965469360,47,2,44,2,11
1403715913.933854818344116,48,1,45,3,11
1403715913.983851194381714,47,1,43,2,11
1403715914.033848047256470,50,6,41,3,11
1403715914.083836317062378,47,5,42,0,11
1403715914.133831977844238,47,5,42,4,11
1403715914.183831214904785,46,4,41,2,11
1403715914.233832597732544,46,4,42,2,11
1403715914.283843994140625,49,6,43,4,11
1403715914.333847045898438,47,3,46,1,11
1403715914.383850812911987,47,1,45,1,11
1403715914.433851957321167,50,1,46,3,11
1403715914.483849763870239,49,5,48,0,11
1403715914.533843755722046,48,2,45,1,11
1403715914.583842992782593,48,4,45,2,11
1403715914.633843898773193,48,1,47,0,11
1403715914.683843851089478,50,3,46,2,11
1403715914.733848094940186,48,8,46,0,11
1403715914.783858299255371,47,2,42,2,11
1403715914.833867073059082,45,3,42,1,11
1403715914.883872985839844,42,2,41,0,11
1403715914.933878898620605,43,2,37,5,11
1403715914.983883142471313,48,0,39,6,11
1403715915.033890247344971,46,1,43,0,11
1403715915.083899974822998,49,13,44,4,11
1403715915.133904457092285,50,2,48,2,11
1403715915.183902025222778,50,5,50,0,11
1403715915.233899831771851,50,4,50,0,11
1403715915.283895492553711,49,17,49,0,11
1403715915.333893775939941,50,13,49,1,11
1403715915.383891105651855,50,5,50,0,11
1403715915.433887958526611,48,6,48,0,11
1403715915.483881235122681,47,0,47,0,11
1403715915.533875703811646,48,2,47,1,11
1403715915.583870649337769,47,0,47,0,11
1403715915.633871555328369,48,3,46,1,11
1403715915.683857917785645,49,8,46,2,11
1403715915.733859300613403,48,7,46,1,11
1403715915.783858776092529,48,5,45,2,11
1403715915.833856582641602,48,2,47,0,11
1403715915.883850336074829,47,10,45,2,11
1403715915.933848142623901,50,6,47,3,11
1403715915.983845233917236,50,5,48,0,11
1403715916.033842802047729,49,4,47,0,11
1403715916.083845615386963,48,0,46,1,11
1403715916.133851051330566,48,2,47,1,11
1403715916.183856010437012,47,3,45,0,11
1403715916.233860015869141,47,2,43,0,11
1403715916.283859968185425,46,2,40,3,11
1403715916.333859682083130,47,4,41,3,11
1403715916.383857488632202,49,3,44,4,11
1403715916.433849811553955,46,5,42,0,11
1403715916.483847618103027,42,1,34,2,11
1403715916.533840656280518,45,1,35,7,11
1403715916.583840131759644,44,4,39,3,11
1403715916.633838653564453,45,0,38,4,11
1403715916.683844327926636,42,2,37,0,11
1403715916.733844518661499,39,1,32,1,11
1403715916.783841848373413,37,3,31,2,11
1403715916.833847999572754,38,2,30,6,11
1403715916.883853435516357,37,1,32,3,11
1403715916.933861017227173,39,2,33,3,11
1403715916.983864784240723,40,1,34,6,11
1403715917.033869028091431,43,1,36,5,11
1403715917.083863496780396,41,2,35,2,11
1403715917.133864641189575,36,6,24,6,11
1403715917.183860540390015,32,2,21,2,11
1403715917.233858823776245,28,0,20,1,11
1403715917.283855199813843,27,3,19,4,11
1403715917.333863019943237,28,1,23,4,11
1403715917.383875608444214,26,3,25,0,11
1403715917.433892488479614,30,3,25,4,11
1403715917.483905315399170,34,0,28,5,11
1403715917.533918619155884,34,1,31,0,11
1403715917.583929777145386,35,0,30,2,11
1403715917.633916139602661,35,5,31,2,11
1403715917.683893918991089,36,1,28,2,11
1403715917.733881473541260,35,1,23,0,11
1403715917.783865213394165,32,1,17,4,11
1403715917.833853006362915,32,6,19,7,11
1403715917.883835315704346,34,1,22,6,11
1403715917.933832645416260,37,2,28,5,11
1403715917.983841180801392,34,1,29,2,11
1403715918.033853530883789,34,0,31,0,11
1403715918.083862543106079,33,0,27,3,11
1403715918.133863210678101,35,2,30,4,11
1403715918.183859109878540,37,0,30,4,11
1403715918.233857631683350,37,0,32,1,11
1403715918.283856391906738,36,0,33,2,11
1403715918.333867549896240,42,5,33,9,11
1403715918.383867979049683,41,6,38,0,11
1403715918.433867454528809,42,2,36,1,11
1403715918.483868360519409,39,2,36,1,11
1403715918.533870220184326,37,2,33,0,11
1403715918.583863973617554,40,1,32,7,11
1403715918.633861303329468,38,2,35,1,11
1403715918.683861970901489,36,0,33,1,11
1403715918.733863115310669,37,0,32,4,11
1403715918.783866882324219,36,5,32,1,11
1403715918.833865404129028,33,0,31,0,11
1403715918.883856534957886,32,0,30,2,11
1403715918.933857440948486,34,1,31,3,11
1403715918.983856439590454,35,3,32,1,11
1403715919.033856868743896,38,0,31,4,11
1403715919.083855867385864,48,1,34,12,11
1403715919.133857250213623,49,8,46,2,11
1403715919.183858394622803,49,8,48,1,11
1403715919.233858585357666,49,0,49,0,11
1403715919.283863067626953,50,9,48,1,11
1403715919.333866357803345,49,5,48,0,11
1403715919.383864402770996,48,13,46,1,11
1403715919.433851242065430,49,10,45,1,11
1403715919.483837604522705,47,0,45,0,11
1403715919.533820629119873,47,1,45,2,11
1403715919.583798885345459,48,1,47,1,11
1403715919.633758306503296,48,12,47,1,11
1403715919.683745384216309,50,0,47,2,11
1403715919.733732461929321,50,5,49,0,11
1403715919.783719539642334,50,11,49,1,11
1403715919.833718299865723,50,0,50,0,11
1403715919.883717298507690,50,6,47,0,11
1403715919.933717966079712,49,4,44,0,11
1403715919.983720064163208,48,11,44,3,11
1403715920.033722162246704,47,10,46,0,11
1403715920.083722591400146,47,0,46,0,11
1403715920.133725643157959,47,0,46,1,11
1403715920.183731555938721,47,1,47,0,11
1403715920.233743190765381,47,18,47,0,11
1403715920.283751010894775,47,0,47,0,11
1403715920.333763360977173,48,1,46,2,11
1403715920.383769035339355,50,8,47,2,11
1403715920.433770418167114,50,5,48,0,11
1403715920.483772039413452,48,9,47,0,11
1403715920.533776044845581,50,4,46,3,11
1403715920.583778142929077,50,9,47,0,11
1403715920.633780002593994,48,8,47,0,11
1403715920.683781623840332,47,2,45,0,11
1403715920.733784675598145,46,5,45,0,11
1403715920.783787250518799,45,5,45,0,11
1403715920.833789110183716,49,2,44,4,11
1403715920.883789777755737,47,1,45,0,11
1403715920.933786869049072,45,3,40,0,11
1403715920.983781576156616,49,17,38,5,11
1403715921.033782958984375,43,2,41,1,11
1403715921.083781719207764,45,2,41,3,11
1403715921.133786916732788,43,5,42,0,11
1403715921.183793067932129,42,4,41,1,11
1403715921.233795881271362,46,5,41,5,11
1403715921.283799171447754,45,2,42,1,11
1403715921.333804368972778,45,0,41,1,11
1403715921.383811235427856,45,5,42,3,11
1403715921.433811664581299,45,8,43,1,11
1403715921.483820438385010,44,2,44,0,11
1403715921.533820390701294,44,3,42,1,11
1403715921.583822250366211,49,5,44,5,11
1403715921.633822202682495,46,3,43,1,11
1403715921.683816909790039,47,4,39,1,11
1403715921.733816862106323,37,2,27,1,11
1403715921.783819437026978,35,5,23,3,11
1403715921.833822488784790,37,5,20,8,11
1403715921.883827209472656,38,2,25,6,11
1403715921.933828592300415,36,0,28,3,11
1403715921.983829498291016,37,7,31,4,11
1403715922.033832311630249,34,1,31,1,11
1403715922.083828687667847,36,6,29,4,11
1403715922.133829116821289,33,3,29,0,11
1403715922.183827400207520,27,1,20,0,11
1403715922.233823537826538,27,5,17,5,11
1403715922.283823966979980,23,4,18,0,11
1403715922.333824396133423,25,4,13,7,11
1403715922.383826017379761,22,7,18,1,11
1403715922.433827161788940,21,2,17,3,11
1403715922.483829975128174,19,4,17,0,11
1403715922.533831596374512,17,10,14,1,11
1403715922.583831071853638,16,6,14,0,11
1403715922.633831262588501,17,5,14,2,11
1403715922.683832883834839,18,3,15,2,11
1403715922.733832359313965,22,2,16,5,11
1403715922.783831119537354,20,1,19,0,11
1403715922.833830118179321,18,5,15,1,11
1403715922.883827924728394,18,1,16,2,11
1403715922.933826684951782,18,1,18,0,11
1403715922.983830928802490,24,0,18,6,11
1403715923.033832073211670,26,1,24,2,11
1403715923.083833694458008,27,0,25,1,11
1403715923.133836030960083,29,1,26,2,11
1403715923.183843612670898,31,2,27,4,11
1403715923.233842134475708,41,1,31,10,11
1403715923.283845663070679,40,1,38,1,11
1403715923.333847999572754,43,3,36,4,11
1403715923.383847236633301,41,2,36,0,11
1403715923.433847904205322,44,1,35,6,11
1403715923.483847141265869,42,3,38,2,11
1403715923.533846139907837,41,3,39,0,11
1403715923.583845853805542,40,1,37,0,11
1403715923.633847475051880,39,0,34,2,11
1403715923.683854341506958,40,0,34,3,11
1403715923.733857870101929,38,0,35,0,11
1403715923.783860921859741,37,1,35,1,11
1403715923.833859682083130,37,0,36,1,11
1403715923.883858919143677,37,0,34,1,11
1403715923.933860301971436,38,1,35,2,11
1403715923.983860969543457,37,3,36,1,11
1403715924.033860445022583,44,2,36,7,11
1403715924.083860158920288,39,0,34,0,11
1403715924.133860349655151,38,2,32,2,11
1403715924.183861255645752,39,5,35,4,11
1403715924.233859539031982,38,4,31,2,11
1403715924.283859491348267,38,2,33,1,11
1403715924.333858966827393,37,1,31,2,11
1403715924.383859157562256,38,4,26,3,11
1403715924.433858394622803,35,1,26,1,11
1403715924.483857631683350,33,4,27,3,11
1403715924.533856868743896,29,5,26,0,11
1403715924.583854198455811,26,6,22,1,11
1403715924.633851766586304,26,5,21,1,11
1403715924.683849334716797,26,1,19,4,11
1403715924.733847379684448,23,4,18,1,11
1403715924.783846139907837,16,4,15,0,11
1403715924.833843708038330,16,9,14,0,11
1403715924.883842229843140,16,4,11,1,11
1403715924.933841466903687,13,3,9,0,11
1403715924.983838558197021,9,9,9,0,11
1403715925.033837795257568,17,4,8,8,11
1403715925.083837032318115,15,5,12,3,11
1403715925.133838891983032,9,3,8,1,11
1403715925.183837652206421,9,6,7,0,11
1403715925.233835697174072,7,4,4,0,11
1403715925.283835887908936,10,3,3,6,11
1403715925.333836555480957,15,6,8,6,11
1403715925.383839130401611,15,2,13,1,11
1403715925.433832645416260,17,9,14,3,11
1403715925.483831167221069,18,3,14,1,11
1403715925.533828973770142,24,2,14,6,11
1403715925.583824396133423,25,6,14,8,11
1403715925.633827447891235,26,4,20,2,11
1403715925.683829545974731,23,3,22,0,11
1403715925.733832120895386,24,7,21,2,11
1403715925.783835172653198,25,4,19,3,11
1403715925.833841085433960,29,5,24,5,11
1403715925.883841276168823,27,6,26,0,11
1403715925.933846950531006,30,8,26,4,11
1403715925.983847379684448,28,7,26,2,11
1403715926.083847999572754,23,12,10,0,11
1403715926.133848428726196,23,4,20,0,11
1403715926.183849334716797,20,0,19,1,11
1403715926.233850002288818,21,2,18,1,11
1403715926.283850669860840,19,5,18,0,11
1403715926.333851099014282,16,5,13,0,11
1403715926.383850574493408,9,4,9,0,11
1403715926.433851003646851,9,0,9,0,11
1403715926.483851909637451,6,3,5,0,11
1403715926.533853292465210,5,6,4,1,11
1403715926.583854913711548,6,0,5,1,11
1403715926.633854866027832,5,5,5,0,11
1403715926.683847188949585,13,7,4,9,11
1403715926.733848571777344,16,1,13,3,11
1403715926.783849477767944,19,7,15,3,11
1403715926.833851099014282,23,3,16,6,11
1403715926.883849859237671,24,5,18,4,11
1403715926.933840513229370,36,2,21,12,11
1403715926.983836650848389,35,0,32,1,11
1403715927.033824920654297,34,5,32,1,11
1403715927.083817243576050,38,4,32,6,11
1403715927.133813381195068,42,3,38,4,11
1403715927.183813571929932,49,1,39,8,11
1403715927.233814477920532,42,5,38,1,11
1403715927.283817529678345,43,2,37,5,11
1403715927.333821058273315,40,4,37,1,11
1403715927.383819818496704,43,3,32,10,11
1403715927.433821678161621,47,2,40,4,11
1403715927.483821153640747,43,3,42,0,11
1403715927.533820152282715,47,3,40,5,11
1403715927.583819627761841,47,0,45,1,11
1403715927.633819580078125,45,1,42,0,11
1403715927.683819293975830,41,0,38,0,11
1403715927.733821153640747,37,1,35,0,11
1403715927.783827543258667,36,0,34,1,11
1403715927.833842992782593,48,5,34,13,11
1403715927.883846759796143,48,0,47,0,11
1403715927.933848381042480,47,9,44,2,11
1403715927.983853101730347,46,3,44,1,11
1403715928.033853769302368,44,1,44,0,11
1403715928.083851337432861,50,11,44,6,11
1403715928.133852720260620,46,3,46,0,11
1403715928.183851957321167,39,1,38,0,11
1403715928.233858108520508,38,3,38,0,11
1403715928.283861160278320,33,1,31,2,11
1403715928.333868026733398,33,1,27,5,11
1403715928.383869647979736,32,3,30,0,11
1403715928.433873176574707,26,5,24,1,11
1403715928.483873367309570,23,4,21,0,11
1403715928.533869981765747,20,10,18,1,11
1403715928.583863735198975,21,3,16,5,11
1403715928.633861541748047,19,5,16,0,11
1403715928.683857440948486,19,8,14,1,11
1403715928.733847618103027,27,3,12,13,11
1403715928.783842325210571,24,6,20,2,11
1403715928.833832263946533,32,2,17,12,11
1403715928.883831501007080,31,3,26,1,11
1403715928.933829307556152,27,3,22,4,11
1403715928.983831644058228,30,2,25,5,11
1403715929.033837080001831,41,0,29,12,11
1403715929.083839416503906,38,3,38,0,11
1403715929.133846521377563,44,0,35,7,11
1403715929.183848619461060,41,3,39,0,11
1403715929.233865022659302,44,0,38,4,11
1403715929.283870458602905,42,0,36,1,11
1403715929.333871126174927,47,13,32,8,11
1403715929.383864402770996,45,17,33,5,11
1403715929.433863878250122,46,3,37,5,11
1403715929.483862400054932,44,3,38,2,11
1403715929.533855199813843,44,7,40,2,11
1403715929.583854198455811,47,8,42,4,11
1403715929.633856058120728,47,2,45,1,11
1403715929.683853626251221,44,0,44,0,11
1403715929.733850955963135,47,0,44,3,11
1403715929.783851385116577,47,1,47,0,11
1403715929.833848714828491,48,5,46,1,11
1403715929.883846759796143,48,1,46,0,11
1403715929.933849811553955,49,5,44,3,11
1403715929.983852148056030,49,15,45,1,11
1403715930.033851146697998,49,5,45,1,11
1403715930.083853483200073,45,13,43,1,11
1403715930.133853673934937,45,1,42,1,11
1403715930.183855772018433,48,1,43,3,11
1403715930.233854532241821,49,7,46,3,11
1403715930.283859014511108,49,1,49,0,11
1403715930.333861827850342,48,1,48,0,11
1403715930.383862495422363,48,0,47,0,11
1403715930.433863639831543,50,0,47,2,11
1403715930.483857393264771,50,8,49,1,11
1403715930.533857583999634,50,1,50,0,11
1403715930.583857059478760,50,10,50,0,11
1403715930.633861541748047,50,15,50,0,11
1403715930.683873414993286,50,9,50,0,11
1403715930.733877658843994,50,0,50,0,11
1403715930.783880233764648,50,1,50,0,11
1403715930.833881616592407,50,1,50,0,11
1403715930.883879899978638,50,0,49,0,11
1403715930.933877229690552,50,0,49,0,11
1403715930.983880519866943,50,0,49,1,11
1403715931.033883810043335,50,2,50,0,11
1403715931.083892345428467,50,14,46,0,11
1403715931.133897781372070,50,1,45,0,11
1403715931.183902025222778,47,11,44,1,11
1403715931.233891487121582,50,4,45,4,11
1403715931.283881425857544,49,10,47,0,11
1403715931.333877801895142,49,4,44,0,11
1403715931.383875846862793,47,5,41,2,11
1403715931.433875322341919,48,5,39,5,11
1403715931.483874559402466,45,3,39,0,11
1403715931.533874034881592,44,5,36,3,11
1403715931.583873033523560,42,9,37,4,11
1403715931.633880376815796,41,3,40,0,11
1403715931.683883666992188,43,3,36,3,11
1403715931.733887434005737,39,3,34,0,11
1403715931.783888816833496,38,8,27,6,11
1403715931.833888292312622,32,3,28,3,11
1403715931.883889436721802,32,6,26,4,11
1403715931.933890104293823,30,6,27,0,11
1403715931.983891248703003,28,4,23,3,11
1403715932.033891916275024,28,8,26,0,11
1403715932.083892107009888,23,7,22,0,11
1403715932.133893966674805,22,4,19,0,11
1403715932.183893918991089,26,1,18,6,11
1403715932.233895063400269,23,4,15,1,11
1403715932.283896923065186,29,3,14,6,11
1403715932.333897352218628,23,5,14,3,11
1403715932.383898973464966,21,5,16,2,11
1403715932.433899164199829,19,3,17,2,11
1403715932.483900785446167,21,5,19,2,11
1403715932.533900976181030,21,2,19,0,11
1403715932.583901405334473,21,4,19,0,11
1403715932.633901596069336,20,4,18,1,11
1403715932.683901786804199,22,2,18,2,11
1403715932.733901500701904,20,5,17,2,11
1403715932.783900260925293,19,2,18,0,11
1403715932.833895921707153,20,0,18,2,11
1403715932.883885860443115,25,1,20,5,11
1403715932.933869600296021,30,8,20,5,11
1403715932.983856201171875,32,4,20,2,11
1403715933.033852815628052,33,4,17,5,11
1403715933.083852291107178,33,1,16,6,11
1403715933.133851528167725,28,2,14,2,11
1403715933.183852434158325,24,2,12,2,11
1403715933.233855247497559,21,2,14,5,11
1403715933.283854246139526,14,3,11,0,11
1403715933.333855867385864,14,5,10,0,11
1403715933.383859157562256,9,8,6,1,11
1403715933.433857440948486,8,2,6,1,11
1403715933.483860254287720,8,8,7,1,11
1403715933.533855915069580,10,6,8,2,11
1403715933.583852291107178,9,3,9,0,11
1403715933.633841991424561,13,3,5,7,11
1403715933.683832645416260,18,2,12,5,11
1403715933.733829975128174,19,0,15,3,11
1403715933.783822059631348,23,1,18,5,11
1403715933.833817243576050,23,1,23,0,11
1403715933.883808612823486,27,1,22,4,11
1403715933.933804035186768,36,7,16,10,11
1403715933.983803510665894,44,26,25,12,11
1403715934.033805608749390,38,12,29,4,11
1403715934.083801984786987,30,6,18,1,11
1403715934.133800029754639,18,9,7,0,11
1403715934.183798789978027,10,4,4,1,11
1403715934.233795166015625,7,2,3,3,11
1403715934.283795356750488,2,5,2,0,11
1403715934.333792448043823,2,0,2,0,11
1403715934.383792638778687,0,5,0,0,11
1403715934.433793306350708,0,4,0,0,11
1403715934.483794450759888,0,2,0,0,11
1403715934.533807516098022,0,9,0,0,11
1403715934.583817005157471,1,1,0,1,11
1403715934.633828163146973,1,0,0,1,11
1403715934.683829069137573,3,0,0,2,11
1403715934.733831167221069,5,1,3,2,11
1403715934.783823490142822,6,2,5,1,11
1403715934.833818435668945,10,1,5,4,11
1403715934.883782625198364,21,2,7,11,11
1403715934.933768033981323,28,1,14,9,11
1403715934.983762979507446,29,14,20,6,11
1403715935.033762216567993,35,2,20,8,11
1403715935.083763122558594,31,9,22,2,11
1403715935.133760690689087,16,5,10,2,11
1403715935.183763504028320,14,1,9,1,11
1403715935.233765363693237,13,1,8,1,11
1403715935.283768892288208,12,2,8,1,11
1403715935.333772420883179,11,3,9,1,11
1403715935.383774280548096,9,2,9,0,11
1403715935.433776140213013,9,6,9,0,11
1403715935.483780384063721,9,7,6,3,11
1403715935.533780336380005,12,3,8,4,11
1403715935.583784341812134,16,5,9,5,11
1403715935.633782625198364,15,7,12,1,11
1403715935.683779954910278,15,2,13,2,11
1403715935.733777046203613,20,3,13,7,11
1403715935.783777713775635,29,1,19,10,11
1403715935.833779096603394,38,3,27,11,11
1403715935.883780241012573,49,2,36,12,11
1403715935.933781862258911,49,7,47,1,11
1403715935.983785152435303,48,0,48,0,11
1403715936.033796787261963,48,1,48,0,11
1403715936.083824157714844,48,24,46,1,11
1403715936.133829116821289,48,4,45,0,11
1403715936.183829069137573,47,4,43,0,11
1403715936.233828783035278,46,12,36,2,11
1403715936.283826351165771,45,5,31,2,11
1403715936.333821296691895,39,4,26,2,11
1403715936.383819580078125,32,4,26,0,11
1403715936.433811426162720,29,3,22,1,11
1403715936.483806133270264,27,3,20,1,11
1403715936.533804416656494,27,2,20,3,11
1403715936.583801746368408,24,0,22,0,11
1403715936.633800745010376,22,4,21,0,11
1403715936.683811426162720,28,4,21,7,11
1403715936.733811378479004,27,0,27,0,11
1403715936.783815860748291,36,0,27,9,11
1403715936.833821296691895,45,1,35,9,11
1403715936.883822202682495,44,1,43,0,11
1403715936.933822631835938,47,1,43,3,11
1403715936.983822345733643,47,3,46,1,11
1403715937.033822059631348,46,0,45,0,11
1403715937.083823204040527,45,0,42,0,11
1403715937.133822202682495,47,1,42,3,11
1403715937.183821678161621,48,0,44,3,11
1403715937.233817577362061,50,4,45,2,11
1403715937.283813476562500,49,3,47,0,11
1403715937.383812427520752,45,0,43,0,11
1403715937.433812379837036,47,1,40,2,11
1403715937.483812570571899,41,5,36,3,11
1403715937.533812761306763,43,1,39,4,11
1403715937.583812713623047,45,1,39,5,11
1403715937.633812904357910,43,0,37,5,11
1403715937.683814048767090,42,3,37,5,11
1403715937.733814239501953,45,2,40,3,11
1403715937.783812284469604,49,2,42,5,11
1403715937.833811283111572,48,8,44,1,11
1403715937.883811712265015,49,2,45,2,11
1403715937.933811664581299,48,3,44,1,11
1403715937.983810424804688,48,21,42,2,11
1403715938.033810615539551,41,1,39,0,11
1403715938.083809852600098,38,2,36,1,11
1403715938.133809804916382,35,2,33,1,11
1403715938.183809757232666,33,0,32,0,11
1403715938.233804225921631,48,0,32,16,11
1403715938.283802270889282,43,3,39,0,11
1403715938.333800554275513,40,0,40,0,11
1403715938.383797883987427,40,4,36,1,11
1403715938.433797836303711,44,12,35,6,11
1403715938.483799219131470,45,12,37,6,11
1403715938.533801078796387,38,0,37,0,11
1403715938.583799839019775,44,4,35,7,11
1403715938.633800268173218,44,0,42,0,11
1403715938.683799982070923,41,1,41,0,11
1403715938.733799695968628,42,2,41,1,11
1403715938.783801078796387,42,2,40,0,11
1403715938.833802938461304,41,5,39,0,11
1403715938.883805751800537,47,8,36,9,11
1403715938.933806896209717,46,2,44,0,11
1403715938.983807325363159,44,3,43,0,11
1403715939.033807754516602,50,5,42,7,11
1403715939.083808422088623,49,11,48,0,11
1403715939.133809804916382,47,5,45,1,11
1403715939.183809518814087,45,15,39,3,11
1403715939.233808994293213,43,2,39,0,11
1403715939.283807039260864,39,7,38,1,11
1403715939.333807945251465,33,3,32,0,11
1403715939.383808374404907,32,9,26,0,11
1403715939.433808326721191,29,7,21,0,11
1403715939.483808279037476,26,5,15,3,11
1403715939.533808231353760,30,4,15,12,11
1403715939.583807945251465,28,1,23,0,11
1403715939.633807659149170,26,6,22,2,11
1403715939.683807134628296,18,2,16,1,11
1403715939.733809709548950,17,4,15,1,11
1403715939.783808946609497,18,1,14,3,11
1403715939.833812713623047,20,2,17,2,11
1403715939.883814811706543,20,1,18,2,11
1403715939.933821439743042,32,1,19,12,11
1403715939.983822107315063,34,2,31,2,11
1403715940.033828258514404,37,0,33,4,11
1403715940.083834886550903,37,6,36,1,11
1403715940.133836269378662,42,3,36,5,11
1403715940.183836698532104,45,14,39,3,11
1403715940.233836174011230,50,2,42,6,11
1403715940.283837556838989,50,4,46,2,11
1403715940.333839178085327,48,3,44,0,11
1403715940.383840560913086,34,4,29,0,11
1403715940.433846473693848,31,2,19,2,11
1403715940.483848571777344,31,1,19,4,11
1403715940.533850431442261,24,2,19,2,11
1403715940.583851099014282,21,1,18,1,11
1403715940.633849859237671,19,2,17,1,11
1403715940.683855772018433,10,1,8,1,11
1403715940.733854293823242,18,1,8,9,11
1403715940.783852100372314,25,0,15,9,11
1403715940.833851575851440,25,0,20,3,11
1403715940.883853673934937,24,1,20,0,11
1403715940.933856964111328,32,3,19,10,11
1403715940.983857154846191,44,17,27,14,11
1403715941.033853054046631,44,17,38,3,11
1403715941.083850145339966,42,21,24,6,11
1403715941.133849143981934,29,5,9,1,11
1403715941.183850765228271,20,6,4,0,11
1403715941.233850717544556,3,2,1,1,11
1403715941.283851385116577,1,3,0,0,11
1403715941.333852052688599,0,5,0,0,11
1403715941.383852958679199,0,6,0,0,11
1403715941.433852672576904,0,7,0,0,11
1403715941.483852863311768,0,4,0,0,11
1403715941.533852815628052,0,1,0,0,11
1403715941.583852291107178,6,3,0,6,11
1403715941.633850097656250,9,4,6,3,11
1403715941.683840513229370,12,3,8,4,11
1403715941.733838558197021,16,5,11,5,11
1403715941.783834934234619,18,5,13,5,11
1403715941.833833932876587,15,2,14,1,11
1403715941.883832454681396,22,1,15,7,11
1403715941.933828830718994,34,1,22,12,11
1403715941.983831644058228,39,2,33,5,11
1403715942.033832788467407,42,0,37,3,11
1403715942.083834648132324,42,8,39,1,11
1403715942.133834600448608,43,3,37,2,11
1403715942.183834314346313,43,1,37,3,11
1403715942.233833789825439,36,1,32,1,11
1403715942.283832550048828,35,5,22,5,11
1403715942.333832025527954,31,2,21,1,11
1403715942.383830785751343,28,2,20,3,11
1403715942.433832645416260,15,2,10,2,11
1403715942.483832597732544,13,0,10,0,11
1403715942.533832550048828,11,3,9,1,11
1403715942.583832740783691,5,0,4,1,11
1403715942.633831024169922,9,2,4,5,11
1403715942.683831453323364,10,1,4,5,11
1403715942.733831644058228,8,4,2,5,11
1403715942.783831357955933,11,4,7,3,11
1403715942.833832025527954,13,6,10,3,11
1403715942.883836746215820,24,2,10,12,11
1403715942.933839559555054,25,3,22,1,11
1403715942.983842849731445,31,2,23,8,11
1403715943.033849000930786,42,1,31,11,11
1403715943.083854675292969,48,2,42,6,11
1403715943.133860349655151,48,12,46,2,11
1403715943.183860301971436,49,11,46,2,11
1403715943.233857393264771,50,9,45,1,11
1403715943.283856868743896,47,16,42,0,11
1403715943.333856105804443,45,4,34,1,11
1403715943.383855819702148,42,3,35,1,11
1403715943.433857202529907,34,9,29,2,11
1403715943.483859300613403,32,1,27,1,11
1403715943.533857345581055,27,1,18,3,11
1403715943.583855867385864,25,1,21,0,11
1403715943.633854389190674,21,2,19,0,11
1403715943.683853864669800,20,3,19,0,11
1403715943.733853340148926,19,1,18,0,11
1403715943.783859491348267,18,0,15,1,11
1403715943.833860397338867,21,1,16,4,11
1403715943.883861064910889,22,1,15,5,11
1403715943.933862686157227,20,1,19,0,11
1403715943.983874797821045,33,2,18,15,11
1403715944.033885240554810,39,2,32,7,11
1403715944.083890676498413,41,3,37,2,11
1403715944.133895158767700,45,0,38,4,11
1403715944.183897733688354,38,13,32,0,11
1403715944.283898830413818,32,6,22,1,11
1403715944.333899021148682,27,0,21,1,11
1403715944.383898496627808,22,1,20,1,11
1403715944.433897495269775,21,0,18,2,11
1403715944.483898639678955,18,2,16,0,11
1403715944.533897876739502,13,2,11,1,11
1403715944.583900690078735,11,2,11,0,11
1403715944.633901834487915,12,1,10,1,11
1403715944.683910608291626,14,1,10,2,11
1403715944.733919858932495,18,0,10,6,11
1403715944.783927440643311,20,1,16,2,11
1403715944.833933591842651,22,1,14,6,11
1403715944.883950233459473,41,12,17,19,11
1403715944.933953046798706,47,25,31,10,11
1403715944.983953714370728,48,11,36,1,11
1403715945.033954143524170,42,12,33,4,11
1403715945.083953142166138,33,3,24,1,11
1403715945.133953094482422,26,4,19,0,11
1403715945.183952569961548,15,2,10,3,11
1403715945.233950376510620,14,3,10,2,11
1403715945.283950567245483,10,7,9,0,11
1403715945.333950281143188,6,7,6,0,11
1403715945.383950233459473,9,7,4,5,11
1403715945.433949232101440,9,2,9,0,11
1403715945.483948230743408,9,3,9,0,11
1403715945.533939599990845,14,3,7,7,11
1403715945.583932638168335,15,1,14,1,11
1403715945.633917093276978,23,2,15,8,11
1403715945.683904886245728,28,2,23,5,11
1403715945.733897686004639,33,2,28,5,11
1403715945.783894300460815,37,12,32,4,11
1403715945.833891630172729,40,1,35,4,11
1403715945.883890151977539,38,1,34,0,11
1403715945.933887481689453,36,0,29,3,11
1403715945.983887672424316,32,1,29,0,11
1403715946.033888578414917,22,1,22,0,11
1403715946.083888530731201,19,1,19,0,11
1403715946.133888959884644,19,3,19,0,11
1403715946.183890342712402,16,1,16,0,11
1403715946.233892440795898,17,2,15,2,11
1403715946.283893108367920,18,1,15,1,11
1403715946.333892583847046,24,2,16,6,11
1403715946.383888721466064,31,2,22,9,11
1403715946.433884382247925,30,3,29,0,11
1403715946.483885049819946,41,12,27,11,11
1403715946.533882141113281,48,10,35,9,11
1403715946.583878755569458,43,8,37,3,11
1403715946.633877992630005,35,6,33,0,11
1403715946.683879613876343,28,6,23,0,11
1403715946.733882188796997,21,8,17,0,11
1403715946.783882856369019,20,1,15,2,11
1403715946.833886861801147,18,2,16,2,11
1403715946.883891105651855,15,6,15,0,11
1403715946.933894634246826,12,2,12,0,11
1403715946.983896493911743,12,5,11,0,11
1403715947.033898591995239,10,2,9,0,11
1403715947.083918094635010,17,2,8,9,11
1403715947.133919239044189,13,6,12,0,11
1403715947.183921575546265,14,2,10,2,11
1403715947.233922958374023,17,2,11,3,11
1403715947.283925533294678,15,0,13,1,11
1403715947.333926677703857,17,0,14,3,11
1403715947.383929252624512,19,2,15,3,11
1403715947.433928966522217,20,0,17,2,11
1403715947.483929872512817,25,0,18,6,11
1403715947.533929347991943,24,8,22,2,11
1403715947.583930015563965,26,4,22,4,11
1403715947.633930921554565,18,11,17,0,11
1403715947.683930635452271,20,1,16,2,11
1403715947.733932256698608,21,1,17,2,11
1403715947.783932447433472,21,1,16,3,11
1403715947.833933591842651,20,5,15,2,11
1403715947.883934736251831,19,3,15,2,11
1403715947.933934688568115,8,5,7,1,11
1403715947.983934640884399,6,5,6,0,11
1403715948.033935546875000,7,3,6,1,11
1403715948.083935260772705,13,2,7,6,11
1403715948.133938074111938,18,3,13,5,11
1403715948.183939218521118,24,2,17,7,11
1403715948.233941078186035,40,2,24,16,11
1403715948.283941984176636,46,0,40,6,11
1403715948.333943367004395,50,11,46,4,11
1403715948.383942365646362,50,6,50,0,11
1403715948.433940649032593,50,16,50,0,11
1403715948.483940601348877,50,14,48,0,11
1403715948.533940076828003,50,14,47,0,11
1403715948.583940505981445,47,3,43,0,11
1403715948.633940935134888,45,5,39,0,11
1403715948.683943510055542,42,10,36,1,11
1403715948.733944892883301,37,2,30,0,11
1403715948.783946990966797,33,4,28,1,11
1403715948.833948612213135,27,3,25,1,11
1403715948.883950948715210,25,1,24,0,11
1403715948.933954000473022,24,1,24,0,11
1403715948.983956336975098,22,1,21,0,11
1403715949.033958673477173,21,0,20,0,11
1403715949.083966255187988,25,1,19,6,11
1403715949.133970022201538,25,1,22,2,11
1403715949.183973550796509,29,1,22,6,11
1403715949.233976602554321,31,3,27,2,11
1403715949.283978700637817,32,3,26,2,11
1403715949.333980321884155,30,3,22,4,11
1403715949.383981704711914,31,2,19,3,11
1403715949.433982372283936,33,1,20,5,11
1403715949.483981847763062,24,6,14,1,11
1403715949.533980607986450,21,0,14,2,11
1403715949.583980560302734,16,2,15,1,11
1403715949.633980274200439,16,1,16,0,11
1403715949.683980226516724,15,0,15,0,11
1403715949.733980417251587,14,0,14,0,11
1403715949.783981084823608,13,0,13,0,11
1403715949.833981275558472,21,5,13,8,11
1403715949.883986473083496,25,2,21,4,11
1403715949.933994531631470,34,2,23,11,11
1403715949.983998060226440,34,3,33,0,11
1403715950.034003734588623,40,6,30,6,11
1403715950.084007740020752,47,10,33,8,11
1403715950.134007930755615,44,5,36,3,11
1403715950.184007644653320,36,5,28,4,11
1403715950.234008312225342,29,5,27,0,11
1403715950.284009218215942,25,9,23,1,11
1403715950.334008693695068,28,3,20,5,11
1403715950.384007692337036,25,2,23,0,11
1403715950.434007644653320,21,0,21,0,11
1403715950.484006643295288,15,4,15,0,11
1403715950.534007549285889,14,5,9,3,11
1403715950.584004163742065,16,3,9,3,11
1403715950.634001731872559,15,7,10,2,11
1403715950.684003591537476,14,2,9,3,11
1403715950.734002590179443,16,3,9,5,11
1403715950.784001827239990,21,5,13,6,11
1403715950.834002971649170,17,1,12,2,11
1403715950.884004354476929,18,1,13,3,11
1403715950.934005260467529,15,4,15,0,11
1403715950.984006166458130,17,0,14,2,11
1403715951.034005403518677,14,2,11,0,11
1403715951.084004163742065,14,4,9,0,11
1403715951.134002923965454,12,2,7,1,11
1403715951.184003353118896,12,6,7,2,11
1403715951.234004020690918,16,5,9,6,11
1403715951.284003019332886,17,0,11,2,11
1403715951.334002017974854,16,5,11,0,11
1403715951.384001493453979,8,6,8,0,11
1403715951.434000968933105,8,3,7,0,11
1403715951.484000682830811,8,1,7,0,11
1403715951.534000873565674,11,1,6,4,11
1403715951.583991765975952,22,1,9,11,11
1403715951.633989334106445,23,1,19,2,11
1403715951.683984279632568,26,3,20,5,11
1403715951.733978748321533,34,1,21,11,11
1403715951.783977270126343,36,5,30,4,11
1403715951.833975553512573,45,9,32,13,11
1403715951.883975267410278,47,12,43,4,11
1403715951.933972120285034,47,8,42,0,11
1403715951.983971357345581,50,12,40,3,11
1403715952.033971309661865,46,5,36,1,11
1403715952.083971023559570,40,7,31,1,11
1403715952.133969306945801,30,5,21,2,11
1403715952.183966875076294,20,8,15,0,11
1403715952.233962535858154,13,5,10,1,11
1403715952.283968687057495,11,4,6,3,11
1403715952.333968639373779,8,0,5,0,11
1403715952.383968114852905,7,2,4,0,11
1403715952.433967828750610,5,6,2,0,11
1403715952.483968257904053,6,3,2,2,11
1403715952.533967971801758,4,2,3,0,11
1403715952.583967685699463,4,1,3,1,11
1403715952.633972644805908,5,3,2,3,11
1403715952.683971643447876,5,2,3,1,11
1403715952.733969449996948,7,3,4,3,11
1403715952.783969640731812,6,3,5,0,11
1403715952.833969593048096,8,3,4,3,11
1403715952.883967876434326,9,8,7,2,11
1403715952.933965444564819,9,3,7,1,11
1403715952.983961820602417,14,4,6,5,11
1403715953.033956527709961,17,9,3,5,11
1403715953.083954334259033,11,3,7,0,11
1403715953.133952856063843,9,0,6,2,11
1403715953.183953762054443,7,3,6,1,11
1403715953.233954429626465,6,7,6,0,11
1403715953.283956289291382,6,6,6,0,11
1403715953.333956956863403,6,2,6,0,11
1403715953.433956623077393,4,7,3,1,11
1403715953.483956336975098,5,4,4,1,11
1403715953.533957481384277,7,3,4,2,11
1403715953.583959817886353,7,8,6,0,11
1403715953.633963108062744,11,2,5,5,11
1403715953.683964014053345,11,3,10,0,11
1403715953.733967304229736,25,5,10,15,11
1403715953.783968687057495,32,2,18,8,11
1403715953.833966970443726,44,3,26,13,11
1403715953.883964061737061,45,13,36,7,11
1403715953.933961391448975,44,8,43,0,11
1403715953.983960866928101,46,10,36,4,11
1403715954.033958673477173,47,13,37,3,11
1403715954.083958387374878,35,4,26,1,11
1403715954.133957862854004,29,7,22,0,11
1403715954.183957099914551,26,5,17,4,11
1403715954.233957767486572,25,7,18,0,11
1403715954.283958435058594,20,4,12,4,11
1403715954.333958864212036,13,3,13,0,11
1403715954.383959531784058,12,8,11,0,11
1403715954.433959245681763,11,3,10,0,11
1403715954.483960390090942,12,3,9,2,11
1403715954.533962011337280,12,8,7,3,11
1403715954.583963632583618,8,13,7,0,11
1403715954.633963346481323,11,2,5,4,11
1403715954.683964014053345,12,4,6,2,11
1403715954.733965158462524,12,0,7,2,11
1403715954.783966064453125,18,0,9,8,11
1403715954.833968162536621,26,0,16,9,11
1403715954.883968830108643,27,0,24,1,11
1403715954.933970212936401,32,7,24,7,11
1403715954.983969211578369,32,5,29,1,11
1403715955.033967971801758,36,8,28,5,11
1403715955.083967208862305,32,2,30,1,11
1403715955.133966684341431,28,3,28,0,11
1403715955.183965444564819,23,5,22,1,11
1403715955.233962774276733,22,3,20,2,11
1403715955.283961772918701,21,1,20,0,11
1403715955.333957910537720,22,2,19,2,11
1403715955.383957147598267,20,2,18,2,11
1403715955.433954238891602,18,8,14,2,11
1403715955.483953475952148,17,0,14,0,11
1403715955.533953666687012,16,5,11,3,11
1403715955.583951473236084,19,2,14,5,11
1403715955.633952140808105,21,1,17,2,11
1403715955.683951616287231,27,2,17,7,11
1403715955.733950853347778,29,1,24,4,11
1403715955.783950567245483,26,2,26,0,11
1403715955.833950042724609,39,20,26,13,11
1403715955.883950471878052,42,4,33,4,11
1403715955.933950185775757,39,5,26,2,11
1403715955.983949184417725,33,4,20,3,11
1403715956.033948421478271,28,5,15,4,11
1403715956.083947896957397,18,7,7,0,11
1403715956.133947134017944,14,1,6,2,11
1403715956.183947086334229,10,3,8,2,11
1403715956.233945608139038,12,1,10,2,11
1403715956.283945322036743,13,0,10,1,11
1403715956.333944320678711,15,6,11,3,11
1403715956.383944749832153,15,4,13,1,11
1403715956.433942079544067,14,3,12,1,11
1403715956.483941555023193,10,8,6,0,11
1403715956.533932924270630,14,1,6,6,11
1403715956.583932399749756,13,1,8,2,11
1403715956.633930921554565,19,2,10,6,11
1403715956.683928251266479,23,0,16,7,11
1403715956.733926534652710,23,0,22,1,11
1403715956.783926486968994,24,1,22,1,11
1403715956.833924293518066,25,2,22,2,11
1403715956.883923292160034,28,4,24,4,11
1403715956.933921813964844,38,1,28,10,11
1403715956.983921527862549,45,3,34,7,11
1403715957.033920764923096,47,5,38,5,11
1403715957.083920240402222,48,1,42,5,11
1403715957.133919954299927,47,2,44,1,11
1403715957.183920383453369,37,7,33,3,11
1403715957.233918905258179,37,1,31,5,11
1403715957.283919095993042,30,0,28,0,11
1403715957.333918809890747,28,1,27,0,11
1403715957.383918046951294,26,6,26,0,11
1403715957.433917999267578,26,3,25,0,11
1403715957.483917713165283,33,3,23,9,11
1403715957.533916950225830,26,5,25,0,11
1403715957.583915710449219,24,6,23,0,11
1403715957.633913516998291,23,6,19,2,11
1403715957.683911800384521,28,4,21,5,11
1403715957.733907938003540,28,0,24,4,11
1403715957.783900737762451,32,17,27,4,11
1403715957.833895683288574,31,2,24,2,11
1403715957.883891820907593,31,1,22,2,11
1403715957.933891534805298,28,3,20,0,11
1403715957.983890295028687,26,4,13,3,11
1403715958.033891439437866,24,2,13,1,11
1403715958.083893299102783,18,3,13,1,11
1403715958.133895874023438,17,6,12,2,11
1403715958.183897733688354,15,2,11,0,11
1403715958.233900308609009,14,1,10,1,11
1403715958.283902406692505,12,1,9,0,11
1403715958.333905220031738,9,4,7,0,11
1403715958.383906602859497,7,5,7,0,11
1403715958.433917760848999,13,11,6,6,11
1403715958.483921289443970,16,2,8,5,11
1403715958.533921003341675,17,2,10,2,11
1403715958.583929777145386,27,1,11,12,11
1403715958.633929729461670,24,0,21,0,11
1403715958.683932304382324,25,1,19,3,11
1403715958.733933687210083,24,4,20,2,11
1403715958.783933877944946,24,8,21,0,11
1403715958.833932161331177,25,4,21,4,11
1403715958.883929014205933,28,7,23,3,11
1403715958.933928728103638,26,2,24,1,11
1403715958.983930587768555,30,2,25,4,11
1403715959.033930778503418,30,6,27,2,11
1403715959.083931684494019,33,0,29,3,11
1403715959.133933544158936,34,2,30,3,11
1403715959.183934211730957,34,0,30,2,11
1403715959.233935356140137,35,4,33,1,11
1403715959.283936977386475,36,3,32,2,11
1403715959.333937883377075,33,7,30,0,11
1403715959.383938074111938,26,2,24,0,11
1403715959.433938026428223,24,2,20,2,11
1403715959.483938455581665,29,5,19,8,11
1403715959.533940076828003,29,1,26,2,11
1403715959.583942890167236,32,1,23,7,11
1403715959.633947134017944,34,0,26,4,11
1403715959.683951377868652,32,3,27,2,11
1403715959.733957290649414,30,13,25,0,11
1403715959.783961057662964,27,6,19,0,11
1403715959.833962917327881,25,7,12,2,11
1403715959.883967876434326,24,2,16,3,11
1403715959.933969020843506,19,7,15,1,11
1403715959.983967065811157,21,1,16,2,11
1403715960.033964872360229,21,2,16,2,11
1403715960.083964824676514,20,11,14,2,11
1403715960.133970260620117,22,0,11,4,11
1403715960.183970451354980,18,2,12,2,11
1403715960.333972692489624,7,28,4,0,11
1403715960.383971214294434,5,2,2,1,11
1403715960.433971405029297,3,2,3,0,11
1403715960.483972311019897,5,1,3,2,11
1403715960.533970832824707,6,3,5,1,11
1403715960.583967447280884,7,0,6,1,11
1403715960.633961677551270,10,1,7,3,11
1403715960.683959007263184,11,1,10,1,11
1403715960.733958482742310,11,4,11,0,11
1403715960.783955335617065,11,4,10,0,11
1403715960.833952903747559,10,8,10,0,11
1403715960.883952140808105,12,0,10,2,11
1403715960.933949708938599,16,3,12,4,11
1403715960.983946323394775,20,1,15,4,11
1403715961.033945322036743,24,3,17,4,11
1403715961.083942413330078,22,6,18,2,11
1403715961.133940935134888,19,4,17,1,11
1403715961.183941125869751,20,1,16,3,11
1403715961.233941078186035,21,1,18,2,11
1403715961.283937454223633,24,1,18,3,11
1403715961.333934307098389,25,1,20,4,11
1403715961.383932590484619,24,5,22,1,11
1403715961.433932065963745,26,17,23,2,11
1403715961.483932018280029,25,11,20,2,11
1403715961.533930063247681,29,10,19,5,11
1403715961.583929777145386,24,5,20,0,11
1403715961.633929967880249,22,2,20,1,11
1403715961.683930397033691,22,3,20,1,11
1403715961.733931303024292,21,10,16,1,11
1403715961.783932209014893,23,3,13,2,11
1403715961.833932638168335,17,7,10,1,11
1403715961.883933544158936,12,13,5,1,11
1403715961.933933973312378,4,3,3,0,11
1403715961.983933687210083,3,3,2,1,11
1403715962.033936738967896,5,0,1,3,11
1403715962.083936691284180,4,1,2,0,11
1403715962.133937597274780,7,1,1,4,11
1403715962.183936119079590,8,1,5,3,11
1403715962.233937263488770,7,1,6,0,11
1403715962.283938407897949,5,1,4,0,11
1403715962.333941459655762,6,3,4,2,11
1403715962.383942127227783,5,2,4,1,11
1403715962.433942317962646,5,1,4,0,11
1403715962.483948469161987,17,4,4,12,11
1403715962.583948373794556,13,16,7,0,11
1403715962.633948802947998,14,1,7,1,11
1403715962.683949708938599,12,0,6,4,11
1403715962.733950614929199,13,1,7,1,11
1403715962.783951282501221,12,2,6,1,11
1403715962.833950996398926,10,4,6,1,11
1403715962.883951425552368,6,1,6,0,11
1403715962.933951616287231,6,3,6,0,11
1403715962.983951330184937,4,5,4,0,11
1403715963.033951759338379,3,2,0,1,11
1403715963.083951234817505,2,4,1,0,11
1403715963.133950948715210,2,7,0,1,11
1403715963.183952808380127,9,12,1,7,11
1403715963.233953475952148,10,9,7,2,11
1403715963.283953189849854,20,7,7,12,11
1403715963.333953380584717,23,3,10,8,11
1403715963.383954048156738,23,6,17,1,11
1403715963.433956384658813,21,8,17,4,11
1403715963.483957529067993,19,8,17,0,11
1403715963.533958435058594,19,21,16,1,11
1403715963.583958148956299,20,9,14,5,11
1403715963.633958816528320,29,8,18,9,11
1403715963.683957338333130,29,11,18,3,11
1403715963.733956813812256,33,6,19,6,11
1403715963.783956766128540,26,3,23,1,11
1403715963.833959341049194,27,3,24,3,11
1403715963.883962154388428,28,3,26,2,11
1403715963.933962821960449,28,0,27,1,11
1403715963.983965635299683,34,0,28,6,11
1403715964.033968448638916,37,0,34,3,11
1403715964.083969593048096,44,3,25,11,11
1403715964.133970499038696,48,6,32,4,11
1403715964.183970451354980,41,1,31,5,11
1403715964.233971595764160,48,5,36,9,11
1403715964.283973693847656,46,1,44,1,11
1403715964.333974838256836,50,1,46,4,11
1403715964.383975744247437,50,2,49,0,11
1403715964.433976173400879,50,1,49,0,11
1403715964.483976364135742,49,4,49,0,11
1403715964.533975601196289,49,3,49,0,11
1403715964.583974838256836,50,2,49,1,11
1403715964.633974552154541,49,4,49,0,11
1403715964.683973550796509,50,11,49,1,11
1403715964.733972787857056,50,5,50,0,11
1403715964.783973693847656,49,19,48,0,11
1403715964.833974361419678,50,4,46,1,11
1403715964.883974552154541,45,3,41,1,11
1403715964.933974266052246,43,1,40,1,11
1403715964.983974695205688,41,2,35,4,11
1403715965.033974885940552,40,0,36,2,11
1403715965.083975076675415,36,2,34,1,11
1403715965.133976221084595,49,16,34,14,11
1403715965.183977603912354,48,1,48,0,11
1403715965.233977794647217,48,0,47,0,11
1403715965.283978462219238,48,4,46,1,11
1403715965.333977460861206,47,2,43,1,11
1403715965.383976459503174,47,11,40,3,11
1403715965.433976411819458,45,3,44,0,11
1403715965.483975887298584,42,1,40,0,11
1403715965.533975839614868,46,0,39,5,11
1403715965.583971738815308,45,0,43,0,11
1403715965.633965730667114,45,1,41,1,11
1403715965.683961629867554,43,14,41,0,11
1403715965.733957767486572,45,8,39,5,11
1403715965.783956289291382,41,7,40,0,11
1403715965.833955764770508,38,14,35,2,11
1403715965.883954048156738,39,6,37,2,11
1403715965.933952808380127,36,6,31,1,11
1403715965.983951330184937,38,3,26,4,11
1403715966.033951520919800,33,2,24,2,11
1403715966.083952426910400,29,1,19,4,11
1403715966.133952856063843,24,2,14,0,11
1403715966.183954000473022,22,0,14,2,11
1403715966.233955860137939,18,1,15,2,11
1403715966.283958673477173,18,0,16,0,11
1403715966.333964109420776,26,3,16,9,11
1403715966.383966445922852,25,1,23,0,11
1403715966.433969974517822,27,2,19,2,11
1403715966.483970880508423,26,5,17,1,11
1403715966.533972501754761,28,6,13,7,11
1403715966.583972930908203,25,4,16,3,11
1403715966.633972406387329,23,0,16,4,11
1403715966.683970451354980,22,0,19,1,11
1403715966.733967781066895,22,0,19,2,11
1403715966.783961534500122,24,1,19,4,11
1403715966.833956718444824,28,0,23,4,11
1403715966.883954048156738,28,0,28,0,11
1403715966.933952808380127,28,0,28,0,11
1403715966.983952760696411,35,4,28,7,11
1403715967.033952474594116,39,7,34,4,11
1403715967.133950710296631,38,27,26,3,11
1403715967.183950901031494,42,1,23,8,11
1403715967.233951568603516,34,1,18,4,11
1403715967.283953189849854,26,4,11,0,11
1403715967.333953857421875,19,3,6,2,11
1403715967.383954524993896,13,0,6,3,11
1403715967.433955192565918,11,2,8,1,11
1403715967.483955860137939,10,0,7,1,11
1403715967.533956766128540,9,0,8,0,11
1403715967.583957433700562,9,1,8,1,11
1403715967.633961439132690,15,0,8,6,11
1403715967.683962345123291,15,5,12,0,11
1403715967.733964920043945,17,5,11,3,11
1403715967.783965110778809,14,1,9,0,11
1403715967.833964586257935,15,2,8,2,11
1403715967.883964300155640,19,1,8,8,11
1403715967.933964252471924,20,0,14,2,11
1403715967.983964681625366,18,0,15,2,11
1403715968.033965826034546,19,0,16,2,11
1403715968.083967208862305,19,5,16,1,11
1403715968.133967161178589,19,2,15,1,11
1403715968.183966875076294,18,3,16,1,11
1403715968.233967304229736,21,1,16,5,11
1403715968.283968925476074,31,0,21,10,11
1403715968.333968162536621,35,1,31,4,11
1403715968.383967876434326,42,5,35,7,11
1403715968.433966159820557,49,8,41,7,11
1403715968.483964920043945,50,5,47,1,11
1403715968.533963680267334,48,5,45,0,11
1403715968.583962678909302,47,4,44,1,11
1403715968.633962631225586,49,7,41,4,11
1403715968.683962106704712,48,1,44,0,11
1403715968.733962059020996,45,0,43,2,11
1403715968.783961534500122,46,0,44,1,11
1403715968.833961248397827,49,0,44,3,11
1403715968.883960723876953,46,1,44,1,11
1403715968.933960199356079,46,0,44,1,11
1403715968.983956575393677,46,1,45,1,11
1403715969.033951282501221,48,7,41,3,11
1403715969.083948850631714,50,3,32,2,11
1403715969.133942604064941,47,15,22,2,11
1403715969.183942317962646,38,0,22,4,11
1403715969.233941555023193,27,2,23,1,11
1403715969.283941984176636,22,4,20,0,11
1403715969.333942651748657,18,6,16,1,11
1403715969.383943319320679,17,1,15,0,11
1403715969.433943271636963,10,3,9,0,11
1403715969.483943462371826,8,5,7,0,11
1403715969.533942461013794,7,4,5,1,11
1403715969.583941459655762,6,2,6,0,11
1403715969.633940935134888,6,4,6,0,11
1403715969.683939456939697,12,4,6,6,11
1403715969.733938455581665,22,6,12,10,11
1403715969.783936977386475,30,9,21,9,11
1403715969.833934783935547,39,8,29,10,11
1403715969.883932352066040,49,19,35,11,11
1403715969.933931350708008,47,9,34,1,11
1403715969.983931541442871,42,9,28,3,11
1403715970.033931970596313,36,4,28,4,11
1403715970.083931922912598,31,4,26,1,11
1403715970.133930921554565,30,4,22,2,11
1403715970.183930873870850,30,5,24,2,11
1403715970.233930826187134,20,2,17,0,11
1403715970.283931016921997,15,0,10,0,11
1403715970.333930730819702,13,1,9,2,11
1403715970.383931159973145,17,0,10,6,11
1403715970.433932304382324,16,0,14,0,11
1403715970.483933687210083,28,1,14,13,11
1403715970.533934593200684,29,0,25,2,11
1403715970.583936452865601,38,3,24,11,11
1403715970.633935928344727,36,0,28,2,11
1403715970.683933734893799,37,5,25,2,11
1403715970.733934164047241,49,5,22,17,11
1403715970.783934116363525,40,4,29,3,11
1403715970.833933115005493,34,1,25,3,11
1403715970.883932352066040,32,4,23,3,11
1403715970.933931350708008,25,2,20,0,11
1403715970.983931064605713,19,0,14,3,11
1403715971.033930778503418,13,3,11,0,11
1403715971.083930730819702,11,3,5,1,11
1403715971.133931159973145,8,1,7,0,11
1403715971.183932065963745,8,2,7,1,11
1403715971.233924388885498,20,5,8,12,11
1403715971.283923625946045,29,11,16,9,11
1403715971.333923101425171,28,12,21,1,11
1403715971.383923768997192,44,8,22,20,11
1403715971.433923721313477,40,11,33,2,11
1403715971.483924150466919,38,16,30,0,11
1403715971.583922624588013,28,19,17,3,11
1403715971.633921861648560,22,4,16,2,11
1403715971.683921337127686,14,5,13,1,11
1403715971.733921289443970,15,3,11,4,11
1403715971.783921957015991,10,2,7,0,11
1403715971.833921670913696,5,3,1,0,11
1403715971.883921861648560,3,0,2,1,11
1403715971.933920621871948,5,2,2,2,11
1403715971.983919620513916,7,4,3,4,11
1403715972.033917188644409,19,4,7,12,11
1403715972.083916902542114,20,1,19,1,11
1403715972.133916139602661,31,3,18,11,11
1403715972.183915138244629,45,1,26,15,11
1403715972.233914852142334,45,0,38,1,11
1403715972.283915519714355,48,5,36,7,11
1403715972.333916425704956,45,6,42,2,11
1403715972.383916139602661,50,0,44,6,11
1403715972.433915853500366,49,0,49,0,11
1403715972.483916044235229,49,5,47,1,11
1403715972.533916711807251,49,0,48,0,11
1403715972.583918094635010,50,8,48,2,11
1403715972.633919477462769,50,4,47,0,11
1403715972.683919668197632,49,6,33,0,11
1403715972.733919382095337,49,0,20,2,11
1403715972.783919334411621,45,5,19,11,11
1403715972.833919048309326,40,0,28,8,11
1403715972.883917570114136,41,1,37,3,11
1403715972.933915853500366,42,0,40,2,11
1403715972.983914613723755,42,1,42,0,11
1403715973.033912658691406,46,2,42,4,11
1403715973.083911180496216,47,2,46,1,11
1403715973.133910894393921,47,1,47,0,11
1403715973.183910608291626,49,1,47,2,11
1403715973.233912467956543,50,8,49,1,11
1403715973.283912658691406,50,6,50,0,11
1403715973.333911895751953,50,0,50,0,11
1403715973.383911371231079,50,15,50,0,11
1403715973.433910846710205,50,5,50,0,11
1403715973.483910083770752,50,2,50,0,11
1403715973.533910036087036,50,3,50,0,11
1403715973.583909749984741,50,3,49,0,11
1403715973.633909463882446,49,2,49,0,11
1403715973.683909416198730,42,2,42,0,11
1403715973.733909368515015,40,0,40,0,11
1403715973.783909320831299,41,1,40,1,11
1403715973.833909749984741,47,0,40,7,11
1403715973.883909940719604,46,1,45,0,11
1403715973.933910131454468,43,0,42,0,11
1403715974.033911228179932,48,7,41,7,11
1403715974.083912134170532,50,0,48,2,11
1403715974.133912563323975,50,0,49,0,11
1403715974.183912515640259,50,4,49,0,11
1403715974.233912229537964,49,31,49,0,11
1403715974.283912420272827,50,1,49,1,11
1403715974.333912611007690,50,1,50,0,11
1403715974.383913516998291,50,0,49,0,11
1403715974.433913707733154,50,0,49,0,11
1403715974.483913898468018,49,0,49,0,11
1403715974.533914566040039,50,4,49,1,11
1403715974.583914518356323,50,2,50,0,11
1403715974.633914470672607,50,6,50,0,11
1403715974.683914899826050,50,1,50,0,11
1403715974.733915090560913,50,1,50,0,11
1403715974.783915281295776,50,4,50,0,11
1403715974.833915472030640,50,29,50,0,11
1403715974.883915424346924,50,1,50,0,11
1403715974.933915376663208,50,0,50,0,11
1403715974.983915328979492,50,0,50,0,11
1403715975.033915519714355,50,1,50,0,11
1403715975.083915472030640,50,1,50,0,11
1403715975.133915185928345,50,31,49,0,11
1403715975.183915138244629,50,0,49,0,11
1403715975.233915090560913,50,6,49,1,11
1403715975.283915042877197,50,0,50,0,11
1403715975.333914756774902,50,0,50,0,11
1403715975.383914709091187,50,3,50,0,11
1403715975.433914422988892,50,26,50,0,11
1403715975.483914375305176,49,1,49,0,11
1403715975.533914566040039,48,0,48,0,11
1403715975.583914279937744,48,0,48,0,11
1403715975.633914232254028,48,0,48,0,11
1403715975.683914184570312,49,1,48,1,11
1403715975.733914136886597,50,25,49,1,11
1403715975.783914327621460,50,0,50,0,11
1403715975.833914279937744,50,5,50,0,11
1403715975.883914470672607,50,1,50,0,11
1403715975.933914184570312,50,1,50,0,11
1403715975.983914136886597,50,2,50,0,11
1403715976.033914566040039,50,23,50,0,11
1403715976.083914756774902,50,1,50,0,11
1403715976.133914947509766,50,0,50,0,11
1403715976.183914899826050,50,4,50,0,11
1403715976.233914852142334,50,2,50,0,11
1403715976.283915042877197,49,4,49,0,11
1403715976.333914756774902,50,12,49,1,11
1403715976.383914947509766,50,2,50,0,11
1403715976.433914661407471,50,5,50,0,11
1403715976.483914136886597,50,0,50,0,11
1403715976.533914327621460,50,0,50,0,11
1403715976.583914518356323,50,3,50,0,11
1403715976.633914470672607,50,18,50,0,11
1403715976.683914422988892,50,19,50,0,11
1403715976.733914375305176,50,1,50,0,11
1403715976.783914566040039,50,2,50,0,11
1403715976.833914756774902,50,0,50,0,11
1403715976.883914709091187,50,0,50,0,11
1403715976.933914661407471,50,1,50,0,11
1403715976.983914613723755,50,1,50,0,11
1403715977.033914804458618,50,3,50,0,11
1403715977.083914518356323,50,0,50,0,11
1403715977.133914470672607,49,0,49,0,11
1403715977.183914899826050,50,2,49,1,11
1403715977.233915090560913,50,12,49,0,11
1403715977.283915042877197,50,13,49,0,11
1403715977.333914995193481,49,0,49,0,11
1403715977.383914709091187,49,1,49,0,11
1403715977.433914661407471,49,3,49,0,11
1403715977.483914852142334,49,3,49,0,11
1403715977.533915042877197,50,10,47,1,11
1403715977.583914995193481,50,14,47,0,11
1403715977.633914947509766,50,6,45,2,11
1403715977.683914899826050,50,0,45,1,11
1403715977.733914613723755,48,3,41,1,11
1403715977.783914804458618,42,6,35,2,11
1403715977.833914756774902,42,0,34,5,11
1403715977.883914470672607,43,0,37,1,11
1403715977.933914184570312,42,1,33,3,11
1403715977.983913898468018,38,1,32,1,11
1403715978.033914089202881,35,1,29,0,11
1403715978.083913803100586,30,5,27,0,11
1403715978.133914232254028,42,2,27,14,11
1403715978.183914422988892,45,2,38,6,11
1403715978.233914375305176,47,3,42,3,11
1403715978.283914804458618,43,1,39,0,11
1403715978.333914518356323,42,1,32,2,11
1403715978.383914709091187,40,4,29,4,11
1403715978.433914661407471,33,2,29,0,11
1403715978.483914613723755,28,2,24,0,11
1403715978.583914756774902,16,7,15,0,11
1403715978.633914470672607,22,2,13,8,11
1403715978.683913707733154,20,2,19,1,11
1403715978.733913421630859,17,3,16,1,11
1403715978.783912658691406,16,2,11,4,11
1403715978.833912372589111,11,5,10,0,11
1403715978.883912324905396,6,3,5,0,11
1403715978.933911561965942,8,1,5,2,11
1403715978.983911275863647,7,6,7,0,11
1403715979.033910751342773,17,3,7,10,11
1403715979.083910703659058,17,7,17,0,11
1403715979.133910894393921,19,4,15,3,11
1403715979.183911561965942,25,2,18,6,11
1403715979.233911752700806,22,1,21,0,11
1403715979.283911466598511,28,6,20,7,11
1403715979.333911418914795,25,5,21,3,11
1403715979.383911848068237,24,0,20,2,11
1403715979.433912515640259,20,2,19,0,11
1403715979.483912944793701,20,0,19,1,11
1403715979.533913850784302,21,2,17,2,11
1403715979.583914518356323,23,2,18,4,11
1403715979.633914947509766,21,4,15,0,11
1403715979.683915138244629,20,1,12,0,11
1403715979.733916044235229,19,3,10,8,11
1403715979.783916473388672,14,2,13,0,11
1403715979.833916425704956,14,2,8,2,11
1403715979.883916378021240,18,9,7,4,11
1403715979.933916091918945,18,4,10,6,11
1403715979.983915805816650,14,6,13,0,11
1403715980.033915996551514,22,5,13,9,11
1403715980.083915710449219,16,7,16,0,11
1403715980.133915424346924,16,7,15,1,11
1403715980.183915376663208,15,9,8,0,11
1403715980.233915090560913,13,3,9,0,11
1403715980.283914804458618,12,7,9,2,11
1403715980.333914756774902,13,4,7,2,11
1403715980.383914709091187,10,6,8,1,11
1403715980.433914899826050,8,8,8,0,11
1403715980.483914613723755,12,3,8,4,11
1403715980.533915281295776,13,6,9,2,11
1403715980.583915233612061,14,1,8,1,11
1403715980.633914947509766,16,1,6,7,11
1403715980.683914661407471,15,6,8,4,11
1403715980.733914613723755,12,3,6,0,11
1403715980.783914804458618,15,3,6,5,11
1403715980.883914947509766,14,5,8,5,11
1403715980.933914899826050,19,3,13,6,11
1403715980.983915090560913,22,4,14,5,11
1403715981.033915519714355,11,5,9,0,11
1403715981.083915233612061,16,1,7,7,11
1403715981.133915424346924,16,5,10,1,11
1403715981.183915615081787,15,4,4,2,11
1403715981.233915567398071,17,3,2,9,11
1403715981.283915758132935,17,4,6,4,11
1403715981.333915710449219,14,4,8,0,11
1403715981.383915424346924,9,5,8,0,11
1403715981.433915376663208,6,5,6,0,11
1403715981.483915328979492,16,4,5,11,11
1403715981.533915519714355,16,0,15,0,11
1403715981.583915233612061,18,2,14,4,11
1403715981.633914947509766,17,0,16,0,11
1403715981.683915138244629,16,1,14,0,11
1403715981.733915567398071,18,1,12,6,11
1403715981.783915996551514,18,2,16,0,11
1403715981.833916187286377,24,0,17,6,11
1403715981.883915662765503,28,0,21,5,11
1403715981.933914899826050,26,0,19,3,11
1403715981.983915090560913,20,0,16,1,11
1403715982.033915758132935,18,4,16,2,11
1403715982.083916187286377,18,1,18,0,11
1403715982.133916854858398,22,1,17,5,11
1403715982.183916807174683,23,1,19,2,11
1403715982.233916997909546,15,2,15,0,11
1403715982.283916950225830,16,1,15,1,11
1403715982.333916902542114,22,2,16,6,11
1403715982.383916616439819,26,0,20,4,11
1403715982.433916568756104,31,2,22,7,11
1403715982.483916759490967,38,2,26,10,11
1403715982.533917188644409,38,2,29,7,11
1403715982.583917379379272,39,1,30,6,11
1403715982.633917331695557,38,1,34,3,11
1403715982.683917045593262,39,1,35,4,11
1403715982.733916759490967,38,1,34,4,11
1403715982.783916950225830,37,1,36,1,11
1403715982.833916902542114,36,3,33,3,11
1403715982.883916854858398,36,5,31,5,11
1403715982.933916807174683,33,2,32,0,11
1403715982.983916997909546,33,2,27,4,11
1403715983.033917188644409,20,3,19,0,11
1403715983.083916902542114,24,2,16,6,11
1403715983.133917093276978,26,3,19,5,11
1403715983.183917045593262,21,2,17,1,11
1403715983.233916997909546,22,5,15,3,11
1403715983.283917188644409,18,3,14,2,11
1403715983.333916902542114,18,0,11,5,11
1403715983.383916854858398,19,4,13,5,11
1403715983.433916807174683,21,4,14,4,11
1403715983.483916997909546,26,7,14,6,11
1403715983.533917188644409,33,4,17,11,11
1403715983.583917379379272,19,10,15,0,11
1403715983.633917331695557,22,4,12,5,11
1403715983.683917522430420,23,2,15,4,11
1403715983.733917474746704,24,6,15,5,11
1403715983.783917427062988,26,6,14,5,11
1403715983.833917379379272,22,0,14,0,11
1403715983.883917331695557,22,2,11,7,11
1403715983.933917522430420,20,6,17,0,11
1403715983.983916759490967,22,4,13,5,11
1403715984.033916473388672,21,6,16,3,11
1403715984.083915948867798,23,6,18,5,11
1403715984.133915901184082,18,2,16,0,11
1403715984.183915853500366,19,1,16,1,11
1403715984.233915567398071,16,7,16,0,11
1403715984.283915758132935,11,4,11,0,11
1403715984.333915710449219,11,3,11,0,11
1403715984.383915424346924,12,8,11,1,11
1403715984.433915615081787,11,4,11,0,11
1403715984.483915567398071,10,2,10,0,11
1403715984.533915519714355,11,10,10,1,11
1403715984.583914995193481,11,1,8,3,11
1403715984.633915185928345,7,2,5,1,11
1403715984.683915615081787,11,12,4,6,11
1403715984.733916044235229,10,3,6,1,11
1403715984.783916473388672,7,6,4,1,11
1403715984.833916425704956,6,5,3,1,11
1403715984.883916378021240,6,3,1,0,11
1403715984.933916330337524,5,1,1,2,11
1403715984.983916282653809,4,9,3,1,11
1403715985.033916234970093,7,3,4,3,11
1403715985.083915948867798,6,5,6,0,11
1403715985.133915424346924,6,11,5,1,11
1403715985.183915376663208,7,3,6,1,11
1403715985.233915090560913,13,1,6,6,11
1403715985.283914804458618,18,3,10,7,11
1403715985.333914518356323,24,1,16,7,11
1403715985.383914470672607,26,0,23,2,11
1403715985.433914422988892,28,2,24,4,11
1403715985.483914375305176,37,5,25,12,11
1403715985.533914804458618,38,1,35,1,11
1403715985.583914518356323,37,5,31,1,11
1403715985.633914709091187,33,4,24,2,11
1403715985.683914899826050,29,3,23,2,11
1403715985.733915090560913,29,4,21,3,11
1403715985.783915281295776,27,5,23,0,11
1403715985.833915472030640,27,0,22,4,11
1403715985.883914709091187,28,3,26,1,11
1403715985.933913707733154,28,1,26,1,11
1403715985.983913660049438,27,3,27,0,11
1403715986.033913373947144,28,0,25,3,11
1403715986.083912372589111,33,1,28,5,11
1403715986.133912324905396,32,1,32,0,11
1403715986.183911800384521,36,5,30,4,11
1403715986.233911991119385,47,4,34,11,11
1403715986.283911466598511,50,14,45,4,11
1403715986.383911132812500,46,5,23,0,11
1403715986.433911085128784,44,8,40,3,11
1403715986.483910560607910,46,1,42,3,11
1403715986.533909797668457,45,6,44,0,11
1403715986.583907604217529,45,8,40,3,11
1403715986.633907079696655,44,1,40,1,11
1403715986.683906555175781,43,2,41,0,11
1403715986.733906745910645,43,1,41,2,11
1403715986.783907651901245,42,1,42,0,11
1403715986.833908796310425,42,1,41,0,11
1403715986.883908510208130,44,1,41,3,11
1403715986.933908224105835,46,1,42,3,11
1403715986.983908653259277,48,5,45,3,11
1403715987.033909320831299,46,6,45,1,11
1403715987.083909511566162,46,2,45,1,11
1403715987.133909940719604,49,12,46,3,11
1403715987.183910131454468,50,16,48,1,11
1403715987.233909845352173,48,9,43,1,11
1403715987.283910512924194,47,5,43,3,11
1403715987.333911180496216,47,1,45,2,11
1403715987.383911132812500,47,2,47,0,11
1403715987.433911085128784,48,8,46,1,11
1403715987.483911514282227,48,0,47,0,11
1403715987.533911943435669,47,0,46,0,11
1403715987.583911895751953,47,0,45,0,11
1403715987.633912324905396,48,4,45,2,11
1403715987.683912515640259,47,0,47,0,11
1403715987.733912467956543,49,4,46,3,11
1403715987.783913135528564,48,8,48,0,11
1403715987.833913087844849,44,14,43,1,11
1403715987.883913040161133,49,4,43,5,11
1403715987.933912754058838,46,2,44,1,11
1403715987.983912467956543,45,1,45,0,11
1403715988.033912181854248,48,7,44,4,11
1403715988.083911895751953,48,2,48,0,11
1403715988.133911371231079,48,1,44,0,11
1403715988.183911085128784,48,2,44,0,11
1403715988.233911037445068,46,5,42,3,11
1403715988.283911228179932,47,0,45,1,11
1403715988.333910942077637,49,1,45,3,11
1403715988.383911132812500,50,13,48,1,11
1403715988.433911085128784,49,15,49,0,11
1403715988.483911275863647,50,2,49,1,11
1403715988.533911466598511,50,7,50,0,11
1403715988.583911418914795,50,0,50,0,11
1403715988.633911132812500,50,4,49,0,11
1403715988.683911323547363,50,0,49,0,11
1403715988.733911275863647,50,13,49,0,11
1403715988.783911228179932,49,0,48,0,11
1403715988.833911180496216,49,0,48,0,11
1403715988.883910894393921,47,0,47,0,11
1403715988.933910846710205,46,0,46,0,11
1403715988.983911037445068,46,1,45,0,11
1403715989.033911228179932,46,4,44,1,11
1403715989.083911180496216,46,1,45,0,11
1403715989.133911132812500,49,4,43,4,11
1403715989.183911085128784,49,1,45,0,11
1403715989.233911037445068,45,4,43,1,11
1403715989.283911228179932,45,0,42,1,11
1403715989.333911180496216,49,4,43,4,11
1403715989.383911371231079,48,0,47,1,11
1403715989.433911323547363,47,9,47,0,11
1403715989.483911275863647,46,0,46,0,11
1403715989.533911466598511,46,0,46,0,11
1403715989.583911418914795,46,2,44,1,11
1403715989.633911609649658,47,5,45,1,11
1403715989.683911561965942,47,5,46,1,11
1403715989.733911514282227,49,3,47,2,11
1403715989.783911705017090,48,0,48,0,11
1403715989.833911657333374,47,8,47,0,11
1403715989.883911609649658,50,11,46,3,11
1403715989.933911323547363,49,1,48,0,11
1403715989.983911275863647,49,0,47,1,11
1403715990.033911228179932,49,7,46,0,11
1403715990.083911180496216,48,8,45,1,11
1403715990.133911132812500,46,2,44,0,11
1403715990.183911085128784,47,1,44,1,11
1403715990.233910799026489,48,3,45,2,11
1403715990.283910989761353,46,1,46,0,11
1403715990.333910703659058,44,0,43,0,11
1403715990.383910655975342,42,2,42,0,11
1403715990.433910369873047,43,1,40,3,11
1403715990.483910560607910,43,3,38,3,11
1403715990.533910751342773,43,11,39,3,11
1403715990.583910465240479,39,3,37,0,11
1403715990.633910655975342,40,4,29,5,11
1403715990.683910608291626,39,1,26,7,11
1403715990.733910560607910,35,2,30,1,11
1403715990.783910751342773,35,2,30,4,11
1403715990.833910703659058,31,1,25,2,11
1403715990.883910179138184,29,3,20,4,11
1403715990.933909654617310,23,8,20,0,11
1403715990.983909606933594,23,4,19,1,11
1403715991.033909559249878,15,17,13,1,11
1403715991.083909273147583,18,5,13,4,11
1403715991.133909225463867,17,11,17,0,11
1403715991.183909177780151,19,1,17,2,11
1403715991.233909130096436,20,0,19,1,11
1403715991.283909559249878,23,1,20,3,11
1403715991.333909034729004,24,0,22,1,11
1403715991.383908987045288,23,1,20,0,11
1403715991.433908939361572,22,0,20,0,11
1403715991.483908653259277,20,0,20,0,11
1403715991.533908843994141,22,0,20,2,11
1403715991.583908796310425,22,0,22,0,11
1403715991.633908510208130,22,0,20,0,11
1403715991.683908700942993,22,0,20,0,11
1403715991.733908414840698,20,0,20,0,11
1403715991.783908605575562,20,0,20,0,11
1403715991.833908557891846,20,0,20,0,11
1403715991.883908271789551,20,0,20,0,11
1403715991.933908224105835,20,0,20,0,11
1403715991.983908176422119,20,0,20,0,11
1403715992.033908367156982,20,0,20,0,11
1403715992.083908319473267,20,0,20,0,11
1403715992.133908271789551,20,0,20,0,11
1403715992.183908224105835,20,0,20,0,11
1403715992.283908367156982,20,0,20,0,11
1403715992.333908081054688,20,0,20,0,11
1403715992.383908033370972,20,0,20,0,11
1403715992.433907985687256,20,0,20,0,11
1403715992.483907938003540,20,0,20,0,11
1403715992.533908128738403,21,0,20,1,11
1403715992.583908081054688,21,0,21,0,11
1403715992.633908033370972,21,0,21,0,11
1403715992.683907985687256,21,0,21,0,11
1403715992.733907938003540,21,0,21,0,11
1403715992.783908128738403,21,0,21,0,11
1403715992.833908081054688,21,0,21,0,11
1403715992.883908033370972,21,0,21,0,11
1403715992.933907985687256,21,0,21,0,11
1403715992.983907938003540,21,0,21,0,11
1403715993.033908128738403,21,0,21,0,11
1403715993.083908081054688,21,0,21,0,11
1403715993.133908271789551,21,0,21,0,11
1403715993.183908224105835,21,0,21,0,11
1403715993.233908176422119,21,0,21,0,11
1403715993.283908367156982,21,0,21,0,11
1403715993.333908319473267,21,0,21,0,11
1403715993.383908271789551,21,0,21,0,11
1403715993.433908224105835,21,0,21,0,11
1403715993.483908176422119,21,0,21,0,11
1403715993.533908367156982,21,0,21,0,11
1403715993.583908319473267,21,0,21,0,11
1403715993.633908271789551,21,0,21,0,11
1403715993.683908224105835,21,0,21,0,11
1403715993.733908176422119,21,0,21,0,11
1403715993.783908367156982,21,0,21,0,11
1403715993.833908319473267,21,0,21,0,11
1403715993.883908271789551,21,0,21,0,11
1403715993.933908224105835,21,0,21,0,11
