# timestamp (sec),slam_feats_in_state,msckf_feats_used,slam_feats_updated,slam_feats_delayed_init,clones
1413393890.048401594161987,0,10,0,0,5
1413393890.105926275253296,16,17,0,16,6
1413393890.156005620956421,16,1,15,0,7
1413393890.206262111663818,16,1,15,0,8
1413393890.256381750106812,15,2,15,0,9
1413393890.306768894195557,15,1,15,0,10
1413393890.356964349746704,15,0,15,0,11
1413393890.407054185867310,14,3,13,0,11
1413393890.456695318222046,16,2,13,2,11
1413393890.506438255310059,16,1,15,1,11
1413393890.556185960769653,28,3,16,12,11
1413393890.606297969818115,36,0,24,11,11
1413393890.656527042388916,38,0,35,2,11
1413393890.706732988357544,49,6,37,12,11
1413393890.756858825683594,50,6,49,1,11
1413393890.806895017623901,50,1,50,0,11
1413393890.856844663619995,50,3,50,0,11
1413393890.906860828399658,50,1,50,0,11
1413393890.956825256347656,50,2,50,0,11
1413393891.006828069686890,50,0,50,0,11
1413393891.056774854660034,50,3,50,0,11
1413393891.106709480285645,50,4,50,0,11
1413393891.156690835952759,50,2,50,0,11
1413393891.206675767898560,50,2,50,0,11
1413393891.256665945053101,50,1,50,0,11
1413393891.306804180145264,50,4,50,0,11
1413393891.356936931610107,46,7,44,0,11
1413393891.406918048858643,45,5,39,3,11
1413393891.456852197647095,44,2,39,2,11
1413393891.506724119186401,38,2,37,0,11
1413393891.556576251983643,39,1,37,2,11
1413393891.606401920318604,40,0,38,1,11
1413393891.656246900558472,43,0,39,3,11
1413393891.706124544143677,47,0,41,5,11
1413393891.756045579910278,48,0,44,1,11
1413393891.805972814559937,49,1,43,2,11
1413393891.855936288833618,46,0,43,0,11
1413393891.905837297439575,49,1,42,5,11
1413393891.955761671066284,48,3,43,1,11
1413393892.005768299102783,44,19,40,2,11
1413393892.055797576904297,48,1,40,5,11
1413393892.105908155441284,47,4,41,1,11
1413393892.155924797058105,45,0,39,2,11
1413393892.205891370773315,43,3,41,1,11
1413393892.255864143371582,40,1,40,0,11
1413393892.305831432342529,40,1,40,0,11
1413393892.355821371078491,38,5,38,0,11
1413393892.405782699584961,39,5,38,1,11
1413393892.455749511718750,39,1,38,0,11
1413393892.505726814270020,37,2,35,0,11
1413393892.555744647979736,40,5,32,6,11
1413393892.605733394622803,43,2,37,4,11
1413393892.655738592147827,46,1,39,5,11
1413393892.705743312835693,45,11,41,2,11
1413393892.755748271942139,44,7,40,2,11
1413393892.805752515792847,46,1,40,4,11
1413393892.855736255645752,49,1,42,4,11
1413393892.905732870101929,48,0,46,0,11
1413393892.955727100372314,46,8,42,2,11
1413393893.005733489990234,42,1,39,0,11
1413393893.055749416351318,40,4,34,4,11
1413393893.105765819549561,39,2,38,0,11
1413393893.155787706375122,44,1,37,6,11
1413393893.205789089202881,43,0,42,0,11
1413393893.255786895751953,48,15,42,6,11
1413393893.305778026580811,48,1,47,0,11
1413393893.355767250061035,49,2,47,1,11
1413393893.405754327774048,48,1,44,1,11
1413393893.455751419067383,49,17,44,2,11
1413393893.505740642547607,49,18,45,2,11
1413393893.555736780166626,48,6,46,0,11
1413393893.605730533599854,47,0,44,0,11
1413393893.655716419219971,46,4,42,3,11
1413393893.705706119537354,46,4,43,2,11
1413393893.755704164505005,47,2,45,2,11
1413393893.805705070495605,45,8,43,0,11
1413393893.855709552764893,47,21,38,5,11
1413393893.905711412429810,46,5,39,3,11
1413393893.955705642700195,40,9,37,0,11
1413393894.005697011947632,36,6,32,2,11
1413393894.055690765380859,35,6,32,1,11
1413393894.105694532394409,32,6,27,0,11
1413393894.155713319778442,38,6,25,9,11
1413393894.205730915069580,34,4,30,2,11
1413393894.255739927291870,33,3,30,1,11
1413393894.305752038955688,35,2,30,3,11
1413393894.355757713317871,34,5,31,2,11
1413393894.405760049819946,34,2,29,0,11
1413393894.455763816833496,40,1,29,8,11
1413393894.505761623382568,40,2,37,3,11
1413393894.555764913558960,44,0,39,5,11
1413393894.605766057968140,45,3,42,2,11
1413393894.655762672424316,48,3,44,3,11
1413393894.705763339996338,48,11,45,2,11
1413393894.755762815475464,48,7,44,1,11
1413393894.805757761001587,47,1,44,0,11
1413393894.855747222900391,48,2,42,3,11
1413393894.905740261077881,46,1,41,0,11
1413393894.955727577209473,46,3,40,3,11
1413393895.005719900131226,44,0,40,2,11
1413393895.055708885192871,46,1,41,2,11
1413393895.105709552764893,44,2,41,2,11
1413393895.155710935592651,50,4,43,7,11
1413393895.205708980560303,50,2,46,0,11
1413393895.255708456039429,47,2,43,0,11
1413393895.305704832077026,46,6,39,6,11
1413393895.355701208114624,45,2,42,2,11
1413393895.405694961547852,47,2,42,4,11
1413393895.455694198608398,47,3,43,3,11
1413393895.505695581436157,48,1,45,3,11
1413393895.555696249008179,49,6,45,2,11
1413393895.605698108673096,49,3,46,0,11
1413393895.655700445175171,45,5,42,0,11
1413393895.705708026885986,42,4,39,1,11
1413393895.755713701248169,38,4,34,0,11
1413393895.805715560913086,38,4,32,3,11
1413393895.855716228485107,33,4,30,1,11
1413393895.905717372894287,33,8,27,3,11
1413393895.955713987350464,32,0,28,1,11
1413393896.005717039108276,33,2,28,3,11
1413393896.055718898773193,31,4,29,1,11
1413393896.105718851089478,30,1,26,2,11
1413393896.155722856521606,29,8,24,0,11
1413393896.205720663070679,28,1,23,1,11
1413393896.255722284317017,27,0,23,2,11
1413393896.305729150772095,26,3,23,1,11
1413393896.355737686157227,27,0,21,3,11
1413393896.405747413635254,26,0,24,0,11
1413393896.455754280090332,30,3,20,7,11
1413393896.505759239196777,31,1,24,2,11
1413393896.555760383605957,33,1,21,7,11
1413393896.605760812759399,34,6,27,4,11
1413393896.655761718750000,31,0,30,1,11
1413393896.705758094787598,31,0,29,0,11
1413393896.755757331848145,31,1,27,0,11
1413393896.805755853652954,30,1,27,1,11
1413393896.855757951736450,32,0,27,4,11
1413393896.905759334564209,33,0,27,2,11
1413393896.955762147903442,35,1,28,3,11
1413393897.005760669708252,35,0,31,3,11
1413393897.055749177932739,36,1,32,2,11
1413393897.105747938156128,37,2,34,1,11
1413393897.155747652053833,37,2,33,3,11
1413393897.205749511718750,43,2,35,7,11
1413393897.255734682083130,45,1,41,2,11
1413393897.305737495422363,44,0,42,1,11
1413393897.355740785598755,46,5,41,3,11
1413393897.405722856521606,48,4,45,2,11
1413393897.455739736557007,46,4,43,2,11
1413393897.505733489990234,46,0,42,2,11
1413393897.555749654769897,47,1,43,2,11
1413393897.605755567550659,47,1,44,2,11
1413393897.655757188796997,49,2,45,2,11
1413393897.705762624740601,48,2,46,1,11
1413393897.755763053894043,48,4,47,1,11
1413393897.805770874023438,49,1,45,2,11
1413393897.855781078338623,49,0,45,0,11
1413393897.905787229537964,47,2,42,2,11
1413393897.955822467803955,46,4,42,2,11
1413393898.005834817886353,44,0,42,1,11
1413393898.055858612060547,47,5,42,5,11
1413393898.105858087539673,46,0,45,0,11
1413393898.155853033065796,41,4,38,0,11
1413393898.205851554870605,34,5,29,3,11
1413393898.255856275558472,34,7,29,2,11
1413393898.305871725082397,34,1,28,4,11
1413393898.355868577957153,38,2,30,4,11
1413393898.405870437622070,32,2,29,0,11
1413393898.455869913101196,21,2,20,0,11
1413393898.505872249603271,21,0,20,1,11
1413393898.555894851684570,25,2,20,4,11
1413393898.605888366699219,25,6,22,0,11
1413393898.655878305435181,25,2,19,1,11
1413393898.705868005752563,24,2,18,1,11
1413393898.755885601043701,27,1,17,6,11
1413393898.805897951126099,24,3,21,2,11
1413393898.855896234512329,25,2,20,2,11
1413393898.905898809432983,19,2,17,1,11
1413393898.955906391143799,18,4,15,0,11
1413393899.005930900573730,17,3,14,0,11
1413393899.055940389633179,17,4,12,3,11
1413393899.105966091156006,21,3,16,4,11
1413393899.155991554260254,22,5,20,2,11
1413393899.206003904342651,24,9,13,2,11
1413393899.255995035171509,31,8,15,7,11
1413393899.306005716323853,32,11,17,10,11
1413393899.356004476547241,28,1,25,1,11
1413393899.406002759933472,19,1,14,1,11
1413393899.455995082855225,16,0,14,1,11
1413393899.505996704101562,12,6,11,0,11
1413393899.555984258651733,11,3,10,0,11
1413393899.605975151062012,4,1,4,0,11
1413393899.655971765518188,2,0,2,0,11
1413393899.705973625183105,2,0,2,0,11
1413393899.755975008010864,4,2,2,2,11
1413393899.805993795394897,6,5,2,2,11
1413393899.856018543243408,8,18,0,2,11
1413393899.906006097793579,7,3,0,1,11
1413393899.956026792526245,4,2,1,2,11
1413393900.006031751632690,2,4,2,0,11
1413393900.056032657623291,2,1,1,0,11
1413393900.106030702590942,1,1,1,0,11
1413393900.156030893325806,0,3,0,0,11
1413393900.206021785736084,1,4,0,1,11
1413393900.256021738052368,1,2,0,0,11
1413393900.306034326553345,2,4,0,1,11
1413393900.356095314025879,4,10,1,3,11
1413393900.406111717224121,5,15,4,1,11
1413393900.456091880798340,8,9,4,4,11
1413393900.506094455718994,18,11,8,10,11
1413393900.556096076965332,20,8,12,4,11
1413393900.606101274490356,21,7,12,2,11
1413393900.656105279922485,14,4,12,0,11
1413393900.706100702285767,12,6,12,0,11
1413393900.756096601486206,14,2,10,4,11
1413393900.806093692779541,14,2,13,1,11
1413393900.856091260910034,14,0,13,1,11
1413393900.906086206436157,13,0,13,0,11
1413393900.956084966659546,13,5,11,1,11
1413393901.006107807159424,22,6,12,10,11
1413393901.056108474731445,24,17,21,2,11
1413393901.106108903884888,24,5,22,1,11
1413393901.156108379364014,25,4,20,4,11
1413393901.206103563308716,24,2,19,3,11
1413393901.256101608276367,22,1,21,0,11
1413393901.306090354919434,22,6,21,1,11
1413393901.356092929840088,20,5,20,0,11
1413393901.406094789505005,20,8,19,0,11
1413393901.456098556518555,20,4,17,0,11
1413393901.506099939346313,19,2,15,0,11
1413393901.556103944778442,18,2,15,1,11
1413393901.606099128723145,20,6,15,5,11
1413393901.656100511550903,28,1,19,9,11
1413393901.706096887588501,33,4,26,5,11
1413393901.756107807159424,40,5,30,7,11
1413393901.806109666824341,43,9,35,5,11
1413393901.856109380722046,42,9,39,2,11
1413393901.906112194061279,43,1,40,2,11
1413393901.956115245819092,44,0,42,1,11
1413393902.006115198135376,46,3,42,4,11
1413393902.056113481521606,47,0,45,2,11
1413393902.106113910675049,48,4,44,3,11
1413393902.156114339828491,48,3,47,0,11
1413393902.206114292144775,48,1,46,2,11
1413393902.256113767623901,47,0,47,0,11
1413393902.306116580963135,47,12,43,3,11
1413393902.356116771697998,45,3,43,0,11
1413393902.406118631362915,44,7,37,4,11
1413393902.456118106842041,44,3,39,2,11
1413393902.506118774414062,42,2,41,0,11
1413393902.556121110916138,49,8,41,8,11
1413393902.606124401092529,48,1,48,0,11
1413393902.656124591827393,47,0,46,0,11
1413393902.706125974655151,45,2,45,0,11
1413393902.756126403808594,43,2,42,0,11
1413393902.806128025054932,47,4,41,6,11
1413393902.856122016906738,49,3,45,3,11
1413393902.906116724014282,46,8,42,1,11
1413393902.956115245819092,47,7,42,3,11
1413393903.006113529205322,45,2,39,3,11
1413393903.056111335754395,45,5,41,2,11
1413393903.106109857559204,45,1,42,2,11
1413393903.156111478805542,45,5,42,2,11
1413393903.206112384796143,44,5,42,0,11
1413393903.256111860275269,43,1,41,0,11
1413393903.306112527847290,40,0,36,2,11
1413393903.356110811233521,41,0,36,2,11
1413393903.406107902526855,43,1,38,4,11
1413393903.456106901168823,40,2,39,0,11
1413393903.506106615066528,40,4,39,0,11
1413393903.556107759475708,43,2,39,4,11
1413393903.606106519699097,44,3,41,3,11
1413393903.656107187271118,43,1,39,1,11
1413393903.706111669540405,44,1,35,2,11
1413393903.756112098693848,40,3,33,3,11
1413393903.806113004684448,45,0,35,10,11
1413393903.856115102767944,45,1,45,0,11
1413393903.906118392944336,48,1,44,4,11
1413393903.956121206283569,47,2,45,0,11
1413393904.006121158599854,48,2,45,2,11
1413393904.056123733520508,46,0,46,0,11
1413393904.106121301651001,49,5,44,4,11
1413393904.156114339828491,50,2,48,1,11
1413393904.206101179122925,50,2,47,1,11
1413393904.256087064743042,50,5,47,0,11
1413393904.306077241897583,49,4,47,1,11
1413393904.356072425842285,49,4,46,1,11
1413393904.406070470809937,48,3,47,1,11
1413393904.456068277359009,49,0,47,1,11
1413393904.506067037582397,48,1,47,1,11
1413393904.556068658828735,47,0,43,1,11
1413393904.606073379516602,45,8,42,1,11
1413393904.656077384948730,42,0,40,1,11
1413393904.706082344055176,48,2,41,6,11
1413393904.756081819534302,47,2,45,1,11
1413393904.806081771850586,48,3,44,3,11
1413393904.856075763702393,48,2,46,1,11
1413393904.906071662902832,48,4,44,2,11
1413393904.956061363220215,47,8,42,2,11
1413393905.006053686141968,46,2,42,2,11
1413393905.056048631668091,38,3,32,0,11
1413393905.106045484542847,35,3,27,4,11
1413393905.156044244766235,32,0,31,1,11
1413393905.206048727035522,34,0,29,5,11
1413393905.256050586700439,34,4,33,0,11
1413393905.306051969528198,33,1,31,1,11
1413393905.356052637100220,35,1,28,5,11
1413393905.406051874160767,35,2,32,1,11
1413393905.456051111221313,35,2,33,2,11
1413393905.506051540374756,37,1,34,3,11
1413393905.556052207946777,41,1,37,4,11
1413393905.606051921844482,41,2,38,0,11
1413393905.656051158905029,47,5,37,7,11
1413393905.706050872802734,45,0,40,2,11
1413393905.756052017211914,46,1,42,2,11
1413393905.806051492691040,46,0,43,3,11
1413393905.856049776077271,45,2,44,1,11
1413393905.906048297882080,49,11,42,4,11
1413393905.956047534942627,49,3,44,0,11
1413393906.006045818328857,48,7,45,2,11
1413393906.056043386459351,48,1,45,1,11
1413393906.106039047241211,43,2,34,0,11
1413393906.156037330627441,47,2,34,6,11
1413393906.206033468246460,44,6,36,6,11
1413393906.256033658981323,42,4,41,0,11
1413393906.306035280227661,42,2,39,1,11
1413393906.356041908264160,41,1,39,0,11
1413393906.406050205230713,38,3,37,1,11
1413393906.456059694290161,39,4,35,2,11
1413393906.506067276000977,42,1,34,6,11
1413393906.556071519851685,42,0,41,1,11
1413393906.606071710586548,44,2,41,3,11
1413393906.656069517135620,45,2,44,1,11
1413393906.706069231033325,43,0,43,0,11
1413393906.756070375442505,48,2,42,5,11
1413393906.806071758270264,48,5,46,1,11
1413393906.856073141098022,49,3,46,3,11
1413393906.906073808670044,49,0,48,0,11
1413393906.956073045730591,49,3,45,1,11
1413393907.006073236465454,48,0,45,0,11
1413393907.056069135665894,49,4,44,4,11
1413393907.106058835983276,50,4,48,2,11
1413393907.156044721603394,50,1,50,0,11
1413393907.206032276153564,50,11,49,0,11
1413393907.256022930145264,50,1,49,0,11
1413393907.306014776229858,50,0,48,1,11
1413393907.356005430221558,50,0,49,0,11
1413393907.405996084213257,49,6,49,0,11
1413393907.455991744995117,49,2,49,0,11
1413393907.505995035171509,49,0,49,0,11
1413393907.555991411209106,50,2,49,1,11
1413393907.605981588363647,50,0,50,0,11
1413393907.655966520309448,50,4,50,0,11
1413393907.705954074859619,50,3,50,0,11
1413393907.755943059921265,50,1,50,0,11
1413393907.805929660797119,50,4,48,0,11
1413393907.855923652648926,50,0,49,0,11
1413393907.905914068222046,50,0,48,1,11
1413393907.955913066864014,50,0,49,0,11
1413393908.005913734436035,49,6,49,0,11
1413393908.055917978286743,49,1,48,0,11
1413393908.105922460556030,49,0,48,1,11
1413393908.155923128128052,50,1,49,1,11
1413393908.205922603607178,50,0,49,0,11
1413393908.255923271179199,50,6,48,0,11
1413393908.305926561355591,50,4,48,1,11
1413393908.355933427810669,50,1,49,1,11
1413393908.405933141708374,50,13,49,0,11
1413393908.455923318862915,50,0,48,0,11
1413393908.505918025970459,50,0,48,1,11
1413393908.555914402008057,50,1,48,1,11
1413393908.605913162231445,50,9,49,0,11
1413393908.655913352966309,50,1,49,1,11
1413393908.705920934677124,50,0,50,0,11
1413393908.755927324295044,48,1,48,0,11
1413393908.805932998657227,48,1,48,0,11
1413393908.855933427810669,50,4,48,2,11
1413393908.905930042266846,50,2,50,0,11
1413393908.955933570861816,50,1,50,0,11
1413393909.005942821502686,50,7,50,0,11
1413393909.055957317352295,50,6,49,0,11
1413393909.105966329574585,50,1,49,0,11
1413393909.155973672866821,50,0,49,1,11
1413393909.205979824066162,49,9,49,0,11
1413393909.255982160568237,49,1,49,0,11
1413393909.305983066558838,49,0,49,0,11
1413393909.355986118316650,49,2,48,1,11
1413393909.405986547470093,49,1,49,0,11
1413393909.455987215042114,49,2,48,0,11
1413393909.505986690521240,49,3,47,0,11
1413393909.555985927581787,48,0,47,0,11
1413393909.605983972549438,48,6,47,1,11
1413393909.655980825424194,50,4,48,2,11
1413393909.705975770950317,50,10,48,0,11
1413393909.755974531173706,50,0,47,0,11
1413393909.805973291397095,47,5,43,1,11
1413393909.855971574783325,43,0,36,1,11
1413393909.905970335006714,41,3,38,0,11
1413393909.955969095230103,42,0,36,5,11
1413393910.005968809127808,40,0,39,0,11
1413393910.055967569351196,41,4,35,3,11
1413393910.105969429016113,41,1,35,4,11
1413393910.155971527099609,41,4,39,1,11
1413393910.205973625183105,48,2,39,9,11
1413393910.255975246429443,50,3,46,2,11
1413393910.305979013442993,50,16,48,0,11
1413393910.355979681015015,48,3,48,0,11
1413393910.405980348587036,49,13,46,2,11
1413393910.455979824066162,47,2,47,0,11
1413393910.505977153778076,44,2,41,2,11
1413393910.555974721908569,44,0,42,1,11
1413393910.605973482131958,43,2,41,0,11
1413393910.655968904495239,50,12,42,7,11
1413393910.705967426300049,48,2,46,1,11
1413393910.755964756011963,48,2,46,1,11
1413393910.805962800979614,47,3,46,1,11
1413393910.855959653854370,48,4,47,1,11
1413393910.905946016311646,50,21,46,2,11
1413393910.955945014953613,50,7,47,0,11
1413393911.005942344665527,48,7,45,1,11
1413393911.055940628051758,47,3,44,0,11
1413393911.105941057205200,45,4,43,0,11
1413393911.155941486358643,43,8,43,0,11
1413393911.205942630767822,40,5,40,0,11
1413393911.255943536758423,39,6,38,0,11
1413393911.305943727493286,40,2,38,1,11
1413393911.355944633483887,37,1,32,1,11
1413393911.405945062637329,36,5,32,0,11
1413393911.455945014953613,44,2,32,12,11
1413393911.505942821502686,43,5,40,1,11
1413393911.555938959121704,44,5,35,3,11
1413393911.605939626693726,47,8,34,6,11
1413393911.655943870544434,46,6,38,3,11
1413393911.705941438674927,49,9,38,6,11
1413393911.755935192108154,48,3,41,1,11
1413393911.805927276611328,50,6,40,5,11
1413393911.855928897857666,50,5,44,3,11
1413393911.905925273895264,47,6,43,0,11
1413393911.955923318862915,45,12,40,1,11
1413393912.005923271179199,46,6,40,4,11
1413393912.055924654006958,42,3,38,1,11
1413393912.105921745300293,43,2,38,1,11
1413393912.155917167663574,40,3,34,3,11
1413393912.205904960632324,45,5,34,8,11
1413393912.255902767181396,42,2,36,2,11
1413393912.305898427963257,40,3,36,1,11
1413393912.355893373489380,38,3,35,1,11
1413393912.405886411666870,33,1,28,0,11
1413393912.455881834030151,33,2,25,3,11
1413393912.505877494812012,33,3,26,3,11
1413393912.555878400802612,28,9,19,5,11
1413393912.605881690979004,21,6,17,1,11
1413393912.655884504318237,19,5,10,1,11
1413393912.705888032913208,16,8,9,2,11
1413393912.755893230438232,12,6,9,2,11
1413393912.805896043777466,12,5,10,2,11
1413393912.855897426605225,13,2,11,1,11
1413393912.905900239944458,15,3,12,3,11
1413393912.955900669097900,17,4,15,2,11
1413393913.005901813507080,15,4,14,0,11
1413393913.055902004241943,19,0,14,5,11
1413393913.105901718139648,26,5,19,7,11
1413393913.155899286270142,25,0,24,1,11
1413393913.205897331237793,34,2,22,11,11
1413393913.255893468856812,38,8,32,5,11
1413393913.305891513824463,38,6,36,1,11
1413393913.355891227722168,36,7,34,1,11
1413393913.405888319015503,41,3,33,7,11
1413393913.455886125564575,43,3,37,6,11
1413393913.505881071090698,45,5,42,3,11
1413393913.555878162384033,45,5,43,1,11
1413393913.605875492095947,41,1,39,0,11
1413393913.655872344970703,37,4,34,2,11
1413393913.705872297286987,37,2,31,1,11
1413393913.755875825881958,35,4,24,0,11
1413393913.805878400802612,34,3,12,4,11
1413393913.855878829956055,32,1,9,5,11
1413393913.905881881713867,27,4,11,8,11
1413393913.955890655517578,32,2,16,11,11
1413393914.005898714065552,32,9,20,4,11
1413393914.055902481079102,32,4,20,4,11
1413393914.105914831161499,36,3,19,11,11
1413393914.155924558639526,32,1,26,0,11
1413393914.205940246582031,33,3,23,5,11
1413393914.255945682525635,31,1,25,2,11
1413393914.305956363677979,36,1,22,8,11
1413393914.355957508087158,34,3,29,2,11
1413393914.405956029891968,31,3,30,1,11
1413393914.455955982208252,39,8,28,10,11
1413393914.505950927734375,38,2,37,0,11
1413393914.555949687957764,36,1,35,1,11
1413393914.605950117111206,46,6,35,10,11
1413393914.655951976776123,45,5,43,0,11
1413393914.705953121185303,47,6,39,5,11
1413393914.755953073501587,46,1,44,0,11
1413393914.805954456329346,49,7,43,5,11
1413393914.855954647064209,47,1,46,0,11
1413393914.905953645706177,46,6,42,3,11
1413393914.955952167510986,46,2,42,0,11
1413393915.005950689315796,42,0,40,1,11
1413393915.055950164794922,40,5,38,1,11
1413393915.105947494506836,48,7,38,9,11
1413393915.155947446823120,48,2,47,1,11
1413393915.205948829650879,48,1,47,0,11
1413393915.255950450897217,48,5,44,0,11
1413393915.305952787399292,49,5,44,2,11
1413393915.355955362319946,46,1,45,1,11
1413393915.405956983566284,49,4,45,3,11
1413393915.455958366394043,48,7,46,1,11
1413393915.505957126617432,49,4,47,2,11
1413393915.555954694747925,49,5,49,0,11
1413393915.605953693389893,50,5,48,1,11
1413393915.655952215194702,50,7,49,0,11
1413393915.705951213836670,48,5,48,0,11
1413393915.755949020385742,48,3,48,0,11
1413393915.805947542190552,50,2,46,2,11
1413393915.855946302413940,49,3,47,0,11
1413393915.905945777893066,47,2,47,0,11
1413393915.955945491790771,49,0,47,2,11
1413393916.005946397781372,50,2,48,1,11
1413393916.055946588516235,50,5,49,0,11
1413393916.105947017669678,50,5,49,1,11
1413393916.155946969985962,49,1,48,0,11
1413393916.205946922302246,50,4,48,1,11
1413393916.255946636199951,47,4,46,1,11
1413393916.305945396423340,50,4,46,3,11
1413393916.355943679809570,45,0,43,0,11
1413393916.405940771102905,46,1,39,4,11
1413393916.455938100814819,43,1,37,3,11
1413393916.505935668945312,39,0,34,1,11
1413393916.555934667587280,40,0,31,3,11
1413393916.605934143066406,39,1,29,3,11
1413393916.655933380126953,41,0,32,5,11
1413393916.705932617187500,42,2,37,5,11
1413393916.755931854248047,44,0,41,3,11
1413393916.805930852890015,48,1,44,4,11
1413393916.855933427810669,50,10,47,2,11
1413393916.905934333801270,47,3,46,0,11
1413393916.955937623977661,45,2,42,0,11
1413393917.005942583084106,45,0,39,3,11
1413393917.055944442749023,44,1,38,0,11
1413393917.105945587158203,42,0,35,2,11
1413393917.155944585800171,42,4,35,4,11
1413393917.205943822860718,40,0,36,2,11
1413393917.255939960479736,40,2,35,3,11
1413393917.305935382843018,41,0,38,2,11
1413393917.355932712554932,42,1,38,3,11
1413393917.405930995941162,44,2,38,3,11
1413393917.455926895141602,45,4,38,5,11
1413393917.505924463272095,48,1,41,5,11
1413393917.555923938751221,48,1,44,2,11
1413393917.605922698974609,47,1,40,2,11
1413393917.655922174453735,41,0,37,0,11
1413393917.705922126770020,36,0,30,3,11
1413393917.755924224853516,34,0,29,1,11
1413393917.805925607681274,33,1,27,1,11
1413393917.855926275253296,29,2,26,0,11
1413393917.905925989151001,26,1,22,0,11
1413393917.955925703048706,25,0,20,1,11
1413393918.005925416946411,23,2,21,0,11
1413393918.055924654006958,23,1,17,5,11
1413393918.105924844741821,24,0,22,2,11
1413393918.155924320220947,21,2,17,0,11
1413393918.205924272537231,24,0,17,3,11
1413393918.255924463272095,23,0,20,3,11
1413393918.305925130844116,25,0,21,2,11
1413393918.355926275253296,27,1,22,2,11
1413393918.405926227569580,28,2,24,3,11
1413393918.455926179885864,31,0,25,4,11
1413393918.505927801132202,28,3,21,6,11
1413393918.555927991867065,34,0,25,7,11
1413393918.605929851531982,30,0,28,0,11
1413393918.655929565429688,26,3,23,1,11
1413393918.705929756164551,22,0,16,6,11
1413393918.755929946899414,23,3,19,3,11
1413393918.805930614471436,24,2,18,3,11
1413393918.855930805206299,24,3,18,4,11
1413393918.905933380126953,24,1,15,8,11
1413393918.955932140350342,20,0,16,1,11
1413393919.005931854248047,15,5,13,0,11
1413393919.055929183959961,15,2,13,1,11
1413393919.105924367904663,15,4,11,3,11
1413393919.155922174453735,16,4,15,1,11
1413393919.205919504165649,16,5,10,2,11
1413393919.255916118621826,18,4,10,7,11
1413393919.305916070938110,14,6,14,0,11
1413393919.355916023254395,14,4,14,0,11
1413393919.405915975570679,18,2,10,6,11
1413393919.455916166305542,18,5,15,1,11
1413393919.505916595458984,18,5,15,2,11
1413393919.555916547775269,19,8,16,2,11
1413393919.605917930603027,17,2,14,3,11
1413393919.655917644500732,19,1,16,3,11
1413393919.705918312072754,18,0,16,1,11
1413393919.755920171737671,23,3,16,6,11
1413393919.805921554565430,23,2,22,1,11
1413393919.855922698974609,36,2,22,13,11
1413393919.905925035476685,42,1,31,7,11
1413393919.955925941467285,41,0,36,3,11
1413393920.005925416946411,41,3,38,2,11
1413393920.055925130844116,42,4,35,5,11
1413393920.105923891067505,42,1,38,2,11
1413393920.155923366546631,42,3,36,4,11
1413393920.205923557281494,48,1,40,6,11
1413393920.255922794342041,44,0,43,0,11
1413393920.305922985076904,45,0,43,1,11
1413393920.355923891067505,48,3,42,5,11
1413393920.405923843383789,49,1,43,2,11
1413393920.455923318862915,47,1,41,1,11
1413393920.505922317504883,48,0,40,4,11
1413393920.555921792984009,46,10,42,1,11
1413393920.605919837951660,46,1,41,4,11
1413393920.655917406082153,48,5,45,3,11
1413393920.705915212631226,49,2,48,1,11
1413393920.755913496017456,49,11,47,1,11
1413393920.805912256240845,49,4,47,0,11
1413393920.855910539627075,49,4,47,1,11
1413393920.905910015106201,47,0,47,0,11
1413393920.955910682678223,48,4,44,3,11
1413393921.005911111831665,47,3,43,0,11
1413393921.055910825729370,43,3,40,1,11
1413393921.105910539627075,43,1,41,2,11
1413393921.155909299850464,48,8,41,6,11
1413393921.205908536911011,46,0,45,0,11
1413393921.255905628204346,48,3,44,3,11
1413393921.305904388427734,47,7,45,0,11
1413393921.355902194976807,47,10,43,3,11
1413393921.405900001525879,44,1,44,0,11
1413393921.455895900726318,47,12,42,3,11
1413393921.505894422531128,48,1,45,1,11
1413393921.555893659591675,48,2,45,2,11
1413393921.605894088745117,47,0,46,0,11
1413393921.655895233154297,46,1,46,0,11
1413393921.705896615982056,50,19,46,4,11
1413393921.755898237228394,50,25,49,0,11
1413393921.805897712707520,50,1,49,0,11
1413393921.855897665023804,49,3,49,0,11
1413393921.905897617340088,49,1,48,0,11
1413393921.955897331237793,49,5,48,1,11
1413393922.005897521972656,48,2,48,0,11
1413393922.055898666381836,49,10,46,1,11
1413393922.105899572372437,47,2,45,0,11
1413393922.155902147293091,48,1,45,2,11
1413393922.205903768539429,47,5,47,0,11
1413393922.255906105041504,47,0,43,1,11
1413393922.305905580520630,45,6,41,3,11
1413393922.355904340744019,48,21,43,4,11
1413393922.405904531478882,49,11,45,2,11
1413393922.455903053283691,42,7,39,1,11
1413393922.505903482437134,42,0,37,0,11
1413393922.555904388427734,43,1,36,5,11
1413393922.605904579162598,41,3,39,1,11
1413393922.655904769897461,48,4,40,8,11
1413393922.705904006958008,48,1,47,0,11
1413393922.755903482437134,48,4,47,0,11
1413393922.805904865264893,50,18,47,3,11
1413393922.855905055999756,50,1,50,0,11
1413393922.905904293060303,50,7,48,0,11
1413393922.955901622772217,50,11,46,0,11
1413393923.005900859832764,50,6,46,2,11
1413393923.055897235870361,49,11,48,1,11
1413393923.105897903442383,47,1,46,0,11
1413393923.155898571014404,47,2,45,1,11
1413393923.205899953842163,43,3,43,0,11
1413393923.255900144577026,42,6,41,0,11
1413393923.305901050567627,41,3,40,0,11
1413393923.355900526046753,40,3,38,0,11
1413393923.405900478363037,43,9,37,4,11
1413393923.455897092819214,38,8,38,0,11
1413393923.505893945693970,39,2,35,2,11
1413393923.555893659591675,45,20,33,7,11
1413393923.605894327163696,40,3,33,3,11
1413393923.655896902084351,39,6,31,2,11
1413393923.705900669097900,36,9,32,1,11
1413393923.755905628204346,32,11,26,0,11
1413393923.805908203125000,29,2,27,0,11
1413393923.855911493301392,25,3,22,0,11
1413393923.905912876129150,23,8,19,0,11
1413393923.955919027328491,22,4,16,3,11
1413393924.055919408798218,18,17,16,1,11
1413393924.105921030044556,18,3,16,1,11
1413393924.155922412872314,22,7,16,5,11
1413393924.205923557281494,19,4,18,0,11
1413393924.255925178527832,20,12,18,2,11
1413393924.305927753448486,20,8,19,0,11
1413393924.355927705764771,19,8,18,1,11
1413393924.405929088592529,23,5,16,7,11
1413393924.455929756164551,23,4,19,0,11
1413393924.505929708480835,25,8,17,3,11
1413393924.555930614471436,22,8,19,1,11
1413393924.605930805206299,20,4,15,2,11
1413393924.655931472778320,19,7,13,4,11
1413393924.705932378768921,21,5,12,4,11
1413393924.755933284759521,23,5,13,4,11
1413393924.805932283401489,18,1,12,3,11
1413393924.855931520462036,17,4,14,1,11
1413393924.905930042266846,18,12,14,4,11
1413393924.955930471420288,19,8,16,2,11
1413393925.005929708480835,19,7,14,2,11
1413393925.055928707122803,15,7,13,0,11
1413393925.105920076370239,17,5,9,7,11
1413393925.155917644500732,17,5,12,2,11
1413393925.205916881561279,15,5,11,0,11
1413393925.255915403366089,11,5,7,1,11
1413393925.305913686752319,13,4,5,3,11
1413393925.355909824371338,12,6,6,2,11
1413393925.405908823013306,9,5,5,1,11
1413393925.455905199050903,11,5,5,3,11
1413393925.505906105041504,12,3,7,3,11
1413393925.555906534194946,11,14,6,0,11
1413393925.605907201766968,8,5,6,1,11
1413393925.655906915664673,8,6,5,3,11
1413393925.705906629562378,9,7,5,1,11
1413393925.755903959274292,10,5,6,2,11
1413393925.805905342102051,10,9,4,4,11
1413393925.855907440185547,14,3,7,4,11
1413393925.905907869338989,17,9,11,5,11
1413393925.955907583236694,14,5,14,0,11
1413393926.005907058715820,16,5,13,3,11
1413393926.055906534194946,22,4,15,7,11
1413393926.105906486511230,26,5,21,5,11
1413393926.155906200408936,27,5,26,1,11
1413393926.205907106399536,34,0,26,8,11
1413393926.255908012390137,39,2,33,5,11
1413393926.305908441543579,40,2,38,1,11
1413393926.355908632278442,40,0,38,2,11
1413393926.405909538269043,41,4,38,2,11
1413393926.455910682678223,45,3,40,4,11
1413393926.505912780761719,46,1,44,2,11
1413393926.555914402008057,44,0,41,3,11
1413393926.605914831161499,43,0,40,2,11
1413393926.655916452407837,44,1,40,4,11
1413393926.705917358398438,45,2,41,3,11
1413393926.755918264389038,48,2,41,4,11
1413393926.805919170379639,48,1,43,2,11
1413393926.855919599533081,44,1,39,1,11
1413393926.905920267105103,42,1,37,1,11
1413393926.955920219421387,40,1,35,2,11
1413393927.005920410156250,40,0,36,0,11
1413393927.055920124053955,41,0,34,4,11
1413393927.105920791625977,48,0,35,8,11
1413393927.155923128128052,48,1,41,2,11
1413393927.205925941467285,48,1,40,3,11
1413393927.255926609039307,48,4,40,3,11
1413393927.305927515029907,46,3,41,2,11
1413393927.355928182601929,44,1,40,2,11
1413393927.405931234359741,48,5,42,5,11
1413393927.455929756164551,42,9,40,1,11
1413393927.505928277969360,42,3,37,3,11
1413393927.555927515029907,44,1,36,6,11
1413393927.605926990509033,42,6,37,2,11
1413393927.655927181243896,38,5,32,2,11
1413393927.705927610397339,35,2,32,3,11
1413393927.755927324295044,33,3,33,0,11
1413393927.805927515029907,32,5,31,1,11
1413393927.855928659439087,32,4,30,2,11
1413393927.905929803848267,32,3,30,1,11
1413393927.955930471420288,30,2,28,0,11
1413393928.005930900573730,28,3,27,0,11
1413393928.055930376052856,27,6,24,3,11
1413393928.105929851531982,27,9,26,1,11
1413393928.155928850173950,32,3,27,5,11
1413393928.205928802490234,32,4,31,0,11
1413393928.255928993225098,33,4,30,2,11
1413393928.305929899215698,32,6,30,1,11
1413393928.355931282043457,31,6,26,0,11
1413393928.405933618545532,31,8,24,3,11
1413393928.455936193466187,32,1,26,3,11
1413393928.505937814712524,29,2,27,0,11
1413393928.555938720703125,28,1,25,1,11
1413393928.605940103530884,31,2,19,9,11
1413393928.655939102172852,32,4,24,4,11
1413393928.705937862396240,30,2,26,0,11
1413393928.755935668945312,30,5,26,4,11
1413393928.805933475494385,28,0,27,0,11
1413393928.855931997299194,28,1,27,0,11
1413393928.905930280685425,28,3,26,2,11
1413393928.955929994583130,29,0,25,3,11
1413393929.005928516387939,30,3,28,1,11
1413393929.055926322937012,33,0,29,4,11
1413393929.105926990509033,33,0,26,1,11
1413393929.155926465988159,33,1,25,0,11
1413393929.205925941467285,28,4,23,3,11
1413393929.255925416946411,31,0,22,5,11
1413393929.305925130844116,34,4,26,4,11
1413393929.355925321578979,32,1,26,1,11
1413393929.405925035476685,30,0,26,1,11
1413393929.455924510955811,31,2,25,4,11
1413393929.505925178527832,34,6,27,4,11
1413393929.555925130844116,32,1,29,0,11
1413393929.605924606323242,32,1,26,1,11
1413393929.655924558639526,32,2,23,3,11
1413393929.705924510955811,27,3,25,0,11
1413393929.755924701690674,25,2,24,0,11
1413393929.805924654006958,27,5,22,2,11
1413393929.855925559997559,27,6,21,1,11
1413393929.905926465988159,23,4,18,2,11
1413393929.955926895141602,23,3,19,3,11
1413393930.005926370620728,24,1,20,3,11
1413393930.055926561355591,25,2,20,1,11
1413393930.105926513671875,24,4,18,0,11
1413393930.155926704406738,22,3,15,3,11
1413393930.205926179885864,24,2,17,4,11
1413393930.255926132202148,22,0,19,1,11
1413393930.305926561355591,24,1,19,3,11
1413393930.355926990509033,22,0,19,2,11
1413393930.405926704406738,23,3,21,1,11
1413393930.455926418304443,27,1,19,7,11
1413393930.505926370620728,30,2,24,3,11
1413393930.555926084518433,30,0,26,1,11
1413393930.605926752090454,30,0,27,2,11
1413393930.655925989151001,34,3,27,6,11
1413393930.705925941467285,38,2,32,4,11
1413393930.755924463272095,40,5,34,3,11
1413393930.805925846099854,46,2,33,8,11
1413393930.855926036834717,45,7,37,5,11
1413393930.905926465988159,47,3,42,3,11
1413393930.955927133560181,47,7,41,3,11
1413393931.005927085876465,48,1,44,1,11
1413393931.055926561355591,45,11,40,1,11
1413393931.105926275253296,47,0,39,3,11
1413393931.155925750732422,41,3,39,1,11
1413393931.205926418304443,42,8,38,3,11
1413393931.255926847457886,44,3,40,3,11
1413393931.305926799774170,42,1,37,0,11
1413393931.355926752090454,45,1,34,4,11
1413393931.405926227569580,40,5,37,0,11
1413393931.455926179885864,39,3,37,2,11
1413393931.505925178527832,37,2,36,0,11
1413393931.555924177169800,39,0,34,2,11
1413393931.605923414230347,42,2,35,4,11
1413393931.655923604965210,42,3,36,3,11
1413393931.705923557281494,43,2,36,4,11
1413393931.755923748016357,43,2,35,4,11
1413393931.805922985076904,47,9,37,6,11
1413393931.855923175811768,42,3,41,0,11
1413393931.905922889709473,37,2,37,0,11
1413393931.955922842025757,38,3,36,2,11
1413393932.005922794342041,37,2,36,1,11
1413393932.055922985076904,37,4,35,1,11
1413393932.105922937393188,35,2,35,0,11
1413393932.155922651290894,33,2,33,0,11
1413393932.205922126770020,36,3,31,3,11
1413393932.255921363830566,40,3,35,4,11
1413393932.305921316146851,38,6,34,1,11
1413393932.355921506881714,38,2,33,4,11
1413393932.405920267105103,38,3,34,3,11
1413393932.455919981002808,38,4,37,1,11
1413393932.505919218063354,46,2,36,9,11
1413393932.555918455123901,41,7,40,0,11
1413393932.605918407440186,44,3,37,5,11
1413393932.655917644500732,46,4,39,5,11
1413393932.705917119979858,46,0,41,4,11
1413393932.755916595458984,46,0,43,2,11
1413393932.805916309356689,43,2,42,1,11
1413393932.855916500091553,48,3,41,5,11
1413393932.905916690826416,45,1,42,0,11
1413393932.955916404724121,48,1,37,5,11
1413393933.005916357040405,44,6,41,1,11
1413393933.055916309356689,44,1,41,3,11
1413393933.105916261672974,43,1,41,2,11
1413393933.155916690826416,44,1,40,3,11
1413393933.205916881561279,45,2,41,1,11
1413393933.255917310714722,46,1,40,3,11
1413393933.305917739868164,47,1,42,3,11
1413393933.355917930603027,45,1,43,0,11
1413393933.405918359756470,44,0,40,1,11
1413393933.455920457839966,43,4,37,2,11
1413393933.505920648574829,41,0,36,1,11
1413393933.555920839309692,40,2,36,1,11
1413393933.605920791625977,45,2,35,8,11
1413393933.655919551849365,43,4,38,2,11
1413393933.705918788909912,45,3,40,3,11
1413393933.755918741226196,44,1,41,2,11
1413393933.805918216705322,44,2,41,0,11
1413393933.855919122695923,44,1,40,1,11
1413393933.905918598175049,43,0,37,3,11
1413393933.955915927886963,45,1,38,3,11
1413393934.005915403366089,43,10,40,1,11
1413393934.055914402008057,44,0,40,4,11
1413393934.105914592742920,48,3,42,5,11
1413393934.155914306640625,50,1,46,2,11
1413393934.205913305282593,49,10,48,1,11
1413393934.255911111831665,49,5,49,0,11
1413393934.305910110473633,47,2,46,0,11
1413393934.355908870697021,47,0,45,0,11
1413393934.405906915664673,49,1,45,3,11
1413393934.455906867980957,47,1,47,0,11
1413393934.505905389785767,45,12,43,1,11
1413393934.555905342102051,47,3,44,2,11
1413393934.605906486511230,47,0,44,2,11
1413393934.655908584594727,48,6,43,2,11
1413393934.705909729003906,48,2,45,1,11
1413393934.755910634994507,48,0,44,2,11
1413393934.805911064147949,48,3,42,2,11
1413393934.855910301208496,49,5,42,2,11
1413393934.905909299850464,46,12,40,2,11
1413393934.955908060073853,44,11,37,2,11
1413393935.005906581878662,40,4,31,2,11
1413393935.055906295776367,32,8,26,2,11
1413393935.105907201766968,32,2,23,7,11
1413393935.155907869338989,27,1,22,0,11
1413393935.205908536911011,25,5,22,0,11
1413393935.255908250808716,23,6,18,4,11
1413393935.305908203125000,24,2,21,1,11
1413393935.355908393859863,23,4,21,1,11
1413393935.405905008316040,23,0,19,3,11
1413393935.455897331237793,44,1,16,22,11
1413393935.505894660949707,46,5,35,6,11
1413393935.555893182754517,45,1,40,1,11
1413393935.605892896652222,44,0,40,3,11
1413393935.655888557434082,46,11,38,5,11
1413393935.705888032913208,46,3,43,0,11
1413393935.755887269973755,44,2,43,1,11
1413393935.805886507034302,44,2,44,0,11
1413393935.855885028839111,50,12,44,6,11
1413393935.905885219573975,49,0,48,0,11
1413393935.955885887145996,49,0,45,0,11
1413393936.005887269973755,46,3,40,0,11
1413393936.055888891220093,46,3,38,3,11
1413393936.105889320373535,45,4,39,3,11
1413393936.155889749526978,42,12,34,5,11
1413393936.205889225006104,38,2,34,0,11
1413393936.255889177322388,39,0,30,5,11
1413393936.305887222290039,41,2,33,6,11
1413393936.355885982513428,36,1,33,1,11
1413393936.405884027481079,33,1,31,0,11
1413393936.455883264541626,38,5,27,9,11
1413393936.505882024765015,32,5,27,0,11
1413393936.555881023406982,30,3,25,0,11
1413393936.605881214141846,26,3,23,2,11
1413393936.655881404876709,23,2,19,1,11
1413393936.705879211425781,28,2,15,10,11
1413393936.755878686904907,20,2,17,1,11
1413393936.805878639221191,24,2,16,5,11
1413393936.855879306793213,21,4,17,0,11
1413393936.905879497528076,17,1,15,1,11
1413393936.955880880355835,28,0,14,13,11
1413393937.005881071090698,26,6,24,0,11
1413393937.055881261825562,28,2,22,5,11
1413393937.105882167816162,31,4,26,4,11
1413393937.155882596969604,27,1,26,0,11
1413393937.205883502960205,30,4,26,3,11
1413393937.255883693695068,33,2,28,5,11
1413393937.305885314941406,38,3,32,5,11
1413393937.355885744094849,37,3,35,1,11
1413393937.405886173248291,37,1,36,0,11
1413393937.455886125564575,34,0,34,0,11
1413393937.505886316299438,35,0,34,1,11
1413393937.555887460708618,36,3,33,3,11
1413393937.605889558792114,41,2,36,5,11
1413393937.655890464782715,48,0,41,7,11
1413393937.705891370773315,48,2,47,1,11
1413393937.755892992019653,50,2,48,2,11
1413393937.805894374847412,50,8,49,0,11
1413393937.855895996093750,50,0,49,0,11
1413393937.905894994735718,49,2,49,0,11
1413393937.955893754959106,49,6,49,0,11
1413393938.005893707275391,49,1,49,0,11
1413393938.055893659591675,50,3,49,1,11
1413393938.105893135070801,49,5,49,0,11
1413393938.155893802642822,50,2,49,1,11
1413393938.205893754959106,50,1,50,0,11
1413393938.255892992019653,50,1,50,0,11
1413393938.305891513824463,50,2,50,0,11
1413393938.355888843536377,47,21,47,0,11
1413393938.405886888504028,48,2,45,2,11
1413393938.455887556076050,48,0,45,0,11
1413393938.505887985229492,49,0,44,2,11
1413393938.555887699127197,48,5,43,1,11
1413393938.605888605117798,47,0,44,1,11
1413393938.655889987945557,48,0,42,4,11
1413393938.705889940261841,48,1,45,1,11
1413393938.755890607833862,47,0,44,3,11
1413393938.805892705917358,47,0,47,0,11
1413393938.855894565582275,46,0,45,0,11
1413393938.905896186828613,44,1,42,0,11
1413393938.955899715423584,49,15,42,6,11
1413393939.005900859832764,48,2,46,1,11
1413393939.055903434753418,44,1,43,0,11
1413393939.105906724929810,43,0,40,1,11
1413393939.155908346176147,44,2,40,2,11
1413393939.205908298492432,43,4,40,0,11
1413393939.255909442901611,42,0,39,0,11
1413393939.305911540985107,40,0,37,1,11
1413393939.355912923812866,39,0,36,0,11
1413393939.405917406082153,45,3,31,11,11
1413393939.455918788909912,37,3,34,1,11
1413393939.505919933319092,33,3,33,0,11
1413393939.555921792984009,38,9,29,8,11
1413393939.605920314788818,36,3,33,0,11
1413393939.655918359756470,27,3,21,1,11
1413393939.705913305282593,26,2,20,3,11
1413393939.755906105041504,36,2,22,12,11
1413393939.805898189544678,35,4,33,0,11
1413393939.855890274047852,29,12,25,0,11
1413393939.905880928039551,27,13,24,0,11
1413393939.955879449844360,25,17,19,2,11
1413393940.005882024765015,22,10,14,0,11
1413393940.055880784988403,26,1,14,7,11
1413393940.105882167816162,25,4,18,3,11
1413393940.155883789062500,23,1,20,1,11
1413393940.205883502960205,22,1,20,2,11
1413393940.255879163742065,22,1,21,0,11
1413393940.305871248245239,21,1,21,0,11
1413393940.355860471725464,24,0,18,4,11
1413393940.405852556228638,25,2,20,1,11
1413393940.455845117568970,25,1,17,2,11
1413393940.505822896957397,42,2,17,20,11
1413393940.555815935134888,43,2,33,4,11
1413393940.605817556381226,41,3,33,0,11
1413393940.655822992324829,37,3,25,6,11
1413393940.705828428268433,31,1,21,5,11
1413393940.755831003189087,28,0,24,2,11
1413393940.805834531784058,23,0,23,0,11
1413393940.855838775634766,23,0,23,0,11
1413393940.905843496322632,24,3,22,1,11
1413393940.955844640731812,25,11,22,1,11
1413393941.005843877792358,28,2,21,4,11
1413393941.055845975875854,25,12,23,0,11
1413393941.105844020843506,24,6,20,2,11
1413393941.155843496322632,30,0,22,6,11
1413393941.205850124359131,31,2,25,5,11
1413393941.255860328674316,32,3,24,4,11
1413393941.305869579315186,38,2,29,7,11
1413393941.355878829956055,39,3,36,3,11
1413393941.455890178680420,39,12,34,1,11
1413393941.505895137786865,38,1,33,0,11
1413393941.555897235870361,42,2,33,9,11
1413393941.605898857116699,49,7,41,8,11
1413393941.655895948410034,50,2,47,1,11
1413393941.705891609191895,49,2,47,0,11
1413393941.755888223648071,45,5,42,1,11
1413393941.805885076522827,43,4,39,2,11
1413393941.855883359909058,39,1,37,1,11
1413393941.905877113342285,34,6,34,0,11
1413393941.955871343612671,33,4,32,1,11
1413393942.005864858627319,34,20,31,2,11
1413393942.055859804153442,37,16,29,4,11
1413393942.105859041213989,32,4,25,0,11
1413393942.155858516693115,29,4,22,2,11
1413393942.205860376358032,30,3,24,3,11
1413393942.255864858627319,30,0,24,3,11
1413393942.305868864059448,29,1,27,0,11
1413393942.355873584747314,28,5,25,1,11
1413393942.405877113342285,27,0,25,0,11
1413393942.455880880355835,27,3,25,2,11
1413393942.505886554718018,31,3,26,4,11
1413393942.555889129638672,37,3,29,8,11
1413393942.605892419815063,40,1,36,3,11
1413393942.655893325805664,42,3,38,3,11
1413393942.705892086029053,46,0,41,5,11
1413393942.755888462066650,44,3,42,1,11
1413393942.805883407592773,40,1,37,1,11
1413393942.855879068374634,42,0,36,4,11
1413393942.905874490737915,45,0,41,4,11
1413393942.955870866775513,46,1,44,2,11
1413393943.005870580673218,44,1,44,0,11
1413393943.055870056152344,46,2,44,2,11
1413393943.105871438980103,49,14,45,4,11
1413393943.155871629714966,49,14,48,1,11
1413393943.205870628356934,50,8,48,1,11
1413393943.255868673324585,50,2,47,0,11
1413393943.305866718292236,46,2,44,1,11
1413393943.355863571166992,49,3,44,4,11
1413393943.405859947204590,49,1,48,0,11
1413393943.455855846405029,48,1,47,1,11
1413393943.505851984024048,48,0,48,0,11
1413393943.555846452713013,47,2,47,0,11
1413393943.605842590332031,47,0,47,0,11
1413393943.655838251113892,49,0,47,2,11
1413393943.705835103988647,50,4,48,1,11
1413393943.755833625793457,50,15,49,0,11
1413393943.805833101272583,49,7,48,1,11
1413393943.855833768844604,50,2,49,1,11
1413393943.905833244323730,49,1,49,0,11
1413393943.955831527709961,49,1,47,0,11
1413393944.005828619003296,50,1,48,1,11
1413393944.055826902389526,49,2,49,0,11
1413393944.105825662612915,48,3,47,0,11
1413393944.155826330184937,47,2,46,0,11
1413393944.205826997756958,46,5,46,0,11
1413393944.255827188491821,46,3,43,2,11
1413393944.305826902389526,49,2,42,3,11
1413393944.355826139450073,48,13,43,1,11
1413393944.405825376510620,46,1,42,2,11
1413393944.455825090408325,43,2,41,1,11
1413393944.505822896957397,42,1,39,2,11
1413393944.555820941925049,44,0,38,2,11
1413393944.605818748474121,43,0,38,1,11
1413393944.655817031860352,42,0,38,2,11
1413393944.705818176269531,45,0,39,5,11
1413393944.755817413330078,44,1,40,2,11
1413393944.805815935134888,49,4,42,5,11
1413393944.855815172195435,47,0,46,1,11
1413393944.905814170837402,43,1,42,0,11
1413393944.955811977386475,49,1,42,6,11
1413393945.005810499191284,49,1,48,1,11
1413393945.055809736251831,50,7,49,1,11
1413393945.105809926986694,47,2,44,0,11
1413393945.155812263488770,47,5,39,2,11
1413393945.205812692642212,45,1,42,2,11
1413393945.255812883377075,44,0,40,3,11
1413393945.305813312530518,43,3,39,2,11
1413393945.355813741683960,40,3,35,0,11
1413393945.405813932418823,39,1,31,5,11
1413393945.455815553665161,39,2,35,2,11
1413393945.505816221237183,36,0,34,0,11
1413393945.555815935134888,34,1,33,0,11
1413393945.605814933776855,32,5,32,0,11
1413393945.655815601348877,30,1,28,0,11
1413393945.705818414688110,32,5,26,4,11
1413393945.755817413330078,33,1,28,4,11
1413393945.805817365646362,33,0,30,1,11
1413393945.855818033218384,34,1,31,2,11
1413393945.905820131301880,32,0,30,0,11
1413393945.955824613571167,32,1,27,1,11
1413393946.005830049514771,32,2,28,3,11
1413393946.055833816528320,33,0,31,2,11
1413393946.105838060379028,34,0,33,1,11
1413393946.155839920043945,37,1,32,5,11
1413393946.205840349197388,37,2,31,5,11
1413393946.255839824676514,36,0,33,2,11
1413393946.305839300155640,36,0,33,1,11
1413393946.355839729309082,35,0,31,0,11
1413393946.405839204788208,32,0,30,0,11
1413393946.455838203430176,32,2,28,2,11
1413393946.505838394165039,34,0,28,2,11
1413393946.555838346481323,34,0,27,1,11
1413393946.605838537216187,31,0,22,2,11
1413393946.655838727951050,29,1,24,2,11
1413393946.705838203430176,26,2,25,1,11
1413393946.755837202072144,28,2,26,2,11
1413393946.805834054946899,30,0,26,3,11
1413393946.855830430984497,32,0,26,2,11
1413393946.905826091766357,32,1,26,1,11
1413393946.955821275711060,31,6,28,2,11
1413393947.005817651748657,30,1,26,4,11
1413393947.055815458297729,32,1,29,3,11
1413393947.105815172195435,37,1,30,6,11
1413393947.155817508697510,36,3,36,0,11
1413393947.205820798873901,35,0,33,1,11
1413393947.255823135375977,37,1,33,4,11
1413393947.305825471878052,36,2,35,0,11
1413393947.355826616287231,33,1,33,0,11
1413393947.405826807022095,32,1,30,0,11
1413393947.455826520919800,28,1,27,0,11
1413393947.505826711654663,27,2,27,0,11
1413393947.555826902389526,28,3,25,1,11
1413393947.605826854705811,28,1,24,1,11
1413393947.655827045440674,27,2,23,2,11
1413393947.705826282501221,26,1,18,2,11
1413393947.755826473236084,25,14,15,1,11
1413393947.805826187133789,19,5,13,2,11
1413393947.855826377868652,14,13,10,2,11
1413393947.905826807022095,14,3,10,3,11
1413393947.955826997756958,12,3,12,0,11
1413393948.005827188491821,11,2,11,0,11
1413393948.055827617645264,12,5,11,1,11
1413393948.105827808380127,13,7,10,2,11
1413393948.155827522277832,20,3,11,8,11
1413393948.205827236175537,19,4,17,2,11
1413393948.255827188491821,33,3,19,14,11
1413393948.305826902389526,31,7,31,0,11
1413393948.355826377868652,36,1,29,7,11
1413393948.405825376510620,33,3,29,2,11
1413393948.455825567245483,45,0,31,12,11
1413393948.505825042724609,44,2,38,4,11
1413393948.555824756622314,43,2,40,0,11
1413393948.605823278427124,46,6,38,5,11
1413393948.655823230743408,44,1,42,0,11
1413393948.705823421478271,43,2,42,1,11
1413393948.755822658538818,44,4,40,2,11
1413393948.805822134017944,44,2,41,0,11
1413393948.855821609497070,42,9,38,2,11
1413393948.905820369720459,46,3,36,5,11
1413393948.955818176269531,43,0,37,3,11
1413393949.005816936492920,42,0,39,1,11
1413393949.055817127227783,41,0,40,0,11
1413393949.105817079544067,40,2,38,1,11
1413393949.155816316604614,40,2,38,0,11
1413393949.205814599990845,47,9,38,8,11
1413393949.255814313888550,45,6,45,0,11
1413393949.305814266204834,44,5,41,2,11
1413393949.355813503265381,41,12,40,1,11
1413393949.405813455581665,40,0,39,0,11
1413393949.455813646316528,40,1,38,1,11
1413393949.505813598632812,42,1,38,3,11
1413393949.555813550949097,42,1,39,1,11
1413393949.605813980102539,43,1,37,3,11
1413393949.655814409255981,43,1,40,1,11
1413393949.705814838409424,42,1,41,1,11
1413393949.755815029144287,42,1,41,0,11
1413393949.805815219879150,48,3,40,6,11
1413393949.855814933776855,47,12,44,0,11
1413393949.905814886093140,46,1,41,1,11
1413393949.955815315246582,46,6,41,2,11
1413393950.005814790725708,46,0,43,2,11
1413393950.055813312530518,49,7,44,4,11
1413393950.105812549591064,47,5,44,0,11
1413393950.155812025070190,44,4,39,0,11
1413393950.205812215805054,42,4,34,2,11
1413393950.255811929702759,39,7,36,0,11
1413393950.305812358856201,46,9,34,11,11
1413393950.355812549591064,43,2,41,0,11
1413393950.405812501907349,42,0,38,0,11
1413393950.455811977386475,44,0,36,5,11
1413393950.505811452865601,42,6,39,1,11
1413393950.555811166763306,44,4,37,5,11
1413393950.605811357498169,42,3,41,0,11
1413393950.655810594558716,48,0,40,8,11
1413393950.705811262130737,48,20,44,2,11
1413393950.755811929702759,47,1,42,0,11
1413393950.805812597274780,44,1,39,0,11
1413393950.855813503265381,41,1,37,2,11
1413393950.905814170837402,48,14,38,9,11
1413393950.955814361572266,45,1,43,0,11
1413393951.005814552307129,46,18,35,6,11
1413393951.055814266204834,44,0,40,0,11
1413393951.105814218521118,37,4,34,2,11
1413393951.155813932418823,34,1,32,0,11
1413393951.205813646316528,32,1,30,0,11
1413393951.255813598632812,30,1,29,0,11
1413393951.305813312530518,37,2,28,9,11
1413393951.355813264846802,50,3,36,13,11
1413393951.405813217163086,49,3,48,0,11
1413393951.455812931060791,47,1,45,1,11
1413393951.505812883377075,48,3,44,2,11
1413393951.555812835693359,46,2,43,1,11
1413393951.605813503265381,50,27,44,5,11
1413393951.655813932418823,49,1,47,1,11
1413393951.705814361572266,48,0,46,0,11
1413393951.755814790725708,46,0,43,1,11
1413393951.805815219879150,46,2,41,2,11
1413393951.855815649032593,46,4,42,1,11
1413393951.905815839767456,44,1,40,2,11
1413393951.955815792083740,43,1,41,0,11
1413393952.005815744400024,44,2,37,5,11
1413393952.055815696716309,42,0,40,0,11
1413393952.105815887451172,43,2,39,3,11
1413393952.155815839767456,43,0,42,0,11
1413393952.205815792083740,50,14,41,8,11
1413393952.255815744400024,49,2,45,0,11
1413393952.305815458297729,45,1,41,1,11
1413393952.355815649032593,48,3,41,6,11
1413393952.405815362930298,48,6,44,1,11
1413393952.455815315246582,48,1,46,2,11
1413393952.505815505981445,47,1,46,0,11
1413393952.555815219879150,46,3,43,0,11
1413393952.605814456939697,46,3,41,2,11
1413393952.655814170837402,41,2,40,0,11
1413393952.705813646316528,42,3,39,2,11
1413393952.755813598632812,46,6,41,4,11
1413393952.805813550949097,49,8,42,4,11
1413393952.855813026428223,48,5,45,0,11
1413393952.905812501907349,46,3,41,1,11
1413393952.955812215805054,45,3,40,2,11
1413393953.005811929702759,45,1,41,3,11
1413393953.055811643600464,44,2,42,0,11
1413393953.105811357498169,44,1,42,1,11
1413393953.155810594558716,46,1,43,3,11
1413393953.205810070037842,45,1,45,0,11
1413393953.255810022354126,45,0,45,0,11
1413393953.305809736251831,47,1,44,3,11
1413393953.355808973312378,46,2,45,0,11
1413393953.405808210372925,47,3,42,3,11
1413393953.455807447433472,48,8,44,2,11
1413393953.505806446075439,50,6,45,4,11
1413393953.555805206298828,47,3,46,0,11
1413393953.605805158615112,46,0,44,1,11
1413393953.655806064605713,42,3,40,0,11
1413393953.705806493759155,43,0,38,4,11
1413393953.755807161331177,41,0,39,1,11
1413393953.805807828903198,41,1,40,1,11
1413393953.855808496475220,43,2,40,3,11
1413393953.905809164047241,42,2,42,0,11
1413393953.955809831619263,43,0,42,1,11
1413393954.005810260772705,45,0,43,2,11
1413393954.055810213088989,48,1,45,3,11
1413393954.105810642242432,49,6,47,2,11
1413393954.155810594558716,49,1,48,1,11
1413393954.205811023712158,49,3,49,0,11
1413393954.255811214447021,50,5,49,1,11
1413393954.305811166763306,50,3,50,0,11
1413393954.355811595916748,50,8,49,0,11
1413393954.405811309814453,49,0,49,0,11
1413393954.455811023712158,47,2,46,1,11
1413393954.505811214447021,46,2,46,0,11
1413393954.555810928344727,42,1,42,0,11
1413393954.605811119079590,49,0,42,7,11
1413393954.655811071395874,49,1,48,0,11
1413393954.705811500549316,50,1,46,1,11
1413393954.755811452865601,47,5,44,0,11
1413393954.805811882019043,47,2,44,3,11
1413393954.855812311172485,48,3,44,3,11
1413393954.905812501907349,48,3,45,0,11
1413393954.955812215805054,49,8,45,3,11
1413393955.005812406539917,44,4,42,0,11
1413393955.055812358856201,40,6,35,2,11
1413393955.105812549591064,42,2,35,4,11
1413393955.155812740325928,46,1,37,7,11
1413393955.205813169479370,45,4,41,0,11
1413393955.255813360214233,45,1,39,1,11
1413393955.305813550949097,47,4,40,6,11
1413393955.355813741683960,41,11,38,3,11
1413393955.405813694000244,37,0,36,0,11
1413393955.455813646316528,31,4,30,0,11
1413393955.505813598632812,27,0,25,0,11
1413393955.555813074111938,21,12,19,1,11
1413393955.605812788009644,24,2,16,6,11
1413393955.655812978744507,23,0,21,0,11
1413393955.705813169479370,22,2,20,2,11
1413393955.755813360214233,21,7,20,0,11
1413393955.805813550949097,20,7,18,0,11
1413393955.855814218521118,19,1,16,0,11
1413393955.905814886093140,19,1,15,1,11
1413393955.955815076828003,26,2,16,9,11
1413393956.005814313888550,24,1,23,1,11
1413393956.055814266204834,31,2,24,7,11
1413393956.105814933776855,36,0,31,5,11
1413393956.155816078186035,37,2,32,2,11
1413393956.205816745758057,40,0,34,3,11
1413393956.255817174911499,36,1,35,0,11
1413393956.305817127227783,38,3,32,3,11
1413393956.355817556381226,36,2,34,0,11
1413393956.405818223953247,33,3,28,2,11
1413393956.455818414688110,37,7,29,5,11
1413393956.505818128585815,33,2,33,0,11
1413393956.555817842483521,36,3,33,3,11
1413393956.605817794799805,37,1,36,1,11
1413393956.655817508697510,36,0,35,0,11
1413393956.705817461013794,35,1,34,0,11
1413393956.755817413330078,40,3,32,7,11
1413393956.805817127227783,40,0,38,2,11
1413393956.855817317962646,42,0,39,3,11
1413393956.905817031860352,38,2,37,1,11
1413393956.955817222595215,39,3,36,3,11
1413393957.005818128585815,47,2,37,10,11
1413393957.055818080902100,46,2,44,0,11
1413393957.105818510055542,49,5,42,4,11
1413393957.155818223953247,48,1,45,1,11
1413393957.205818176269531,44,2,40,3,11
1413393957.305818080902100,45,5,40,3,11
1413393957.355818033218384,43,1,38,3,11
1413393957.405817985534668,44,2,36,3,11
1413393957.455817937850952,40,1,36,0,11
1413393957.505817890167236,39,3,35,3,11
1413393957.555818080902100,44,0,35,9,11
1413393957.605818510055542,44,0,40,1,11
1413393957.655818462371826,42,1,39,0,11
1413393957.705818414688110,40,4,37,1,11
1413393957.755818605422974,43,1,34,6,11
1413393957.805818796157837,39,3,37,0,11
1413393957.855819225311279,37,0,31,3,11
1413393957.905819177627563,41,6,29,7,11
1413393957.955819129943848,40,2,30,3,11
1413393958.005819320678711,41,0,29,7,11
1413393958.055819034576416,38,4,32,2,11
1413393958.105818986892700,36,1,34,1,11
1413393958.155818700790405,44,1,34,9,11
1413393958.205817937850952,42,3,41,0,11
1413393958.255816936492920,42,0,40,1,11
1413393958.305815458297729,48,2,40,6,11
1413393958.355815172195435,49,2,40,3,11
1413393958.405814647674561,48,1,40,1,11
1413393958.455814123153687,46,1,37,3,11
1413393958.505813837051392,46,0,39,3,11
1413393958.555812358856201,47,3,42,4,11
1413393958.605812072753906,50,4,46,4,11
1413393958.655811548233032,49,3,49,0,11
1413393958.705811262130737,49,3,48,1,11
1413393958.755812168121338,50,1,48,1,11
1413393958.805813789367676,49,3,47,0,11
1413393958.855814933776855,48,0,45,0,11
1413393958.905815601348877,47,0,41,2,11
1413393958.955815315246582,45,7,39,1,11
1413393959.005814313888550,43,1,39,1,11
1413393959.055813550949097,41,1,35,2,11
1413393959.105812788009644,41,1,37,1,11
1413393959.155812740325928,38,3,32,2,11
1413393959.205812215805054,39,2,28,2,11
1413393959.255811214447021,40,5,26,7,11
1413393959.305809736251831,40,3,29,6,11
1413393959.355808496475220,39,2,33,2,11
1413393959.405807733535767,38,1,33,2,11
1413393959.455806970596313,44,1,35,8,11
1413393959.505806922912598,43,1,42,0,11
1413393959.555807113647461,45,3,40,3,11
1413393959.605807304382324,44,2,41,2,11
1413393959.655806779861450,47,5,41,6,11
1413393959.705806255340576,45,3,42,1,11
1413393959.755806207656860,45,0,42,0,11
1413393959.805806875228882,43,0,40,3,11
1413393959.855807304382324,42,0,41,0,11
1413393959.905807971954346,39,5,38,0,11
1413393959.955809116363525,41,1,37,3,11
1413393960.005809307098389,40,1,37,0,11
1413393960.055809020996094,41,0,35,3,11
1413393960.105808973312378,41,0,38,2,11
1413393960.155808448791504,40,1,38,1,11
1413393960.205807685852051,44,0,37,5,11
1413393960.255807161331177,44,0,42,1,11
1413393960.305806159973145,46,0,43,3,11
1413393960.355805397033691,47,2,46,1,11
1413393960.405804634094238,48,3,47,1,11
1413393960.455804109573364,48,0,48,0,11
1413393960.505804061889648,50,11,48,2,11
1413393960.555804252624512,50,4,50,0,11
1413393960.605805158615112,50,0,49,0,11
1413393960.655805826187134,48,0,46,0,11
1413393960.705806732177734,47,14,45,1,11
1413393960.755806922912598,45,0,40,1,11
1413393960.805806636810303,44,3,40,0,11
1413393960.855806589126587,42,2,36,2,11
1413393960.905806064605713,43,3,37,1,11
1413393961.005806684494019,35,6,31,3,11
1413393961.055808067321777,37,0,34,2,11
1413393961.105810880661011,35,2,32,0,11
1413393961.155814886093140,43,4,32,8,11
1413393961.205821037292480,46,2,31,6,11
1413393961.255825042724609,46,6,27,0,11
1413393961.305829763412476,46,12,23,9,11
1413393961.355831861495972,39,2,25,4,11
1413393961.405830621719360,36,0,17,3,11
1413393961.455828905105591,32,1,18,2,11
1413393961.505821943283081,35,1,19,12,11
1413393961.555816173553467,34,1,30,2,11
1413393961.605811357498169,35,0,30,2,11
1413393961.655808925628662,35,2,28,1,11
1413393961.705809831619263,34,4,26,1,11
1413393961.755811214447021,34,3,26,5,11
1413393961.805811882019043,34,1,30,3,11
1413393961.855811119079590,39,2,33,5,11
1413393961.905810594558716,47,4,36,9,11
1413393961.955810785293579,48,1,45,1,11
1413393962.005810976028442,45,3,45,0,11
1413393962.055811405181885,48,6,44,3,11
1413393962.105811834335327,50,4,46,2,11
1413393962.155811548233032,48,3,44,1,11
1413393962.205811500549316,44,1,40,0,11
1413393962.255811214447021,35,4,32,0,11
1413393962.305809974670410,43,8,29,12,11
1413393962.355811357498169,41,3,38,1,11
1413393962.405812978744507,37,1,34,1,11
1413393962.455814123153687,33,3,32,0,11
1413393962.505814552307129,33,4,30,1,11
1413393962.555814266204834,33,3,29,1,11
1413393962.605813503265381,42,4,28,12,11
1413393962.655812978744507,40,4,37,2,11
1413393962.705812454223633,37,6,34,1,11
1413393962.755812168121338,31,7,29,0,11
1413393962.805812358856201,23,8,21,1,11
1413393962.855813264846802,25,4,19,6,11
1413393962.905813217163086,21,3,18,1,11
1413393962.955813407897949,20,4,12,6,11
1413393963.005813121795654,16,4,15,0,11
1413393963.055813074111938,13,6,9,2,11
1413393963.105813980102539,12,5,9,2,11
1413393963.155814409255981,10,8,8,0,11
1413393963.205814838409424,10,1,7,0,11
1413393963.255815029144287,17,6,6,9,11
1413393963.305815219879150,19,3,14,3,11
1413393963.355815887451172,23,2,14,8,11
1413393963.405816078186035,27,3,21,5,11
1413393963.455816268920898,29,9,24,3,11
1413393963.505816221237183,27,3,25,0,11
1413393963.555815935134888,28,1,19,3,11
1413393963.605815649032593,28,1,16,1,11
1413393963.655815601348877,30,8,16,7,11
1413393963.705815076828003,26,3,22,2,11
1413393963.755814790725708,29,3,24,4,11
1413393963.805814266204834,35,6,27,8,11
1413393963.855814695358276,35,3,33,1,11
1413393963.905815362930298,36,3,32,2,11
1413393963.955815553665161,33,7,30,2,11
1413393964.005815505981445,40,5,30,8,11
1413393964.055815458297729,38,4,35,0,11
1413393964.105815410614014,40,3,31,6,11
1413393964.155815362930298,40,3,35,3,11
1413393964.205815076828003,40,3,36,3,11
1413393964.255815029144287,38,6,36,0,11
1413393964.305814743041992,38,4,32,2,11
1413393964.355814933776855,35,8,26,7,11
1413393964.405814886093140,34,2,27,1,11
1413393964.455815076828003,36,1,25,3,11
1413393964.505815029144287,35,7,27,5,11
1413393964.555815219879150,37,5,25,8,11
1413393964.605815410614014,34,1,29,0,11
1413393964.655815362930298,35,2,27,5,11
1413393964.705815315246582,41,2,28,11,11
1413393964.755815505981445,37,7,33,1,11
1413393964.805815458297729,35,1,31,1,11
1413393964.855816125869751,46,6,30,14,11
1413393964.905816316604614,45,3,43,2,11
1413393964.955816745758057,43,1,42,0,11
1413393965.005816936492920,46,7,39,5,11
1413393965.055816650390625,41,4,37,1,11
1413393965.105816841125488,41,2,35,3,11
1413393965.155816793441772,44,6,33,7,11
1413393965.205816745758057,36,4,32,0,11
1413393965.255816698074341,31,1,28,1,11
1413393965.305816888809204,30,4,28,1,11
1413393965.355816602706909,45,8,27,18,11
1413393965.405816555023193,40,3,39,0,11
1413393965.455816507339478,40,3,34,5,11
1413393965.505816221237183,37,1,33,1,11
1413393965.555816173553467,36,5,32,0,11
1413393965.655815839767456,37,16,22,10,11
1413393965.705816030502319,38,2,29,1,11
1413393965.755816936492920,34,3,26,3,11
1413393965.805817365646362,33,0,28,3,11
1413393965.855814933776855,47,13,30,16,11
1413393965.905815124511719,46,1,44,0,11
1413393965.955815076828003,45,0,42,0,11
1413393966.005815505981445,46,0,41,3,11
1413393966.055815696716309,44,0,40,1,11
1413393966.105815887451172,46,2,37,3,11
1413393966.155816078186035,42,3,39,1,11
1413393966.205815792083740,39,2,39,0,11
1413393966.255816459655762,45,9,38,7,11
1413393966.305816173553467,43,1,41,0,11
1413393966.355815649032593,42,2,35,0,11
1413393966.405814886093140,45,9,33,5,11
1413393966.455814599990845,46,6,35,8,11
1413393966.505814313888550,41,7,38,1,11
1413393966.555814027786255,41,0,38,1,11
1413393966.605814218521118,40,3,37,1,11
1413393966.655814170837402,47,2,35,9,11
1413393966.705813884735107,43,6,41,0,11
1413393966.755813598632812,38,0,38,0,11
1413393966.805813074111938,38,1,35,0,11
1413393966.855812788009644,39,0,32,3,11
1413393966.905811548233032,38,4,35,1,11
1413393966.955810785293579,35,1,34,1,11
1413393967.005810499191284,40,2,33,6,11
1413393967.055809736251831,42,1,37,4,11
1413393967.105809450149536,40,3,37,1,11
1413393967.155808448791504,45,5,34,8,11
1413393967.205807924270630,47,0,40,5,11
1413393967.255807399749756,46,0,40,1,11
1413393967.305807113647461,46,2,41,2,11
1413393967.355807065963745,47,2,41,5,11
1413393967.405807256698608,46,2,45,1,11
1413393967.455806970596313,48,4,46,2,11
1413393967.505807399749756,47,1,46,1,11
1413393967.555807590484619,46,3,46,0,11
1413393967.605808019638062,49,3,46,3,11
1413393967.655807971954346,48,6,45,1,11
1413393967.705807924270630,50,3,44,2,11
1413393967.755807638168335,47,2,44,0,11
1413393967.805807352066040,48,2,42,3,11
1413393967.855806112289429,49,5,41,2,11
1413393967.905804634094238,45,2,37,3,11
1413393967.955803394317627,43,6,35,5,11
1413393968.005802631378174,42,2,37,1,11
1413393968.055803060531616,42,0,34,4,11
1413393968.105803966522217,43,1,36,4,11
1413393968.155804872512817,45,1,39,4,11
1413393968.205805063247681,45,0,42,2,11
1413393968.255805253982544,46,0,43,3,11
1413393968.305805444717407,50,6,45,4,11
1413393968.355805397033691,49,9,47,0,11
1413393968.405805587768555,48,1,46,1,11
1413393968.455805301666260,49,10,47,2,11
1413393968.505805015563965,50,4,49,1,11
1413393968.555804967880249,50,12,46,0,11
1413393968.605805635452271,50,1,45,0,11
1413393968.655806303024292,47,1,45,1,11
1413393968.705806970596313,49,0,46,3,11
1413393968.755807399749756,50,0,48,1,11
1413393968.805806636810303,50,1,48,0,11
1413393968.855805397033691,49,19,48,0,11
1413393968.905804634094238,50,4,46,2,11
1413393968.955804347991943,50,10,48,0,11
1413393969.005804061889648,46,3,45,0,11
1413393969.055804014205933,49,6,42,3,11
1413393969.105804204940796,50,4,45,2,11
1413393969.155803442001343,48,7,43,1,11
1413393969.205802917480469,47,2,42,0,11
1413393969.255801916122437,47,1,42,4,11
1413393969.305801391601562,46,2,44,0,11
1413393969.355801582336426,44,2,42,0,11
1413393969.405801773071289,43,3,42,0,11
1413393969.455802202224731,48,5,42,6,11
1413393969.505802154541016,49,1,45,2,11
1413393969.555802345275879,49,7,46,1,11
1413393969.605802536010742,47,4,44,2,11
1413393969.655802488327026,47,5,44,2,11
1413393969.705802440643311,47,4,44,1,11
1413393969.755802154541016,49,12,45,2,11
1413393969.805802106857300,49,0,46,2,11
1413393969.855802059173584,49,0,47,0,11
1413393969.905801773071289,47,0,45,1,11
1413393969.955801963806152,46,0,45,1,11
1413393970.005801677703857,48,14,44,4,11
1413393970.055801391601562,48,3,44,2,11
1413393970.105802059173584,48,4,46,0,11
1413393970.155801773071289,49,9,45,3,11
1413393970.205801486968994,49,5,47,1,11
1413393970.255800962448120,49,26,47,1,11
1413393970.305800676345825,50,0,48,1,11
1413393970.355800628662109,49,10,49,0,11
1413393970.405800580978394,49,2,49,0,11
1413393970.455800771713257,50,0,49,1,11
1413393970.505801200866699,50,3,50,0,11
1413393970.555801868438721,50,1,49,0,11
1413393970.605802774429321,50,11,47,0,11
1413393970.655803203582764,50,27,47,1,11
1413393970.705803394317627,48,3,46,1,11
1413393970.755802631378174,48,3,46,2,11
1413393970.805801630020142,47,0,44,2,11
1413393970.855799913406372,48,9,45,2,11
1413393970.905798912048340,48,1,45,0,11
1413393970.955798149108887,48,10,42,2,11
1413393971.005799293518066,47,0,41,1,11
1413393971.055801630020142,46,0,42,1,11
1413393971.105804204940796,41,0,39,2,11
1413393971.155807256698608,40,1,33,0,11
1413393971.205809831619263,42,3,33,4,11
1413393971.255810737609863,46,10,33,10,11
1413393971.305811166763306,44,2,41,0,11
1413393971.355811834335327,47,12,41,5,11
1413393971.405811786651611,48,0,42,2,11
1413393971.455811738967896,47,4,42,2,11
1413393971.505811691284180,43,2,42,1,11
1413393971.555812597274780,49,1,40,7,11
1413393971.605813264846802,46,3,43,0,11
1413393971.655812978744507,45,9,41,0,11
1413393971.705812692642212,44,2,38,1,11
1413393971.755811691284180,42,1,39,2,11
1413393971.805810451507568,42,3,36,1,11
1413393971.855808496475220,47,11,36,6,11
1413393971.905807495117188,45,2,41,2,11
1413393971.955806255340576,48,2,44,4,11
1413393972.005805492401123,48,1,47,0,11
1413393972.055804967880249,48,2,46,0,11
1413393972.105806112289429,49,3,46,2,11
1413393972.155807495117188,48,9,47,1,11
1413393972.205807924270630,48,1,46,0,11
1413393972.255808115005493,50,9,46,2,11
1413393972.305806875228882,49,15,45,1,11
1413393972.355806589126587,49,1,44,1,11
1413393972.405806303024292,48,4,45,2,11
1413393972.455806493759155,47,5,46,0,11
1413393972.505806684494019,47,1,45,0,11
1413393972.555806875228882,47,0,45,1,11
1413393972.605807065963745,46,0,46,0,11
1413393972.655807018280029,49,12,46,3,11
1413393972.705806970596313,49,2,47,1,11
1413393972.755806922912598,49,8,47,1,11
1413393972.805807113647461,47,0,47,0,11
1413393972.855807781219482,50,0,46,3,11
1413393972.905808687210083,50,8,49,0,11
1413393972.955808401107788,48,2,47,0,11
1413393973.005808591842651,48,1,47,0,11
1413393973.055808782577515,48,4,46,2,11
1413393973.105808973312378,49,17,47,2,11
1413393973.155809164047241,50,0,49,1,11
1413393973.205809354782104,50,0,50,0,11
1413393973.255809307098389,50,8,48,0,11
1413393973.305809259414673,49,0,46,0,11
1413393973.355809926986694,50,3,44,3,11
1413393973.405809879302979,47,2,45,1,11
1413393973.455809831619263,46,0,45,0,11
1413393973.505810260772705,50,9,45,4,11
1413393973.555810689926147,49,3,49,0,11
1413393973.605811119079590,48,1,47,0,11
1413393973.655811786651611,48,3,44,1,11
1413393973.705812215805054,48,5,41,3,11
1413393973.755812644958496,47,2,44,1,11
1413393973.805812597274780,42,0,39,0,11
1413393973.855812788009644,48,1,38,7,11
1413393973.905812978744507,44,2,40,1,11
1413393973.955812931060791,47,0,38,5,11
1413393974.005812644958496,42,11,34,2,11
1413393974.055812358856201,36,3,26,0,11
1413393974.105812788009644,31,1,21,8,11
1413393974.155813455581665,27,3,24,0,11
1413393974.205814361572266,22,7,17,0,11
1413393974.255815505981445,19,0,15,0,11
1413393974.305817127227783,18,3,13,2,11
1413393974.355818748474121,16,1,15,0,11
1413393974.405821323394775,21,5,14,6,11
1413393974.455822467803955,21,0,17,0,11
1413393974.505823612213135,19,6,14,0,11
1413393974.555825710296631,24,10,12,10,11
1413393974.605826616287231,41,4,20,19,11
1413393974.655826330184937,41,3,28,0,11
1413393974.705826997756958,40,4,27,2,11
1413393974.755826950073242,29,6,24,3,11
1413393974.805827140808105,23,3,22,0,11
1413393974.855827808380127,23,8,21,1,11
1413393974.905827760696411,21,8,19,1,11
1413393974.955827713012695,22,2,17,2,11
1413393975.005827426910400,22,4,19,1,11
1413393975.055827140808105,20,2,18,1,11
1413393975.105826616287231,21,2,18,2,11
1413393975.155826807022095,21,4,19,2,11
1413393975.205827236175537,30,3,20,9,11
1413393975.255826950073242,28,3,27,0,11
1413393975.305826425552368,37,2,26,10,11
1413393975.355826854705811,37,2,34,1,11
1413393975.405826330184937,43,3,35,7,11
1413393975.455825567245483,47,7,40,5,11
1413393975.505825281143188,44,0,41,0,11
1413393975.555825233459473,46,2,39,4,11
1413393975.605825424194336,47,0,40,3,11
1413393975.655825376510620,44,0,40,1,11
1413393975.705825328826904,40,0,38,1,11
1413393975.755825042724609,38,3,35,2,11
1413393975.805824518203735,43,0,35,6,11
1413393975.855824232101440,42,2,41,0,11
1413393975.905823945999146,44,2,40,2,11
1413393975.955823898315430,41,0,37,1,11
1413393976.005823612213135,39,4,36,0,11
1413393976.055823326110840,43,3,36,6,11
1413393976.105823278427124,45,1,41,3,11
1413393976.155822992324829,46,0,41,3,11
1413393976.205822944641113,45,3,42,0,11
1413393976.255822420120239,48,1,41,6,11
1413393976.305822134017944,48,2,46,2,11
1413393976.355822324752808,48,2,44,2,11
1413393976.405822038650513,47,3,42,1,11
1413393976.455821990966797,49,2,41,4,11
1413393976.505821943283081,46,1,41,2,11
1413393976.555822134017944,45,0,41,1,11
1413393976.605822324752808,45,1,39,3,11
1413393976.655822277069092,48,1,40,6,11
1413393976.705821990966797,49,4,46,2,11
1413393976.755822181701660,50,1,45,2,11
1413393976.805822134017944,50,2,45,0,11
1413393976.855822801589966,47,3,43,0,11
1413393976.905823469161987,48,0,42,3,11
1413393976.955823898315430,44,5,41,1,11
1413393977.005824089050293,46,0,38,5,11
1413393977.055823802947998,42,0,40,1,11
1413393977.105823516845703,45,1,41,4,11
1413393977.155822753906250,47,0,45,2,11
1413393977.205821037292480,47,4,46,0,11
1413393977.255819797515869,47,3,46,0,11
1413393977.305819034576416,46,1,44,1,11
1413393977.355819225311279,48,1,45,2,11
1413393977.405819654464722,48,0,47,1,11
1413393977.455820560455322,49,1,47,1,11
1413393977.505820989608765,50,6,47,1,11
1413393977.555821657180786,49,2,46,1,11
1413393977.605822563171387,49,1,47,1,11
1413393977.655822753906250,50,6,48,2,11
1413393977.705822706222534,50,0,49,0,11
1413393977.755822658538818,49,4,47,0,11
1413393977.805822849273682,49,3,47,1,11
1413393977.855822801589966,49,4,46,2,11
1413393977.905822753906250,50,3,47,1,11
1413393977.955822706222534,50,1,48,1,11
1413393978.005822420120239,49,1,48,0,11
1413393978.055822849273682,49,8,48,0,11
1413393978.105822801589966,50,3,46,2,11
1413393978.155822992324829,50,4,48,0,11
1413393978.205822944641113,49,1,46,1,11
1413393978.255823373794556,48,3,45,0,11
1413393978.305823326110840,46,0,44,2,11
1413393978.355823755264282,46,1,44,1,11
1413393978.405823945999146,46,4,41,2,11
1413393978.455824136734009,47,2,40,4,11
1413393978.505824089050293,48,1,42,3,11
1413393978.555824041366577,45,0,42,0,11
1413393978.605823755264282,42,2,38,1,11
1413393978.655823230743408,50,1,38,9,11
1413393978.705822229385376,47,7,45,1,11
1413393978.755821704864502,48,1,46,2,11
1413393978.805821418762207,48,10,44,2,11
1413393978.855821609497070,50,1,45,2,11
1413393978.905821800231934,48,0,46,1,11
1413393978.955821752548218,46,0,44,1,11
1413393979.005821704864502,44,0,41,0,11
1413393979.055821418762207,39,2,35,2,11
1413393979.105821609497070,38,0,35,0,11
1413393979.155821561813354,37,0,35,1,11
1413393979.205821514129639,34,0,31,2,11
1413393979.255821466445923,31,1,30,0,11
1413393979.305821418762207,33,2,29,4,11
1413393979.355821609497070,40,1,33,7,11
1413393979.405821323394775,43,2,36,4,11
1413393979.455821037292480,41,1,36,0,11
1413393979.505820751190186,39,0,33,2,11
1413393979.555820226669312,38,1,35,0,11
1413393979.605820178985596,38,3,33,3,11
1413393979.655819892883301,44,2,33,8,11
1413393979.705819606781006,41,0,37,1,11
1413393979.755819320678711,39,0,36,0,11
1413393979.805819034576416,45,5,32,11,11
1413393979.855819225311279,39,2,36,1,11
1413393979.905819177627563,38,1,36,0,11
1413393979.955819368362427,41,1,34,5,11
1413393980.005819559097290,40,1,37,0,11
1413393980.055819988250732,47,4,37,8,11
1413393980.105820417404175,45,3,45,0,11
1413393980.155820369720459,42,1,41,0,11
1413393980.205820560455322,48,3,41,6,11
1413393980.255820751190186,47,3,45,2,11
1413393980.305820941925049,45,1,44,0,11
1413393980.355820417404175,46,5,41,5,11
1413393980.405820131301880,46,2,42,1,11
1413393980.455819368362427,47,3,38,3,11
1413393980.505818605422974,37,3,36,0,11
1413393980.555817842483521,35,6,32,0,11
1413393980.605817317962646,37,5,32,3,11
1413393980.655817270278931,35,1,32,2,11
1413393980.705816745758057,38,5,33,4,11
1413393980.755816698074341,43,1,37,6,11
1413393980.805816650390625,42,0,40,1,11
1413393980.855816602706909,43,0,40,2,11
1413393980.905816555023193,47,1,42,5,11
1413393980.955816745758057,49,2,47,2,11
1413393981.005816936492920,48,7,46,0,11
1413393981.055817127227783,48,2,46,0,11
1413393981.105818033218384,49,5,46,3,11
1413393981.155819416046143,50,18,48,1,11
1413393981.205819845199585,50,2,47,0,11
1413393981.255820274353027,50,1,47,0,11
1413393981.305820465087891,48,1,45,1,11
1413393981.355820894241333,45,3,43,0,11
1413393981.405820846557617,46,1,42,2,11
1413393981.455820798873901,43,1,41,0,11
1413393981.505820751190186,44,0,41,2,11
1413393981.555820703506470,43,1,42,1,11
1413393981.605821371078491,47,4,40,6,11
1413393981.655821323394775,44,2,42,0,11
1413393981.705821752548218,48,1,41,6,11
1413393981.755822181701660,47,13,44,2,11
1413393981.805822134017944,45,0,45,0,11
1413393981.855822563171387,45,2,45,0,11
1413393981.905822753906250,47,3,44,3,11
1413393981.955822944641113,46,0,46,0,11
1413393982.005822896957397,45,2,45,0,11
1413393982.055823087692261,44,1,43,0,11
1413393982.105823516845703,45,2,41,3,11
1413393982.155823469161987,42,0,42,0,11
1413393982.205822706222534,47,3,39,8,11
1413393982.255822658538818,43,3,42,0,11
1413393982.305822610855103,42,3,40,0,11
1413393982.355823040008545,50,0,39,9,11
1413393982.405823230743408,47,2,45,1,11
1413393982.455823183059692,46,2,46,0,11
1413393982.505823373794556,46,3,46,0,11
1413393982.555823326110840,47,2,39,1,11
1413393982.605823755264282,42,10,32,3,11
1413393982.655823945999146,34,2,26,3,11
1413393982.705824136734009,30,1,26,1,11
1413393982.755824089050293,33,1,24,6,11
1413393982.805824279785156,31,2,28,0,11
1413393982.855824470520020,26,5,22,1,11
1413393982.905824661254883,32,3,19,7,11
1413393982.955824613571167,29,4,21,0,11
1413393983.005824327468872,31,6,19,6,11
1413393983.055824041366577,29,2,23,4,11
1413393983.105824232101440,28,9,26,0,11
1413393983.155823945999146,32,1,23,7,11
1413393983.205823898315430,30,7,28,0,11
1413393983.255823850631714,28,4,26,1,11
1413393983.305823564529419,25,0,20,2,11
1413393983.355823993682861,23,1,21,1,11
1413393983.405823945999146,19,1,17,0,11
1413393983.455823898315430,23,4,16,5,11
1413393983.505824089050293,20,3,17,2,11
1413393983.555824279785156,25,4,16,7,11
1413393983.605824470520020,22,2,22,0,11
1413393983.655824422836304,21,3,19,1,11
1413393983.705824613571167,24,3,19,3,11
1413393983.755824565887451,25,4,17,6,11
1413393983.805824279785156,29,1,23,5,11
1413393983.855824708938599,29,3,26,1,11
1413393983.905824661254883,27,1,24,3,11
1413393983.955824375152588,26,3,22,4,11
1413393984.005824327468872,30,1,25,4,11
1413393984.055824279785156,38,4,26,10,11
1413393984.105824470520020,37,1,33,3,11
1413393984.155824422836304,33,2,31,0,11
1413393984.205824136734009,28,4,28,0,11
1413393984.255824089050293,22,1,21,0,11
1413393984.305824041366577,27,2,19,7,11
1413393984.355824232101440,27,2,23,3,11
1413393984.405823945999146,28,0,23,3,11
1413393984.455823898315430,28,0,24,1,11
1413393984.505823850631714,26,1,21,2,11
1413393984.555823802947998,31,6,22,9,11
1413393984.605823993682861,31,4,28,3,11
1413393984.655823945999146,29,8,27,0,11
1413393984.705823659896851,25,2,22,0,11
1413393984.755823850631714,27,3,20,5,11
1413393984.805824041366577,25,5,22,3,11
1413393984.855824470520020,28,5,25,3,11
1413393984.905824422836304,25,5,23,2,11
1413393984.955824375152588,23,1,21,1,11
1413393985.005824565887451,26,4,20,6,11
1413393985.055824518203735,28,2,25,2,11
1413393985.105824947357178,28,5,26,0,11
1413393985.155824899673462,26,5,24,1,11
1413393985.205825090408325,26,3,25,1,11
1413393985.255825281143188,25,1,25,0,11
1413393985.305825471878052,27,5,25,2,11
1413393985.355825901031494,30,4,25,4,11
1413393985.405825853347778,36,3,29,6,11
1413393985.455825805664062,37,2,33,2,11
1413393985.505825996398926,36,5,34,0,11
1413393985.555825948715210,37,3,32,3,11
1413393985.605826616287231,35,2,27,4,11
1413393985.655826807022095,33,4,27,1,11
1413393985.705827474594116,29,1,23,3,11
1413393985.755827903747559,27,8,24,1,11
1413393985.805828094482422,27,3,24,2,11
1413393985.855828523635864,34,1,25,8,11
1413393985.905828714370728,33,6,30,1,11
1413393985.955828905105591,33,3,29,1,11
1413393986.005828857421875,36,0,26,4,11
1413393986.055828094482422,36,2,29,3,11
1413393986.105827093124390,38,2,31,5,11
1413393986.155825614929199,40,4,32,3,11
1413393986.205824375152588,37,3,25,1,11
1413393986.255822181701660,39,8,22,10,11
1413393986.305821418762207,35,3,25,3,11
1413393986.355821132659912,36,3,23,3,11
1413393986.405820846557617,35,1,22,5,11
1413393986.455820560455322,35,3,25,4,11
1413393986.505820512771606,32,2,25,2,11
1413393986.555820703506470,34,3,23,4,11
1413393986.605820417404175,32,3,26,2,11
1413393986.655820846557617,30,2,24,3,11
1413393986.705821037292480,30,1,22,2,11
1413393986.755821466445923,29,2,22,3,11
1413393986.805822134017944,30,0,22,4,11
1413393986.855823278427124,36,3,25,9,11
1413393986.905824661254883,36,0,30,4,11
1413393986.955826044082642,37,1,30,6,11
1413393987.005826950073242,40,1,36,4,11
1413393987.055827140808105,42,0,40,2,11
1413393987.105827808380127,42,0,41,1,11
1413393987.155828952789307,47,1,41,6,11
1413393987.205828905105591,50,2,47,3,11
1413393987.255828857421875,50,6,49,0,11
1413393987.305829048156738,49,2,48,0,11
1413393987.355830192565918,49,3,48,0,11
1413393987.405830383300781,48,3,46,1,11
1413393987.455831050872803,49,2,44,2,11
1413393987.505831718444824,48,8,43,1,11
1413393987.555831909179688,47,2,42,2,11
1413393987.605833768844604,48,9,41,3,11
1413393987.655834197998047,46,2,42,0,11
1413393987.705834388732910,46,3,36,2,11
1413393987.755834579467773,43,2,37,2,11
1413393987.805834770202637,41,0,36,2,11
1413393987.855834722518921,42,1,33,5,11
1413393987.905834436416626,45,1,35,5,11
1413393987.955833911895752,45,1,37,4,11
1413393988.005833387374878,46,1,39,5,11
1413393988.055833101272583,45,3,42,1,11
1413393988.105833530426025,49,4,41,5,11
1413393988.155833482742310,48,2,44,1,11
1413393988.205833673477173,45,9,42,1,11
1413393988.255833625793457,43,0,41,0,11
1413393988.305833339691162,40,9,36,0,11
1413393988.355833053588867,39,1,36,1,11
1413393988.405832290649414,38,1,37,1,11
1413393988.455831766128540,40,0,36,2,11
1413393988.505831241607666,44,2,38,6,11
1413393988.555830717086792,44,5,43,1,11
1413393988.605830907821655,44,6,43,1,11
1413393988.655830860137939,43,1,43,0,11
1413393988.705831289291382,47,4,40,5,11
1413393988.755831480026245,45,2,44,0,11
1413393988.805831909179688,48,5,42,5,11
1413393988.855832338333130,41,4,39,0,11
1413393988.905832529067993,46,1,34,7,11
1413393988.955832719802856,44,3,39,0,11
1413393989.005832433700562,39,1,37,0,11
1413393989.055832386016846,40,0,35,4,11
1413393989.105832338333130,41,4,37,3,11
1413393989.155831813812256,44,2,40,4,11
1413393989.205831766128540,42,3,38,2,11
1413393989.255831003189087,39,4,39,0,11
1413393989.305830240249634,37,6,34,2,11
1413393989.355830192565918,35,5,29,2,11
1413393989.405829906463623,34,6,29,1,11
1413393989.455828428268433,37,10,28,8,11
1413393989.505828142166138,32,7,29,0,11
1413393989.555827140808105,33,4,26,4,11
1413393989.605827331542969,30,4,26,3,11
1413393989.655827999114990,30,2,27,0,11
1413393989.705827951431274,27,0,24,0,11
1413393989.755828142166138,24,0,24,0,11
1413393989.805827379226685,28,1,22,5,11
1413393989.855828046798706,28,3,26,0,11
1413393989.905827999114990,31,3,23,7,11
1413393989.955828905105591,35,1,29,6,11
1413393990.005828619003296,35,5,33,1,11
1413393990.055829048156738,39,1,33,5,11
1413393990.105829000473022,47,4,37,9,11
1413393990.155828952789307,47,4,40,1,11
1413393990.205828905105591,45,4,38,2,11
1413393990.255828857421875,38,2,34,0,11
1413393990.305828809738159,34,2,32,0,11
1413393990.355829000473022,34,2,27,6,11
1413393990.405829191207886,32,2,30,0,11
1413393990.455829143524170,31,1,29,1,11
1413393990.505829095840454,29,0,26,0,11
1413393990.555829048156738,32,1,25,6,11
1413393990.605829238891602,36,0,28,5,11
1413393990.655829429626465,33,1,25,1,11
1413393990.705829143524170,31,0,26,0,11
1413393990.755829095840454,32,5,19,8,11
1413393990.805829048156738,27,2,22,1,11
1413393990.855829954147339,27,4,21,3,11
1413393990.905830144882202,26,2,24,1,11
1413393990.955831050872803,29,2,23,6,11
1413393991.005832433700562,29,2,26,0,11
1413393991.055833101272583,33,2,25,4,11
1413393991.105833530426025,36,8,25,7,11
1413393991.155833005905151,31,7,24,1,11
1413393991.205832958221436,26,5,23,0,11
1413393991.255833148956299,21,2,18,0,11
1413393991.305833816528320,19,2,14,0,11
1413393991.355835437774658,21,2,12,6,11
1413393991.405835390090942,15,1,14,0,11
1413393991.455835580825806,16,1,14,2,11
1413393991.505836248397827,16,1,16,0,11
1413393991.555837154388428,16,0,15,0,11
1413393991.605838298797607,15,1,14,0,11
1413393991.655838966369629,14,0,14,0,11
1413393991.705838918685913,15,0,14,1,11
1413393991.755839347839355,18,0,15,3,11
1413393991.805839061737061,18,0,18,0,11
1413393991.855839967727661,19,0,18,1,11
1413393991.905840158462524,17,4,17,0,11
1413393991.955839633941650,16,7,16,0,11
1413393992.005840778350830,19,3,16,3,11
1413393992.055841684341431,24,4,18,6,11
1413393992.105841159820557,24,2,24,0,11
1413393992.155840873718262,32,0,24,8,11
1413393992.205839872360229,34,2,31,2,11
1413393992.255837440490723,37,1,33,3,11
1413393992.305834531784058,42,0,35,6,11
1413393992.355834484100342,40,1,39,0,11
1413393992.405834913253784,43,0,39,3,11
1413393992.455835103988647,43,1,42,1,11
1413393992.505836009979248,43,0,43,0,11
1413393992.555835962295532,47,1,43,4,11
1413393992.605837583541870,49,2,46,2,11
1413393992.655837535858154,49,4,47,1,11
1413393992.705837249755859,48,1,46,0,11
1413393992.755835533142090,48,0,46,0,11
1413393992.805834531784058,47,2,45,1,11
1413393992.855833292007446,43,3,42,0,11
1413393992.905832529067993,46,9,40,5,11
1413393992.955832242965698,46,0,45,1,11
1413393993.005831241607666,46,1,46,0,11
1413393993.055830955505371,46,1,46,0,11
1413393993.105830907821655,46,0,46,0,11
1413393993.155831098556519,48,2,46,2,11
1413393993.205830335617065,48,1,46,0,11
1413393993.255829572677612,47,0,45,1,11
1413393993.305829524993896,46,0,45,1,11
1413393993.355829954147339,38,0,38,0,11
1413393993.405830621719360,36,0,35,1,11
1413393993.455831289291382,35,0,35,0,11
1413393993.505829811096191,42,0,35,7,11
1413393993.555829763412476,42,3,42,0,11
1413393993.605830192565918,41,11,37,0,11
1413393993.655829906463623,41,4,36,0,11
1413393993.705830574035645,45,8,35,8,11
1413393993.755831003189087,42,1,38,1,11
1413393993.805831432342529,42,1,37,1,11
1413393993.855833292007446,31,2,29,1,11
1413393993.905833959579468,26,0,25,1,11
1413393993.955835103988647,26,1,25,0,11
1413393994.005835533142090,25,1,23,1,11
1413393994.055836439132690,24,0,23,1,11
1413393994.105837106704712,23,1,22,1,11
1413393994.155838012695312,23,0,22,0,11
1413393994.205839157104492,23,0,22,0,11
1413393994.255840778350830,24,0,22,2,11
1413393994.305842161178589,28,4,24,4,11
1413393994.355843544006348,27,2,26,0,11
1413393994.405844449996948,30,6,24,3,11
1413393994.455845832824707,29,4,21,0,11
1413393994.505845785140991,25,1,17,0,11
1413393994.555845975875854,21,1,16,2,11
1413393994.605846166610718,20,6,18,1,11
1413393994.655845880508423,17,2,15,1,11
1413393994.705846071243286,11,3,9,1,11
1413393994.755845308303833,11,1,10,0,11
1413393994.805842638015747,13,2,9,3,11
1413393994.855841398239136,16,0,10,3,11
1413393994.905836582183838,26,2,11,11,11
1413393994.955834865570068,25,2,23,1,11
1413393995.005831480026245,34,1,24,10,11
1413393995.055830001831055,41,3,34,7,11
1413393995.105830192565918,48,4,41,7,11
1413393995.155830383300781,47,4,46,1,11
1413393995.205829620361328,49,13,46,2,11
1413393995.255829334259033,49,3,48,0,11
1413393995.305828809738159,49,4,48,1,11
1413393995.355828285217285,49,0,49,0,11
1413393995.405827283859253,48,0,47,0,11
1413393995.455826520919800,47,1,45,0,11
1413393995.505825996398926,46,3,43,2,11
1413393995.555825233459473,45,9,40,3,11
1413393995.605824708938599,46,1,42,1,11
1413393995.655824422836304,43,2,38,0,11
1413393995.705823898315430,42,2,33,3,11
1413393995.755823612213135,38,1,32,0,11
1413393995.805823087692261,36,4,31,3,11
1413393995.855823040008545,34,0,32,0,11
1413393995.905822992324829,34,2,27,2,11
1413393995.955822944641113,32,1,26,0,11
1413393996.005823135375977,31,2,25,2,11
1413393996.055822610855103,40,0,25,13,11
1413393996.105822801589966,37,0,31,0,11
1413393996.155822753906250,40,1,29,5,11
1413393996.205822467803955,35,0,30,1,11
1413393996.255822658538818,35,1,31,2,11
1413393996.305823326110840,41,2,31,10,11
1413393996.355823755264282,42,1,38,1,11
1413393996.405823945999146,43,0,37,1,11
1413393996.455824136734009,47,6,38,6,11
1413393996.505824089050293,48,3,43,4,11
1413393996.555824279785156,46,0,42,1,11
1413393996.605824708938599,44,1,38,2,11
1413393996.655825138092041,47,9,39,6,11
1413393996.705825805664062,45,1,43,0,11
1413393996.755826473236084,43,0,41,0,11
1413393996.805826902389526,47,3,38,6,11
1413393996.855827569961548,48,8,45,2,11
1413393996.905827760696411,47,1,46,1,11
1413393996.955827713012695,46,1,45,0,11
1413393997.005827665328979,47,3,44,2,11
1413393997.055827856063843,48,0,44,3,11
1413393997.105828046798706,48,1,47,1,11
1413393997.155827999114990,49,13,46,2,11
1413393997.205827951431274,49,1,48,0,11
1413393997.255827903747559,50,2,48,2,11
1413393997.305827856063843,49,2,49,0,11
1413393997.355828046798706,50,0,49,1,11
1413393997.405827760696411,50,21,49,0,11
1413393997.455827951431274,47,5,44,0,11
1413393997.505827903747559,45,0,43,1,11
1413393997.555828094482422,44,1,43,0,11
1413393997.605828285217285,47,1,43,3,11
1413393997.655828237533569,47,2,46,1,11
1413393997.705828189849854,49,3,47,2,11
1413393997.755828380584717,49,13,48,0,11
1413393997.805828332901001,49,3,48,0,11
1413393997.855828762054443,49,2,48,1,11
1413393997.905828714370728,50,4,48,1,11
1413393997.955828666687012,49,2,48,0,11
1413393998.005828857421875,48,12,46,1,11
1413393998.055828809738159,48,2,46,1,11
1413393998.105829000473022,48,3,47,1,11
1413393998.155828952789307,47,0,47,0,11
1413393998.205829143524170,47,8,45,1,11
1413393998.255829095840454,45,0,42,1,11
1413393998.305829048156738,43,0,43,0,11
1413393998.355829238891602,45,1,42,2,11
1413393998.405829429626465,45,0,43,0,11
1413393998.455829143524170,43,0,43,0,11
1413393998.505828857421875,43,1,43,0,11
1413393998.555828571319580,43,6,42,0,11
1413393998.605828523635864,44,2,42,1,11
1413393998.655828475952148,44,0,41,1,11
1413393998.705828189849854,44,0,41,1,11
1413393998.755828142166138,42,2,41,0,11
1413393998.805828094482422,42,2,40,0,11
1413393998.855828285217285,41,0,40,0,11
1413393998.905828237533569,42,1,40,2,11
1413393998.955828189849854,42,1,41,1,11
1413393999.005827188491821,45,10,42,3,11
1413393999.055827379226685,44,0,42,0,11
1413393999.105827569961548,44,1,41,0,11
1413393999.155827283859253,42,3,41,0,11
1413393999.205827236175537,41,0,39,1,11
1413393999.255826950073242,38,0,37,0,11
1413393999.305826902389526,36,2,34,0,11
1413393999.355827331542969,33,1,30,0,11
1413393999.405827283859253,30,0,28,0,11
1413393999.455827236175537,28,0,26,0,11
1413393999.505827188491821,25,0,23,0,11
1413393999.555827379226685,25,1,23,0,11
1413393999.605827808380127,25,2,23,2,11
1413393999.655827999114990,25,6,24,0,11
1413393999.705828189849854,25,3,24,0,11
1413393999.755828619003296,30,3,23,6,11
1413393999.805829048156738,29,4,27,0,11
1413393999.855829477310181,25,5,22,1,11
1413393999.905829906463623,19,4,19,0,11
1413393999.955830574035645,16,11,16,0,11
1413394000.005831003189087,13,9,11,0,11
1413394000.055830717086792,12,1,10,1,11
1413394000.105830669403076,10,0,8,0,11
1413394000.155830621719360,10,2,8,0,11
1413394000.205830574035645,13,6,8,5,11
1413394000.255830526351929,12,0,12,0,11
1413394000.305830001831055,12,0,12,0,11
1413394000.355829954147339,10,1,8,1,11
1413394000.405830144882202,10,0,7,0,11
1413394000.455830097198486,10,0,7,1,11
1413394000.505830049514771,7,0,7,0,11
1413394000.555830240249634,10,0,7,3,11
1413394000.605830192565918,13,0,10,3,11
1413394000.655830144882202,13,0,13,0,11
1413394000.705830097198486,15,0,13,2,11
1413394000.755830049514771,15,0,15,0,11
1413394000.805830478668213,16,0,15,1,11
1413394000.855830669403076,16,0,16,0,11
1413394000.905830860137939,16,0,16,0,11
1413394000.955831050872803,22,3,16,6,11
1413394001.005831003189087,22,0,22,0,11
1413394001.055830955505371,22,0,22,0,11
1413394001.105831146240234,22,0,22,0,11
1413394001.155831098556519,22,0,22,0,11
1413394001.205831050872803,22,0,22,0,11
1413394001.255831003189087,22,0,22,0,11
1413394001.305830955505371,22,0,22,0,11
1413394001.355831146240234,23,0,22,1,11
1413394001.405831336975098,23,0,23,0,11
1413394001.455831289291382,23,0,23,0,11
1413394001.505831241607666,24,0,23,1,11
1413394001.555831193923950,28,0,24,4,11
1413394001.605831384658813,29,0,28,1,11
1413394001.655831336975098,29,0,29,0,11
1413394001.705831289291382,29,0,29,0,11
1413394001.755831241607666,29,0,29,0,11
1413394001.805831193923950,29,0,29,0,11
1413394001.855831384658813,29,0,29,0,11
1413394001.905831336975098,29,0,29,0,11
1413394001.955831289291382,29,0,29,0,11
1413394002.005831241607666,28,0,28,0,11
1413394002.105831384658813,28,0,26,0,11
1413394002.155831336975098,27,0,27,0,11
1413394002.205831289291382,27,0,27,0,11
1413394002.255831241607666,27,0,27,0,11
1413394002.305831193923950,27,0,27,0,11
1413394002.355831384658813,27,0,27,0,11
1413394002.405831336975098,27,0,27,0,11
1413394002.455831289291382,27,0,27,0,11
1413394002.505831480026245,27,0,27,0,11
1413394002.555831432342529,27,0,27,0,11
1413394002.605831623077393,27,0,27,0,11
1413394002.655831575393677,27,0,27,0,11
1413394002.705831527709961,27,0,27,0,11
1413394002.755831480026245,31,0,27,4,11
1413394002.805831432342529,31,0,31,0,11
1413394002.855831623077393,30,0,30,0,11
1413394002.905831575393677,30,0,29,0,11
1413394002.955831527709961,30,0,29,0,11
1413394003.005831480026245,29,0,29,0,11
1413394003.055831432342529,27,0,26,0,11
1413394003.105831623077393,28,1,26,1,11
1413394003.155831575393677,27,1,27,0,11
1413394003.205831527709961,27,0,26,1,11
1413394003.255831480026245,27,0,27,0,11
1413394003.305831432342529,27,0,27,0,11
