# timestamp (sec),slam_feats_in_state,msckf_feats_used,slam_feats_updated,slam_feats_delayed_init,clones
1403637149.987318277359009,0,8,0,0,5
1403637150.036755084991455,15,14,0,15,6
1403637150.086406707763672,13,29,12,0,7
1403637150.136349201202393,10,1,8,0,8
1403637150.186404228210449,9,2,6,0,9
1403637150.236432313919067,5,10,5,0,10
1403637150.286446809768677,5,7,4,0,11
1403637150.336531877517700,3,4,3,0,11
1403637150.386538743972778,2,10,2,0,11
1403637150.436788082122803,1,7,1,0,11
1403637150.486697196960449,1,7,1,0,11
1403637150.536769390106201,0,5,0,0,11
1403637150.586838245391846,0,2,0,0,11
1403637150.637199163436890,11,7,0,11,11
1403637150.687289953231812,10,4,10,0,11
1403637150.737383842468262,9,0,9,0,11
1403637150.787364482879639,9,2,9,0,11
1403637150.837416410446167,10,2,9,1,11
1403637150.887558698654175,11,6,9,2,11
1403637150.937611579895020,11,2,11,0,11
1403637150.987848281860352,16,2,11,5,11
1403637151.037873506546021,16,2,16,0,11
1403637151.087855339050293,16,2,16,0,11
1403637151.137896299362183,19,2,16,3,11
1403637151.188030004501343,19,1,19,0,11
1403637151.238284349441528,26,1,19,7,11
1403637151.288370847702026,26,1,26,0,11
1403637151.338385581970215,26,2,25,1,11
1403637151.388351917266846,21,0,21,0,11
1403637151.438302278518677,21,1,21,0,11
1403637151.488304853439331,22,1,21,1,11
1403637151.538277387619019,24,0,22,2,11
1403637151.588263988494873,24,2,23,0,11
1403637151.638274192810059,25,0,23,1,11
1403637151.688232660293579,23,3,23,0,11
1403637151.738249063491821,23,1,22,0,11
1403637151.788256406784058,25,0,21,2,11
1403637151.838262796401978,24,1,23,0,11
1403637151.888273954391479,25,0,21,3,11
1403637151.938275575637817,27,0,23,2,11
1403637151.988282203674316,25,0,25,0,11
1403637152.038294315338135,24,0,24,0,11
1403637152.088305711746216,25,0,23,2,11
1403637152.138330459594727,25,0,25,0,11
1403637152.188323497772217,26,0,25,1,11
1403637152.238385915756226,33,0,26,7,11
1403637152.288374423980713,34,0,32,1,11
1403637152.338402986526489,33,0,32,0,11
1403637152.388466358184814,33,0,31,1,11
1403637152.438395500183105,34,0,31,1,11
1403637152.488436937332153,32,0,31,0,11
1403637152.538402557373047,32,0,30,2,11
1403637152.588360786437988,32,0,32,0,11
1403637152.638408660888672,30,0,30,0,11
1403637152.688446044921875,31,0,30,1,11
1403637152.738494873046875,30,0,30,0,11
1403637152.788534402847290,31,0,30,1,11
1403637152.838595151901245,32,0,31,1,11
1403637152.888630628585815,31,0,31,0,11
1403637152.938627958297729,30,1,30,0,11
1403637152.988599777221680,31,0,30,1,11
1403637153.038618564605713,31,0,31,0,11
1403637153.088608980178833,31,0,30,0,11
1403637153.138607978820801,33,0,30,2,11
1403637153.188636302947998,37,0,30,6,11
1403637153.238629341125488,37,0,37,0,11
1403637153.288625240325928,37,0,36,0,11
1403637153.338681221008301,38,0,35,3,11
1403637153.388707637786865,37,0,36,1,11
1403637153.438704729080200,36,0,35,0,11
1403637153.488754749298096,36,0,36,0,11
1403637153.538780212402344,35,0,35,0,11
1403637153.588743686676025,36,0,35,1,11
1403637153.638681650161743,36,0,36,0,11
1403637153.688626527786255,36,0,36,0,11
1403637153.738597631454468,41,1,36,5,11
1403637153.788530349731445,41,0,39,2,11
1403637153.838535547256470,41,0,40,0,11
1403637153.888529062271118,40,0,38,0,11
1403637153.938522338867188,40,0,37,1,11
1403637153.988618373870850,39,0,38,0,11
1403637154.038695335388184,37,0,37,0,11
1403637154.088868856430054,37,0,35,0,11
1403637154.138973474502563,37,0,35,0,11
1403637154.189065217971802,35,0,35,0,11
1403637154.239042520523071,35,0,35,0,11
1403637154.289000034332275,35,1,34,0,11
1403637154.338938951492310,38,0,33,3,11
1403637154.388863563537598,36,1,34,0,11
1403637154.438709497451782,38,1,34,3,11
1403637154.488650321960449,39,6,35,2,11
1403637154.538654088973999,38,1,36,0,11
1403637154.588657617568970,36,0,35,1,11
1403637154.638726472854614,37,1,35,1,11
1403637154.688749313354492,36,0,32,0,11
1403637154.738757848739624,37,0,31,3,11
1403637154.788784503936768,35,0,30,2,11
1403637154.838812828063965,33,1,29,0,11
1403637154.888821363449097,31,0,28,1,11
1403637154.938856840133667,27,0,24,0,11
1403637154.988897562026978,26,0,22,0,11
1403637155.038952350616455,26,1,22,4,11
1403637155.088997840881348,29,1,24,5,11
1403637155.139020681381226,28,0,27,0,11
1403637155.189027309417725,29,0,25,1,11
1403637155.239058732986450,28,1,25,0,11
1403637155.289063692092896,23,1,22,0,11
1403637155.339044570922852,24,0,22,2,11
1403637155.389050483703613,32,0,21,9,11
1403637155.439013004302979,31,1,29,0,11
1403637155.488998174667358,29,1,28,0,11
1403637155.538959980010986,31,1,28,3,11
1403637155.588928222656250,31,0,31,0,11
1403637155.638899326324463,32,0,30,1,11
1403637155.688875675201416,35,0,29,4,11
1403637155.738861322402954,34,0,32,0,11
1403637155.788849353790283,40,3,32,7,11
1403637155.838841915130615,40,0,36,2,11
1403637155.888778209686279,39,0,37,1,11
1403637155.938730716705322,37,0,35,1,11
1403637155.988716840744019,33,0,32,0,11
1403637156.038715362548828,33,0,31,0,11
1403637156.088727712631226,29,1,28,0,11
1403637156.138713598251343,27,0,25,1,11
1403637156.188709735870361,26,0,26,0,11
1403637156.238702774047852,25,0,24,0,11
1403637156.288700103759766,24,0,23,0,11
1403637156.338698625564575,23,0,23,0,11
1403637156.388696670532227,23,1,23,0,11
1403637156.438683271408081,23,1,22,0,11
1403637156.488671302795410,22,3,21,0,11
1403637156.538668155670166,20,1,20,0,11
1403637156.588663816452026,20,0,20,0,11
1403637156.638666629791260,18,0,18,0,11
1403637156.688666582107544,17,0,17,0,11
1403637156.738667249679565,16,0,16,0,11
1403637156.788604974746704,21,1,14,6,11
1403637156.838563442230225,22,1,20,1,11
1403637156.888519048690796,19,0,19,0,11
1403637156.938490629196167,19,0,18,0,11
1403637156.988448381423950,19,0,18,0,11
1403637157.038446664810181,18,0,18,0,11
1403637157.088445901870728,18,0,18,0,11
1403637157.138462543487549,18,0,17,1,11
1403637157.188465356826782,20,0,18,2,11
1403637157.238501071929932,25,0,20,5,11
1403637157.288489103317261,26,0,25,1,11
1403637157.338487863540649,26,0,26,0,11
1403637157.388465642929077,28,1,26,2,11
1403637157.438460350036621,28,0,28,0,11
1403637157.488457441329956,29,1,28,1,11
1403637157.538457870483398,29,0,29,0,11
1403637157.588457822799683,36,0,28,7,11
1403637157.638460636138916,36,0,34,0,11
1403637157.688477516174316,35,1,34,0,11
1403637157.738474607467651,34,0,31,2,11
1403637157.788483381271362,37,1,31,5,11
1403637157.838499784469604,40,2,34,4,11
1403637157.888495445251465,39,0,37,1,11
1403637157.938498258590698,39,1,38,1,11
1403637157.988495349884033,43,1,39,4,11
1403637158.038490533828735,39,0,39,0,11
1403637158.088503599166870,40,1,37,1,11
1403637158.138515472412109,41,0,36,1,11
1403637158.188520669937134,40,0,36,1,11
1403637158.238512992858887,37,0,36,0,11
1403637158.288480520248413,38,0,36,1,11
1403637158.338431596755981,40,0,37,3,11
1403637158.388418912887573,45,2,37,7,11
1403637158.438386201858521,47,12,41,4,11
1403637158.488373756408691,49,1,44,3,11
1403637158.538359642028809,47,1,46,0,11
1403637158.588355302810669,47,1,46,0,11
1403637158.638346195220947,45,2,45,0,11
1403637158.688345432281494,45,0,42,0,11
1403637158.738335132598877,41,1,39,0,11
1403637158.788332223892212,41,3,36,4,11
1403637158.838329553604126,40,1,39,0,11
1403637158.888326168060303,38,3,38,0,11
1403637158.938330173492432,43,0,35,7,11
1403637158.988303661346436,44,0,39,3,11
1403637159.038289070129395,48,8,42,6,11
1403637159.088292360305786,48,1,44,0,11
1403637159.138285636901855,47,1,43,1,11
1403637159.188283443450928,45,1,44,0,11
1403637159.238255500793457,48,6,43,4,11
1403637159.288258552551270,48,0,46,0,11
1403637159.338266611099243,47,0,44,0,11
1403637159.388288736343384,46,15,43,0,11
1403637159.438286304473877,43,0,42,0,11
1403637159.488304376602173,42,0,39,0,11
1403637159.538313627243042,42,0,39,0,11
1403637159.588338613510132,39,3,38,1,11
1403637159.638381004333496,43,3,38,5,11
1403637159.688386440277100,44,1,42,1,11
1403637159.738361120223999,43,0,42,0,11
1403637159.788351297378540,41,2,40,0,11
1403637159.838339328765869,42,0,38,3,11
1403637159.888321638107300,45,7,39,5,11
1403637159.938298702239990,45,0,42,0,11
1403637159.988291501998901,43,12,37,4,11
1403637160.038291215896606,42,1,37,1,11
1403637160.088299036026001,39,0,33,0,11
1403637160.138321638107300,47,9,31,11,11
1403637160.188321828842163,40,0,37,1,11
1403637160.238320589065552,36,4,36,0,11
1403637160.288322448730469,34,2,34,0,11
1403637160.338323116302490,34,1,34,0,11
1403637160.388319730758667,31,3,30,0,11
1403637160.438317060470581,31,0,30,0,11
1403637160.488309383392334,30,4,25,4,11
1403637160.538312435150146,35,5,25,9,11
1403637160.588292598724365,44,4,30,14,11
1403637160.638296842575073,46,3,41,5,11
1403637160.688323259353638,46,0,44,0,11
1403637160.738377571105957,47,15,40,3,11
1403637160.788403749465942,42,2,40,0,11
1403637160.838442564010620,40,0,39,0,11
1403637160.888477563858032,39,0,37,0,11
1403637160.938540458679199,46,0,36,7,11
1403637160.988564014434814,43,1,43,0,11
1403637161.038588285446167,42,1,42,0,11
1403637161.088668346405029,41,0,40,0,11
1403637161.138739824295044,46,0,38,7,11
1403637161.188765764236450,48,1,45,3,11
1403637161.238777637481689,48,0,47,1,11
1403637161.288785696029663,49,7,46,2,11
1403637161.338779211044312,49,12,47,0,11
1403637161.388766765594482,47,0,46,0,11
1403637161.438751220703125,42,1,42,0,11
1403637161.488766431808472,46,1,39,6,11
1403637161.538743257522583,47,0,44,2,11
1403637161.588732242584229,46,2,44,1,11
1403637161.638708353042603,45,1,44,0,11
1403637161.688699007034302,43,5,42,0,11
1403637161.738683462142944,43,6,35,7,11
1403637161.788660764694214,43,6,38,4,11
1403637161.838654041290283,41,2,39,0,11
1403637161.888640880584717,41,3,32,7,11
1403637161.938578367233276,47,2,38,8,11
1403637161.988581657409668,45,0,43,0,11
1403637162.038582801818848,45,4,42,0,11
1403637162.088599443435669,45,2,37,5,11
1403637162.138627767562866,42,2,39,0,11
1403637162.188646554946899,40,0,37,0,11
1403637162.238663673400879,48,6,37,9,11
1403637162.288674831390381,46,0,46,0,11
1403637162.338686466217041,46,0,45,0,11
1403637162.388712406158447,50,3,44,4,11
1403637162.438706636428833,49,1,47,0,11
1403637162.488708734512329,49,4,47,1,11
1403637162.538716077804565,49,0,46,1,11
1403637162.588720321655273,47,1,45,0,11
1403637162.638737678527832,47,2,44,2,11
1403637162.688737630844116,50,9,46,3,11
1403637162.738736629486084,49,3,49,0,11
1403637162.788726091384888,48,4,47,0,11
1403637162.838746309280396,49,5,44,2,11
1403637162.888745069503784,45,0,42,0,11
1403637162.938741207122803,41,1,39,0,11
1403637162.988734722137451,44,1,37,5,11
1403637163.038723945617676,47,1,42,5,11
1403637163.088721752166748,45,0,42,2,11
1403637163.138716936111450,46,0,43,1,11
1403637163.188711404800415,37,3,36,0,11
1403637163.238709688186646,37,0,35,2,11
1403637163.288700103759766,48,2,35,11,11
1403637163.338691234588623,48,3,44,1,11
1403637163.388684749603271,45,2,42,1,11
1403637163.438685655593872,45,13,42,1,11
1403637163.488685607910156,44,1,42,1,11
1403637163.538686990737915,43,2,39,2,11
1403637163.588693141937256,45,2,38,3,11
1403637163.638694286346436,40,0,38,0,11
1403637163.688693046569824,36,1,34,0,11
1403637163.738701343536377,35,3,33,0,11
1403637163.788710832595825,42,0,32,10,11
1403637163.838705539703369,43,5,39,1,11
1403637163.888701915740967,43,1,40,0,11
1403637163.938701152801514,39,0,38,0,11
1403637163.988702297210693,39,0,36,1,11
1403637164.038685083389282,48,15,36,10,11
1403637164.088690280914307,46,5,44,1,11
1403637164.138692140579224,46,0,44,0,11
1403637164.188686132431030,49,4,40,4,11
1403637164.238675355911255,47,4,43,1,11
1403637164.288670539855957,45,0,44,0,11
1403637164.338661193847656,47,12,41,5,11
1403637164.388646602630615,47,3,43,0,11
1403637164.438639402389526,46,1,43,0,11
1403637164.488633155822754,43,1,43,0,11
1403637164.538632631301880,45,0,42,2,11
1403637164.588626623153687,45,1,44,0,11
1403637164.638622522354126,48,11,43,5,11
1403637164.688621997833252,48,2,44,1,11
1403637164.738625288009644,44,2,42,0,11
1403637164.788631200790405,42,2,39,1,11
1403637164.838634252548218,45,5,34,8,11
1403637164.888624668121338,45,1,39,4,11
1403637164.938627719879150,41,6,35,3,11
1403637164.988625049591064,40,0,37,1,11
1403637165.038623094558716,38,7,37,0,11
1403637165.088624477386475,34,2,33,1,11
1403637165.138621091842651,34,6,34,0,11
1403637165.188618421554565,40,3,33,6,11
1403637165.238611698150635,42,4,32,5,11
1403637165.288603782653809,38,3,30,0,11
1403637165.338583469390869,32,3,26,3,11
1403637165.388578653335571,29,7,24,2,11
1403637165.438568353652954,26,4,23,2,11
1403637165.488560438156128,30,2,23,6,11
1403637165.538552522659302,31,2,26,5,11
1403637165.588538646697998,31,3,23,6,11
1403637165.638530731201172,30,1,26,0,11
1403637165.688521862030029,27,2,21,2,11
1403637165.738512516021729,25,3,20,1,11
1403637165.788505554199219,28,3,18,7,11
1403637165.838500499725342,27,3,25,0,11
1403637165.888495922088623,25,3,23,0,11
1403637165.938493967056274,30,3,21,7,11
1403637165.988491296768188,29,5,25,1,11
1403637166.038490056991577,32,3,24,5,11
1403637166.088491201400757,40,2,28,11,11
1403637166.138492584228516,46,1,37,7,11
1403637166.188492536544800,48,1,42,3,11
1403637166.238497018814087,46,2,43,0,11
1403637166.288496971130371,49,2,41,4,11
1403637166.338482856750488,47,12,44,0,11
1403637166.388476848602295,43,5,42,0,11
1403637166.438470125198364,40,1,38,1,11
1403637166.488464832305908,39,0,37,0,11
1403637166.538463354110718,42,1,37,5,11
1403637166.588436365127563,45,0,42,3,11
1403637166.638381242752075,46,3,44,1,11
1403637166.688345909118652,40,0,36,1,11
1403637166.738307714462280,43,3,34,6,11
1403637166.788299322128296,41,2,39,0,11
1403637166.838310003280640,38,1,37,0,11
1403637166.888328552246094,41,0,37,4,11
1403637166.938370227813721,46,2,39,6,11
1403637166.988394021987915,48,2,44,3,11
1403637167.038422822952271,49,10,47,2,11
1403637167.088429689407349,48,0,47,0,11
1403637167.138438463211060,48,0,47,0,11
1403637167.188446760177612,48,0,47,1,11
1403637167.238444805145264,49,6,48,1,11
1403637167.288442850112915,49,0,49,0,11
1403637167.338441848754883,48,3,48,0,11
1403637167.388434886932373,50,0,46,2,11
1403637167.438430547714233,50,1,48,0,11
1403637167.488419294357300,47,4,47,0,11
1403637167.538422346115112,47,3,47,0,11
1403637167.588421583175659,48,2,44,2,11
1403637167.638405323028564,48,10,44,1,11
1403637167.688399553298950,43,3,40,0,11
1403637167.738396167755127,41,2,38,0,11
1403637167.788396120071411,39,4,37,0,11
1403637167.838393211364746,43,0,34,6,11
1403637167.888392210006714,42,1,34,0,11
1403637167.938389062881470,43,4,33,5,11
1403637167.988383531570435,40,4,38,0,11
1403637168.038377523422241,37,2,37,0,11
1403637168.088378429412842,40,2,36,3,11
1403637168.138373374938965,40,1,38,1,11
1403637168.188372373580933,42,7,36,6,11
1403637168.238371849060059,48,2,40,7,11
1403637168.288368940353394,48,6,44,2,11
1403637168.338369607925415,47,8,42,2,11
1403637168.388371467590332,45,2,41,0,11
1403637168.438373804092407,40,4,38,0,11
1403637168.488378286361694,49,4,36,10,11
1403637168.538383960723877,47,4,42,1,11
1403637168.588390111923218,45,1,41,2,11
1403637168.638390541076660,45,0,39,3,11
1403637168.688390254974365,43,0,38,0,11
1403637168.738390684127808,40,0,37,1,11
1403637168.788387537002563,46,0,35,10,11
1403637168.838384628295898,46,4,45,0,11
1403637168.888383150100708,47,1,43,2,11
1403637168.938379526138306,48,6,42,3,11
1403637168.988378763198853,47,7,42,2,11
1403637169.038375854492188,47,0,43,1,11
1403637169.088372468948364,46,2,43,2,11
1403637169.138363838195801,47,3,42,2,11
1403637169.188357591629028,48,0,41,2,11
1403637169.238347291946411,45,5,38,2,11
1403637169.288337230682373,41,2,38,0,11
1403637169.338335752487183,37,3,28,1,11
1403637169.388337850570679,40,4,26,8,11
1403637169.438334941864014,34,1,29,2,11
1403637169.488335132598877,31,1,27,0,11
1403637169.538334369659424,29,3,22,5,11
1403637169.588342428207397,34,2,23,9,11
1403637169.638344526290894,33,2,27,1,11
1403637169.688351631164551,30,2,25,1,11
1403637169.738357305526733,33,4,22,6,11
1403637169.788360595703125,30,2,24,0,11
1403637169.838366985321045,32,3,22,7,11
1403637169.888363838195801,28,3,24,1,11
1403637169.938363790512085,29,1,23,6,11
1403637169.988358736038208,28,1,26,0,11
1403637170.038359880447388,28,1,24,1,11
1403637170.088359594345093,32,2,23,7,11
1403637170.138360023498535,30,1,28,0,11
1403637170.188359498977661,29,3,28,0,11
1403637170.238356113433838,44,3,26,16,11
1403637170.288356065750122,43,3,37,0,11
1403637170.338356733322144,39,3,33,0,11
1403637170.388352870941162,40,8,32,7,11
1403637170.438352584838867,40,3,37,1,11
1403637170.488353013992310,37,3,32,1,11
1403637170.538353204727173,40,6,30,7,11
1403637170.588357448577881,35,5,31,0,11
1403637170.638356924057007,31,0,25,1,11
1403637170.688353776931763,31,1,22,5,11
1403637170.738352775573730,27,2,22,1,11
1403637170.788350105285645,21,3,16,2,11
1403637170.838346004486084,17,3,16,0,11
1403637170.888345241546631,19,3,15,2,11
1403637170.938346385955811,24,2,16,7,11
1403637170.988344430923462,23,1,23,0,11
1403637171.038343667984009,24,3,22,1,11
1403637171.088340759277344,29,1,21,7,11
1403637171.138337612152100,38,4,28,9,11
1403637171.188341140747070,37,1,35,0,11
1403637171.238347768783569,44,3,33,9,11
1403637171.288354635238647,41,0,41,0,11
1403637171.338364601135254,43,3,36,7,11
1403637171.388367652893066,49,4,42,7,11
1403637171.438368320465088,49,1,48,0,11
1403637171.488372564315796,48,0,46,0,11
1403637171.538375377655029,47,4,45,0,11
1403637171.588372707366943,49,4,44,3,11
1403637171.638367176055908,49,2,47,1,11
1403637171.688365697860718,48,0,48,0,11
1403637171.738360166549683,50,7,48,2,11
1403637171.788358211517334,48,3,48,0,11
1403637171.838359355926514,48,6,46,2,11
1403637171.888359546661377,49,1,47,1,11
1403637171.938359022140503,50,13,47,1,11
1403637171.988368034362793,48,6,46,0,11
1403637172.038363695144653,46,0,45,0,11
1403637172.088363647460938,45,0,44,0,11
1403637172.138352632522583,50,7,42,5,11
1403637172.188328742980957,49,7,46,0,11
1403637172.238300323486328,48,4,46,1,11
1403637172.288290023803711,48,3,45,2,11
1403637172.338295221328735,45,3,43,2,11
1403637172.388303756713867,45,0,41,3,11
1403637172.438308000564575,49,0,44,4,11
1403637172.488320112228394,48,0,48,0,11
1403637172.538329362869263,50,7,48,2,11
1403637172.588337421417236,50,7,50,0,11
1403637172.638341665267944,48,3,47,0,11
1403637172.688344001770020,49,0,47,1,11
1403637172.738343715667725,49,4,48,1,11
1403637172.788334131240845,48,13,47,1,11
1403637172.838323116302490,48,5,47,1,11
1403637172.888306379318237,46,1,45,0,11
1403637172.938302040100098,43,5,42,0,11
1403637172.988297700881958,39,2,39,0,11
1403637173.038294792175293,42,2,38,4,11
1403637173.088293790817261,48,7,40,8,11
1403637173.138288974761963,49,4,46,2,11
1403637173.188278913497925,49,11,47,1,11
1403637173.238268136978149,48,1,47,0,11
1403637173.288251399993896,44,0,42,0,11
1403637173.338232755661011,48,1,39,4,11
1403637173.388213157653809,48,11,41,2,11
1403637173.438206195831299,44,0,40,0,11
1403637173.488209724426270,43,1,41,0,11
1403637173.538215637207031,41,1,39,0,11
1403637173.588230371475220,48,8,39,8,11
1403637173.638239622116089,49,0,44,2,11
1403637173.688269376754761,48,23,43,1,11
1403637173.738281965255737,45,2,43,0,11
1403637173.788295269012451,45,0,41,3,11
1403637173.838304042816162,42,1,39,1,11
1403637173.888312339782715,39,0,36,0,11
1403637173.938314914703369,37,0,35,0,11
1403637173.988313913345337,37,0,30,4,11
1403637174.038311243057251,40,0,33,3,11
1403637174.088306188583374,36,0,32,1,11
1403637174.138295412063599,37,0,32,2,11
1403637174.188291788101196,37,13,30,3,11
1403637174.238290309906006,35,1,31,1,11
1403637174.288292169570923,41,7,28,12,11
1403637174.338299751281738,41,2,37,1,11
1403637174.388306379318237,40,0,36,0,11
1403637174.438310623168945,37,1,35,0,11
1403637174.488312005996704,35,2,34,0,11
1403637174.538308620452881,33,2,29,1,11
1403637174.588305473327637,33,2,30,1,11
1403637174.638298749923706,31,1,30,0,11
1403637174.688295364379883,32,0,28,3,11
1403637174.738294363021851,41,2,30,11,11
1403637174.788285493850708,41,3,32,8,11
1403637174.838279962539673,38,0,37,0,11
1403637174.888276815414429,44,7,37,7,11
1403637174.938275337219238,44,2,43,1,11
1403637174.988274097442627,43,2,42,0,11
1403637175.038277149200439,45,1,40,2,11
1403637175.088287591934204,44,5,41,0,11
1403637175.138298511505127,39,3,38,0,11
1403637175.188306093215942,39,1,37,0,11
1403637175.238311290740967,38,1,36,1,11
1403637175.288315296173096,38,0,35,1,11
1403637175.338318586349487,49,4,36,12,11
1403637175.388315200805664,47,1,44,1,11
1403637175.438310623168945,44,1,44,0,11
1403637175.488304376602173,49,0,42,6,11
1403637175.538297414779663,48,3,47,0,11
1403637175.588294744491577,48,6,44,2,11
1403637175.638293504714966,48,2,46,0,11
1403637175.688292026519775,46,3,45,0,11
1403637175.738290786743164,46,1,45,0,11
1403637175.788285732269287,49,8,43,5,11
1403637175.838284015655518,49,2,47,0,11
1403637175.888282537460327,48,1,46,0,11
1403637175.938275575637817,47,4,44,2,11
1403637175.988273382186890,45,7,43,1,11
1403637176.038275003433228,48,8,44,3,11
1403637176.088274717330933,44,0,41,1,11
1403637176.138274431228638,43,0,41,0,11
1403637176.188275575637817,48,1,40,6,11
1403637176.238276958465576,47,1,46,0,11
1403637176.288280248641968,46,0,44,0,11
1403637176.338280677795410,45,0,44,0,11
1403637176.388283491134644,48,5,42,5,11
1403637176.438283920288086,48,15,43,3,11
1403637176.488285064697266,48,3,45,1,11
1403637176.538285017013550,48,3,45,2,11
1403637176.588286876678467,50,5,45,2,11
1403637176.638288021087646,46,8,43,0,11
1403637176.688288450241089,40,1,39,0,11
1403637176.738289117813110,39,3,39,0,11
1403637176.788290023803711,39,2,36,1,11
1403637176.838289976119995,39,2,36,1,11
1403637176.888292312622070,47,11,37,10,11
1403637176.938292741775513,42,1,41,1,11
1403637176.988292694091797,44,1,40,3,11
1403637177.038294792175293,47,9,40,6,11
1403637177.088293790817261,45,1,45,0,11
1403637177.138292312622070,46,0,45,1,11
1403637177.188291311264038,50,0,46,4,11
1403637177.238291263580322,50,1,49,0,11
1403637177.288290739059448,50,4,49,0,11
1403637177.338291883468628,49,0,48,0,11
1403637177.388292551040649,46,0,44,0,11
1403637177.438296318054199,48,26,42,4,11
1403637177.488296747207642,48,9,44,2,11
1403637177.538296461105347,47,0,45,0,11
1403637177.588295459747314,45,0,41,0,11
1403637177.638294935226440,49,7,41,5,11
1403637177.688295125961304,46,1,45,1,11
1403637177.738296747207642,45,1,44,0,11
1403637177.788296937942505,44,4,43,0,11
1403637177.838296651840210,44,7,42,2,11
1403637177.888296604156494,45,2,44,1,11
1403637177.938295841217041,43,1,41,1,11
1403637177.988296031951904,43,0,42,0,11
1403637178.038294553756714,47,9,39,7,11
1403637178.088294267654419,48,7,42,3,11
1403637178.138290405273438,43,0,41,0,11
1403637178.188289642333984,36,1,34,0,11
1403637178.238300800323486,49,18,34,14,11
1403637178.288304805755615,47,2,45,1,11
1403637178.338309764862061,45,1,43,0,11
1403637178.388312339782715,42,0,38,0,11
1403637178.438312292098999,39,1,35,1,11
1403637178.488314628601074,35,1,35,0,11
1403637178.538315773010254,35,1,34,0,11
1403637178.588320016860962,33,3,33,0,11
1403637178.638329505920410,36,1,32,3,11
1403637178.688343524932861,43,2,35,7,11
1403637178.738351345062256,41,2,41,0,11
1403637178.788357496261597,41,2,40,0,11
1403637178.838363170623779,47,9,39,6,11
1403637178.888364553451538,47,1,45,1,11
1403637178.938364982604980,46,4,44,0,11
1403637178.988366603851318,46,0,43,0,11
1403637179.038367986679077,48,6,41,4,11
1403637179.088365316390991,48,2,42,1,11
1403637179.138370513916016,47,0,44,1,11
1403637179.188380479812622,46,1,44,0,11
1403637179.238378763198853,46,3,43,1,11
1403637179.288382291793823,48,0,43,3,11
1403637179.338383436203003,49,3,46,2,11
1403637179.388381958007812,48,0,48,0,11
1403637179.438379764556885,50,4,46,2,11
1403637179.488374471664429,50,2,47,0,11
1403637179.538371086120605,49,3,44,1,11
1403637179.588370084762573,49,1,44,1,11
1403637179.638367891311646,47,5,43,3,11
1403637179.688367366790771,46,0,45,1,11
1403637179.738365173339844,46,2,44,1,11
1403637179.788363218307495,48,2,44,3,11
1403637179.838360309600830,46,1,44,0,11
1403637179.888358116149902,50,4,42,4,11
1403637179.938360929489136,48,4,42,0,11
1403637179.988359928131104,45,0,39,0,11
1403637180.038361072540283,43,0,37,4,11
1403637180.088360548019409,41,0,39,0,11
1403637180.138365268707275,47,3,37,7,11
1403637180.188365697860718,47,2,41,2,11
1403637180.238366603851318,46,1,41,3,11
1403637180.288371324539185,41,2,36,2,11
1403637180.338373661041260,41,3,36,2,11
1403637180.388372898101807,40,1,34,2,11
1403637180.438370466232300,36,2,33,0,11
1403637180.488368511199951,35,4,28,5,11
1403637180.538371324539185,40,4,32,7,11
1403637180.588374376296997,38,2,37,1,11
1403637180.638372659683228,40,2,35,2,11
1403637180.688368082046509,44,2,36,6,11
1403637180.738362789154053,47,2,42,5,11
1403637180.788356304168701,48,6,44,2,11
1403637180.838356018066406,49,5,43,2,11
1403637180.888361930847168,48,1,44,2,11
1403637180.938365936279297,44,1,38,2,11
1403637180.988368988037109,44,0,34,2,11
1403637181.038381576538086,47,3,34,7,11
1403637181.088396072387695,46,4,38,4,11
1403637181.138400077819824,46,8,37,3,11
1403637181.188405036926270,41,4,38,0,11
1403637181.238404035568237,39,1,34,1,11
1403637181.288400888442993,37,0,33,0,11
1403637181.338398694992065,37,3,30,3,11
1403637181.388396263122559,38,4,30,4,11
1403637181.438400506973267,35,2,28,2,11
1403637181.488405942916870,34,3,28,1,11
1403637181.538413286209106,42,5,28,12,11
1403637181.588415384292603,41,2,40,1,11
1403637181.638418912887573,40,1,37,1,11
1403637181.688421964645386,41,2,36,4,11
1403637181.738426923751831,44,5,38,4,11
1403637181.788424730300903,43,2,40,1,11
1403637181.838422536849976,45,0,37,3,11
1403637181.888423204421997,46,2,40,2,11
1403637181.938422918319702,45,10,39,4,11
1403637181.988421916961670,45,0,43,0,11
1403637182.038419008255005,43,1,40,2,11
1403637182.088416337966919,42,1,38,0,11
1403637182.138417720794678,48,12,37,7,11
1403637182.188416957855225,46,2,41,0,11
1403637182.238417625427246,42,0,37,0,11
1403637182.288418531417847,39,2,35,1,11
1403637182.338418483734131,38,1,34,0,11
1403637182.388418197631836,35,10,30,2,11
1403637182.438418388366699,33,3,29,0,11
1403637182.488419294357300,32,1,28,1,11
1403637182.538417339324951,43,10,27,13,11
1403637182.588416337966919,42,1,39,0,11
1403637182.638412714004517,39,0,37,0,11
1403637182.688409805297852,38,0,35,0,11
1403637182.738405227661133,43,1,33,8,11
1403637182.788404703140259,42,1,39,3,11
1403637182.838404893875122,42,1,42,0,11
1403637182.888402938842773,48,18,41,7,11
1403637182.938402891159058,48,0,47,0,11
1403637182.988402366638184,49,1,46,1,11
1403637183.038402557373047,47,2,46,0,11
1403637183.088402032852173,46,0,43,0,11
1403637183.138401269912720,48,5,43,3,11
1403637183.188401222229004,45,0,44,0,11
1403637183.238401412963867,45,1,44,0,11
1403637183.288402318954468,49,12,43,5,11
1403637183.338402509689331,50,0,48,1,11
1403637183.388402700424194,49,3,42,0,11
1403637183.438402652740479,47,0,40,0,11
1403637183.488400697708130,44,7,41,2,11
1403637183.538399457931519,44,0,42,1,11
1403637183.588399171829224,44,0,43,0,11
1403637183.638396501541138,44,11,41,1,11
1403637183.688397884368896,45,1,39,1,11
1403637183.738399267196655,45,2,40,3,11
1403637183.788399934768677,45,2,40,2,11
1403637183.838399887084961,43,0,41,0,11
1403637183.888399839401245,48,7,39,6,11
1403637183.938400506973267,47,0,45,0,11
1403637183.988399744033813,47,16,45,2,11
1403637184.038401365280151,49,0,43,2,11
1403637184.088402271270752,47,10,41,0,11
1403637184.138404607772827,44,32,41,1,11
1403637184.188407182693481,42,0,42,0,11
1403637184.238408088684082,42,0,39,1,11
1403637184.288409233093262,42,0,40,0,11
1403637184.338411092758179,43,1,36,5,11
1403637184.388413667678833,43,0,40,1,11
1403637184.438418149948120,39,0,34,2,11
1403637184.488427162170410,43,1,33,7,11
1403637184.538431406021118,40,1,39,0,11
1403637184.588442564010620,44,2,31,6,11
1403637184.638446807861328,43,0,34,0,11
1403637184.688444614410400,39,8,33,3,11
1403637184.738453149795532,43,16,31,6,11
1403637184.788453102111816,44,0,37,2,11
1403637184.838451385498047,39,0,39,0,11
1403637184.888446569442749,39,0,39,0,11
1403637184.938443660736084,39,1,37,1,11
1403637184.988441944122314,38,0,37,0,11
1403637185.038437843322754,38,1,34,1,11
1403637185.088434934616089,38,1,35,0,11
1403637185.138430118560791,37,0,33,3,11
1403637185.188426256179810,39,0,34,2,11
1403637185.238425254821777,37,0,33,0,11
1403637185.288421630859375,44,14,32,10,11
1403637185.338421344757080,42,4,40,1,11
1403637185.388422250747681,43,0,40,1,11
1403637185.438422203063965,46,0,41,4,11
1403637185.488420248031616,44,2,44,0,11
1403637185.538416624069214,44,1,40,0,11
1403637185.588413953781128,44,0,40,0,11
1403637185.638408184051514,41,1,38,1,11
1403637185.688405275344849,41,1,39,0,11
1403637185.738402605056763,42,0,39,3,11
1403637185.788397789001465,48,20,42,6,11
1403637185.838398694992065,48,0,46,1,11
1403637185.888390541076660,49,18,45,1,11
1403637185.938388109207153,47,13,45,0,11
1403637185.988386392593384,46,0,44,0,11
1403637186.038385152816772,44,0,40,1,11
1403637186.088382959365845,44,1,40,1,11
1403637186.138381242752075,42,0,39,1,11
1403637186.188379287719727,42,0,40,0,11
1403637186.238375902175903,43,0,38,3,11
1403637186.288373947143555,44,1,41,1,11
1403637186.338371992111206,45,1,42,3,11
1403637186.388367891311646,48,11,45,3,11
1403637186.438367843627930,48,0,48,0,11
1403637186.488369941711426,49,18,48,1,11
1403637186.538369655609131,49,14,48,0,11
1403637186.588369369506836,50,0,48,1,11
1403637186.638368368148804,49,2,49,0,11
1403637186.688367366790771,48,1,46,0,11
1403637186.738363742828369,50,0,46,2,11
1403637186.788362503051758,49,0,48,1,11
1403637186.838362932205200,50,3,47,1,11
1403637186.888363599777222,50,0,47,0,11
1403637186.938365697860718,48,0,46,0,11
1403637186.988370895385742,50,14,46,3,11
1403637187.038373947143555,49,2,48,0,11
1403637187.088377714157104,49,15,48,0,11
1403637187.138379335403442,49,13,48,1,11
1403637187.188379526138306,49,2,48,0,11
1403637187.238380432128906,50,2,47,1,11
1403637187.288381338119507,49,2,48,0,11
1403637187.338382244110107,48,2,48,0,11
1403637187.388383388519287,47,1,47,0,11
1403637187.438383817672729,48,1,46,1,11
1403637187.488386392593384,48,35,46,1,11
1403637187.538387298583984,48,1,44,2,11
1403637187.588388442993164,49,2,46,2,11
1403637187.638388872146606,47,0,47,0,11
1403637187.688389062881470,49,12,47,2,11
1403637187.738388299942017,50,9,48,1,11
1403637187.788388490676880,48,0,47,0,11
1403637187.838388681411743,47,0,47,0,11
1403637187.888388156890869,47,0,46,0,11
1403637187.938388109207153,48,1,46,1,11
1403637187.988387823104858,45,1,45,0,11
1403637188.038388252258301,45,1,45,0,11
1403637188.088388442993164,48,29,44,4,11
1403637188.138388395309448,49,1,47,1,11
1403637188.188388347625732,50,3,48,1,11
1403637188.238387584686279,49,1,49,0,11
1403637188.288388490676880,48,9,47,0,11
1403637188.338388442993164,49,7,46,2,11
1403637188.388388395309448,47,1,47,0,11
1403637188.438387870788574,48,2,46,1,11
1403637188.488387584686279,48,1,46,0,11
1403637188.538387298583984,47,4,46,0,11
1403637188.588386297225952,46,3,46,0,11
1403637188.638386011123657,46,1,45,0,11
1403637188.688382387161255,48,16,43,2,11
1403637188.738382101058960,43,1,41,0,11
1403637188.788382053375244,39,1,38,0,11
1403637188.838381767272949,39,0,38,1,11
1403637188.888382196426392,44,0,37,6,11
1403637188.938382625579834,49,18,43,5,11
1403637188.988381624221802,49,0,48,1,11
1403637189.038379907608032,47,0,46,0,11
1403637189.088378190994263,45,0,43,0,11
1403637189.138375520706177,45,0,43,1,11
1403637189.188375234603882,45,1,42,2,11
1403637189.238376140594482,44,1,42,0,11
1403637189.288380622863770,46,13,41,3,11
1403637189.338381528854370,43,1,42,0,11
1403637189.388381719589233,42,1,41,0,11
1403637189.438380718231201,42,2,38,1,11
1403637189.488380908966064,39,2,36,0,11
1403637189.538377285003662,47,5,36,10,11
1403637189.588378906250000,45,3,45,0,11
1403637189.638381719589233,45,2,45,0,11
1403637189.688385248184204,42,1,42,0,11
1403637189.738389492034912,45,2,41,3,11
1403637189.788393497467041,45,1,44,0,11
1403637189.838397502899170,46,5,42,3,11
1403637189.888396024703979,49,10,45,3,11
1403637189.938393354415894,49,1,47,1,11
1403637189.988391637802124,45,2,43,0,11
1403637190.038391351699829,43,0,42,0,11
1403637190.088391780853271,42,2,41,1,11
1403637190.138391971588135,47,1,42,5,11
1403637190.188392162322998,44,2,44,0,11
1403637190.238391399383545,42,5,42,0,11
1403637190.288391590118408,41,2,41,0,11
1403637190.338392496109009,41,5,38,3,11
1403637190.388395547866821,41,2,39,1,11
1403637190.438395500183105,43,1,40,2,11
1403637190.488393545150757,47,4,42,5,11
1403637190.538391828536987,47,1,46,1,11
1403637190.588389396667480,47,1,45,1,11
1403637190.638383865356445,47,1,45,1,11
1403637190.688380718231201,48,9,46,2,11
1403637190.738380193710327,48,1,47,0,11
1403637190.788379430770874,48,1,47,0,11
1403637190.838381052017212,47,0,45,0,11
1403637190.888381719589233,50,3,45,3,11
1403637190.938382387161255,48,0,48,0,11
1403637190.988382339477539,46,2,45,0,11
1403637191.038383007049561,47,0,45,1,11
1403637191.088382959365845,47,5,45,1,11
1403637191.138382673263550,47,0,46,0,11
1403637191.188381433486938,48,8,45,2,11
1403637191.238381385803223,48,0,46,0,11
1403637191.288381814956665,49,5,46,2,11
1403637191.338382244110107,48,2,48,0,11
1403637191.388382434844971,49,0,47,1,11
1403637191.438382387161255,50,1,48,1,11
1403637191.488382101058960,49,2,47,0,11
1403637191.538382053375244,49,2,46,0,11
1403637191.588381767272949,48,10,46,1,11
1403637191.638383150100708,45,0,45,0,11
1403637191.688383579254150,47,1,43,2,11
1403637191.738385200500488,47,0,45,0,11
1403637191.788385868072510,46,6,43,2,11
1403637191.838383674621582,44,0,43,0,11
1403637191.888381719589233,43,1,40,3,11
1403637191.938379526138306,43,0,43,0,11
1403637191.988377571105957,42,1,42,0,11
1403637192.038378953933716,41,1,39,0,11
1403637192.088380098342896,43,0,38,3,11
1403637192.138379096984863,42,0,40,2,11
1403637192.188377618789673,45,0,40,4,11
1403637192.238375425338745,47,4,40,4,11
1403637192.288375139236450,45,1,42,0,11
1403637192.338373422622681,42,0,40,0,11
1403637192.388374805450439,47,2,39,6,11
1403637192.438374996185303,46,0,45,0,11
1403637192.488374710083008,46,1,45,1,11
1403637192.538373947143555,46,0,45,1,11
1403637192.588372945785522,49,4,46,3,11
1403637192.638372898101807,49,0,49,0,11
1403637192.688372850418091,48,0,48,0,11
1403637192.738373279571533,48,5,47,1,11
1403637192.788373231887817,49,1,48,1,11
1403637192.838373661041260,50,4,49,1,11
1403637192.888373851776123,50,1,50,0,11
1403637192.938374280929565,50,1,49,0,11
1403637192.988374710083008,50,5,48,0,11
1403637193.038375139236450,49,1,47,0,11
1403637193.088375568389893,47,2,46,0,11
1403637193.138376235961914,47,1,46,1,11
1403637193.188378334045410,50,1,46,3,11
1403637193.238379001617432,50,0,49,0,11
1403637193.288379669189453,49,0,49,0,11
1403637193.338379383087158,50,5,49,1,11
1403637193.388379335403442,48,1,46,0,11
1403637193.438376188278198,48,3,43,1,11
1403637193.488375902175903,46,2,44,0,11
1403637193.538376331329346,41,0,37,1,11
1403637193.588376760482788,41,0,33,4,11
1403637193.638378381729126,40,1,35,2,11
1403637193.688378095626831,41,1,36,3,11
1403637193.738379478454590,40,0,39,1,11
1403637193.788380146026611,42,0,38,3,11
1403637193.838379621505737,42,2,40,0,11
1403637193.888379096984863,41,0,38,0,11
1403637193.938379764556885,40,1,35,1,11
1403637193.988380193710327,40,1,33,5,11
1403637194.038382053375244,37,1,35,1,11
1403637194.088383913040161,39,0,35,3,11
1403637194.138381719589233,41,0,38,2,11
1403637194.188380241394043,41,0,40,0,11
1403637194.238380908966064,41,0,39,1,11
1403637194.288381814956665,40,1,38,0,11
1403637194.338382482528687,40,0,37,2,11
1403637194.388382673263550,38,1,37,0,11
1403637194.438383102416992,36,1,36,0,11
1403637194.488382339477539,34,0,34,0,11
1403637194.538381814956665,35,1,32,2,11
1403637194.588381767272949,35,0,33,1,11
1403637194.638381958007812,37,0,32,5,11
1403637194.688381671905518,37,1,37,0,11
1403637194.738381147384644,35,1,35,0,11
1403637194.788381338119507,35,0,35,0,11
1403637194.838381052017212,36,0,33,2,11
1403637194.888381004333496,37,1,34,3,11
1403637194.938380002975464,39,0,36,2,11
1403637194.988379001617432,38,2,36,0,11
1403637195.038378715515137,38,0,31,6,11
1403637195.088378190994263,37,1,36,0,11
1403637195.138377904891968,36,2,33,0,11
1403637195.188377380371094,36,0,32,1,11
1403637195.238376140594482,33,0,31,1,11
1403637195.288375854492188,35,0,31,2,11
1403637195.338374853134155,36,0,33,2,11
1403637195.388374567031860,35,0,34,1,11
1403637195.438374757766724,34,0,34,0,11
1403637195.488375186920166,33,3,31,0,11
1403637195.538377285003662,37,0,31,4,11
1403637195.588376760482788,47,0,35,12,11
1403637195.638376712799072,47,2,46,0,11
1403637195.688374996185303,48,0,44,2,11
1403637195.738374710083008,48,3,45,1,11
1403637195.788373708724976,49,4,46,2,11
1403637195.838372230529785,46,0,46,0,11
1403637195.888371706008911,43,0,43,0,11
1403637195.938370466232300,49,4,43,6,11
1403637195.988369941711426,48,0,47,0,11
1403637196.038369417190552,48,0,44,0,11
1403637196.088368892669678,47,2,43,0,11
1403637196.138367891311646,44,2,41,1,11
1403637196.188367843627930,44,2,41,1,11
1403637196.238368034362793,46,2,41,4,11
1403637196.288367986679077,45,3,43,0,11
1403637196.338367938995361,45,0,43,1,11
1403637196.388367414474487,48,4,41,4,11
1403637196.438366889953613,48,0,41,1,11
1403637196.488365650177002,47,3,40,2,11
1403637196.538365364074707,48,0,42,4,11
1403637196.588364601135254,47,3,44,2,11
1403637196.638363838195801,47,1,45,0,11
1403637196.688365936279297,47,3,42,2,11
1403637196.738365173339844,44,1,40,1,11
1403637196.788367271423340,43,2,35,1,11
1403637196.838367223739624,44,5,35,5,11
1403637196.888370513916016,41,1,38,1,11
1403637196.938371419906616,45,2,36,8,11
1403637196.988373041152954,44,3,42,1,11
1403637197.038374185562134,43,4,40,0,11
1403637197.088374853134155,41,1,36,2,11
1403637197.138377666473389,44,7,34,7,11
1403637197.188378572463989,41,1,33,2,11
1403637197.238379001617432,37,1,27,2,11
1403637197.288377285003662,38,5,22,6,11
1403637197.338377475738525,30,1,23,1,11
1403637197.388378858566284,32,4,23,6,11
1403637197.438380241394043,27,4,25,0,11
1403637197.488382101058960,28,6,21,1,11
1403637197.538383007049561,28,3,21,3,11
1403637197.588383913040161,24,1,19,1,11
1403637197.638382196426392,26,2,17,6,11
1403637197.688383340835571,23,5,15,3,11
1403637197.738384008407593,29,8,14,10,11
1403637197.788387298583984,26,5,22,0,11
1403637197.838390350341797,24,3,20,0,11
1403637197.888390541076660,24,2,18,3,11
1403637197.938389539718628,25,3,20,3,11
1403637197.988390445709229,28,3,19,8,11
1403637198.038388490676880,24,4,22,0,11
1403637198.088386774063110,27,3,21,5,11
1403637198.138386249542236,27,2,22,1,11
1403637198.188385725021362,28,3,22,3,11
1403637198.238385438919067,25,1,22,0,11
1403637198.288386821746826,36,3,19,13,11
1403637198.338387250900269,32,0,29,0,11
1403637198.388388156890869,29,3,28,0,11
1403637198.438388586044312,34,4,26,7,11
1403637198.488388776779175,32,3,32,0,11
1403637198.538389921188354,33,1,28,3,11
1403637198.588390588760376,34,0,28,3,11
1403637198.638390302658081,34,2,29,3,11
1403637198.688390016555786,37,2,31,5,11
1403637198.738389253616333,33,1,32,0,11
1403637198.788389444351196,40,8,28,8,11
1403637198.838391304016113,40,3,34,1,11
1403637198.888389825820923,44,3,31,8,11
1403637198.938390493392944,42,6,35,1,11
1403637198.988390922546387,38,5,33,0,11
1403637199.038389921188354,43,7,29,11,11
1403637199.088390350341797,41,0,39,0,11
1403637199.138391733169556,39,2,37,0,11
1403637199.188390016555786,39,4,34,0,11
1403637199.238388538360596,38,3,31,2,11
1403637199.288387060165405,38,4,30,5,11
1403637199.338384389877319,36,2,34,0,11
1403637199.388383150100708,30,2,27,0,11
1403637199.438384294509888,44,1,25,15,11
1403637199.488382577896118,41,1,40,0,11
1403637199.538381814956665,41,1,39,1,11
1403637199.588379621505737,40,1,37,1,11
1403637199.638379573822021,42,1,38,2,11
1403637199.688378095626831,39,8,36,0,11
1403637199.738378047943115,36,3,33,1,11
1403637199.788378715515137,47,7,31,13,11
1403637199.838377475738525,38,5,36,0,11
1403637199.888377666473389,34,6,31,0,11
1403637199.938376188278198,33,2,30,0,11
1403637199.988377332687378,36,4,26,6,11
1403637200.038378477096558,32,4,24,0,11
1403637200.088377952575684,26,2,21,0,11
1403637200.138378858566284,30,2,13,13,11
1403637200.188383817672729,36,2,23,13,11
1403637200.238387823104858,35,4,33,0,11
1403637200.288393259048462,33,1,30,0,11
1403637200.338399648666382,26,2,25,0,11
1403637200.388403654098511,25,1,24,0,11
1403637200.438406467437744,26,0,17,6,11
1403637200.488406658172607,22,1,22,0,11
1403637200.538401365280151,34,1,22,12,11
1403637200.588390111923218,42,5,29,12,11
1403637200.638381481170654,40,0,38,0,11
1403637200.688374042510986,38,1,31,0,11
1403637200.738362312316895,46,3,30,12,11
1403637200.788355588912964,43,2,41,1,11
1403637200.838340759277344,49,4,40,7,11
1403637200.888336896896362,48,1,46,0,11
1403637200.938334941864014,46,1,46,0,11
1403637200.988330364227295,50,14,44,4,11
1403637201.038328647613525,50,0,48,0,11
1403637201.088329076766968,48,0,46,0,11
1403637201.138329744338989,47,0,44,2,11
1403637201.188330888748169,49,29,44,2,11
1403637201.238332033157349,48,0,45,0,11
1403637201.288333892822266,47,1,44,1,11
1403637201.338338375091553,49,2,43,3,11
1403637201.388341426849365,48,0,44,1,11
1403637201.438345670700073,48,2,44,2,11
1403637201.488347530364990,47,0,46,0,11
1403637201.538349151611328,48,0,46,2,11
1403637201.588351726531982,48,11,46,2,11
1403637201.638352632522583,47,0,45,0,11
1403637201.688354492187500,47,0,45,0,11
1403637201.738355875015259,46,0,44,1,11
1403637201.788356065750122,49,26,45,3,11
1403637201.838357448577881,49,0,48,1,11
1403637201.888358354568481,49,0,47,0,11
1403637201.938358068466187,48,0,46,0,11
1403637201.988355398178101,47,0,46,1,11
1403637202.038347959518433,50,31,47,3,11
1403637202.088344812393188,50,1,50,0,11
1403637202.138342618942261,50,0,50,0,11
1403637202.188339710235596,47,9,47,0,11
1403637202.238338232040405,45,1,44,0,11
1403637202.288337469100952,45,0,43,0,11
1403637202.338335752487183,44,0,40,2,11
1403637202.388336658477783,43,7,40,0,11
1403637202.438337564468384,41,0,38,1,11
1403637202.488338708877563,40,0,39,1,11
1403637202.538340806961060,40,2,40,0,11
1403637202.588342189788818,41,2,40,1,11
1403637202.638345956802368,46,18,40,5,11
1403637202.688346147537231,47,0,45,1,11
1403637202.738345861434937,47,17,46,1,11
1403637202.788345098495483,46,8,45,1,11
1403637202.838344573974609,46,0,45,0,11
1403637202.888344049453735,46,0,45,0,11
1403637202.938343763351440,47,0,45,2,11
1403637202.988341808319092,48,9,46,2,11
1403637203.038341760635376,47,0,46,0,11
1403637203.088341474533081,47,0,46,0,11
1403637203.138341188430786,47,0,46,1,11
1403637203.188340425491333,47,0,47,0,11
1403637203.238339900970459,49,19,46,2,11
1403637203.288339853286743,49,0,48,0,11
1403637203.338337659835815,49,15,48,1,11
1403637203.388337373733521,49,8,49,0,11
1403637203.438336849212646,49,0,47,0,11
1403637203.488336563110352,49,0,48,0,11
1403637203.538336515426636,49,0,47,1,11
1403637203.588336229324341,48,7,48,0,11
1403637203.638335943222046,48,0,48,0,11
1403637203.688335418701172,48,1,47,0,11
1403637203.738335132598877,48,0,47,0,11
1403637203.788334846496582,48,0,47,1,11
1403637203.838335037231445,49,16,47,1,11
1403637203.888334989547729,49,1,48,0,11
1403637203.938335180282593,48,11,47,0,11
1403637203.988335132598877,48,8,46,0,11
1403637204.038335323333740,47,0,46,0,11
1403637204.088335275650024,47,0,46,1,11
1403637204.138335227966309,47,0,47,0,11
1403637204.188335418701172,48,4,47,1,11
1403637204.238335132598877,48,0,48,0,11
1403637204.288335323333740,48,0,47,0,11
1403637204.338334798812866,48,0,47,0,11
1403637204.388334512710571,47,0,47,0,11
1403637204.438334703445435,49,11,47,2,11
1403637204.488334417343140,49,0,49,0,11
1403637204.538334369659424,49,9,49,0,11
1403637204.588334321975708,49,4,49,0,11
1403637204.638334274291992,49,0,49,0,11
1403637204.688333988189697,49,0,49,0,11
1403637204.738333702087402,49,0,49,0,11
1403637204.788333654403687,49,2,49,0,11
1403637204.838332414627075,49,0,49,0,11
1403637204.888332366943359,49,0,49,0,11
1403637204.938332080841064,48,0,48,0,11
1403637204.988332033157349,48,0,47,0,11
1403637205.038332223892212,48,0,47,0,11
1403637205.088331460952759,47,0,47,0,11
1403637205.138330936431885,48,5,47,1,11
1403637205.188329935073853,48,4,48,0,11
1403637205.238329648971558,48,0,48,0,11
1403637205.288328886032104,48,0,48,0,11
1403637205.338327884674072,48,0,48,0,11
1403637205.388327121734619,48,2,48,0,11
1403637205.438326835632324,48,0,48,0,11
1403637205.488326072692871,48,0,48,0,11
1403637205.538326025009155,48,0,48,0,11
1403637205.588325977325439,48,0,48,0,11
1403637205.638325214385986,48,0,48,0,11
1403637205.688324689865112,48,0,48,0,11
1403637205.738324165344238,48,3,48,0,11
1403637205.788324594497681,48,0,48,0,11
1403637205.838324546813965,48,0,48,0,11
1403637205.888324260711670,48,0,47,0,11
1403637205.938324928283691,48,0,47,0,11
1403637205.988324403762817,48,0,47,1,11
1403637206.038323879241943,48,0,48,0,11
1403637206.088323593139648,48,0,48,0,11
1403637206.138323307037354,48,0,48,0,11
1403637206.188323020935059,48,0,48,0,11
1403637206.238322734832764,48,0,48,0,11
1403637206.288322687149048,48,0,48,0,11
1403637206.338322401046753,48,0,48,0,11
1403637206.388322353363037,48,0,48,0,11
1403637206.438321828842163,48,0,47,0,11
1403637206.488321304321289,48,0,47,0,11
1403637206.538321256637573,48,0,47,1,11
1403637206.588321924209595,48,0,48,0,11
1403637206.638322353363037,48,0,48,0,11
1403637206.688322067260742,48,0,48,0,11
1403637206.738322019577026,48,0,48,0,11
1403637206.788322210311890,48,0,48,0,11
1403637206.838322401046753,48,0,48,0,11
1403637206.888322830200195,48,0,48,0,11
1403637206.938322067260742,48,0,48,0,11
1403637206.988321781158447,48,0,48,0,11
1403637207.038322210311890,48,0,48,0,11
1403637207.088322162628174,48,0,47,0,11
1403637207.138322353363037,48,0,47,0,11
1403637207.188322305679321,47,0,46,1,11
1403637207.238322734832764,47,0,47,0,11
1403637207.288323163986206,47,0,47,0,11
1403637207.338323354721069,47,0,47,0,11
1403637207.388323307037354,47,0,47,0,11
1403637207.438323259353638,47,0,47,0,11
1403637207.488323211669922,47,0,46,0,11
1403637207.538323402404785,47,1,46,0,11
1403637207.588322877883911,47,0,46,1,11
1403637207.638322830200195,47,0,47,0,11
1403637207.688323020935059,47,0,47,0,11
1403637207.738323688507080,47,0,47,0,11
1403637207.788325786590576,47,0,47,0,11
1403637207.838327884674072,47,0,47,0,11
1403637207.888330936431885,47,0,46,0,11
1403637207.938332557678223,47,0,46,0,11
1403637207.988332748413086,46,0,46,0,11
1403637208.038333177566528,46,0,46,0,11
1403637208.088333129882812,46,0,46,0,11
1403637208.138332605361938,45,0,45,0,11
1403637208.188332796096802,46,0,44,1,11
1403637208.238332986831665,46,0,45,0,11
1403637208.288333415985107,46,0,45,1,11
1403637208.338333129882812,46,0,46,0,11
1403637208.388333082199097,46,0,46,0,11
1403637208.438333511352539,46,0,46,0,11
1403637208.488333463668823,45,0,45,0,11
1403637208.538333892822266,45,0,45,0,11
1403637208.588333845138550,45,0,45,0,11
1403637208.638333797454834,45,2,45,0,11
1403637208.688333511352539,45,0,45,0,11
1403637208.738333702087402,45,2,45,0,11
1403637208.788333892822266,45,0,45,0,11
1403637208.838333845138550,45,0,45,0,11
1403637208.888333559036255,45,0,45,0,11
1403637208.938333272933960,45,0,45,0,11
1403637208.988333225250244,45,0,45,0,11
1403637209.038332939147949,45,0,44,0,11
1403637209.088333368301392,45,0,44,0,11
1403637209.138333797454834,45,0,44,1,11
1403637209.188334465026855,45,0,45,0,11
1403637209.238333702087402,45,5,45,0,11
1403637209.288333654403687,45,0,45,0,11
1403637209.338334321975708,45,6,45,0,11
1403637209.388334035873413,45,0,45,0,11
1403637209.438334703445435,45,0,44,0,11
1403637209.488335609436035,45,0,44,0,11
1403637209.538336515426636,45,0,44,1,11
1403637209.588337182998657,45,0,45,0,11
1403637209.638337373733521,45,0,45,0,11
1403637209.688337564468384,45,0,45,0,11
1403637209.738337755203247,45,0,45,0,11
1403637209.788338184356689,45,0,44,0,11
1403637209.838338851928711,47,2,44,2,11
1403637209.888338327407837,47,0,46,1,11
1403637209.938337564468384,47,1,47,0,11
1403637209.988337278366089,47,1,47,0,11
1403637210.038337230682373,46,0,46,0,11
1403637210.088336706161499,44,0,44,0,11
1403637210.138336658477783,43,0,43,0,11
1403637210.188336372375488,42,4,42,0,11
1403637210.238336324691772,42,0,41,0,11
1403637210.288336515426636,41,0,40,0,11
1403637210.338336944580078,41,0,39,1,11
1403637210.388338088989258,40,0,37,1,11
1403637210.438340425491333,49,11,38,10,11
1403637210.488343477249146,48,0,47,1,11
1403637210.538347005844116,49,9,48,1,11
1403637210.588349342346191,49,7,48,0,11
1403637210.638350486755371,50,2,48,1,11
1403637210.688349962234497,49,3,48,1,11
1403637210.738349199295044,49,4,49,0,11
1403637210.788348674774170,49,7,48,0,11
1403637210.838349342346191,49,2,48,0,11
1403637210.888349294662476,49,13,46,2,11
1403637210.938349723815918,49,0,46,0,11
1403637210.988349676132202,50,0,46,2,11
1403637211.038349866867065,47,13,46,0,11
1403637211.088350057601929,46,2,45,0,11
1403637211.138351440429688,46,7,43,2,11
1403637211.188351392745972,46,5,42,2,11
1403637211.238351345062256,44,1,41,0,11
1403637211.288351774215698,42,0,39,0,11
1403637211.338351726531982,39,1,37,1,11
1403637211.388352632522583,43,5,37,5,11
1403637211.438353538513184,42,1,40,0,11
1403637211.488356351852417,47,0,40,6,11
1403637211.538358926773071,45,0,44,0,11
1403637211.588360071182251,45,1,43,0,11
1403637211.638361692428589,47,4,38,5,11
1403637211.688363552093506,45,12,38,2,11
1403637211.738365411758423,46,4,39,5,11
1403637211.788365364074707,45,2,43,2,11
1403637211.838363647460938,44,0,43,0,11
1403637211.888362884521484,43,0,40,0,11
1403637211.938362121582031,40,1,37,0,11
1403637211.988360404968262,39,0,35,2,11
1403637212.038360118865967,37,2,34,0,11
1403637212.088360071182251,35,4,32,0,11
1403637212.138360977172852,33,3,29,0,11
1403637212.188359498977661,36,4,25,9,11
1403637212.238359689712524,32,1,30,1,11
1403637212.288359403610229,35,3,28,4,11
1403637212.338358640670776,34,1,31,0,11
1403637212.388358592987061,33,1,27,4,11
1403637212.438358545303345,36,1,29,5,11
1403637212.488358259201050,33,4,30,1,11
1403637212.538357257843018,32,1,30,0,11
1403637212.588356494903564,36,3,29,6,11
1403637212.638355016708374,35,1,33,0,11
1403637212.688353776931763,40,0,31,6,11
1403637212.738353252410889,38,0,33,1,11
1403637212.788351297378540,40,3,33,4,11
1403637212.838351011276245,36,1,31,2,11
1403637212.888349771499634,35,0,27,3,11
1403637212.938348293304443,33,2,28,1,11
1403637212.988347291946411,32,3,29,1,11
1403637213.038345336914062,27,2,25,0,11
1403637213.088343858718872,28,1,22,3,11
1403637213.138342380523682,26,3,23,0,11
1403637213.188341617584229,27,2,22,2,11
1403637213.238341569900513,25,1,23,1,11
1403637213.288341045379639,25,7,24,1,11
1403637213.338340997695923,23,0,22,1,11
1403637213.388339757919312,26,3,22,4,11
1403637213.438339710235596,31,0,21,7,11
1403637213.488339185714722,37,1,27,7,11
1403637213.538339853286743,34,2,32,1,11
1403637213.588338613510132,38,2,31,5,11
1403637213.638337850570679,35,2,33,1,11
1403637213.688336849212646,35,1,32,0,11
1403637213.738335847854614,38,3,30,5,11
1403637213.788335084915161,35,2,33,1,11
1403637213.838333845138550,31,1,30,0,11
1403637213.888334751129150,34,1,30,3,11
1403637213.938334941864014,33,2,32,0,11
1403637213.988336086273193,33,3,31,0,11
1403637214.038336753845215,33,1,30,1,11
1403637214.088336467742920,33,6,30,1,11
1403637214.138338565826416,37,2,31,5,11
1403637214.188337802886963,37,1,35,2,11
1403637214.238337516784668,37,0,36,1,11
1403637214.288336753845215,38,0,37,1,11
1403637214.338335990905762,39,3,34,1,11
1403637214.388335466384888,40,3,31,3,11
1403637214.438334941864014,37,5,32,3,11
1403637214.488333940505981,35,2,34,0,11
1403637214.538334131240845,35,0,28,2,11
1403637214.588333606719971,34,1,28,0,11
1403637214.638333082199097,31,4,28,1,11
1403637214.688333034515381,27,1,25,0,11
1403637214.738333225250244,29,1,22,5,11
1403637214.788333177566528,35,1,23,8,11
1403637214.838333606719971,34,1,30,0,11
1403637214.888333797454834,29,0,29,0,11
1403637214.938333749771118,33,0,28,4,11
1403637214.988332509994507,40,0,32,7,11
1403637215.038330554962158,47,0,38,8,11
1403637215.088330507278442,46,1,43,0,11
1403637215.138328790664673,50,13,42,4,11
1403637215.188328981399536,47,0,43,0,11
1403637215.238330841064453,48,0,44,2,11
1403637215.288330793380737,47,6,45,1,11
1403637215.338331222534180,47,2,45,1,11
1403637215.388331174850464,48,3,44,3,11
1403637215.438330650329590,47,2,46,0,11
1403637215.488327264785767,49,2,45,2,11
1403637215.538326740264893,47,3,42,0,11
1403637215.588328361511230,48,18,40,2,11
1403637215.638328075408936,44,0,40,0,11
1403637215.688328266143799,42,0,40,0,11
1403637215.738329410552979,47,0,37,8,11
1403637215.788330078125000,47,2,42,1,11
1403637215.838331222534180,42,1,40,0,11
1403637215.888331413269043,46,2,40,6,11
1403637215.938331127166748,45,1,45,0,11
1403637215.988330364227295,43,4,41,2,11
1403637216.038329839706421,43,0,42,0,11
1403637216.088327884674072,42,2,40,0,11
1403637216.138327360153198,45,13,37,8,11
1403637216.188324213027954,45,4,40,3,11
1403637216.238323211669922,46,1,40,1,11
1403637216.288322687149048,43,1,39,0,11
1403637216.338322162628174,39,0,37,1,11
1403637216.388320207595825,38,1,36,0,11
1403637216.438318967819214,37,0,35,1,11
1403637216.488319635391235,49,7,36,12,11
1403637216.538319826126099,46,0,45,0,11
1403637216.588320255279541,46,2,44,0,11
1403637216.638320446014404,45,0,44,0,11
1403637216.688320875167847,44,0,44,0,11
1403637216.738320589065552,50,6,44,6,11
1403637216.788320541381836,50,3,48,0,11
1403637216.838320255279541,50,0,48,0,11
1403637216.888321161270142,48,25,48,0,11
1403637216.938322067260742,50,0,48,2,11
1403637216.988324403762817,50,0,50,0,11
1403637217.038326978683472,50,0,50,0,11
1403637217.088328838348389,50,6,49,0,11
1403637217.138329267501831,49,0,48,0,11
1403637217.188328981399536,48,0,48,0,11
1403637217.238328456878662,49,0,46,1,11
1403637217.288328647613525,50,0,47,1,11
1403637217.338326692581177,48,5,48,0,11
1403637217.388326406478882,50,1,48,2,11
1403637217.438326358795166,50,0,49,0,11
1403637217.488327264785767,50,21,49,0,11
1403637217.538327932357788,49,0,47,0,11
1403637217.588328123092651,49,0,46,0,11
1403637217.638328790664673,47,0,46,0,11
1403637217.688328742980957,48,3,45,2,11
1403637217.738328695297241,48,1,47,0,11
1403637217.788327932357788,48,1,46,1,11
1403637217.838325500488281,47,0,45,0,11
1403637217.888319969177246,44,0,44,0,11
1403637217.938317775726318,43,1,42,1,11
1403637217.988315820693970,42,2,42,0,11
1403637218.038316249847412,42,0,42,0,11
1403637218.088312864303589,46,15,40,6,11
1403637218.138311624526978,47,0,45,1,11
1403637218.188310861587524,45,1,43,0,11
1403637218.238308191299438,46,1,43,2,11
1403637218.288300514221191,47,29,43,3,11
1403637218.338299512863159,47,0,45,0,11
1403637218.388299226760864,47,0,45,1,11
1403637218.438298463821411,46,0,44,0,11
1403637218.488298416137695,47,0,42,2,11
1403637218.538298368453979,46,0,44,1,11
1403637218.588297605514526,45,1,45,0,11
1403637218.638297080993652,45,1,44,0,11
1403637218.688296556472778,47,7,44,2,11
1403637218.738296270370483,45,0,44,0,11
1403637218.788296461105347,45,1,45,0,11
1403637218.838296890258789,45,2,43,1,11
1403637218.888296365737915,50,17,44,5,11
1403637218.938296079635620,49,1,48,0,11
1403637218.988296985626221,49,1,47,0,11
1403637219.038296937942505,49,2,46,1,11
1403637219.088297128677368,48,3,46,0,11
1403637219.138299226760864,47,2,44,0,11
1403637219.188300371170044,47,0,42,1,11
1403637219.238299131393433,45,13,41,3,11
1403637219.288299560546875,45,3,44,1,11
1403637219.338300228118896,44,0,41,0,11
1403637219.388299942016602,44,0,41,0,11
1403637219.438297271728516,41,1,40,0,11
1403637219.488290786743164,48,3,37,8,11
1403637219.538285493850708,47,0,41,0,11
1403637219.588281154632568,45,2,40,0,11
1403637219.638281822204590,40,2,39,0,11
1403637219.688283681869507,40,3,39,1,11
1403637219.738284111022949,41,2,40,1,11
1403637219.788284301757812,41,0,38,1,11
1403637219.838289976119995,46,2,39,5,11
1403637219.888293027877808,45,1,43,2,11
1403637219.938298940658569,49,9,45,4,11
1403637219.988302469253540,49,0,49,0,11
1403637220.038305044174194,49,1,47,0,11
1403637220.088306188583374,50,3,46,1,11
1403637220.138306140899658,48,1,45,0,11
1403637220.188306570053101,47,0,45,0,11
1403637220.238306999206543,46,0,44,1,11
1403637220.288306713104248,47,0,44,1,11
1403637220.338305950164795,46,0,45,0,11
1403637220.388305664062500,45,0,45,0,11
1403637220.438305377960205,47,0,43,2,11
1403637220.488306045532227,47,1,44,0,11
1403637220.538306474685669,48,13,44,3,11
1403637220.588306188583374,46,0,45,0,11
1403637220.638306140899658,48,0,45,2,11
1403637220.688305616378784,47,0,45,0,11
1403637220.738305330276489,50,1,44,3,11
1403637220.788304328918457,48,5,45,0,11
1403637220.838304758071899,48,4,45,1,11
1403637220.888304471969604,46,3,45,0,11
1403637220.938304901123047,46,1,44,1,11
1403637220.988305330276489,45,2,44,0,11
1403637221.038306236267090,45,0,44,0,11
1403637221.088307380676270,44,0,43,1,11
1403637221.138309001922607,48,7,44,4,11
1403637221.188310861587524,50,31,48,2,11
1403637221.238311052322388,50,0,50,0,11
1403637221.288311243057251,50,1,50,0,11
1403637221.338310956954956,49,1,49,0,11
1403637221.388308763504028,49,2,47,1,11
1403637221.438308715820312,47,2,47,0,11
1403637221.488306999206543,47,1,47,0,11
1403637221.538305759429932,45,0,44,0,11
1403637221.588305950164795,45,0,43,0,11
1403637221.638305425643921,44,0,42,0,11
1403637221.688304901123047,43,0,42,0,11
1403637221.738304615020752,47,2,42,5,11
1403637221.788303613662720,50,22,47,3,11
1403637221.838302850723267,50,0,49,0,11
1403637221.888303518295288,49,1,49,0,11
1403637221.938303470611572,49,0,48,0,11
1403637221.988304138183594,49,1,47,0,11
1403637222.038303852081299,47,1,46,0,11
1403637222.088304996490479,47,0,45,1,11
1403637222.138305425643921,47,0,44,0,11
1403637222.188305377960205,46,0,44,0,11
1403637222.238304376602173,44,0,44,0,11
1403637222.288303375244141,45,0,44,1,11
1403637222.338300943374634,46,0,43,2,11
1403637222.388299465179443,48,13,43,3,11
1403637222.438297986984253,47,0,46,0,11
1403637222.488296985626221,47,2,46,1,11
1403637222.538296699523926,47,0,46,0,11
1403637222.588296890258789,47,2,46,0,11
1403637222.638298511505127,45,1,45,0,11
1403637222.688298225402832,45,0,44,1,11
1403637222.738300561904907,45,0,45,0,11
1403637222.788303375244141,45,0,44,0,11
1403637222.838304042816162,44,0,43,0,11
1403637222.888305902481079,43,0,43,0,11
1403637222.938307523727417,42,0,42,0,11
1403637222.988308668136597,44,17,42,2,11
1403637223.038307905197144,46,8,44,2,11
1403637223.088308095932007,46,0,46,0,11
1403637223.138309240341187,46,0,46,0,11
1403637223.188310861587524,46,0,46,0,11
1403637223.238313436508179,46,0,46,0,11
1403637223.288315296173096,46,0,46,0,11
1403637223.338316679000854,46,0,46,0,11
1403637223.388317108154297,45,0,43,0,11
1403637223.438317537307739,45,0,42,0,11
1403637223.488317489624023,45,0,42,2,11
1403637223.538317441940308,44,1,44,0,11
1403637223.588313817977905,45,17,44,1,11
1403637223.638312816619873,46,7,45,1,11
1403637223.688313007354736,46,0,46,0,11
1403637223.738313436508179,46,0,46,0,11
1403637223.788313627243042,46,0,46,0,11
1403637223.838314056396484,46,1,46,0,11
1403637223.888314247131348,46,0,46,0,11
1403637223.938314437866211,46,0,46,0,11
1403637223.988314628601074,46,0,46,0,11
1403637224.038315296173096,46,0,46,0,11
1403637224.088315010070801,46,0,46,0,11
1403637224.138315677642822,46,0,46,0,11
1403637224.188315629959106,46,11,46,0,11
1403637224.238315582275391,46,3,46,0,11
1403637224.288316011428833,46,0,46,0,11
1403637224.338315963745117,46,0,46,0,11
1403637224.388316154479980,46,0,46,0,11
1403637224.438316106796265,46,0,46,0,11
1403637224.488315820693970,46,0,46,0,11
1403637224.538316011428833,46,0,46,0,11
1403637224.588315963745117,46,0,46,0,11
1403637224.638315439224243,46,0,46,0,11
1403637224.688314914703369,46,0,46,0,11
1403637224.738314628601074,46,0,46,0,11
1403637224.788314342498779,46,11,46,0,11
1403637224.838314533233643,46,2,46,0,11
1403637224.888314485549927,46,0,46,0,11
1403637224.938314199447632,46,0,46,0,11
1403637224.988314151763916,46,0,46,0,11
1403637225.038314104080200,46,0,46,0,11
1403637225.088314294815063,46,0,46,0,11
1403637225.138314485549927,46,0,46,0,11
1403637225.188314199447632,46,0,46,0,11
1403637225.238314390182495,46,0,45,0,11
1403637225.288315534591675,46,0,45,0,11
1403637225.338315010070801,46,0,45,1,11
1403637225.388315200805664,46,9,46,0,11
1403637225.438315629959106,47,3,46,1,11
1403637225.488315343856812,47,0,47,0,11
1403637225.538315773010254,47,0,46,0,11
1403637225.588315963745117,47,0,46,0,11
1403637225.638316392898560,46,0,46,0,11
1403637225.688316583633423,46,0,45,0,11
1403637225.738316774368286,46,0,44,0,11
1403637225.788316965103149,45,0,44,0,11
1403637225.838316679000854,45,0,44,1,11
1403637225.888315439224243,45,0,45,0,11
1403637225.938313484191895,45,0,44,0,11
1403637225.988310098648071,46,9,43,1,11
1403637226.038309097290039,46,3,42,1,11
1403637226.088308334350586,45,0,43,0,11
1403637226.138308525085449,42,0,41,0,11
1403637226.188307285308838,42,0,40,0,11
1403637226.238310575485229,44,0,40,3,11
1403637226.288314104080200,43,0,39,0,11
1403637226.338319301605225,43,0,39,0,11
1403637226.388323068618774,43,0,39,4,11
1403637226.438326120376587,43,0,43,0,11
1403637226.488329887390137,43,0,43,0,11
1403637226.538331747055054,42,0,42,0,11
1403637226.588337659835815,44,10,42,2,11
1403637226.638337373733521,46,1,44,2,11
1403637226.688336849212646,46,0,45,0,11
1403637226.738336801528931,48,0,45,2,11
1403637226.788336992263794,47,0,47,0,11
1403637226.838336944580078,47,0,46,0,11
1403637226.888337612152100,47,0,44,0,11
1403637226.938337802886963,46,0,44,1,11
1403637226.988338708877563,46,0,45,1,11
1403637227.038338661193848,47,0,46,1,11
1403637227.088338851928711,47,0,46,0,11
1403637227.138339042663574,46,0,46,0,11
1403637227.188339471817017,46,17,45,0,11
1403637227.238339900970459,47,0,45,1,11
1403637227.288339853286743,46,0,46,0,11
1403637227.338339805603027,46,0,43,0,11
1403637227.388339042663574,47,0,43,1,11
1403637227.438338279724121,45,0,44,1,11
1403637227.488337755203247,45,0,45,0,11
1403637227.538336753845215,45,0,45,0,11
1403637227.588337182998657,46,0,45,1,11
1403637227.638336420059204,46,0,46,0,11
1403637227.688336610794067,45,0,45,0,11
1403637227.738335609436035,45,0,45,0,11
1403637227.788335323333740,45,10,45,0,11
1403637227.838335990905762,45,0,44,0,11
1403637227.888337850570679,45,0,44,0,11
1403637227.938338041305542,44,0,44,0,11
1403637227.988338470458984,43,0,42,0,11
1403637228.038338422775269,43,0,42,0,11
1403637228.088338613510132,42,0,41,0,11
1403637228.138338565826416,42,0,40,0,11
1403637228.188337564468384,41,0,40,0,11
1403637228.238337516784668,41,0,40,1,11
1403637228.288336992263794,41,0,41,0,11
1403637228.338336706161499,41,0,40,0,11
1403637228.388335466384888,41,8,40,0,11
1403637228.438335418701172,40,0,40,0,11
1403637228.488335371017456,39,0,39,0,11
1403637228.538335800170898,39,0,39,0,11
1403637228.588335037231445,39,0,39,0,11
1403637228.638334751129150,39,0,39,0,11
1403637228.688334226608276,39,0,39,0,11
1403637228.738334417343140,39,0,39,0,11
1403637228.788334608078003,39,0,39,0,11
1403637228.838334560394287,39,0,39,0,11
1403637228.888334751129150,39,0,39,0,11
1403637228.938334703445435,39,0,39,0,11
1403637228.988335132598877,41,9,39,2,11
1403637229.038335561752319,41,0,41,0,11
1403637229.088336706161499,41,0,41,0,11
1403637229.138337135314941,41,0,40,0,11
1403637229.188337564468384,42,0,40,1,11
1403637229.238337516784668,42,0,41,1,11
1403637229.288337469100952,42,0,41,0,11
1403637229.338337421417236,42,0,41,0,11
1403637229.388337850570679,41,0,40,1,11
1403637229.438338518142700,41,0,40,0,11
1403637229.488338708877563,41,0,38,0,11
1403637229.538339138031006,41,0,37,1,11
1403637229.588340759277344,40,8,38,1,11
1403637229.638340473175049,40,0,35,1,11
1403637229.688340663909912,41,0,35,1,11
1403637229.738340377807617,39,0,36,2,11
1403637229.788340091705322,38,0,36,0,11
1403637229.838340282440186,39,0,35,1,11
1403637229.888339281082153,38,0,36,0,11
1403637229.938338041305542,36,0,34,0,11
1403637229.988337039947510,35,0,32,1,11
1403637230.038337230682373,34,1,32,1,11
1403637230.088337898254395,35,0,32,1,11
1403637230.138337850570679,33,0,33,0,11
1403637230.188338994979858,40,0,32,7,11
1403637230.238340616226196,41,1,38,1,11
1403637230.288342714309692,40,0,38,0,11
1403637230.338344812393188,39,1,38,0,11
1403637230.388347387313843,38,0,38,0,11
1403637230.438350200653076,38,0,38,0,11
1403637230.488353013992310,38,0,38,0,11
1403637230.538354635238647,39,0,38,1,11
1403637230.588355064392090,39,0,39,0,11
1403637230.638355016708374,39,0,39,0,11
1403637230.688352823257446,42,3,39,3,11
1403637230.738353013992310,42,0,41,0,11
1403637230.788353681564331,42,0,40,0,11
1403637230.838354110717773,42,0,39,1,11
1403637230.888354539871216,37,1,36,1,11
1403637230.938354253768921,37,0,36,0,11
1403637230.988353729248047,36,0,35,0,11
1403637231.038354635238647,30,0,27,1,11
1403637231.088354825973511,27,1,25,1,11
1403637231.138355255126953,21,0,21,0,11
1403637231.188356637954712,18,0,18,0,11
1403637231.238358020782471,14,0,14,0,11
1403637231.288359403610229,13,0,11,2,11
1403637231.338360309600830,10,0,9,0,11
1403637231.388361215591431,7,0,5,1,11
1403637231.438361167907715,5,0,4,0,11
1403637231.488360881805420,3,0,3,0,11
1403637231.538360595703125,3,0,3,0,11
1403637231.588360309600830,3,1,3,0,11
1403637231.638360023498535,3,1,3,0,11
1403637231.688359022140503,13,0,3,10,11
1403637231.738358736038208,13,0,12,0,11
1403637231.788358211517334,13,1,12,0,11
1403637231.838357210159302,12,2,12,0,11
1403637231.888357400894165,27,0,11,16,11
1403637231.938357353210449,32,4,24,6,11
1403637231.988357305526733,32,1,28,2,11
1403637232.038355827331543,27,1,24,0,11
1403637232.088353633880615,28,0,23,4,11
1403637232.138352870941162,26,1,25,0,11
1403637232.188352346420288,26,0,23,2,11
1403637232.238353729248047,22,0,22,0,11
1403637232.288353919982910,33,1,21,12,11
1403637232.338355064392090,31,0,30,0,11
1403637232.388355970382690,30,0,28,1,11
1403637232.438357353210449,29,0,27,1,11
1403637232.488357543945312,26,0,26,0,11
1403637232.538357496261597,26,0,24,2,11
1403637232.588357448577881,26,0,26,0,11
1403637232.638357639312744,30,2,25,5,11
1403637232.688357353210449,40,1,28,12,11
1403637232.738357067108154,40,0,40,0,11
1403637232.788356781005859,42,0,40,2,11
1403637232.838355779647827,41,0,40,0,11
1403637232.888355255126953,44,2,38,3,11
1403637232.938355922698975,41,7,40,0,11
1403637232.988354444503784,46,9,38,7,11
1403637233.038354396820068,44,0,43,0,11
1403637233.088353872299194,44,0,43,0,11
1403637233.138353347778320,41,1,40,1,11
1403637233.188353061676025,41,0,41,0,11
1403637233.238352298736572,43,1,40,2,11
1403637233.288351535797119,46,2,42,3,11
1403637233.338352441787720,47,4,45,2,11
1403637233.388351678848267,47,1,44,1,11
1403637233.438351154327393,44,0,41,0,11
1403637233.488349914550781,43,5,39,0,11
1403637233.538347721099854,44,7,38,5,11
1403637233.588341951370239,45,10,37,6,11
1403637233.638341188430786,47,7,40,5,11
1403637233.688339948654175,45,1,45,0,11
1403637233.738338470458984,44,3,43,0,11
1403637233.788340568542480,43,3,41,0,11
1403637233.838342905044556,40,3,39,0,11
1403637233.888344526290894,37,1,37,0,11
1403637233.938346862792969,39,1,36,3,11
1403637233.988348245620728,39,0,37,0,11
1403637234.038349151611328,38,2,36,0,11
1403637234.088349103927612,35,2,34,0,11
1403637234.138351202011108,41,0,32,6,11
1403637234.188351154327393,45,5,35,7,11
1403637234.238352298736572,46,0,39,4,11
1403637234.288353204727173,43,0,40,1,11
1403637234.338351726531982,48,0,40,7,11
1403637234.388351440429688,45,1,45,0,11
1403637234.438349723815918,50,6,44,5,11
1403637234.488349676132202,49,1,45,0,11
1403637234.538350582122803,49,1,43,2,11
1403637234.588350772857666,45,2,42,0,11
1403637234.638350725173950,44,3,42,0,11
1403637234.688351869583130,47,2,42,5,11
1403637234.738352060317993,47,3,40,3,11
1403637234.788352489471436,44,2,40,0,11
1403637234.838351964950562,41,1,37,0,11
1403637234.888352394104004,39,2,35,2,11
1403637234.938353061676025,35,0,31,2,11
1403637234.988351821899414,37,0,29,5,11
1403637235.038351297378540,37,1,30,3,11
1403637235.088348150253296,37,1,30,2,11
1403637235.138348102569580,36,1,30,3,11
1403637235.188344955444336,39,1,30,6,11
1403637235.238343954086304,38,1,35,0,11
1403637235.288341522216797,36,4,34,1,11
1403637235.338335514068604,42,1,33,7,11
1403637235.388332605361938,42,1,40,1,11
1403637235.438328981399536,48,1,40,7,11
1403637235.488328933715820,48,2,44,2,11
1403637235.538329601287842,49,5,46,2,11
1403637235.588330745697021,47,2,46,0,11
1403637235.638333559036255,46,2,42,1,11
1403637235.688335895538330,49,3,41,4,11
1403637235.738339424133301,46,3,43,0,11
1403637235.788342952728271,42,3,41,0,11
1403637235.838344097137451,43,5,38,4,11
1403637235.888343572616577,44,2,38,2,11
1403637235.938344717025757,45,7,34,6,11
1403637235.988345146179199,40,2,38,1,11
1403637236.038346767425537,38,0,36,1,11
1403637236.088348388671875,37,2,36,0,11
1403637236.138348817825317,44,3,32,10,11
1403637236.188348531723022,41,3,38,0,11
1403637236.238348960876465,38,3,33,0,11
1403637236.288349628448486,39,5,33,2,11
1403637236.338350296020508,36,3,32,2,11
1403637236.388350963592529,36,5,29,1,11
1403637236.438350915908813,31,4,29,0,11
1403637236.488350629806519,29,4,26,1,11
1403637236.538350820541382,29,2,25,2,11
1403637236.588350534439087,37,2,25,11,11
1403637236.638350486755371,36,1,36,0,11
1403637236.688351631164551,43,7,34,7,11
1403637236.738352775573730,41,2,38,0,11
1403637236.788353443145752,37,3,33,1,11
1403637236.838354349136353,34,3,33,0,11
1403637236.888357400894165,40,3,30,9,11
1403637236.938358306884766,38,5,35,0,11
1403637236.988359451293945,32,4,31,1,11
1403637237.038359165191650,37,2,27,8,11
1403637237.088359117507935,33,3,29,1,11
1403637237.138358592987061,28,4,26,1,11
1403637237.188356399536133,37,3,23,12,11
1403637237.238354682922363,36,4,31,0,11
1403637237.288354158401489,34,0,31,0,11
1403637237.338353633880615,31,3,31,0,11
1403637237.388356924057007,40,2,31,9,11
1403637237.438357830047607,43,3,35,3,11
1403637237.488358497619629,42,0,33,0,11
1403637237.538360595703125,43,8,27,8,11
1403637237.588360309600830,38,0,33,0,11
1403637237.638358354568481,35,5,33,1,11
1403637237.688355207443237,38,2,32,4,11
1403637237.738354206085205,37,2,33,0,11
1403637237.788354635238647,36,1,32,3,11
1403637237.838356018066406,40,1,35,5,11
1403637237.888357162475586,40,1,37,1,11
1403637237.938359737396240,47,1,37,7,11
1403637237.988360166549683,46,0,44,1,11
1403637238.038360357284546,45,0,45,0,11
1403637238.088360786437988,50,14,45,5,11
1403637238.138361692428589,50,8,48,0,11
1403637238.188360452651978,50,2,48,0,11
1403637238.238359451293945,48,3,47,0,11
1403637238.288357973098755,49,0,46,1,11
1403637238.338356494903564,48,0,47,0,11
1403637238.388352394104004,49,16,45,2,11
1403637238.438351392745972,48,0,45,0,11
1403637238.488350629806519,46,0,45,0,11
1403637238.538350343704224,45,0,44,0,11
1403637238.588348388671875,46,1,44,1,11
1403637238.638344526290894,45,0,45,0,11
1403637238.688337087631226,47,7,42,4,11
1403637238.738331794738770,47,1,43,1,11
1403637238.788329124450684,48,1,43,2,11
1403637238.838326930999756,47,1,43,1,11
1403637238.888326168060303,46,0,43,0,11
1403637238.938325405120850,42,1,37,0,11
1403637238.988322019577026,47,9,37,8,11
1403637239.038320064544678,44,2,44,0,11
1403637239.088315963745117,46,2,44,2,11
1403637239.138314485549927,46,0,44,1,11
1403637239.188313484191895,46,2,46,0,11
1403637239.238312005996704,44,1,43,1,11
1403637239.288310289382935,47,2,40,6,11
1403637239.338313579559326,47,22,45,1,11
1403637239.388312816619873,47,3,45,2,11
1403637239.438311338424683,46,1,43,3,11
1403637239.488310575485229,43,4,41,1,11
1403637239.538310050964355,42,2,40,1,11
1403637239.588309288024902,44,2,40,4,11
1403637239.638308286666870,42,3,40,1,11
1403637239.688307523727417,37,6,36,0,11
1403637239.738306999206543,32,5,31,0,11
1403637239.788306951522827,27,5,26,0,11
1403637239.838306903839111,21,4,20,0,11
1403637239.888307094573975,17,2,16,0,11
1403637239.938308238983154,27,6,11,15,11
1403637239.988307237625122,47,4,25,21,11
1403637240.038306236267090,43,0,41,1,11
1403637240.088305950164795,38,1,35,0,11
1403637240.138304948806763,34,3,32,0,11
1403637240.188303709030151,30,2,27,0,11
1403637240.238305091857910,31,2,24,4,11
1403637240.288311958312988,41,5,27,13,11
1403637240.338313579559326,39,0,36,0,11
1403637240.388316631317139,37,0,33,0,11
1403637240.438318252563477,34,4,33,0,11
1403637240.488320589065552,40,5,32,7,11
1403637240.538319587707520,39,3,34,0,11
1403637240.588317155838013,38,3,33,0,11
1403637240.638315200805664,44,2,33,10,11
1403637240.688313484191895,46,8,41,4,11
1403637240.738311767578125,45,1,44,0,11
1403637240.788311243057251,44,1,44,0,11
1403637240.838309288024902,40,2,39,1,11
1403637240.888307809829712,39,1,39,0,11
1403637240.938309192657471,44,1,36,7,11
1403637240.988309860229492,43,0,42,0,11
1403637241.038311481475830,44,0,38,4,11
1403637241.088312864303589,41,2,35,0,11
1403637241.138315677642822,43,0,33,6,11
1403637241.188316822052002,39,2,37,1,11
1403637241.238318443298340,44,2,34,6,11
1403637241.288320541381836,43,3,36,2,11
1403637241.338321924209595,39,0,36,0,11
1403637241.388322830200195,36,2,35,1,11
1403637241.438324213027954,41,1,36,5,11
1403637241.488324403762817,41,0,39,0,11
1403637241.538325071334839,40,1,34,1,11
1403637241.588324785232544,40,0,32,5,11
1403637241.638324975967407,36,3,35,0,11
1403637241.688325405120850,31,0,29,0,11
1403637241.738325834274292,29,1,28,0,11
1403637241.788326501846313,31,0,28,2,11
1403637241.838328599929810,34,4,27,5,11
1403637241.888329744338989,36,2,30,3,11
1403637241.938330411911011,33,1,30,1,11
1403637241.988331317901611,36,0,30,4,11
1403637242.038331508636475,32,3,31,0,11
1403637242.088329553604126,40,0,31,8,11
1403637242.138326644897461,39,0,36,1,11
1403637242.188322782516479,39,1,35,2,11
1403637242.238322496414185,37,0,37,0,11
1403637242.288322925567627,43,0,36,6,11
1403637242.338320970535278,45,0,39,4,11
1403637242.388319969177246,48,0,41,5,11
1403637242.438319921493530,48,3,45,1,11
1403637242.488320827484131,45,1,45,0,11
1403637242.538321733474731,47,0,44,2,11
1403637242.588323593139648,47,2,46,0,11
1403637242.638325452804565,47,0,46,1,11
1403637242.688327789306641,47,3,47,0,11
1403637242.738329648971558,47,0,47,0,11
1403637242.788332223892212,49,0,42,2,11
1403637242.838337659835815,49,1,41,1,11
1403637242.888338804244995,48,0,35,6,11
1403637242.938339710235596,46,2,36,1,11
1403637242.988340377807617,46,4,35,5,11
1403637243.038341045379639,44,6,38,4,11
1403637243.088341236114502,44,0,41,1,11
1403637243.138336658477783,49,1,43,6,11
1403637243.188334226608276,49,0,48,0,11
1403637243.238331556320190,49,1,47,1,11
1403637243.288331747055054,49,2,48,0,11
1403637243.338331460952759,50,4,46,1,11
1403637243.388331413269043,48,2,47,0,11
1403637243.438332080841064,50,2,45,3,11
1403637243.488332509994507,49,0,47,0,11
1403637243.538331747055054,49,5,47,1,11
1403637243.588331937789917,49,5,47,1,11
1403637243.638332128524780,48,5,47,0,11
1403637243.688332557678223,46,0,42,1,11
1403637243.738332509994507,50,15,41,4,11
1403637243.788331747055054,48,1,45,1,11
1403637243.838331460952759,41,0,41,0,11
1403637243.888331413269043,40,0,40,0,11
1403637243.938331604003906,38,1,34,0,11
1403637243.988332033157349,39,0,33,1,11
1403637244.038332939147949,37,3,34,2,11
1403637244.088332891464233,37,2,34,1,11
1403637244.138332605361938,39,1,35,2,11
1403637244.188333034515381,45,2,37,8,11
1403637244.238332748413086,46,1,44,1,11
1403637244.288332939147949,46,3,45,0,11
1403637244.338331937789917,49,17,45,4,11
1403637244.388331413269043,49,2,47,1,11
1403637244.438330888748169,50,6,49,1,11
1403637244.488330125808716,50,1,48,0,11
1403637244.538329362869263,49,17,46,0,11
1403637244.588329315185547,46,1,45,0,11
1403637244.638329029083252,49,0,45,3,11
1403637244.688328742980957,48,0,47,0,11
1403637244.738327980041504,47,0,45,0,11
1403637244.788328170776367,48,0,45,2,11
1403637244.838328123092651,47,3,46,0,11
1403637244.888328313827515,45,0,43,0,11
1403637244.938328504562378,50,13,42,5,11
1403637244.988328933715820,47,2,46,0,11
1403637245.038329124450684,49,2,45,3,11
1403637245.088329315185547,49,0,47,0,11
1403637245.138329505920410,49,15,46,2,11
1403637245.188328504562378,47,5,46,1,11
1403637245.238327980041504,47,0,45,0,11
1403637245.288327217102051,47,0,42,1,11
1403637245.338325500488281,49,9,41,4,11
1403637245.388325214385986,48,1,44,1,11
1403637245.438324689865112,47,1,42,1,11
1403637245.488324642181396,45,0,42,0,11
1403637245.538324117660522,47,9,42,5,11
1403637245.588325262069702,48,0,46,2,11
1403637245.638325452804565,47,0,42,1,11
1403637245.688325166702271,46,1,41,0,11
1403637245.738328218460083,45,29,33,5,11
1403637245.788326978683472,46,2,34,5,11
1403637245.838325738906860,42,0,34,0,11
1403637245.888325929641724,37,1,31,0,11
1403637245.938326835632324,39,2,29,8,11
1403637245.988326549530029,38,1,34,1,11
1403637246.038327217102051,35,1,31,0,11
1403637246.088327646255493,27,1,25,1,11
1403637246.138328790664673,31,3,24,6,11
1403637246.188329219818115,29,1,29,0,11
1403637246.238329172134399,27,5,26,0,11
1403637246.288328886032104,27,4,25,0,11
1403637246.338325262069702,40,2,25,14,11
1403637246.388325214385986,38,0,36,0,11
1403637246.438326358795166,46,12,31,11,11
1403637246.488326787948608,41,1,37,0,11
1403637246.538328170776367,36,1,34,0,11
1403637246.588328123092651,34,1,32,0,11
1403637246.638327836990356,38,2,26,10,11
1403637246.688328027725220,35,1,32,0,11
1403637246.738328218460083,32,1,29,0,11
1403637246.788327932357788,35,1,27,6,11
1403637246.838327646255493,30,1,29,0,11
1403637246.888327598571777,27,0,26,0,11
1403637246.938327789306641,28,1,25,1,11
1403637246.988328218460083,34,0,25,9,11
1403637247.038331031799316,37,0,34,3,11
1403637247.088331460952759,37,0,36,0,11
1403637247.138331413269043,44,0,36,7,11
1403637247.188331127166748,43,0,43,0,11
1403637247.238331079483032,47,1,42,4,11
1403637247.288331508636475,47,1,45,1,11
1403637247.338331222534180,48,0,45,2,11
1403637247.388330221176147,49,17,48,1,11
1403637247.438328742980957,47,0,47,0,11
1403637247.488329410552979,47,2,47,0,11
1403637247.538332223892212,50,5,47,3,11
1403637247.588334560394287,48,2,45,0,11
1403637247.638334751129150,48,0,45,1,11
1403637247.688335657119751,46,0,44,0,11
1403637247.738338470458984,50,4,43,4,11
1403637247.788340091705322,48,1,44,0,11
1403637247.838341474533081,46,0,42,1,11
1403637247.888343095779419,43,0,43,0,11
1403637247.938343524932861,43,1,43,0,11
1403637247.988344192504883,49,6,42,7,11
1403637248.038343667984009,46,4,45,0,11
1403637248.088341712951660,43,1,43,0,11
1403637248.138339757919312,44,2,39,5,11
1403637248.188338994979858,45,1,44,1,11
1403637248.238338708877563,44,0,44,0,11
1403637248.288339138031006,47,0,44,3,11
1403637248.338339567184448,49,3,47,2,11
1403637248.388339757919312,50,5,49,1,11
1403637248.438340425491333,50,0,50,0,11
1403637248.488341093063354,49,2,49,0,11
1403637248.538342237472534,49,2,49,0,11
1403637248.588341712951660,49,4,48,1,11
1403637248.638340950012207,49,10,48,1,11
1403637248.688339233398438,50,4,48,1,11
1403637248.738338708877563,50,11,49,0,11
1403637248.788338422775269,47,0,46,0,11
1403637248.838338136672974,47,1,46,0,11
1403637248.888337850570679,48,1,44,2,11
1403637248.938337802886963,50,8,46,2,11
1403637248.988337755203247,48,4,48,0,11
1403637249.038338184356689,47,0,47,0,11
1403637249.088338375091553,47,0,47,0,11
1403637249.138338804244995,47,0,47,0,11
1403637249.188338518142700,49,1,45,3,11
1403637249.238338470458984,50,9,48,1,11
1403637249.288338184356689,50,1,49,1,11
1403637249.338337421417236,50,11,50,0,11
1403637249.388336420059204,50,1,50,0,11
1403637249.438335895538330,50,12,50,0,11
1403637249.488335609436035,49,0,49,0,11
1403637249.538335323333740,49,5,48,1,11
1403637249.588334798812866,50,3,49,1,11
1403637249.638334512710571,50,0,50,0,11
1403637249.688334226608276,50,0,50,0,11
1403637249.738333463668823,48,0,48,0,11
1403637249.788333177566528,48,0,48,0,11
1403637249.838332653045654,50,7,48,2,11
1403637249.888333559036255,50,0,49,0,11
1403637249.938333988189697,50,10,48,0,11
1403637249.988335609436035,46,0,45,0,11
1403637250.038337469100952,49,6,43,5,11
1403637250.088338375091553,46,1,45,0,11
1403637250.138339996337891,47,1,42,4,11
1403637250.188339710235596,47,2,43,3,11
1403637250.238340139389038,46,23,43,2,11
1403637250.288340330123901,45,1,44,0,11
1403637250.338340282440186,41,0,41,0,11
1403637250.388339996337891,39,1,39,0,11
1403637250.438339948654175,38,0,37,1,11
1403637250.488339662551880,36,2,36,0,11
1403637250.538339614868164,41,0,33,7,11
1403637250.588339328765869,42,0,40,1,11
1403637250.638338804244995,44,1,38,5,11
1403637250.688338518142700,43,0,42,0,11
1403637250.738336801528931,42,1,41,1,11
1403637250.788336277008057,43,0,42,1,11
1403637250.838335990905762,47,15,40,7,11
1403637250.888336181640625,50,16,47,3,11
1403637250.938335895538330,50,0,50,0,11
1403637250.988335847854614,49,0,49,0,11
1403637251.038336277008057,47,0,46,0,11
1403637251.088336706161499,46,1,44,0,11
1403637251.138337373733521,44,0,41,0,11
1403637251.188337802886963,41,0,39,0,11
1403637251.238337755203247,48,22,38,9,11
1403637251.288337707519531,47,0,47,0,11
1403637251.338337182998657,47,0,46,0,11
1403637251.388336181640625,46,0,43,0,11
1403637251.438335895538330,48,7,42,4,11
1403637251.488336563110352,46,13,44,2,11
1403637251.538337230682373,46,0,46,0,11
1403637251.588337421417236,44,0,44,0,11
1403637251.638337850570679,42,0,42,0,11
1403637251.688338041305542,41,0,41,0,11
1403637251.738338232040405,40,0,38,1,11
1403637251.788337945938110,40,0,39,0,11
1403637251.838337898254395,42,8,38,3,11
1403637251.888337373733521,41,2,40,0,11
1403637251.938337087631226,40,0,40,0,11
1403637251.988336801528931,40,1,40,0,11
1403637252.038336753845215,44,0,40,4,11
1403637252.088336706161499,48,2,42,6,11
1403637252.138336658477783,48,5,48,0,11
1403637252.188336849212646,48,0,47,0,11
1403637252.238336801528931,49,15,47,1,11
1403637252.288337230682373,47,0,47,0,11
1403637252.338337421417236,47,0,47,0,11
1403637252.388337850570679,47,0,47,0,11
1403637252.438337564468384,47,3,46,1,11
1403637252.488337516784668,47,0,46,0,11
1403637252.538337469100952,47,0,46,0,11
1403637252.588337421417236,46,0,45,0,11
1403637252.638337135314941,46,0,45,0,11
1403637252.688337326049805,46,0,45,1,11
1403637252.738337278366089,48,0,45,2,11
1403637252.788336515426636,48,0,47,0,11
1403637252.838335514068604,46,12,46,0,11
1403637252.888335704803467,45,0,45,0,11
1403637252.938335895538330,45,0,45,0,11
1403637252.988336324691772,45,0,45,0,11
1403637253.038337707519531,45,2,45,0,11
1403637253.088337898254395,45,0,45,0,11
1403637253.138337850570679,45,0,45,0,11
1403637253.188338279724121,46,0,45,1,11
1403637253.238337755203247,45,0,45,0,11
1403637253.288337469100952,45,0,45,0,11
1403637253.338336944580078,45,0,45,0,11
1403637253.388336658477783,45,0,45,0,11
1403637253.438336133956909,45,0,45,0,11
1403637253.488336086273193,45,0,45,0,11
1403637253.538336038589478,45,0,45,0,11
1403637253.588336229324341,45,0,44,0,11
1403637253.638335943222046,45,2,44,0,11
1403637253.688335895538330,44,0,44,0,11
1403637253.738335847854614,44,0,44,0,11
1403637253.788335800170898,44,0,44,0,11
1403637253.838335752487183,44,0,44,0,11
1403637253.888335704803467,44,0,43,0,11
1403637253.938335895538330,44,0,43,0,11
1403637253.988336086273193,43,0,43,0,11
1403637254.038335800170898,44,2,43,1,11
1403637254.088335990905762,43,0,43,0,11
1403637254.138336181640625,43,0,43,0,11
1403637254.188336610794067,43,0,43,0,11
1403637254.238337039947510,43,1,43,0,11
1403637254.288337469100952,43,0,43,0,11
1403637254.338337421417236,43,0,43,0,11
1403637254.388337373733521,43,0,43,0,11
1403637254.438337326049805,43,0,43,0,11
1403637254.488337278366089,43,0,43,0,11
1403637254.538337469100952,43,0,43,0,11
1403637254.588337659835815,42,0,42,0,11
1403637254.638338088989258,43,7,42,1,11
1403637254.688338279724121,43,0,43,0,11
1403637254.738338232040405,43,0,43,0,11
1403637254.788338184356689,43,0,43,0,11
1403637254.838338136672974,43,0,43,0,11
1403637254.888338088989258,43,0,43,0,11
1403637254.938338041305542,43,0,43,0,11
1403637254.988337993621826,43,0,43,0,11
1403637255.038338422775269,43,0,43,0,11
1403637255.088338136672974,44,0,43,1,11
1403637255.138338327407837,44,0,44,0,11
1403637255.188338756561279,45,0,44,1,11
1403637255.238338708877563,45,8,45,0,11
1403637255.288338899612427,45,0,45,0,11
1403637255.338338851928711,44,0,44,0,11
1403637255.388338804244995,44,0,44,0,11
1403637255.438338994979858,45,1,44,1,11
1403637255.488338947296143,46,0,45,1,11
1403637255.538339138031006,44,0,42,0,11
1403637255.588339567184448,44,0,42,0,11
1403637255.638339519500732,40,0,40,0,11
1403637255.688339710235596,40,0,40,0,11
1403637255.738339662551880,39,0,37,0,11
1403637255.788340091705322,37,0,35,0,11
1403637255.838339567184448,41,2,35,6,11
1403637255.888339519500732,41,0,39,0,11
1403637255.938339471817017,41,0,39,0,11
1403637255.988339424133301,39,0,39,0,11
1403637256.038339614868164,41,0,39,2,11
1403637256.088339805603027,41,1,41,0,11
1403637256.138339757919312,41,0,41,0,11
1403637256.188339710235596,50,23,40,9,11
1403637256.238339900970459,50,0,49,0,11
1403637256.288340330123901,49,0,48,0,11
1403637256.338340044021606,49,0,47,0,11
1403637256.388340234756470,48,0,47,0,11
1403637256.438339471817017,48,5,46,1,11
1403637256.488339185714722,48,0,47,0,11
1403637256.538339138031006,47,0,47,0,11
1403637256.588338613510132,48,0,47,1,11
1403637256.638338327407837,48,1,48,0,11
1403637256.688338041305542,48,0,48,0,11
1403637256.738337993621826,47,0,47,0,11
1403637256.788338899612427,50,18,47,3,11
1403637256.838339328765869,50,1,50,0,11
1403637256.888339996337891,50,1,50,0,11
1403637256.938341856002808,50,0,50,0,11
1403637256.988343477249146,49,1,48,0,11
1403637257.038344621658325,48,6,46,0,11
1403637257.088345289230347,47,0,46,0,11
1403637257.138345003128052,47,0,45,2,11
1403637257.188345193862915,46,0,45,0,11
1403637257.238345146179199,46,1,45,0,11
1403637257.288344860076904,45,0,45,0,11
1403637257.338345050811768,43,0,42,0,11
1403637257.388345003128052,49,6,41,6,11
1403637257.438344717025757,48,1,46,0,11
1403637257.488344907760620,47,1,45,0,11
1403637257.538344860076904,46,0,45,0,11
1403637257.588344573974609,46,1,45,1,11
1403637257.638344049453735,46,4,46,0,11
1403637257.688343763351440,47,0,44,1,11
1403637257.738343715667725,47,0,45,0,11
1403637257.788343667984009,44,0,43,0,11
1403637257.838343381881714,45,14,42,1,11
1403637257.888343334197998,43,0,41,1,11
1403637257.938343763351440,42,0,41,0,11
1403637257.988343954086304,42,1,41,0,11
1403637258.038344144821167,42,3,39,0,11
1403637258.088344097137451,42,2,36,2,11
1403637258.138344287872314,39,0,36,0,11
1403637258.188344001770020,37,0,36,0,11
1403637258.238344192504883,40,1,32,4,11
1403637258.288344383239746,38,2,35,1,11
1403637258.338344335556030,37,3,34,1,11
1403637258.388344526290894,36,2,33,0,11
1403637258.438343763351440,46,1,32,12,11
1403637258.488344192504883,49,10,40,3,11
1403637258.538343906402588,45,2,43,0,11
1403637258.588344097137451,42,1,40,0,11
1403637258.638344287872314,41,0,39,0,11
1403637258.688344240188599,42,0,39,2,11
1403637258.738343715667725,49,9,41,8,11
1403637258.788343429565430,49,4,47,0,11
1403637258.838343381881714,49,0,47,0,11
1403637258.888343095779419,47,0,46,1,11
1403637258.938342571258545,48,1,45,1,11
1403637258.988342285156250,48,3,45,0,11
1403637259.038342237472534,47,0,45,1,11
1403637259.088341951370239,48,2,46,2,11
1403637259.138341665267944,49,15,48,1,11
1403637259.188341140747070,49,1,48,0,11
1403637259.238341331481934,49,1,47,0,11
1403637259.288341522216797,48,2,46,0,11
1403637259.338341474533081,49,8,45,2,11
1403637259.388341665267944,48,5,47,0,11
1403637259.438342094421387,47,4,47,0,11
1403637259.488342285156250,47,1,45,0,11
1403637259.538342714309692,47,3,45,0,11
1403637259.588342666625977,48,16,45,3,11
1403637259.638342618942261,48,0,47,1,11
1403637259.688342332839966,50,4,48,2,11
1403637259.738341808319092,50,12,50,0,11
1403637259.788341760635376,50,1,50,0,11
1403637259.838341236114502,50,6,50,0,11
1403637259.888341665267944,50,0,50,0,11
1403637259.938341617584229,50,1,50,0,11
1403637259.988341569900513,50,1,50,0,11
1403637260.038341760635376,50,0,49,0,11
1403637260.088341712951660,49,0,48,0,11
1403637260.138341903686523,48,1,48,0,11
1403637260.188341617584229,49,11,48,1,11
1403637260.238341331481934,49,1,49,0,11
1403637260.288341522216797,49,1,49,0,11
1403637260.338341712951660,49,11,47,0,11
1403637260.388341665267944,50,0,45,1,11
1403637260.438341856002808,48,13,46,0,11
1403637260.488341808319092,46,0,46,0,11
1403637260.538341760635376,47,2,43,2,11
1403637260.588341236114502,48,1,44,1,11
1403637260.638340711593628,43,1,42,0,11
1403637260.688340663909912,40,0,40,0,11
1403637260.738340616226196,39,0,39,0,11
1403637260.788340568542480,46,4,37,7,11
1403637260.838340282440186,45,0,42,0,11
1403637260.888340711593628,41,2,39,0,11
1403637260.938340902328491,45,8,39,5,11
1403637260.988340854644775,44,1,43,0,11
1403637261.038341283798218,46,9,42,2,11
1403637261.088341236114502,44,1,39,0,11
1403637261.138341903686523,43,0,39,1,11
1403637261.188341856002808,41,7,39,0,11
1403637261.238341808319092,38,1,35,1,11
1403637261.288341283798218,36,0,32,0,11
1403637261.338341236114502,32,0,27,0,11
1403637261.388340473175049,33,2,27,3,11
1403637261.438339710235596,31,1,28,1,11
1403637261.488339662551880,32,1,27,1,11
1403637261.538340806961060,33,3,23,5,11
1403637261.588341236114502,32,0,19,0,11
1403637261.638343095779419,31,0,18,4,11
1403637261.688342809677124,24,0,18,1,11
1403637261.738342285156250,23,1,19,0,11
1403637261.788341045379639,20,0,18,1,11
1403637261.838339567184448,20,0,18,0,11
1403637261.888339042663574,20,0,16,1,11
1403637261.938338279724121,19,0,16,0,11
1403637261.988337993621826,17,0,13,2,11
1403637262.038338422775269,17,2,15,1,11
1403637262.088338851928711,17,0,15,1,11
1403637262.138339519500732,17,0,15,0,11
1403637262.188340663909912,16,1,15,0,11
1403637262.238341331481934,15,0,15,0,11
1403637262.288340806961060,13,1,12,0,11
1403637262.338339090347290,13,1,7,0,11
1403637262.388341426849365,12,1,11,0,11
1403637262.438341617584229,10,2,9,0,11
1403637262.488340616226196,9,1,8,0,11
1403637262.538341045379639,8,0,8,0,11
1403637262.588340997695923,8,0,8,0,11
1403637262.638341188430786,8,0,8,0,11
1403637262.688341379165649,8,0,8,0,11
1403637262.738342046737671,8,0,8,0,11
1403637262.788342714309692,8,0,8,0,11
1403637262.838341712951660,8,0,8,0,11
1403637262.888341903686523,8,0,8,0,11
1403637262.938341856002808,8,0,8,0,11
1403637262.988342046737671,8,0,8,0,11
1403637263.038342237472534,8,0,8,0,11
1403637263.088342428207397,8,0,8,0,11
1403637263.138342618942261,8,0,8,0,11
1403637263.188342571258545,8,0,8,0,11
1403637263.238342523574829,8,0,8,0,11
1403637263.288342952728271,8,0,8,0,11
1403637263.338342905044556,8,0,8,0,11
1403637263.388343095779419,9,0,8,1,11
1403637263.438343048095703,9,0,9,0,11
1403637263.488343000411987,9,0,9,0,11
1403637263.538343191146851,9,0,9,0,11
1403637263.588343143463135,9,0,9,0,11
1403637263.638343095779419,10,0,9,1,11
1403637263.688343286514282,11,0,10,1,11
1403637263.738343477249146,11,0,11,0,11
1403637263.788343667984009,11,0,11,0,11
1403637263.838343620300293,11,0,11,0,11
1403637263.888343572616577,11,0,11,0,11
1403637263.938343524932861,11,0,11,0,11
1403637263.988343477249146,11,0,11,0,11
1403637264.038343906402588,11,0,11,0,11
1403637264.088343858718872,11,0,11,0,11
1403637264.138343811035156,11,0,11,0,11
1403637264.188343763351440,11,0,11,0,11
1403637264.238343715667725,11,0,11,0,11
1403637264.288343906402588,11,0,11,0,11
1403637264.338343858718872,11,0,11,0,11
1403637264.388343811035156,11,0,11,0,11
1403637264.438343763351440,11,0,11,0,11
1403637264.488343715667725,11,0,11,0,11
1403637264.538343906402588,11,0,11,0,11
1403637264.588343858718872,11,0,11,0,11
1403637264.638343811035156,11,0,11,0,11
1403637264.688343763351440,11,0,11,0,11
1403637264.738343715667725,11,0,11,0,11
1403637264.788343906402588,11,0,11,0,11
1403637264.838343858718872,11,0,11,0,11
1403637264.888343811035156,11,0,11,0,11
1403637264.938343763351440,11,0,11,0,11
1403637264.988343715667725,11,0,11,0,11
1403637265.038343906402588,11,0,11,0,11
1403637265.088343858718872,11,0,11,0,11
1403637265.138343811035156,11,0,11,0,11
1403637265.188343763351440,11,0,11,0,11
1403637265.238343715667725,11,0,11,0,11
1403637265.288343906402588,11,0,11,0,11
1403637265.338343858718872,11,0,11,0,11
1403637265.388343811035156,11,0,11,0,11
1403637265.438343763351440,11,0,11,0,11
1403637265.488343715667725,11,0,11,0,11
