# timestamp (sec),slam_feats_in_state,msckf_feats_used,slam_feats_updated,slam_feats_delayed_init,clones
1403637149.987318277359009,0,8,0,0,5
1403637150.036755084991455,15,14,0,15,6
1403637150.086406707763672,13,29,12,0,7
1403637150.136349201202393,10,1,8,0,8
1403637150.186404228210449,9,2,6,0,9
1403637150.236432313919067,5,10,5,0,10
1403637150.286446809768677,5,7,4,0,11
1403637150.336531877517700,3,4,3,0,11
1403637150.386538743972778,2,10,2,0,11
1403637150.436788082122803,1,7,1,0,11
1403637150.486697196960449,1,7,1,0,11
1403637150.536769390106201,0,5,0,0,11
1403637150.586838245391846,0,2,0,0,11
1403637150.637199163436890,11,7,0,11,11
1403637150.687289953231812,10,4,10,0,11
1403637150.737412691116333,9,0,9,0,11
1403637150.787399291992188,9,2,9,0,11
1403637150.837452173233032,10,2,9,1,11
1403637150.887596845626831,11,6,9,2,11
1403637150.937649011611938,11,2,11,0,11
1403637150.987877845764160,16,1,11,5,11
1403637151.037888526916504,16,2,16,0,11
1403637151.087877988815308,16,2,16,0,11
1403637151.137928247451782,19,2,16,3,11
1403637151.188000679016113,19,2,19,0,11
1403637151.238189935684204,26,1,19,7,11
1403637151.288264036178589,26,1,26,0,11
1403637151.338284254074097,26,2,25,1,11
1403637151.388252735137939,26,0,26,0,11
1403637151.438201427459717,26,2,26,0,11
1403637151.488224983215332,27,0,26,1,11
1403637151.538202047348022,29,0,27,2,11
1403637151.588145017623901,30,2,28,1,11
1403637151.638108730316162,31,1,29,1,11
1403637151.688106060028076,29,3,29,0,11
1403637151.738126993179321,29,2,28,0,11
1403637151.788141489028931,29,0,25,2,11
1403637151.838145494461060,28,2,27,0,11
1403637151.888182640075684,29,0,26,2,11
1403637151.938179969787598,31,0,27,3,11
1403637151.988183259963989,29,0,29,0,11
1403637152.038202762603760,29,0,29,0,11
1403637152.088206529617310,29,0,28,1,11
1403637152.138220787048340,29,0,29,0,11
1403637152.188216209411621,30,0,29,1,11
1403637152.238265514373779,36,0,29,7,11
1403637152.288266658782959,36,0,34,1,11
1403637152.338289976119995,36,0,35,0,11
1403637152.388320207595825,36,0,35,1,11
1403637152.438284158706665,37,0,35,1,11
1403637152.488316297531128,35,0,34,0,11
1403637152.538304805755615,36,0,34,2,11
1403637152.588287830352783,36,0,36,0,11
1403637152.638331651687622,34,0,34,0,11
1403637152.688352108001709,35,0,34,1,11
1403637152.738402605056763,36,0,35,1,11
1403637152.788433313369751,38,0,35,2,11
1403637152.838485717773438,39,0,37,1,11
1403637152.888522386550903,37,0,37,0,11
1403637152.938512325286865,36,1,36,0,11
1403637152.988487243652344,37,0,36,1,11
1403637153.038502216339111,37,0,36,0,11
1403637153.088495731353760,37,0,36,0,11
1403637153.138494253158569,37,0,34,2,11
1403637153.188515901565552,41,0,33,6,11
1403637153.238503932952881,40,0,40,0,11
1403637153.288488864898682,39,0,39,0,11
1403637153.338531732559204,41,0,38,3,11
1403637153.388542890548706,39,0,39,0,11
1403637153.438530683517456,38,0,38,0,11
1403637153.488563776016235,38,0,38,0,11
1403637153.538573503494263,37,0,36,0,11
1403637153.588557958602905,37,0,36,1,11
1403637153.638537168502808,37,0,37,0,11
1403637153.688507795333862,37,0,37,0,11
1403637153.738471269607544,42,2,37,5,11
1403637153.788437604904175,41,0,40,1,11
1403637153.838420391082764,42,0,40,1,11
1403637153.888412714004517,41,0,39,0,11
1403637153.938421010971069,40,0,38,0,11
1403637153.988505363464355,39,1,38,0,11
1403637154.038555145263672,38,0,37,0,11
1403637154.088697910308838,38,0,37,0,11
1403637154.138784885406494,37,0,37,0,11
1403637154.188904523849487,38,0,35,1,11
1403637154.238913059234619,38,0,36,0,11
1403637154.288897991180420,36,1,36,0,11
1403637154.338876247406006,38,0,33,3,11
1403637154.388810873031616,37,0,35,0,11
1403637154.438710451126099,38,1,34,3,11
1403637154.488631248474121,41,5,36,3,11
1403637154.538619041442871,41,1,38,2,11
1403637154.588603258132935,39,0,39,0,11
1403637154.638596534729004,41,0,38,2,11
1403637154.688593626022339,36,0,32,0,11
1403637154.738616228103638,37,0,29,4,11
1403637154.788640260696411,33,0,30,0,11
1403637154.838676691055298,31,1,27,0,11
1403637154.888709306716919,30,0,27,2,11
1403637154.938764095306396,27,0,24,0,11
1403637154.988821268081665,27,0,24,0,11
1403637155.038885831832886,26,1,22,4,11
1403637155.088947057723999,31,0,24,7,11
1403637155.138966321945190,30,0,30,0,11
1403637155.188974857330322,28,0,25,0,11
1403637155.238999605178833,28,1,24,0,11
1403637155.289005279541016,23,1,22,0,11
1403637155.338988304138184,24,0,21,2,11
1403637155.389001846313477,25,1,22,1,11
1403637155.438993930816650,23,0,22,0,11
1403637155.489009380340576,30,1,21,8,11
1403637155.539013385772705,32,1,29,3,11
1403637155.589004039764404,32,0,32,0,11
1403637155.638993978500366,32,0,29,1,11
1403637155.688976287841797,38,1,29,7,11
1403637155.738961696624756,36,1,36,0,11
1403637155.788943767547607,36,0,36,0,11
1403637155.838946342468262,35,0,34,0,11
1403637155.888898611068726,36,0,33,2,11
1403637155.938877344131470,37,0,34,1,11
1403637155.988871335983276,33,0,33,0,11
1403637156.038871526718140,33,0,31,0,11
1403637156.088879823684692,29,1,27,0,11
1403637156.138877153396606,27,0,27,0,11
1403637156.188876628875732,26,1,26,0,11
1403637156.238871574401855,26,0,25,0,11
1403637156.288872718811035,25,0,24,0,11
1403637156.338872671127319,24,0,24,0,11
1403637156.388874053955078,24,0,24,0,11
1403637156.438858509063721,24,0,24,0,11
1403637156.488841056823730,23,3,23,0,11
1403637156.538835287094116,21,2,21,0,11
1403637156.588829040527344,21,0,21,0,11
1403637156.638816595077515,21,2,19,2,11
1403637156.688812255859375,19,0,19,0,11
1403637156.738799810409546,19,0,18,0,11
1403637156.788747072219849,20,1,16,3,11
1403637156.838699102401733,20,0,19,1,11
1403637156.888657808303833,20,0,19,1,11
1403637156.938633203506470,20,1,19,0,11
1403637156.988591670989990,20,0,19,0,11
1403637157.038593292236328,19,0,19,0,11
1403637157.088587760925293,19,0,19,0,11
1403637157.138606786727905,20,0,19,1,11
1403637157.188608646392822,20,0,20,0,11
1403637157.238610982894897,24,0,20,4,11
1403637157.288605213165283,25,0,24,1,11
1403637157.338607072830200,25,0,25,0,11
1403637157.388591289520264,27,1,25,2,11
1403637157.438591480255127,30,0,27,3,11
1403637157.488588333129883,31,1,30,1,11
1403637157.538581371307373,31,0,30,1,11
1403637157.588589668273926,31,0,29,0,11
1403637157.638593912124634,31,0,28,0,11
1403637157.688599824905396,34,0,28,5,11
1403637157.738625288009644,40,0,33,7,11
1403637157.788642883300781,39,3,38,0,11
1403637157.838646650314331,42,3,37,3,11
1403637157.888642549514771,42,1,38,1,11
1403637157.938641548156738,42,1,38,1,11
1403637157.988648891448975,47,5,39,7,11
1403637158.038635492324829,46,3,44,2,11
1403637158.088660001754761,45,3,43,1,11
1403637158.138678312301636,46,0,43,2,11
1403637158.188683748245239,45,0,43,0,11
1403637158.238678216934204,43,1,42,0,11
1403637158.288676500320435,49,2,40,7,11
1403637158.338629961013794,50,2,45,1,11
1403637158.388601064682007,47,1,45,0,11
1403637158.438609838485718,47,10,43,3,11
1403637158.488587617874146,49,1,44,3,11
1403637158.538567304611206,47,0,45,0,11
1403637158.588567495346069,45,2,43,0,11
1403637158.638467550277710,46,10,40,4,11
1403637158.688471555709839,45,3,41,0,11
1403637158.738466262817383,43,0,39,2,11
1403637158.788468122482300,39,1,36,1,11
1403637158.838461637496948,36,0,32,0,11
1403637158.888460397720337,34,0,31,1,11
1403637158.938445329666138,34,0,31,2,11
1403637158.988437414169312,34,0,32,2,11
1403637159.038403511047363,40,2,32,8,11
1403637159.088407278060913,40,2,38,0,11
1403637159.138391017913818,40,0,37,0,11
1403637159.188351154327393,46,6,36,8,11
1403637159.238341093063354,48,10,43,3,11
1403637159.288346290588379,45,0,43,0,11
1403637159.338358879089355,45,0,42,1,11
1403637159.388373374938965,48,2,41,4,11
1403637159.438371896743774,47,0,44,0,11
1403637159.488389492034912,45,0,42,0,11
1403637159.538399219512939,44,1,41,1,11
1403637159.588412523269653,42,1,42,0,11
1403637159.638443231582642,41,1,39,0,11
1403637159.688439607620239,47,3,37,6,11
1403637159.738412857055664,43,0,40,0,11
1403637159.788398742675781,45,2,39,4,11
1403637159.838401556015015,46,6,39,4,11
1403637159.888382673263550,44,1,43,1,11
1403637159.938375949859619,43,1,40,1,11
1403637159.988357067108154,41,0,37,2,11
1403637160.038341045379639,40,1,38,0,11
1403637160.088337659835815,38,1,37,0,11
1403637160.138321399688721,35,2,33,0,11
1403637160.188302040100098,34,3,33,0,11
1403637160.238295078277588,41,1,33,8,11
1403637160.288333892822266,47,0,40,7,11
1403637160.338332891464233,48,2,46,1,11
1403637160.388339996337891,48,4,44,2,11
1403637160.438348531723022,48,3,44,2,11
1403637160.488349676132202,43,3,41,0,11
1403637160.538350582122803,39,4,36,2,11
1403637160.588355541229248,37,2,34,2,11
1403637160.638357162475586,42,2,34,6,11
1403637160.688399314880371,42,0,40,0,11
1403637160.738417387008667,40,2,35,2,11
1403637160.788444042205811,42,1,35,5,11
1403637160.838482141494751,39,0,39,0,11
1403637160.888557910919189,47,0,39,8,11
1403637160.938587427139282,50,1,45,3,11
1403637160.988606214523315,49,1,48,0,11
1403637161.038657188415527,48,9,47,1,11
1403637161.088694095611572,48,0,46,1,11
1403637161.138709545135498,48,4,45,2,11
1403637161.188717842102051,46,0,46,0,11
1403637161.238719224929810,45,2,45,0,11
1403637161.288716793060303,45,0,45,0,11
1403637161.338720798492432,47,9,43,4,11
1403637161.388715982437134,47,2,46,0,11
1403637161.438710689544678,47,3,45,1,11
1403637161.488714694976807,46,2,44,1,11
1403637161.538671970367432,50,12,44,4,11
1403637161.588662385940552,47,0,47,0,11
1403637161.638635635375977,49,2,44,3,11
1403637161.688622951507568,46,3,43,0,11
1403637161.738619089126587,42,6,36,2,11
1403637161.788604021072388,38,2,37,0,11
1403637161.838593482971191,35,3,34,0,11
1403637161.888554334640503,37,1,31,4,11
1403637161.938528776168823,40,2,35,4,11
1403637161.988535404205322,39,1,37,0,11
1403637162.038538217544556,39,3,34,0,11
1403637162.088559150695801,35,1,33,0,11
1403637162.138604640960693,42,1,31,11,11
1403637162.188642263412476,42,0,40,1,11
1403637162.238645076751709,50,2,40,8,11
1403637162.288641452789307,49,1,47,0,11
1403637162.338677644729614,48,5,46,1,11
1403637162.388674020767212,47,0,47,0,11
1403637162.438664913177490,50,4,46,3,11
1403637162.488655328750610,50,1,47,0,11
1403637162.538661241531372,48,1,44,0,11
1403637162.588665723800659,47,4,43,2,11
1403637162.638669729232788,46,2,43,2,11
1403637162.688673496246338,47,2,43,2,11
1403637162.738663673400879,46,2,40,2,11
1403637162.788654804229736,40,0,36,0,11
1403637162.838654994964600,38,0,33,2,11
1403637162.888657808303833,37,2,31,1,11
1403637162.938659429550171,39,0,31,6,11
1403637162.988659620285034,38,1,35,2,11
1403637163.038666963577271,43,1,37,6,11
1403637163.088670492172241,44,0,39,3,11
1403637163.138669252395630,46,0,42,2,11
1403637163.188666343688965,41,2,40,1,11
1403637163.238668203353882,45,6,38,6,11
1403637163.288661241531372,45,0,42,0,11
1403637163.338654994964600,43,2,40,0,11
1403637163.388641595840454,45,12,38,6,11
1403637163.438636541366577,47,3,40,2,11
1403637163.488638162612915,45,2,39,1,11
1403637163.538639307022095,43,1,36,5,11
1403637163.588639736175537,42,3,40,0,11
1403637163.638643741607666,39,0,37,0,11
1403637163.688644886016846,41,2,36,4,11
1403637163.738664388656616,48,1,38,8,11
1403637163.788673162460327,47,2,44,0,11
1403637163.838681221008301,48,7,43,3,11
1403637163.888677835464478,49,2,45,2,11
1403637163.938679695129395,48,3,43,1,11
1403637163.988675117492676,48,14,42,2,11
1403637164.038672685623169,45,2,43,0,11
1403637164.088669776916504,43,2,43,0,11
1403637164.138664960861206,45,0,40,4,11
1403637164.188651800155640,48,8,42,4,11
1403637164.238643407821655,46,0,41,1,11
1403637164.288638830184937,42,1,38,0,11
1403637164.338627576828003,40,3,37,2,11
1403637164.388614654541016,38,2,37,0,11
1403637164.438604593276978,43,2,36,6,11
1403637164.488600254058838,43,1,42,1,11
1403637164.538577318191528,43,6,40,2,11
1403637164.588586330413818,49,6,40,6,11
1403637164.638585567474365,48,2,44,0,11
1403637164.688586473464966,45,1,43,2,11
1403637164.738588809967041,43,3,43,0,11
1403637164.788589477539062,43,1,40,2,11
1403637164.838590145111084,47,6,39,7,11
1403637164.888586044311523,42,1,40,0,11
1403637164.938585519790649,41,3,36,2,11
1403637164.988579034805298,37,3,35,1,11
1403637165.038572788238525,44,4,33,8,11
1403637165.088568210601807,40,1,37,0,11
1403637165.138567447662354,38,5,34,3,11
1403637165.188564777374268,38,0,34,3,11
1403637165.238558292388916,34,5,33,0,11
1403637165.288547277450562,36,5,28,5,11
1403637165.338530302047729,33,3,29,0,11
1403637165.388526678085327,30,5,25,2,11
1403637165.438532352447510,31,3,24,6,11
1403637165.488523721694946,30,2,26,1,11
1403637165.538517236709595,28,5,24,0,11
1403637165.588510990142822,24,3,17,2,11
1403637165.638506174087524,22,1,16,1,11
1403637165.688493728637695,24,1,13,6,11
1403637165.738484859466553,22,0,16,2,11
1403637165.788480043411255,20,1,16,2,11
1403637165.838478803634644,19,5,18,0,11
1403637165.888465881347656,34,1,15,16,11
1403637165.938470602035522,35,2,30,2,11
1403637165.988473176956177,34,6,29,2,11
1403637166.038474798202515,42,1,27,12,11
1403637166.088474750518799,39,5,36,0,11
1403637166.138475656509399,47,0,36,9,11
1403637166.188471317291260,44,3,41,1,11
1403637166.238470315933228,43,1,40,2,11
1403637166.288470506668091,41,0,39,1,11
1403637166.338464975357056,42,1,35,5,11
1403637166.388456106185913,45,6,39,5,11
1403637166.438452720642090,43,2,40,0,11
1403637166.488442659378052,43,2,39,1,11
1403637166.538429975509644,40,0,40,0,11
1403637166.588399410247803,45,1,39,5,11
1403637166.638339996337891,46,5,39,4,11
1403637166.688294649124146,44,1,39,1,11
1403637166.738274335861206,42,1,39,1,11
1403637166.788260698318481,38,0,36,0,11
1403637166.838264226913452,39,0,33,2,11
1403637166.888274431228638,39,1,35,1,11
1403637166.938294887542725,41,0,34,7,11
1403637166.988322019577026,44,0,41,3,11
1403637167.038335800170898,48,3,44,4,11
1403637167.088346719741821,50,2,48,2,11
1403637167.138357162475586,50,1,50,0,11
1403637167.188363313674927,50,0,50,0,11
1403637167.238355159759521,50,5,50,0,11
1403637167.288357973098755,50,9,50,0,11
1403637167.338355302810669,50,0,50,0,11
1403637167.388350725173950,50,2,50,0,11
1403637167.438350677490234,49,2,49,0,11
1403637167.488351345062256,49,2,48,0,11
1403637167.538352251052856,50,2,48,1,11
1403637167.588340044021606,47,3,45,0,11
1403637167.638329505920410,50,2,45,3,11
1403637167.688327789306641,48,8,44,0,11
1403637167.738326072692871,48,1,41,0,11
1403637167.788324594497681,42,3,38,0,11
1403637167.838324308395386,42,2,36,3,11
1403637167.888324022293091,46,7,40,5,11
1403637167.938319921493530,47,9,41,4,11
1403637167.988315582275391,47,3,40,0,11
1403637168.038302898406982,46,2,39,2,11
1403637168.088303804397583,41,2,41,0,11
1403637168.138299942016602,39,2,36,0,11
1403637168.188294172286987,36,2,31,1,11
1403637168.238286495208740,35,1,28,2,11
1403637168.288277387619019,42,3,27,10,11
1403637168.338273763656616,36,5,31,0,11
1403637168.388271808624268,41,2,28,8,11
1403637168.438273191452026,37,5,30,4,11
1403637168.488275051116943,41,3,32,6,11
1403637168.538284301757812,47,10,37,8,11
1403637168.588294982910156,46,1,43,0,11
1403637168.638300418853760,45,4,41,2,11
1403637168.688302755355835,43,1,41,0,11
1403637168.738303899765015,39,1,37,0,11
1403637168.788301467895508,47,3,36,10,11
1403637168.838304996490479,44,4,41,0,11
1403637168.888306856155396,42,0,39,0,11
1403637168.938310623168945,42,1,36,4,11
1403637168.988313436508179,46,5,39,6,11
1403637169.038316726684570,46,0,43,2,11
1403637169.088320016860962,43,2,41,0,11
1403637169.138328552246094,47,5,40,5,11
1403637169.188328504562378,46,4,43,1,11
1403637169.238328456878662,46,10,38,4,11
1403637169.288321733474731,48,0,40,3,11
1403637169.338319063186646,44,6,35,2,11
1403637169.388317584991455,43,3,33,3,11
1403637169.438316822052002,41,2,34,4,11
1403637169.488318443298340,47,1,37,8,11
1403637169.538320541381836,44,1,40,3,11
1403637169.588322162628174,43,3,39,1,11
1403637169.638325929641724,40,4,36,0,11
1403637169.688337564468384,42,4,30,7,11
1403637169.738344669342041,40,3,35,2,11
1403637169.788349151611328,34,3,29,1,11
1403637169.838352203369141,36,2,27,6,11
1403637169.888350248336792,33,2,29,0,11
1403637169.938351869583130,33,3,24,6,11
1403637169.988347530364990,26,3,25,0,11
1403637170.038348913192749,26,2,24,1,11
1403637170.088352680206299,35,1,24,11,11
1403637170.138352870941162,31,3,31,0,11
1403637170.188351392745972,31,2,30,0,11
1403637170.238352060317993,31,0,27,0,11
1403637170.288350105285645,42,4,25,14,11
1403637170.338352203369141,33,4,33,0,11
1403637170.388354539871216,31,1,30,0,11
1403637170.438354969024658,33,3,28,2,11
1403637170.488359689712524,32,3,26,3,11
1403637170.538363218307495,37,5,26,9,11
1403637170.588366031646729,31,3,29,1,11
1403637170.638366460800171,30,5,26,0,11
1403637170.688361644744873,34,4,23,7,11
1403637170.738355875015259,28,8,23,0,11
1403637170.788352489471436,20,8,18,0,11
1403637170.838348388671875,21,4,17,3,11
1403637170.888341426849365,25,1,19,5,11
1403637170.938338518142700,30,4,24,5,11
1403637170.988336324691772,32,5,29,3,11
1403637171.038336038589478,32,6,31,0,11
1403637171.088332414627075,33,3,26,2,11
1403637171.138333082199097,31,3,27,0,11
1403637171.188333272933960,35,0,26,9,11
1403637171.238344669342041,47,0,32,13,11
1403637171.288352727890015,45,3,42,0,11
1403637171.338360071182251,45,5,39,5,11
1403637171.388366699218750,48,4,43,5,11
1403637171.438368320465088,47,2,47,0,11
1403637171.488371372222900,48,8,44,3,11
1403637171.538375139236450,50,4,47,2,11
1403637171.588371992111206,48,2,48,0,11
1403637171.638368129730225,48,1,48,0,11
1403637171.688368558883667,46,3,46,0,11
1403637171.738365888595581,48,6,44,4,11
1403637171.788365840911865,48,0,47,1,11
1403637171.838369607925415,47,1,47,0,11
1403637171.888371706008911,50,7,47,3,11
1403637171.938374042510986,49,0,49,0,11
1403637171.988380193710327,48,7,47,1,11
1403637172.038378953933716,47,0,45,0,11
1403637172.088378906250000,50,5,45,3,11
1403637172.138370990753174,48,9,47,0,11
1403637172.188349723815918,48,1,47,0,11
1403637172.238317489624023,49,13,46,2,11
1403637172.288310289382935,49,0,47,0,11
1403637172.338315486907959,45,3,43,1,11
1403637172.388319730758667,42,2,42,0,11
1403637172.438323497772217,41,2,41,0,11
1403637172.488339662551880,46,1,41,5,11
1403637172.538349151611328,46,4,45,1,11
1403637172.588366031646729,49,3,45,3,11
1403637172.638372898101807,49,0,47,0,11
1403637172.688379764556885,48,4,47,0,11
1403637172.738381862640381,50,8,47,3,11
1403637172.788372993469238,49,0,48,0,11
1403637172.838355541229248,49,9,47,1,11
1403637172.888328790664673,50,12,48,2,11
1403637172.938323974609375,44,1,44,0,11
1403637172.988319873809814,44,2,43,1,11
1403637173.038319110870361,42,1,42,0,11
1403637173.088318586349487,41,0,41,0,11
1403637173.138314962387085,46,3,40,6,11
1403637173.188308238983154,47,2,44,3,11
1403637173.238300085067749,45,1,44,0,11
1403637173.288285970687866,47,1,42,2,11
1403637173.338260650634766,47,2,42,3,11
1403637173.388249397277832,44,3,42,0,11
1403637173.438232898712158,46,2,41,2,11
1403637173.488239288330078,48,19,42,4,11
1403637173.538261651992798,49,20,46,2,11
1403637173.588275194168091,48,0,47,0,11
1403637173.638287544250488,48,0,45,0,11
1403637173.688302993774414,47,0,45,0,11
1403637173.738317489624023,47,5,44,2,11
1403637173.788329362869263,45,0,44,0,11
1403637173.838341474533081,42,0,42,0,11
1403637173.888349771499634,38,1,35,0,11
1403637173.938352346420288,38,0,33,1,11
1403637173.988350152969360,35,1,33,1,11
1403637174.038342237472534,34,2,33,0,11
1403637174.088336467742920,44,0,33,10,11
1403637174.138322353363037,48,7,41,6,11
1403637174.188316822052002,46,1,41,1,11
1403637174.238315105438232,46,8,39,3,11
1403637174.288312911987305,45,1,40,2,11
1403637174.338312864303589,46,2,40,2,11
1403637174.388314485549927,42,1,39,1,11
1403637174.438312768936157,42,2,39,1,11
1403637174.488311529159546,39,3,38,0,11
1403637174.538309097290039,39,0,37,0,11
1403637174.588306427001953,39,3,35,3,11
1403637174.638309240341187,42,0,34,6,11
1403637174.688299655914307,45,1,37,5,11
1403637174.738296985626221,44,0,38,1,11
1403637174.788293600082397,37,2,33,0,11
1403637174.838288307189941,41,0,31,8,11
1403637174.888284206390381,45,13,36,7,11
1403637174.938280105590820,47,3,43,3,11
1403637174.988278627395630,46,2,42,1,11
1403637175.038281440734863,44,2,41,0,11
1403637175.088289260864258,42,1,38,1,11
1403637175.138298511505127,40,4,38,0,11
1403637175.188305377960205,37,3,35,1,11
1403637175.238311767578125,34,3,33,0,11
1403637175.288319587707520,34,3,32,2,11
1403637175.338325023651123,47,1,34,13,11
1403637175.388318777084351,46,1,44,1,11
1403637175.438312768936157,45,0,44,0,11
1403637175.488304376602173,47,8,41,6,11
1403637175.538296937942505,47,1,46,1,11
1403637175.588295459747314,50,8,45,3,11
1403637175.638291835784912,49,1,48,0,11
1403637175.688289403915405,48,2,48,0,11
1403637175.738286733627319,48,1,48,0,11
1403637175.788279771804810,49,14,46,2,11
1403637175.838275432586670,50,4,48,1,11
1403637175.888273715972900,48,0,46,0,11
1403637175.938270807266235,47,4,43,0,11
1403637175.988272666931152,45,9,41,2,11
1403637176.038269042968750,44,0,42,1,11
1403637176.088264465332031,47,3,38,7,11
1403637176.138263940811157,47,0,44,0,11
1403637176.188262701034546,48,5,44,3,11
1403637176.238264083862305,49,8,47,2,11
1403637176.288267850875854,49,0,47,0,11
1403637176.338268756866455,49,3,45,1,11
1403637176.388278007507324,47,13,44,1,11
1403637176.438283920288086,44,1,42,1,11
1403637176.488285303115845,42,0,41,0,11
1403637176.538285017013550,42,3,40,0,11
1403637176.588295936584473,47,6,39,7,11
1403637176.638296127319336,43,4,42,0,11
1403637176.688295602798462,39,2,38,0,11
1403637176.738295078277588,38,1,38,0,11
1403637176.788296222686768,44,3,38,6,11
1403637176.838295698165894,45,1,43,2,11
1403637176.888296365737915,44,2,44,0,11
1403637176.938297033309937,47,17,41,6,11
1403637176.988297939300537,49,6,46,3,11
1403637177.038297176361084,47,4,47,0,11
1403637177.088294982910156,41,0,41,0,11
1403637177.138292789459229,38,4,38,0,11
1403637177.188291549682617,44,1,38,6,11
1403637177.238292694091797,44,0,42,0,11
1403637177.288293600082397,44,1,41,0,11
1403637177.338297128677368,48,1,40,6,11
1403637177.388300657272339,44,25,43,0,11
1403637177.438302040100098,43,0,42,0,11
1403637177.488303422927856,41,0,41,0,11
1403637177.538309097290039,50,7,41,9,11
1403637177.588308572769165,50,5,49,0,11
1403637177.638308763504028,50,0,47,0,11
1403637177.688308238983154,49,2,45,0,11
1403637177.738309860229492,46,0,44,0,11
1403637177.788311004638672,44,4,43,0,11
1403637177.838310956954956,42,2,42,0,11
1403637177.888311862945557,42,2,41,0,11
1403637177.938310861587524,43,3,40,2,11
1403637177.988314867019653,47,16,42,5,11
1403637178.038314819335938,44,0,42,0,11
1403637178.088316202163696,42,0,39,1,11
1403637178.138313770294189,46,19,38,8,11
1403637178.188312292098999,47,0,42,3,11
1403637178.238313913345337,44,8,41,0,11
1403637178.288315534591675,41,1,37,1,11
1403637178.338317632675171,38,1,35,0,11
1403637178.388320922851562,36,0,33,1,11
1403637178.438320875167847,33,0,28,1,11
1403637178.488321304321289,33,0,26,0,11
1403637178.538321495056152,28,0,24,0,11
1403637178.588330268859863,36,3,23,10,11
1403637178.638340711593628,39,3,33,5,11
1403637178.688349008560181,38,2,37,0,11
1403637178.738358020782471,43,5,36,6,11
1403637178.788363218307495,46,2,40,4,11
1403637178.838367223739624,46,2,44,0,11
1403637178.888367414474487,46,1,44,2,11
1403637178.938368558883667,50,3,46,4,11
1403637178.988371372222900,49,0,49,0,11
1403637179.038374185562134,48,1,46,1,11
1403637179.088377237319946,48,2,47,0,11
1403637179.138382911682129,49,1,44,2,11
1403637179.188391923904419,48,1,45,0,11
1403637179.238390684127808,48,6,43,2,11
1403637179.288391351699829,48,0,45,1,11
1403637179.338392972946167,48,8,45,2,11
1403637179.388391733169556,50,2,44,2,11
1403637179.438390016555786,49,6,46,0,11
1403637179.488388538360596,49,3,42,3,11
1403637179.538387298583984,49,0,43,0,11
1403637179.588386297225952,45,0,42,1,11
1403637179.638386726379395,44,1,40,1,11
1403637179.688385248184204,45,2,39,1,11
1403637179.738383531570435,44,0,39,2,11
1403637179.788381814956665,42,1,39,1,11
1403637179.838379859924316,41,0,37,2,11
1403637179.888378620147705,47,1,38,7,11
1403637179.938378572463989,47,7,42,3,11
1403637179.988380432128906,48,2,42,1,11
1403637180.038382291793823,47,7,40,2,11
1403637180.088381290435791,45,1,40,1,11
1403637180.138378858566284,43,0,39,2,11
1403637180.188378334045410,46,1,38,6,11
1403637180.238379478454590,45,0,43,1,11
1403637180.288378715515137,40,3,37,2,11
1403637180.338380336761475,36,2,35,0,11
1403637180.388381719589233,38,3,32,6,11
1403637180.438381671905518,37,5,36,1,11
1403637180.488380670547485,34,2,33,0,11
1403637180.538381338119507,33,2,32,1,11
1403637180.588381528854370,32,3,28,0,11
1403637180.638378381729126,33,0,27,2,11
1403637180.688377141952515,35,2,27,7,11
1403637180.738372325897217,43,0,34,9,11
1403637180.788369655609131,43,1,41,0,11
1403637180.838369607925415,48,2,38,6,11
1403637180.888374328613281,47,5,41,2,11
1403637180.938377141952515,43,4,36,0,11
1403637180.988380670547485,44,1,32,5,11
1403637181.038386106491089,45,2,35,7,11
1403637181.088393449783325,47,3,42,4,11
1403637181.138393878936768,49,4,45,3,11
1403637181.188393354415894,46,1,43,1,11
1403637181.238391399383545,44,2,41,1,11
1403637181.288390636444092,43,3,38,3,11
1403637181.338388681411743,43,1,38,3,11
1403637181.388388633728027,42,0,38,3,11
1403637181.438388109207153,45,0,34,7,11
1403637181.488388538360596,42,5,39,0,11
1403637181.538389444351196,47,3,40,7,11
1403637181.588389396667480,48,3,45,1,11
1403637181.638391733169556,48,2,46,1,11
1403637181.688392400741577,49,1,44,2,11
1403637181.738393306732178,46,4,45,0,11
1403637181.788390636444092,49,5,43,5,11
1403637181.838388919830322,49,5,47,1,11
1403637181.888389110565186,49,3,46,1,11
1403637181.938389062881470,48,6,41,1,11
1403637181.988387823104858,48,4,39,1,11
1403637182.038386344909668,44,1,40,1,11
1403637182.088386058807373,47,2,39,6,11
1403637182.138387680053711,48,2,39,3,11
1403637182.188389301300049,45,1,40,0,11
1403637182.238389253616333,42,0,39,1,11
1403637182.288390159606934,42,0,37,2,11
1403637182.338389873504639,47,8,38,6,11
1403637182.388390779495239,43,1,40,1,11
1403637182.438392400741577,42,4,38,1,11
1403637182.488391637802124,45,12,35,6,11
1403637182.538389205932617,47,2,39,5,11
1403637182.588386774063110,45,1,42,1,11
1403637182.638378858566284,48,1,43,3,11
1403637182.688374519348145,45,1,44,0,11
1403637182.738371610641479,45,0,43,1,11
1403637182.788371324539185,42,0,41,0,11
1403637182.838367223739624,48,14,40,7,11
1403637182.888366699218750,47,0,44,0,11
1403637182.938365459442139,48,7,42,2,11
1403637182.988364934921265,45,0,43,1,11
1403637183.038365364074707,43,0,43,0,11
1403637183.088364601135254,47,1,42,4,11
1403637183.138363361358643,48,12,44,2,11
1403637183.188363075256348,46,0,42,0,11
1403637183.238363981246948,46,0,42,1,11
1403637183.288363933563232,46,1,42,3,11
1403637183.338365077972412,45,1,41,0,11
1403637183.388365745544434,45,0,39,1,11
1403637183.438364744186401,46,9,40,4,11
1403637183.488364696502686,44,1,44,0,11
1403637183.538363695144653,49,1,43,5,11
1403637183.588363170623779,49,16,48,0,11
1403637183.638361454010010,47,0,47,0,11
1403637183.688362836837769,47,0,46,0,11
1403637183.738363265991211,49,11,45,2,11
1403637183.788363933563232,49,0,47,1,11
1403637183.838363647460938,48,0,47,1,11
1403637183.888363599777222,49,0,48,1,11
1403637183.938364267349243,49,1,49,0,11
1403637183.988363742828369,49,0,48,1,11
1403637184.038366794586182,50,6,48,1,11
1403637184.088367938995361,50,2,49,0,11
1403637184.138370037078857,49,1,49,0,11
1403637184.188371896743774,48,11,47,0,11
1403637184.238373756408691,49,3,47,1,11
1403637184.288375854492188,49,2,48,1,11
1403637184.338378190994263,49,8,46,1,11
1403637184.388381719589233,48,1,41,1,11
1403637184.438385963439941,46,0,37,0,11
1403637184.488394975662231,42,8,33,0,11
1403637184.538400411605835,36,5,30,0,11
1403637184.588407278060913,32,2,25,0,11
1403637184.638422966003418,44,2,23,17,11
1403637184.688441038131714,44,12,33,3,11
1403637184.738441705703735,42,2,32,2,11
1403637184.788442134857178,40,1,31,6,11
1403637184.838441610336304,37,3,37,0,11
1403637184.888437747955322,37,9,35,1,11
1403637184.938431978225708,43,3,36,6,11
1403637184.988429784774780,42,3,42,0,11
1403637185.038424491882324,43,0,41,1,11
1403637185.088420152664185,46,3,40,4,11
1403637185.138412714004517,48,3,44,3,11
1403637185.188407659530640,47,5,44,2,11
1403637185.238406419754028,48,1,45,2,11
1403637185.288405418395996,47,2,46,1,11
1403637185.338405132293701,46,0,44,0,11
1403637185.388407945632935,48,12,43,2,11
1403637185.438407421112061,48,0,44,2,11
1403637185.488404989242554,47,1,46,0,11
1403637185.538400173187256,46,1,46,0,11
1403637185.588396549224854,46,0,46,0,11
1403637185.638390064239502,45,1,45,0,11
1403637185.688386917114258,45,1,44,0,11
1403637185.738384962081909,47,0,44,2,11
1403637185.788386106491089,49,6,46,3,11
1403637185.838385105133057,49,2,49,0,11
1403637185.888381242752075,50,10,49,1,11
1403637185.938378572463989,50,1,50,0,11
1403637185.988361358642578,50,23,50,0,11
1403637186.038357019424438,50,10,49,0,11
1403637186.088356256484985,50,1,49,0,11
1403637186.138354063034058,49,1,49,0,11
1403637186.188353061676025,48,0,48,0,11
1403637186.238350391387939,48,1,47,0,11
1403637186.288348674774170,48,0,47,0,11
1403637186.338348627090454,48,0,47,1,11
1403637186.388347387313843,49,4,47,2,11
1403637186.438346862792969,50,1,48,1,11
1403637186.488347530364990,50,12,49,0,11
1403637186.538346529006958,49,3,49,0,11
1403637186.588347434997559,50,29,49,1,11
1403637186.638346433639526,50,11,50,0,11
1403637186.688345432281494,50,0,50,0,11
1403637186.738341569900513,50,2,50,0,11
1403637186.788339614868164,50,0,50,0,11
1403637186.838339090347290,50,0,50,0,11
1403637186.888338565826416,50,1,50,0,11
1403637186.938340187072754,50,1,50,0,11
1403637186.988342761993408,50,5,50,0,11
1403637187.038345813751221,50,1,50,0,11
1403637187.088349580764771,49,10,49,0,11
1403637187.138350725173950,49,2,48,1,11
1403637187.188347578048706,50,22,49,1,11
1403637187.238346338272095,50,8,49,0,11
1403637187.288347482681274,49,1,48,0,11
1403637187.338347911834717,49,1,48,1,11
1403637187.388348817825317,49,0,49,0,11
1403637187.438349485397339,49,1,49,0,11
1403637187.488349914550781,49,2,49,0,11
1403637187.538350820541382,50,0,49,1,11
1403637187.588351726531982,49,4,49,0,11
1403637187.638351678848267,50,1,48,1,11
1403637187.688352346420288,50,7,49,0,11
1403637187.738353252410889,49,1,48,0,11
1403637187.788353443145752,49,15,47,1,11
1403637187.838356971740723,49,34,47,1,11
1403637187.888356208801270,50,2,48,1,11
1403637187.938356399536133,49,2,49,0,11
1403637187.988356351852417,49,0,47,0,11
1403637188.038356781005859,49,0,46,0,11
1403637188.088356733322144,47,3,46,0,11
1403637188.138356924057007,46,0,45,0,11
1403637188.188357591629028,48,1,45,2,11
1403637188.238358497619629,47,2,46,0,11
1403637188.288359642028809,48,4,45,2,11
1403637188.338359832763672,49,3,46,2,11
1403637188.388360738754272,50,9,48,1,11
1403637188.438359260559082,49,25,48,0,11
1403637188.488359451293945,50,0,49,1,11
1403637188.538359165191650,50,2,50,0,11
1403637188.588358402252197,49,1,49,0,11
1403637188.638359069824219,48,1,47,0,11
1403637188.688358545303345,49,1,46,1,11
1403637188.738358497619629,46,0,45,0,11
1403637188.788359403610229,44,0,44,0,11
1403637188.838359594345093,44,0,43,1,11
1403637188.888358831405640,46,0,44,2,11
1403637188.938357353210449,46,0,45,1,11
1403637188.988354921340942,49,20,44,3,11
1403637189.038349151611328,49,18,47,1,11
1403637189.088346481323242,45,0,45,0,11
1403637189.138343095779419,46,0,43,2,11
1403637189.188340663909912,46,0,45,0,11
1403637189.238340377807617,43,0,42,0,11
1403637189.288342714309692,43,0,42,0,11
1403637189.338345766067505,42,1,41,1,11
1403637189.388347148895264,41,1,41,0,11
1403637189.438347578048706,39,0,39,0,11
1403637189.488347768783569,37,1,37,0,11
1403637189.538347482681274,36,0,36,0,11
1403637189.588349342346191,48,8,34,14,11
1403637189.638355731964111,49,18,48,1,11
1403637189.688359975814819,47,0,47,0,11
1403637189.738365411758423,47,2,46,0,11
1403637189.788369894027710,46,1,45,0,11
1403637189.838370561599731,45,1,44,1,11
1403637189.888368606567383,45,1,45,0,11
1403637189.938364982604980,44,0,43,0,11
1403637189.988363504409790,43,2,42,0,11
1403637190.038364410400391,48,5,40,6,11
1403637190.088364124298096,46,0,43,0,11
1403637190.138363838195801,43,2,40,0,11
1403637190.188363313674927,41,0,39,2,11
1403637190.238360643386841,43,12,39,4,11
1403637190.288360834121704,42,0,42,0,11
1403637190.338361978530884,42,2,40,0,11
1403637190.388365268707275,42,0,40,0,11
1403637190.438364744186401,45,3,37,7,11
1403637190.488363027572632,44,1,41,1,11
1403637190.538361549377441,43,1,42,0,11
1403637190.588359117507935,46,2,39,4,11
1403637190.638355016708374,46,1,42,2,11
1403637190.688353061676025,43,2,42,0,11
1403637190.738353252410889,45,0,42,3,11
1403637190.788353204727173,47,0,45,2,11
1403637190.838354110717773,48,14,47,1,11
1403637190.888355255126953,48,0,47,0,11
1403637190.938356399536133,48,2,46,0,11
1403637190.988356113433838,47,0,46,0,11
1403637191.038356065750122,49,5,46,3,11
1403637191.088356256484985,49,0,48,0,11
1403637191.138356447219849,50,1,48,1,11
1403637191.188355207443237,49,5,48,0,11
1403637191.238355398178101,49,0,45,1,11
1403637191.288355827331543,49,1,46,1,11
1403637191.338356494903564,48,0,47,1,11
1403637191.388356685638428,48,1,47,0,11
1403637191.438356876373291,48,16,47,0,11
1403637191.488357067108154,47,0,47,0,11
1403637191.538356781005859,47,0,46,0,11
1403637191.588356971740723,48,0,46,1,11
1403637191.638357400894165,48,3,45,2,11
1403637191.688356876373291,48,0,45,0,11
1403637191.738358259201050,49,5,45,2,11
1403637191.788358449935913,47,4,43,1,11
1403637191.838356733322144,47,0,43,0,11
1403637191.888354778289795,43,0,41,1,11
1403637191.938353061676025,40,0,37,1,11
1403637191.988351345062256,39,0,37,0,11
1403637192.038349151611328,42,11,36,5,11
1403637192.088349580764771,43,0,40,1,11
1403637192.138348817825317,41,0,40,0,11
1403637192.188347578048706,38,0,36,1,11
1403637192.238346815109253,40,0,36,3,11
1403637192.288346767425537,39,0,38,0,11
1403637192.338346958160400,43,0,36,5,11
1403637192.388346910476685,46,1,40,4,11
1403637192.438347339630127,47,4,44,2,11
1403637192.488347768783569,47,0,46,1,11
1403637192.538348436355591,47,2,43,1,11
1403637192.588348150253296,47,1,43,0,11
1403637192.638350009918213,44,14,43,0,11
1403637192.688350439071655,43,3,43,0,11
1403637192.738350152969360,42,0,42,0,11
1403637192.788350105285645,42,0,42,0,11
1403637192.838348388671875,47,0,42,5,11
1403637192.888347387313843,48,0,47,1,11
1403637192.938347339630127,48,4,46,1,11
1403637192.988347291946411,49,2,47,1,11
1403637193.038347959518433,49,2,48,1,11
1403637193.088350534439087,49,0,48,1,11
1403637193.138354063034058,49,5,49,0,11
1403637193.188356399536133,49,0,49,0,11
1403637193.238357543945312,50,14,49,1,11
1403637193.288356542587280,49,2,47,0,11
1403637193.338353633880615,49,0,47,0,11
1403637193.388351917266846,45,1,45,0,11
1403637193.438349246978760,45,1,43,2,11
1403637193.488346338272095,45,0,45,0,11
1403637193.538344144821167,44,0,44,0,11
1403637193.588341712951660,41,3,41,0,11
1403637193.638340473175049,42,3,41,1,11
1403637193.688338756561279,42,1,41,0,11
1403637193.738337516784668,43,0,40,2,11
1403637193.788336753845215,42,0,40,1,11
1403637193.838333845138550,45,4,40,3,11
1403637193.888333797454834,43,1,39,1,11
1403637193.938335180282593,41,0,39,0,11
1403637193.988336324691772,42,4,37,5,11
1403637194.038338184356689,43,1,42,1,11
1403637194.088337898254395,41,1,39,0,11
1403637194.138337373733521,43,1,40,2,11
1403637194.188338041305542,42,0,40,1,11
1403637194.238338708877563,42,0,40,0,11
1403637194.288338422775269,45,1,39,4,11
1403637194.338338851928711,42,0,42,0,11
1403637194.388339757919312,44,1,41,3,11
1403637194.438340187072754,44,1,43,0,11
1403637194.488339900970459,43,0,42,0,11
1403637194.538340806961060,42,1,40,1,11
1403637194.588341712951660,44,1,40,3,11
1403637194.638341665267944,42,0,42,0,11
1403637194.688341856002808,45,2,41,4,11
1403637194.738341808319092,44,1,44,0,11
1403637194.788341522216797,45,1,44,1,11
1403637194.838341712951660,44,0,44,0,11
1403637194.888341665267944,46,1,42,3,11
1403637194.938341617584229,46,3,43,0,11
1403637194.988340854644775,45,1,41,1,11
1403637195.038339853286743,42,2,38,2,11
1403637195.088339328765869,38,1,37,0,11
1403637195.138337612152100,38,1,34,4,11
1403637195.188336372375488,42,0,37,4,11
1403637195.238335847854614,42,0,41,1,11
1403637195.288335800170898,43,0,40,2,11
1403637195.338335275650024,43,0,39,0,11
1403637195.388334751129150,40,0,37,0,11
1403637195.438334465026855,38,0,37,1,11
1403637195.488334417343140,36,0,35,0,11
1403637195.538334369659424,45,0,32,10,11
1403637195.588334560394287,45,0,40,2,11
1403637195.638334751129150,44,2,40,1,11
1403637195.688333272933960,45,0,40,2,11
1403637195.738332986831665,48,1,41,5,11
1403637195.788332223892212,48,6,46,1,11
1403637195.838331699371338,45,2,44,0,11
1403637195.888331651687622,43,0,42,0,11
1403637195.938331127166748,45,2,42,3,11
1403637195.988330602645874,44,1,43,0,11
1403637196.038330078125000,44,0,42,0,11
1403637196.088330030441284,41,3,40,0,11
1403637196.138329744338989,42,3,36,3,11
1403637196.188329219818115,40,1,34,0,11
1403637196.238329648971558,37,0,34,1,11
1403637196.288330078125000,36,1,34,1,11
1403637196.338330507278442,41,0,35,5,11
1403637196.388331651687622,46,7,38,8,11
1403637196.438331127166748,48,6,43,4,11
1403637196.488329887390137,49,2,46,2,11
1403637196.538329362869263,49,0,46,1,11
1403637196.588329315185547,48,1,47,0,11
1403637196.638328790664673,46,4,44,1,11
1403637196.688329458236694,46,0,43,0,11
1403637196.738329410552979,44,1,42,0,11
1403637196.788330316543579,45,2,38,4,11
1403637196.838330507278442,45,5,38,3,11
1403637196.888331413269043,45,2,41,2,11
1403637196.938330888748169,45,4,41,4,11
1403637196.988331794738770,45,3,44,0,11
1403637197.038332939147949,46,2,41,3,11
1403637197.088333845138550,42,2,37,1,11
1403637197.138336420059204,47,3,36,6,11
1403637197.188336133956909,42,3,37,1,11
1403637197.238337755203247,40,3,35,1,11
1403637197.288336992263794,36,5,26,3,11
1403637197.338336467742920,34,6,28,1,11
1403637197.388337612152100,29,5,22,1,11
1403637197.438338041305542,26,7,19,2,11
1403637197.488337516784668,27,4,17,4,11
1403637197.538338422775269,28,3,21,3,11
1403637197.588338375091553,27,2,22,3,11
1403637197.638336181640625,30,5,20,8,11
1403637197.688338994979858,25,4,20,1,11
1403637197.738339424133301,28,3,16,5,11
1403637197.788343429565430,26,5,16,3,11
1403637197.838346481323242,22,2,16,1,11
1403637197.888346910476685,19,5,17,0,11
1403637197.938345909118652,24,5,17,6,11
1403637197.988347053527832,26,4,19,7,11
1403637198.038345098495483,28,5,20,5,11
1403637198.088344335556030,29,3,22,4,11
1403637198.138344526290894,27,3,24,1,11
1403637198.188344001770020,23,3,21,1,11
1403637198.238343477249146,25,0,20,2,11
1403637198.288344621658325,35,3,20,12,11
1403637198.338345527648926,33,0,30,0,11
1403637198.388346672058105,36,2,29,5,11
1403637198.438347339630127,34,3,31,2,11
1403637198.488346576690674,33,3,30,0,11
1403637198.538347959518433,35,1,29,3,11
1403637198.588348388671875,33,2,27,3,11
1403637198.638347625732422,36,2,29,3,11
1403637198.688346147537231,38,2,31,6,11
1403637198.738344907760620,34,2,33,0,11
1403637198.788344144821167,42,2,30,8,11
1403637198.838343858718872,38,2,33,0,11
1403637198.888343811035156,36,6,30,1,11
1403637198.938338518142700,42,4,28,10,11
1403637198.988335847854614,37,6,35,0,11
1403637199.038335561752319,37,2,33,2,11
1403637199.088336467742920,43,1,34,8,11
1403637199.138339996337891,42,1,40,0,11
1403637199.188342094421387,43,5,38,1,11
1403637199.238337993621826,40,0,33,1,11
1403637199.288337469100952,44,3,32,7,11
1403637199.338336467742920,38,3,36,0,11
1403637199.388337135314941,45,5,33,11,11
1403637199.438332319259644,42,1,42,0,11
1403637199.488331317901611,40,1,39,0,11
1403637199.538335323333740,49,8,38,10,11
1403637199.588334083557129,48,0,43,1,11
1403637199.638331651687622,50,4,43,2,11
1403637199.688330411911011,45,3,41,0,11
1403637199.738328456878662,40,1,36,0,11
1403637199.788326501846313,36,1,30,1,11
1403637199.838325738906860,40,9,22,13,11
1403637199.888325691223145,36,2,34,0,11
1403637199.938324451446533,34,3,29,0,11
1403637199.988324642181396,30,4,27,0,11
1403637200.038326263427734,38,4,22,13,11
1403637200.088324308395386,31,1,30,0,11
1403637200.138325452804565,25,2,23,2,11
1403637200.188328266143799,23,2,18,1,11
1403637200.238330125808716,28,5,15,11,11
1403637200.288335800170898,25,0,23,0,11
1403637200.338337659835815,19,4,17,0,11
1403637200.388340473175049,15,2,15,0,11
1403637200.438352108001709,26,3,12,11,11
1403637200.488353252410889,22,1,20,0,11
1403637200.538352251052856,19,3,18,0,11
1403637200.588343143463135,30,8,18,12,11
1403637200.638336658477783,31,2,28,1,11
1403637200.688319683074951,39,1,23,10,11
1403637200.738316297531128,34,2,29,0,11
1403637200.788303136825562,39,3,29,9,11
1403637200.838297128677368,39,2,38,1,11
1403637200.888291597366333,47,4,39,8,11
1403637200.938286066055298,50,7,47,3,11
1403637200.988287925720215,50,1,49,0,11
1403637201.038286685943604,50,11,48,0,11
1403637201.088288068771362,49,24,47,0,11
1403637201.138289690017700,48,0,45,1,11
1403637201.188291788101196,48,0,44,2,11
1403637201.238295078277588,47,1,44,1,11
1403637201.288297176361084,47,0,39,1,11
1403637201.338300704956055,46,1,38,1,11
1403637201.388303756713867,43,1,38,4,11
1403637201.438307285308838,42,3,40,1,11
1403637201.488308906555176,42,1,39,0,11
1403637201.538311243057251,48,0,39,7,11
1403637201.588311672210693,47,1,46,1,11
1403637201.638316154479980,50,31,47,3,11
1403637201.688320398330688,49,19,48,0,11
1403637201.738322496414185,49,0,46,0,11
1403637201.788324356079102,48,0,44,0,11
1403637201.838325262069702,47,0,43,1,11
1403637201.888326168060303,46,0,44,1,11
1403637201.938325405120850,46,0,45,1,11
1403637201.988321304321289,49,0,46,3,11
1403637202.038317680358887,50,0,49,1,11
1403637202.088314056396484,50,0,50,0,11
1403637202.138310909271240,50,1,50,0,11
1403637202.188308715820312,49,0,49,0,11
1403637202.238305807113647,48,20,48,0,11
1403637202.288305759429932,48,9,48,0,11
1403637202.338304758071899,48,0,48,0,11
1403637202.388304710388184,48,0,47,0,11
1403637202.438303947448730,48,0,46,1,11
1403637202.488303184509277,47,0,46,0,11
1403637202.538302659988403,48,0,46,2,11
1403637202.588301420211792,48,0,48,0,11
1403637202.638300895690918,48,0,47,0,11
1403637202.688300132751465,48,0,47,0,11
1403637202.738301038742065,48,0,47,1,11
1403637202.788301229476929,48,0,48,0,11
1403637202.838303804397583,48,18,48,0,11
1403637202.888304233551025,48,9,48,0,11
1403637202.938305377960205,48,0,48,0,11
1403637202.988305807113647,49,0,48,1,11
1403637203.038306236267090,49,0,49,0,11
1403637203.088306188583374,49,0,49,0,11
1403637203.138305664062500,49,0,49,0,11
1403637203.188305377960205,50,0,49,1,11
1403637203.238305568695068,50,0,50,0,11
1403637203.288305759429932,50,0,50,0,11
1403637203.338305473327637,50,1,50,0,11
1403637203.388305425643921,50,0,50,0,11
1403637203.438305139541626,50,19,50,0,11
1403637203.488304853439331,50,9,49,0,11
1403637203.538305282592773,49,0,49,0,11
1403637203.588304996490479,49,0,49,0,11
1403637203.638304710388184,49,0,48,0,11
1403637203.688304424285889,48,0,47,0,11
1403637203.738304138183594,47,0,47,0,11
1403637203.788304567337036,47,0,47,0,11
1403637203.838304519653320,47,0,46,0,11
1403637203.888304710388184,47,1,46,0,11
1403637203.938304662704468,47,0,46,1,11
1403637203.988305091857910,47,0,46,0,11
1403637204.038306951522827,47,17,46,0,11
1403637204.088307142257690,46,10,46,0,11
1403637204.138307332992554,47,0,46,1,11
1403637204.188307523727417,47,0,47,0,11
1403637204.238307714462280,48,22,47,1,11
1403637204.288307905197144,48,0,48,0,11
1403637204.338308334350586,48,0,48,0,11
1403637204.388309001922607,48,0,48,0,11
1403637204.438310146331787,48,0,48,0,11
1403637204.488310575485229,48,0,48,0,11
1403637204.538310766220093,48,0,48,0,11
1403637204.588310241699219,48,0,48,0,11
1403637204.638310194015503,48,9,48,0,11
1403637204.688309669494629,48,6,48,0,11
1403637204.738309383392334,48,0,48,0,11
1403637204.788310289382935,47,0,47,0,11
1403637204.838312625885010,47,8,47,0,11
1403637204.888312816619873,48,0,47,1,11
1403637204.938313961029053,48,0,48,0,11
1403637204.988314390182495,48,0,48,0,11
1403637205.038314819335938,48,0,48,0,11
1403637205.088314294815063,48,0,48,0,11
1403637205.138313770294189,48,0,48,0,11
1403637205.188313245773315,48,0,48,0,11
1403637205.238313198089600,48,7,48,0,11
1403637205.288312673568726,48,6,48,0,11
1403637205.338311910629272,48,0,48,0,11
1403637205.388311386108398,48,0,48,0,11
1403637205.438311100006104,48,4,48,0,11
1403637205.488311052322388,48,0,48,0,11
1403637205.538311243057251,48,0,48,0,11
1403637205.588311195373535,48,0,48,0,11
1403637205.638310670852661,48,0,48,0,11
1403637205.688310146331787,48,0,48,0,11
1403637205.738309383392334,48,0,47,0,11
1403637205.788309335708618,48,0,47,0,11
1403637205.838308572769165,48,3,47,1,11
1403637205.888308525085449,48,0,48,0,11
1403637205.938308238983154,48,0,47,0,11
1403637205.988308191299438,48,0,47,0,11
1403637206.038308143615723,47,0,47,0,11
1403637206.088307857513428,47,0,47,0,11
1403637206.138307571411133,47,0,46,0,11
1403637206.188307523727417,47,0,46,0,11
1403637206.238307714462280,47,0,46,1,11
1403637206.288308382034302,47,0,47,0,11
1403637206.338308334350586,47,0,47,0,11
1403637206.388308048248291,47,0,47,0,11
1403637206.438308238983154,47,3,47,0,11
1403637206.488307952880859,47,0,47,0,11
1403637206.538308143615723,47,0,47,0,11
1403637206.588308334350586,47,0,46,0,11
1403637206.638309001922607,47,1,46,0,11
1403637206.688308715820312,47,0,46,1,11
1403637206.738308906555176,47,0,47,0,11
1403637206.788308858871460,47,0,47,0,11
1403637206.838308811187744,47,0,47,0,11
1403637206.888309240341187,47,0,47,0,11
1403637206.938308477401733,47,0,47,0,11
1403637206.988308191299438,47,0,47,0,11
1403637207.038308620452881,47,3,47,0,11
1403637207.088308572769165,46,0,46,0,11
1403637207.138308525085449,46,0,46,0,11
1403637207.188308477401733,46,0,45,0,11
1403637207.238308668136597,46,0,45,0,11
1403637207.288309335708618,46,0,45,1,11
1403637207.338309526443481,46,0,46,0,11
1403637207.388309478759766,46,0,46,0,11
1403637207.438309192657471,46,0,46,0,11
1403637207.488309383392334,46,0,46,0,11
1403637207.538309574127197,46,0,46,0,11
1403637207.588309526443481,46,0,45,0,11
1403637207.638309240341187,46,1,45,0,11
1403637207.688309431076050,46,0,45,1,11
1403637207.738309621810913,46,0,46,0,11
1403637207.788311004638672,46,0,46,0,11
1403637207.838312864303589,47,3,46,1,11
1403637207.888315439224243,47,0,47,0,11
1403637207.938317060470581,47,0,47,0,11
1403637207.988317251205444,47,0,47,0,11
1403637208.038317441940308,47,0,47,0,11
1403637208.088317632675171,47,0,47,0,11
1403637208.138316631317139,47,0,47,0,11
1403637208.188316822052002,47,0,46,0,11
1403637208.238317489624023,47,5,46,0,11
1403637208.288317918777466,47,0,46,1,11
1403637208.338317871093750,47,0,47,0,11
1403637208.388317823410034,47,0,47,0,11
1403637208.438318014144897,47,2,47,0,11
1403637208.488317966461182,47,0,47,0,11
1403637208.538318634033203,47,0,47,0,11
1403637208.588318586349487,47,0,47,0,11
1403637208.638318538665771,47,0,47,0,11
1403637208.688318490982056,47,0,47,0,11
1403637208.738318443298340,47,0,47,0,11
1403637208.788318634033203,47,0,47,0,11
1403637208.838319063186646,47,5,47,0,11
1403637208.888318777084351,47,0,47,0,11
1403637208.938318729400635,47,0,47,0,11
1403637208.988318443298340,47,0,47,0,11
1403637209.038318395614624,47,1,46,0,11
1403637209.088318824768066,47,0,46,0,11
1403637209.138319015502930,47,0,46,1,11
1403637209.188318967819214,46,0,46,0,11
1403637209.238317966461182,46,0,46,0,11
1403637209.288317918777466,45,0,45,0,11
1403637209.338317394256592,45,0,45,0,11
1403637209.388316869735718,45,0,45,0,11
1403637209.438317775726318,45,1,44,0,11
1403637209.488318681716919,45,0,44,0,11
1403637209.538319349288940,45,0,44,1,11
1403637209.588320016860962,44,0,44,0,11
1403637209.638320207595825,43,0,43,0,11
1403637209.688320875167847,43,0,43,0,11
1403637209.738321781158447,43,0,43,0,11
1403637209.788322925567627,43,0,42,0,11
1403637209.838323831558228,43,0,42,0,11
1403637209.888323783874512,43,0,42,1,11
1403637209.938323736190796,43,0,42,0,11
1403637209.988324165344238,43,0,42,0,11
1403637210.038324356079102,47,2,42,5,11
1403637210.088323354721069,45,5,45,0,11
1403637210.138322591781616,45,0,45,0,11
1403637210.188322305679321,44,0,44,0,11
1403637210.238322973251343,48,11,43,4,11
1403637210.288323163986206,47,0,46,0,11
1403637210.338324069976807,46,0,45,1,11
1403637210.388325214385986,44,0,44,0,11
1403637210.438326120376587,43,0,43,0,11
1403637210.488327503204346,43,1,43,0,11
1403637210.538327693939209,44,6,43,1,11
1403637210.588328123092651,44,1,43,0,11
1403637210.638328552246094,48,15,43,4,11
1403637210.688328266143799,48,13,47,1,11
1403637210.738328218460083,50,24,48,2,11
1403637210.788329362869263,49,0,49,0,11
1403637210.838331460952759,48,10,47,0,11
1403637210.888332843780518,48,1,47,0,11
1403637210.938332796096802,48,0,47,1,11
1403637210.988332509994507,47,2,46,0,11
1403637211.038332462310791,47,2,45,0,11
1403637211.088333129882812,47,3,45,1,11
1403637211.138333797454834,45,2,44,0,11
1403637211.188334465026855,45,3,43,0,11
1403637211.238333702087402,47,10,43,3,11
1403637211.288335084915161,45,10,43,1,11
1403637211.338334083557129,48,7,43,3,11
1403637211.388334274291992,47,1,43,1,11
1403637211.438335657119751,47,1,42,3,11
1403637211.488336563110352,45,1,43,0,11
1403637211.538338899612427,44,4,39,1,11
1403637211.588339805603027,40,1,37,0,11
1403637211.638340950012207,39,1,35,1,11
1403637211.688341617584229,41,0,33,4,11
1403637211.738341569900513,39,0,37,0,11
1403637211.788341283798218,35,1,32,0,11
1403637211.838340520858765,41,2,30,6,11
1403637211.888339996337891,44,3,34,8,11
1403637211.938340663909912,48,9,40,6,11
1403637211.988341093063354,43,0,41,0,11
1403637212.038342237472534,42,0,39,1,11
1403637212.088343620300293,40,2,39,0,11
1403637212.138343811035156,38,1,36,1,11
1403637212.188342809677124,38,3,36,1,11
1403637212.238343238830566,36,2,34,0,11
1403637212.288343429565430,36,6,31,1,11
1403637212.338342666625977,42,0,31,9,11
1403637212.388342380523682,41,0,36,1,11
1403637212.438342094421387,38,0,33,1,11
1403637212.488340377807617,42,2,33,8,11
1403637212.538339614868164,45,1,40,4,11
1403637212.588338851928711,45,0,44,0,11
1403637212.638337373733521,42,1,40,0,11
1403637212.688336133956909,48,3,37,7,11
1403637212.738336801528931,49,3,41,3,11
1403637212.788337230682373,44,2,39,0,11
1403637212.838336706161499,39,2,35,0,11
1403637212.888336420059204,37,1,33,4,11
1403637212.938336372375488,38,2,34,1,11
1403637212.988336086273193,35,1,29,1,11
1403637213.038336277008057,36,2,27,6,11
1403637213.088335752487183,34,1,29,2,11
1403637213.138335466384888,33,2,29,0,11
1403637213.188335895538330,31,2,27,1,11
1403637213.238335847854614,31,0,28,1,11
1403637213.288335800170898,29,7,28,1,11
1403637213.338335514068604,29,5,26,1,11
1403637213.388335227966309,30,1,24,1,11
1403637213.438335180282593,30,6,22,3,11
1403637213.488334655761719,35,1,25,8,11
1403637213.538335323333740,32,1,30,1,11
1403637213.588335037231445,31,4,30,0,11
1403637213.638334274291992,35,4,26,9,11
1403637213.688333511352539,36,3,35,1,11
1403637213.738333225250244,34,2,32,0,11
1403637213.788332939147949,32,2,30,0,11
1403637213.838331699371338,34,2,29,5,11
1403637213.888331413269043,36,0,33,3,11
1403637213.938331365585327,36,2,35,0,11
1403637213.988331317901611,35,2,33,0,11
1403637214.038330316543579,39,1,32,5,11
1403637214.088327884674072,38,0,36,2,11
1403637214.138324975967407,41,1,37,4,11
1403637214.188324451446533,41,1,40,0,11
1403637214.238323688507080,43,0,39,3,11
1403637214.288323163986206,47,2,40,5,11
1403637214.338323831558228,48,0,43,1,11
1403637214.388323307037354,45,4,41,1,11
1403637214.438322782516479,42,3,37,3,11
1403637214.488322973251343,41,2,37,1,11
1403637214.538322925567627,37,0,32,0,11
1403637214.588322162628174,33,0,28,0,11
1403637214.638321399688721,30,2,28,0,11
1403637214.688321352005005,28,1,25,1,11
1403637214.738320827484131,29,1,23,3,11
1403637214.788321971893311,27,0,24,0,11
1403637214.838322401046753,35,1,24,9,11
1403637214.888322830200195,33,1,32,1,11
1403637214.938322544097900,35,0,32,3,11
1403637214.988322257995605,47,0,34,13,11
1403637215.038321256637573,49,1,45,3,11
1403637215.088321447372437,49,0,47,0,11
1403637215.138321161270142,48,12,45,1,11
1403637215.188321113586426,47,1,43,1,11
1403637215.238322019577026,46,0,43,0,11
1403637215.288322210311890,47,1,41,4,11
1403637215.338322162628174,44,1,42,0,11
1403637215.388322591781616,45,0,42,2,11
1403637215.438322305679321,46,2,40,4,11
1403637215.488320589065552,45,3,42,0,11
1403637215.538320779800415,42,1,41,0,11
1403637215.588320970535278,47,7,38,6,11
1403637215.638320446014404,47,0,44,1,11
1403637215.688321590423584,46,2,43,1,11
1403637215.738324880599976,49,9,43,3,11
1403637215.788326025009155,44,0,44,0,11
1403637215.838327884674072,43,2,43,0,11
1403637215.888328313827515,43,1,41,1,11
1403637215.938328266143799,39,0,39,0,11
1403637215.988330841064453,47,5,35,11,11
1403637216.038330793380737,47,2,44,1,11
1403637216.088329792022705,46,1,44,0,11
1403637216.138330459594727,38,0,37,0,11
1403637216.188325643539429,40,0,35,5,11
1403637216.238325834274292,40,2,39,0,11
1403637216.288326025009155,41,0,37,1,11
1403637216.338325023651123,47,8,36,8,11
1403637216.388324022293091,46,1,41,1,11
1403637216.438324451446533,44,1,41,0,11
1403637216.488325119018555,41,2,39,0,11
1403637216.538326978683472,48,16,38,9,11
1403637216.588327646255493,48,3,46,2,11
1403637216.638328075408936,48,0,48,0,11
1403637216.688329458236694,49,0,46,1,11
1403637216.738330841064453,50,1,47,1,11
1403637216.788331985473633,48,1,47,0,11
1403637216.838333129882812,48,0,47,0,11
1403637216.888333559036255,47,0,46,0,11
1403637216.938333034515381,50,4,46,3,11
1403637216.988333225250244,49,0,49,0,11
1403637217.038332939147949,50,17,48,1,11
1403637217.088331222534180,50,18,48,0,11
1403637217.138329505920410,47,12,46,0,11
1403637217.188328742980957,50,0,46,4,11
1403637217.238328456878662,50,0,50,0,11
1403637217.288328409194946,50,0,50,0,11
1403637217.338328123092651,50,0,49,0,11
1403637217.388327360153198,49,3,48,0,11
1403637217.438327312469482,48,0,47,0,11
1403637217.488326787948608,49,1,47,1,11
1403637217.538327455520630,48,0,48,0,11
1403637217.588327646255493,48,0,48,0,11
1403637217.638327836990356,50,6,47,2,11
1403637217.688326597213745,50,19,48,0,11
1403637217.738326311111450,49,9,48,0,11
1403637217.788326263427734,47,0,46,0,11
1403637217.838324069976807,45,1,40,0,11
1403637217.888318300247192,44,0,40,0,11
1403637217.938315868377686,39,1,39,0,11
1403637217.988313913345337,41,0,39,2,11
1403637218.038315773010254,48,8,41,7,11
1403637218.088317155838013,48,0,46,0,11
1403637218.138318061828613,49,3,46,1,11
1403637218.188318729400635,47,0,45,1,11
1403637218.238317728042603,49,4,46,2,11
1403637218.288314342498779,47,15,45,1,11
1403637218.338312625885010,48,6,45,1,11
1403637218.388311147689819,45,0,43,0,11
1403637218.438310146331787,42,1,41,0,11
1403637218.488309621810913,41,3,40,0,11
1403637218.538310050964355,44,0,40,3,11
1403637218.588309764862061,44,1,42,1,11
1403637218.638309240341187,46,5,43,2,11
1403637218.688308954238892,45,2,45,0,11
1403637218.738308429718018,46,0,44,1,11
1403637218.788308620452881,47,1,44,2,11
1403637218.838309049606323,48,5,46,2,11
1403637218.888309717178345,50,10,48,2,11
1403637218.938307285308838,50,31,49,0,11
1403637218.988308429718018,50,1,48,0,11
1403637219.038308858871460,49,1,47,0,11
1403637219.088309764862061,48,0,46,0,11
1403637219.138311862945557,47,0,45,0,11
1403637219.188313722610474,45,0,44,0,11
1403637219.238313674926758,47,0,44,3,11
1403637219.288315296173096,47,0,45,0,11
1403637219.338316202163696,47,0,44,0,11
1403637219.388316392898560,45,2,43,0,11
1403637219.438313245773315,47,3,42,4,11
1403637219.488308429718018,49,7,43,3,11
1403637219.538302421569824,49,14,46,1,11
1403637219.588298320770264,47,2,44,0,11
1403637219.638299703598022,48,2,44,1,11
1403637219.688302516937256,46,0,44,1,11
1403637219.738303184509277,47,2,45,2,11
1403637219.788303613662720,47,1,47,0,11
1403637219.838310241699219,47,1,46,1,11
1403637219.888317108154297,48,13,46,1,11
1403637219.938317298889160,46,0,44,0,11
1403637219.988320112228394,45,0,44,0,11
1403637220.038322210311890,44,0,43,1,11
1403637220.088326215744019,47,1,44,3,11
1403637220.138327360153198,47,8,46,0,11
1403637220.188327550888062,47,1,44,0,11
1403637220.238327503204346,46,0,43,0,11
1403637220.288327455520630,43,0,41,0,11
1403637220.338327407836914,43,0,41,0,11
1403637220.388327598571777,41,0,40,0,11
1403637220.438327550888062,40,0,38,0,11
1403637220.488328456878662,48,13,38,9,11
1403637220.538328886032104,47,1,46,0,11
1403637220.588328361511230,48,2,46,1,11
1403637220.638328313827515,47,2,46,0,11
1403637220.688327789306641,47,1,44,0,11
1403637220.738326787948608,46,13,44,0,11
1403637220.788326978683472,45,2,44,1,11
1403637220.838326692581177,45,1,45,0,11
1403637220.888326168060303,50,38,45,5,11
1403637220.938326597213745,50,0,50,0,11
1403637220.988326311111450,50,1,50,0,11
1403637221.038326978683472,50,0,50,0,11
1403637221.088326692581177,50,10,50,0,11
1403637221.138326883316040,50,0,50,0,11
1403637221.188327789306641,48,0,48,0,11
1403637221.238327980041504,49,0,48,1,11
1403637221.288328409194946,49,1,49,0,11
1403637221.338328123092651,50,10,49,1,11
1403637221.388328075408936,49,1,49,0,11
1403637221.438328027725220,48,0,47,0,11
1403637221.488327741622925,49,23,47,1,11
1403637221.538328409194946,48,0,48,0,11
1403637221.588328361511230,48,1,47,0,11
1403637221.638328790664673,48,0,47,0,11
1403637221.688328981399536,48,7,47,1,11
1403637221.738330125808716,48,1,48,0,11
1403637221.788330554962158,48,0,48,0,11
1403637221.838330745697021,48,0,48,0,11
1403637221.888330698013306,48,0,47,0,11
1403637221.938330173492432,48,4,47,0,11
1403637221.988330125808716,46,1,46,0,11
1403637222.038329362869263,46,0,46,0,11
1403637222.088331222534180,46,20,46,0,11
1403637222.138330698013306,45,0,45,0,11
1403637222.188329458236694,44,0,44,0,11
1403637222.238327741622925,44,0,44,0,11
1403637222.288327217102051,48,4,43,4,11
1403637222.338324308395386,48,0,46,0,11
1403637222.388322353363037,47,0,46,0,11
1403637222.438320636749268,46,0,41,0,11
1403637222.488320350646973,46,2,41,0,11
1403637222.538321018218994,42,2,41,1,11
1403637222.588322401046753,42,1,42,0,11
1403637222.638324737548828,41,1,39,0,11
1403637222.688325166702271,46,11,40,5,11
1403637222.738327980041504,45,0,44,0,11
1403637222.788331270217896,45,0,44,0,11
1403637222.838332414627075,44,0,44,0,11
1403637222.888334274291992,44,0,44,0,11
1403637222.938336372375488,44,0,44,0,11
1403637222.988338232040405,47,18,44,3,11
1403637223.038339853286743,48,3,47,1,11
1403637223.088339805603027,48,0,48,0,11
1403637223.138340711593628,48,0,48,0,11
1403637223.188341617584229,48,0,48,0,11
1403637223.238343477249146,48,0,48,0,11
1403637223.288344860076904,48,1,48,0,11
1403637223.338345766067505,48,0,48,0,11
1403637223.388346195220947,48,0,48,0,11
1403637223.438346385955811,48,0,48,0,11
1403637223.488346099853516,48,0,47,0,11
1403637223.538346290588379,48,0,47,0,11
1403637223.588342905044556,47,18,47,0,11
1403637223.638342618942261,47,3,47,0,11
1403637223.688343763351440,47,0,47,0,11
1403637223.738344192504883,47,1,47,0,11
1403637223.788344383239746,47,0,47,0,11
1403637223.838344573974609,47,0,47,0,11
1403637223.888345003128052,47,4,47,0,11
1403637223.938345193862915,47,0,47,0,11
1403637223.988345623016357,47,0,47,0,11
1403637224.038346290588379,48,0,47,1,11
1403637224.088346242904663,48,0,48,0,11
1403637224.138347625732422,48,0,48,0,11
1403637224.188347578048706,48,15,48,0,11
1403637224.238348007202148,49,2,48,1,11
1403637224.288348674774170,49,0,49,0,11
1403637224.338348865509033,49,0,49,0,11
1403637224.388349056243896,49,0,49,0,11
1403637224.438348531723022,49,0,49,0,11
1403637224.488348484039307,49,0,49,0,11
1403637224.538348674774170,49,0,49,0,11
1403637224.588348627090454,49,0,49,0,11
1403637224.638347864151001,49,0,49,0,11
1403637224.688347339630127,49,0,49,0,11
1403637224.738347291946411,49,0,49,0,11
1403637224.788345575332642,50,15,49,1,11
1403637224.838346004486084,50,1,50,0,11
1403637224.888345718383789,50,0,50,0,11
1403637224.938345670700073,50,0,50,0,11
1403637224.988345384597778,50,0,49,0,11
1403637225.038345336914062,50,0,49,0,11
1403637225.088345527648926,50,0,49,1,11
1403637225.138345718383789,50,0,50,0,11
1403637225.188345432281494,50,0,50,0,11
1403637225.238345861434937,50,0,49,0,11
1403637225.288347005844116,50,0,49,0,11
1403637225.338346481323242,50,0,49,1,11
1403637225.388345956802368,50,12,50,0,11
1403637225.438346147537231,50,3,49,0,11
1403637225.488345861434937,50,0,49,0,11
1403637225.538346290588379,50,0,49,1,11
1403637225.588346242904663,50,0,49,0,11
1403637225.638346672058105,50,0,49,0,11
1403637225.688346862792969,49,1,49,0,11
1403637225.738347053527832,49,0,49,0,11
1403637225.788347244262695,49,0,49,0,11
1403637225.838346958160400,49,0,49,0,11
1403637225.888345718383789,49,0,48,0,11
1403637225.938344001770020,49,0,48,0,11
1403637225.988340616226196,49,15,48,1,11
1403637226.038340330123901,49,3,49,0,11
1403637226.088339567184448,49,0,48,0,11
1403637226.138339996337891,49,0,48,0,11
1403637226.188339471817017,49,0,47,1,11
1403637226.238343954086304,49,0,47,0,11
1403637226.288348913192749,48,1,47,0,11
1403637226.338355064392090,48,0,47,1,11
1403637226.388359546661377,48,0,48,0,11
1403637226.438362598419189,48,0,48,0,11
1403637226.488365650177002,48,0,48,0,11
1403637226.538367271423340,48,0,48,0,11
1403637226.588370800018311,49,17,46,2,11
1403637226.638370275497437,49,3,47,0,11
1403637226.688369989395142,48,0,47,0,11
1403637226.738369703292847,48,1,46,2,11
1403637226.788369655609131,48,0,47,0,11
1403637226.838369846343994,48,0,46,0,11
1403637226.888370752334595,48,3,44,1,11
1403637226.938371419906616,48,0,44,1,11
1403637226.988373041152954,46,0,44,0,11
1403637227.038374185562134,46,0,43,1,11
1403637227.088375806808472,46,1,42,1,11
1403637227.138377189636230,44,0,42,0,11
1403637227.188379287719727,48,14,42,5,11
1403637227.238379001617432,47,3,47,0,11
1403637227.288378477096558,48,0,47,1,11
1403637227.338377952575684,48,1,47,0,11
1403637227.388376951217651,47,0,45,0,11
1403637227.438375949859619,47,0,45,1,11
1403637227.488376140594482,46,4,46,0,11
1403637227.538375139236450,46,0,45,0,11
1403637227.588375806808472,47,1,45,1,11
1403637227.638375520706177,46,0,46,0,11
1403637227.688375711441040,47,0,46,1,11
1403637227.738374710083008,46,0,46,0,11
1403637227.788374185562134,47,9,44,2,11
1403637227.838374376296997,47,2,46,0,11
1403637227.888374805450439,46,0,46,0,11
1403637227.938374519348145,46,0,46,0,11
1403637227.988374710083008,46,0,46,0,11
1403637228.038374423980713,46,0,46,0,11
1403637228.088374614715576,46,1,46,0,11
1403637228.138374328613281,46,0,44,0,11
1403637228.188373565673828,46,0,44,0,11
1403637228.238373279571533,45,0,44,1,11
1403637228.288373231887817,44,0,43,0,11
1403637228.338373184204102,44,0,43,0,11
1403637228.388372659683228,48,5,43,5,11
1403637228.438372611999512,48,1,48,0,11
1403637228.488372325897217,48,0,48,0,11
1403637228.538372516632080,48,0,48,0,11
1403637228.588372230529785,48,0,48,0,11
1403637228.638372182846069,48,0,48,0,11
1403637228.688372135162354,48,1,48,0,11
1403637228.738372802734375,48,0,47,0,11
1403637228.788373470306396,47,0,46,0,11
1403637228.838373661041260,46,0,46,0,11
1403637228.888373613357544,46,0,46,0,11
1403637228.938373088836670,46,0,46,0,11
1403637228.988372325897217,48,4,46,2,11
1403637229.038372516632080,48,1,48,0,11
1403637229.088372230529785,48,0,47,0,11
1403637229.138371944427490,48,0,47,0,11
1403637229.188372135162354,47,1,46,0,11
1403637229.238372325897217,47,0,46,0,11
1403637229.288372755050659,46,3,44,0,11
1403637229.338373422622681,46,0,44,0,11
1403637229.388375043869019,45,0,43,1,11
1403637229.438377857208252,46,0,43,1,11
1403637229.488379716873169,46,0,43,1,11
1403637229.538381814956665,45,0,43,0,11
1403637229.588382720947266,48,0,42,4,11
1403637229.638383388519287,47,2,43,0,11
1403637229.688383102416992,48,0,43,2,11
1403637229.738383054733276,46,1,43,1,11
1403637229.788383960723877,46,1,42,0,11
1403637229.838384151458740,45,2,41,1,11
1403637229.888386249542236,46,3,41,3,11
1403637229.938386201858521,45,0,44,0,11
1403637229.988386392593384,43,0,41,1,11
1403637230.038388013839722,42,0,42,0,11
1403637230.088389635086060,43,0,39,1,11
1403637230.138391256332397,42,0,38,0,11
1403637230.188393592834473,40,0,38,0,11
1403637230.238396883010864,42,1,37,5,11
1403637230.288399696350098,42,0,42,0,11
1403637230.338402032852173,42,0,41,0,11
1403637230.388404846191406,42,2,41,0,11
1403637230.438407659530640,41,0,41,0,11
1403637230.488410711288452,42,0,41,1,11
1403637230.538412332534790,41,0,41,0,11
1403637230.588412761688232,41,0,41,0,11
1403637230.638412475585938,41,1,41,0,11
1403637230.688412189483643,41,0,40,0,11
1403637230.738411426544189,41,1,40,0,11
1403637230.788412332534790,40,5,40,0,11
1403637230.838413238525391,40,1,38,0,11
1403637230.888413906097412,40,0,37,0,11
1403637230.938413858413696,38,0,36,1,11
1403637230.988413810729980,34,1,33,0,11
1403637231.038414239883423,31,1,29,0,11
1403637231.088414907455444,27,0,25,0,11
1403637231.138416051864624,19,0,18,0,11
1403637231.188417911529541,16,0,16,0,11
1403637231.238419771194458,14,0,14,0,11
1403637231.288421630859375,12,0,12,0,11
1403637231.338422536849976,8,0,7,0,11
1403637231.388424396514893,8,0,3,5,11
1403637231.438424825668335,5,0,5,0,11
1403637231.488424777984619,5,0,5,0,11
1403637231.538424968719482,5,0,5,0,11
1403637231.588425159454346,5,2,5,0,11
1403637231.638425111770630,4,0,4,0,11
1403637231.688425064086914,4,0,4,0,11
1403637231.738425016403198,4,0,4,0,11
1403637231.788425445556641,25,0,4,21,11
1403637231.838425397872925,25,2,24,0,11
1403637231.888425111770630,25,0,24,0,11
1403637231.938424587249756,22,6,22,0,11
1403637231.988426446914673,38,4,21,17,11
1403637232.038424015045166,36,1,33,0,11
1403637232.088421106338501,38,0,33,3,11
1403637232.138420820236206,37,1,36,1,11
1403637232.188418626785278,41,1,34,7,11
1403637232.238421678543091,38,1,38,0,11
1403637232.288423299789429,35,0,34,0,11
1403637232.338424921035767,32,0,32,0,11
1403637232.388426303863525,39,1,30,8,11
1403637232.438426971435547,38,1,36,2,11
1403637232.488427639007568,34,0,34,0,11
1403637232.538427829742432,33,0,33,0,11
1403637232.588427543640137,32,1,31,0,11
1403637232.638427019119263,31,0,30,0,11
1403637232.688426733016968,34,0,29,5,11
1403637232.738426446914673,34,0,34,0,11
1403637232.788426399230957,40,7,33,7,11
1403637232.838425874710083,40,1,40,0,11
1403637232.888426542282104,50,0,39,10,11
1403637232.938426494598389,49,0,47,0,11
1403637232.988426685333252,50,1,46,1,11
1403637233.038427829742432,45,17,43,0,11
1403637233.088427782058716,45,0,43,0,11
1403637233.138428211212158,41,0,41,0,11
1403637233.188430070877075,45,7,41,4,11
1403637233.238429784774780,45,4,45,0,11
1403637233.288429498672485,46,0,44,2,11
1403637233.338429450988770,44,4,44,0,11
1403637233.388429641723633,50,9,43,6,11
1403637233.438429355621338,49,1,48,0,11
1403637233.488429069519043,48,3,47,0,11
1403637233.538428783416748,47,3,45,0,11
1403637233.588427543640137,43,2,41,2,11
1403637233.638420581817627,48,11,39,7,11
1403637233.688421010971069,44,0,44,0,11
1403637233.738420248031616,46,4,43,3,11
1403637233.788423776626587,45,7,44,0,11
1403637233.838425397872925,44,1,42,0,11
1403637233.888426542282104,41,0,40,0,11
1403637233.938429117202759,39,0,39,0,11
1403637233.988431215286255,41,2,36,2,11
1403637234.038432598114014,40,2,38,0,11
1403637234.088433027267456,36,2,36,0,11
1403637234.138433218002319,37,1,34,1,11
1403637234.188437223434448,45,3,33,9,11
1403637234.238439083099365,43,4,36,4,11
1403637234.288439750671387,40,4,40,0,11
1403637234.338438510894775,44,1,38,6,11
1403637234.388438224792480,49,2,42,6,11
1403637234.438437223434448,48,6,47,1,11
1403637234.488436460494995,49,2,47,1,11
1403637234.538436889648438,50,2,47,1,11
1403637234.588437318801880,49,6,48,0,11
1403637234.638437509536743,48,3,47,0,11
1403637234.688438653945923,47,2,44,1,11
1403637234.738439083099365,47,4,41,3,11
1403637234.788439512252808,42,1,38,0,11
1403637234.838438749313354,40,1,36,1,11
1403637234.888439655303955,40,3,33,4,11
1403637234.938441276550293,37,0,32,1,11
1403637234.988440036773682,35,3,31,1,11
1403637235.038439750671387,34,2,28,3,11
1403637235.088438272476196,34,0,30,1,11
1403637235.138438224792480,35,2,29,4,11
1403637235.188436746597290,41,1,30,9,11
1403637235.238435268402100,42,1,39,2,11
1403637235.288434743881226,39,4,39,0,11
1403637235.338431119918823,48,1,38,9,11
1403637235.388430833816528,48,0,46,0,11
1403637235.438430070877075,49,9,46,2,11
1403637235.488429546356201,46,1,44,1,11
1403637235.538429975509644,46,0,44,1,11
1403637235.588429689407349,48,2,44,3,11
1403637235.638430356979370,48,0,45,0,11
1403637235.688430547714233,48,0,43,1,11
1403637235.738430976867676,47,13,43,2,11
1403637235.788434267044067,44,2,43,0,11
1403637235.838435649871826,42,2,38,0,11
1403637235.888435840606689,42,1,38,1,11
1403637235.938435554504395,35,0,30,0,11
1403637235.988435268402100,30,1,27,0,11
1403637236.038435697555542,38,1,26,12,11
1403637236.088435888290405,40,1,38,2,11
1403637236.138436555862427,37,3,35,0,11
1403637236.188436269760132,36,6,32,1,11
1403637236.238435506820679,32,1,26,1,11
1403637236.288435459136963,29,2,26,0,11
1403637236.338439226150513,38,1,22,14,11
1403637236.388437986373901,36,1,33,0,11
1403637236.438437461853027,39,2,30,8,11
1403637236.488436698913574,36,4,34,0,11
1403637236.538438081741333,34,2,33,0,11
1403637236.588438987731934,33,7,30,3,11
1403637236.638439416885376,34,8,33,1,11
1403637236.688439846038818,34,7,31,1,11
1403637236.738441228866577,42,1,31,8,11
1403637236.788442134857178,35,6,33,0,11
1403637236.838442802429199,33,2,29,1,11
1403637236.888445854187012,35,3,28,6,11
1403637236.938447237014771,34,4,32,1,11
1403637236.988447666168213,34,2,25,7,11
1403637237.038447380065918,38,2,28,9,11
1403637237.088447332382202,35,2,32,0,11
1403637237.138446569442749,38,3,26,11,11
1403637237.188445806503296,36,3,33,0,11
1403637237.238445043563843,34,4,28,0,11
1403637237.288444757461548,31,2,28,0,11
1403637237.338444232940674,35,0,28,7,11
1403637237.388443231582642,35,4,34,0,11
1403637237.438445329666138,40,1,31,7,11
1403637237.488445997238159,39,3,35,0,11
1403637237.538449048995972,45,4,33,8,11
1403637237.588449478149414,42,1,39,0,11
1403637237.638448476791382,41,10,35,1,11
1403637237.688446044921875,46,3,33,7,11
1403637237.738445758819580,43,1,36,1,11
1403637237.788446426391602,41,2,34,2,11
1403637237.838446855545044,47,2,37,9,11
1403637237.888447761535645,47,2,46,1,11
1403637237.938449621200562,50,8,45,3,11
1403637237.988449811935425,47,0,45,0,11
1403637238.038450241088867,45,7,44,1,11
1403637238.088449954986572,44,1,44,0,11
1403637238.138450622558594,50,8,44,6,11
1403637238.188450336456299,50,3,48,0,11
1403637238.238449811935425,50,0,45,0,11
1403637238.288449048995972,47,1,44,0,11
1403637238.338448524475098,44,0,43,1,11
1403637238.388446331024170,48,8,41,4,11
1403637238.438446044921875,50,1,46,2,11
1403637238.488446474075317,48,2,46,0,11
1403637238.538446426391602,49,1,45,1,11
1403637238.588444709777832,47,3,44,0,11
1403637238.638441324234009,46,3,42,2,11
1403637238.688437700271606,46,0,42,0,11
1403637238.738433361053467,47,4,40,4,11
1403637238.788424015045166,48,21,41,3,11
1403637238.838422298431396,46,1,43,0,11
1403637238.888420581817627,47,0,44,3,11
1403637238.938420295715332,49,0,44,3,11
1403637238.988419055938721,48,8,44,1,11
1403637239.038421869277954,46,0,43,0,11
1403637239.088426113128662,47,2,43,3,11
1403637239.138430595397949,46,3,43,3,11
1403637239.188433647155762,45,0,45,0,11
1403637239.238434791564941,48,3,43,3,11
1403637239.288436412811279,47,2,45,0,11
1403637239.338437557220459,48,2,45,3,11
1403637239.388440847396851,48,11,46,1,11
1403637239.438440799713135,46,2,43,2,11
1403637239.488440752029419,44,2,42,2,11
1403637239.538454055786133,50,31,44,6,11
1403637239.588454484939575,48,3,48,0,11
1403637239.638454437255859,44,2,42,0,11
1403637239.688453435897827,39,2,35,2,11
1403637239.738452672958374,37,1,34,2,11
1403637239.788452625274658,31,3,30,0,11
1403637239.838452339172363,26,3,23,0,11
1403637239.888452291488647,23,5,20,0,11
1403637239.938452243804932,21,5,15,1,11
1403637239.988452196121216,20,2,16,2,11
1403637240.038452625274658,14,2,13,0,11
1403637240.088453292846680,13,3,11,0,11
1403637240.138454198837280,33,5,9,23,11
1403637240.188456296920776,45,14,28,17,11
1403637240.238458395004272,41,1,40,0,11
1403637240.288461685180664,38,5,37,0,11
1403637240.338464021682739,36,3,36,0,11
1403637240.388467311859131,33,5,33,0,11
1403637240.438468456268311,39,6,32,6,11
1403637240.488467454910278,37,0,35,0,11
1403637240.538465976715088,39,0,33,5,11
1403637240.588461399078369,36,2,36,0,11
1403637240.638457536697388,35,0,33,0,11
1403637240.688455343246460,43,0,33,10,11
1403637240.738452911376953,38,5,36,0,11
1403637240.788450956344604,48,1,35,11,11
1403637240.838448047637939,43,4,42,0,11
1403637240.888447284698486,42,1,39,2,11
1403637240.938446283340454,48,3,35,8,11
1403637240.988447666168213,45,2,41,0,11
1403637241.038450479507446,44,2,39,2,11
1403637241.088452816009521,42,3,38,1,11
1403637241.138454437255859,43,2,38,3,11
1403637241.188455820083618,48,5,40,7,11
1403637241.238457441329956,47,1,44,0,11
1403637241.288458585739136,43,0,41,0,11
1403637241.338459014892578,39,2,36,0,11
1403637241.388459920883179,41,1,35,2,11
1403637241.438460111618042,42,1,36,4,11
1403637241.488461017608643,41,0,39,0,11
1403637241.538462400436401,44,1,36,5,11
1403637241.588463544845581,45,3,36,5,11
1403637241.638464450836182,41,2,36,0,11
1403637241.688464879989624,37,2,33,0,11
1403637241.738465547561646,32,1,30,1,11
1403637241.788466691970825,34,1,31,3,11
1403637241.838468551635742,35,3,28,2,11
1403637241.888470172882080,34,3,30,0,11
1403637241.938471078872681,35,0,27,6,11
1403637241.988471031188965,34,2,31,0,11
1403637242.038470506668091,33,2,30,1,11
1403637242.088468551635742,37,2,29,6,11
1403637242.138466358184814,38,0,32,1,11
1403637242.188463687896729,39,0,32,4,11
1403637242.238462448120117,39,0,35,3,11
1403637242.288461923599243,43,0,37,5,11
1403637242.338461399078369,41,0,40,1,11
1403637242.388462781906128,43,2,39,2,11
1403637242.438463211059570,42,0,39,0,11
1403637242.488464355468750,46,1,39,6,11
1403637242.538466691970825,47,0,45,2,11
1403637242.588468790054321,46,0,45,0,11
1403637242.638470172882080,45,0,45,0,11
1403637242.688472032546997,45,0,42,0,11
1403637242.738472938537598,45,0,42,0,11
1403637242.788474321365356,42,7,40,1,11
1403637242.838476419448853,42,1,37,2,11
1403637242.888476848602295,41,0,39,0,11
1403637242.938476562500000,40,0,38,2,11
1403637242.988476037979126,43,0,38,3,11
1403637243.038475513458252,42,2,39,1,11
1403637243.088475704193115,42,0,38,3,11
1403637243.138473749160767,46,0,41,4,11
1403637243.188473224639893,48,0,44,3,11
1403637243.238472461700439,49,2,47,1,11
1403637243.288472652435303,49,1,46,2,11
1403637243.338474273681641,50,5,46,1,11
1403637243.388473987579346,49,14,46,0,11
1403637243.438473224639893,48,1,46,1,11
1403637243.488473176956177,49,2,46,2,11
1403637243.538473367691040,48,2,46,0,11
1403637243.588472604751587,48,6,43,1,11
1403637243.638472795486450,47,0,43,0,11
1403637243.688472032546997,45,0,40,3,11
1403637243.738471984863281,43,1,40,1,11
1403637243.788471460342407,42,0,39,2,11
1403637243.838470220565796,46,9,38,8,11
1403637243.888470172882080,45,0,43,0,11
1403637243.938470363616943,49,2,40,5,11
1403637243.988469600677490,47,7,43,1,11
1403637244.038469552993774,44,0,43,0,11
1403637244.088469266891479,43,0,43,0,11
1403637244.138469219207764,45,0,40,2,11
1403637244.188469648361206,48,11,42,3,11
1403637244.238469600677490,46,2,43,1,11
1403637244.288469076156616,48,0,44,2,11
1403637244.338468551635742,46,0,46,0,11
1403637244.388467788696289,47,0,45,1,11
1403637244.438467502593994,50,4,46,3,11
1403637244.488466978073120,49,8,47,0,11
1403637244.538466215133667,49,7,44,1,11
1403637244.588465690612793,47,8,42,1,11
1403637244.638465166091919,46,0,43,1,11
1403637244.688464641571045,44,0,42,1,11
1403637244.738463640213013,44,1,41,0,11
1403637244.788462638854980,46,3,40,4,11
1403637244.838462352752686,45,0,42,1,11
1403637244.888462305068970,45,0,43,0,11
1403637244.938462018966675,44,0,42,1,11
1403637244.988461971282959,44,0,42,1,11
1403637245.038460969924927,47,0,42,4,11
1403637245.088459491729736,49,3,43,3,11
1403637245.138458967208862,47,22,44,1,11
1403637245.188459396362305,48,4,45,3,11
1403637245.238460302352905,49,1,48,1,11
1403637245.288460731506348,49,1,48,0,11
1403637245.338460445404053,49,0,46,0,11
1403637245.388460397720337,49,4,46,1,11
1403637245.438459873199463,48,4,47,1,11
1403637245.488460063934326,48,0,48,0,11
1403637245.538460493087769,49,0,45,1,11
1403637245.588461399078369,47,2,42,0,11
1403637245.638461589813232,46,10,42,2,11
1403637245.688461780548096,46,2,42,3,11
1403637245.738465785980225,46,33,41,4,11
1403637245.788464307785034,47,1,39,4,11
1403637245.838463783264160,42,0,32,0,11
1403637245.888463735580444,35,1,26,0,11
1403637245.938463926315308,27,6,22,0,11
1403637245.988463878631592,25,2,20,2,11
1403637246.038464546203613,24,2,19,2,11
1403637246.088464736938477,19,2,16,0,11
1403637246.138465404510498,18,3,15,0,11
1403637246.188466548919678,15,1,14,1,11
1403637246.238466262817383,15,4,13,2,11
1403637246.288466691970825,15,1,11,1,11
1403637246.338464260101318,43,1,9,28,11
1403637246.388464212417603,38,1,35,0,11
1403637246.438464879989624,46,1,34,12,11
1403637246.488464355468750,45,1,38,1,11
1403637246.538465023040771,42,1,38,0,11
1403637246.588464260101318,45,1,35,7,11
1403637246.638463973999023,39,0,35,0,11
1403637246.688464403152466,43,2,32,9,11
1403637246.738464355468750,39,2,37,0,11
1403637246.788463592529297,34,0,32,0,11
1403637246.838463544845581,32,1,31,0,11
1403637246.888463497161865,35,0,26,7,11
1403637246.938462972640991,36,0,30,4,11
1403637246.988462686538696,33,2,33,0,11
1403637247.038463830947876,33,0,33,0,11
1403637247.088464498519897,32,0,31,0,11
1403637247.138464927673340,32,0,30,0,11
1403637247.188467025756836,48,1,30,17,11
1403637247.238466501235962,47,1,46,0,11
1403637247.288466930389404,47,2,44,1,11
1403637247.338469982147217,49,1,44,3,11
1403637247.388473033905029,47,0,46,0,11
1403637247.438472747802734,48,9,45,3,11
1403637247.488472938537598,48,3,45,2,11
1403637247.538474798202515,50,9,46,2,11
1403637247.588474750518799,49,0,47,0,11
1403637247.638474464416504,47,0,47,0,11
1403637247.688474178314209,47,0,46,0,11
1403637247.738474607467651,47,1,46,0,11
1403637247.788474559783936,46,0,43,0,11
1403637247.838475465774536,49,5,42,4,11
1403637247.888476133346558,47,3,46,1,11
1403637247.938476562500000,49,20,47,2,11
1403637247.988476276397705,48,1,47,0,11
1403637248.038475751876831,48,5,45,2,11
1403637248.088474750518799,44,2,42,1,11
1403637248.138473510742188,45,0,39,3,11
1403637248.188472986221313,44,1,39,0,11
1403637248.238472223281860,42,0,39,0,11
1403637248.288472414016724,39,2,39,0,11
1403637248.338473081588745,38,0,38,0,11
1403637248.388473749160767,38,1,38,0,11
1403637248.438474416732788,42,0,38,4,11
1403637248.488475799560547,40,0,39,0,11
1403637248.538479804992676,50,7,39,10,11
1403637248.588480472564697,48,13,48,0,11
1403637248.638479471206665,50,1,48,2,11
1403637248.688477516174316,50,1,50,0,11
1403637248.738476037979126,50,0,50,0,11
1403637248.788475990295410,50,19,50,0,11
1403637248.838475704193115,50,0,50,0,11
1403637248.888475894927979,49,3,48,0,11
1403637248.938475847244263,49,0,47,0,11
1403637248.988476037979126,47,2,46,0,11
1403637249.038476467132568,45,0,45,0,11
1403637249.088476657867432,45,0,45,0,11
1403637249.138476371765137,50,3,45,5,11
1403637249.188475847244263,49,15,49,0,11
1403637249.238476037979126,49,1,49,0,11
1403637249.288475990295410,49,2,48,0,11
1403637249.338475942611694,49,2,48,0,11
1403637249.388474464416504,49,17,48,1,11
1403637249.438473939895630,50,16,49,1,11
1403637249.488473653793335,50,3,50,0,11
1403637249.538473606109619,48,0,48,0,11
1403637249.588473081588745,48,0,48,0,11
1403637249.638472795486450,49,0,48,1,11
1403637249.688472747802734,49,0,49,0,11
1403637249.738471984863281,50,0,49,1,11
1403637249.788471460342407,50,13,50,0,11
1403637249.838471651077271,50,0,50,0,11
1403637249.888472557067871,47,1,46,0,11
1403637249.938472509384155,47,0,46,0,11
1403637249.988475084304810,48,12,45,3,11
1403637250.038477897644043,47,15,45,2,11
1403637250.088478565216064,48,0,43,2,11
1403637250.138479471206665,44,0,42,0,11
1403637250.188478946685791,39,0,39,0,11
1403637250.238478660583496,37,0,37,0,11
1403637250.288478851318359,35,0,34,0,11
1403637250.338478088378906,33,0,32,0,11
1403637250.388476133346558,47,22,31,16,11
1403637250.438476085662842,44,1,43,0,11
1403637250.488475084304810,42,2,41,0,11
1403637250.538475275039673,39,3,39,0,11
1403637250.588474750518799,42,1,38,4,11
1403637250.638473510742188,49,6,40,7,11
1403637250.688472986221313,45,0,44,0,11
1403637250.738471508026123,43,3,43,0,11
1403637250.788470506668091,44,0,42,1,11
1403637250.838470220565796,42,1,40,0,11
1403637250.888469934463501,41,0,40,0,11
1403637250.938469886779785,50,10,40,10,11
1403637250.988470077514648,49,21,48,0,11
1403637251.038470029830933,49,0,48,0,11
1403637251.088470697402954,47,0,46,0,11
1403637251.138471126556396,47,0,45,1,11
1403637251.188471555709839,45,1,45,0,11
1403637251.238471508026123,48,3,44,4,11
1403637251.288471221923828,48,0,48,0,11
1403637251.338469743728638,50,19,48,2,11
1403637251.388467788696289,49,2,48,0,11
1403637251.438467502593994,47,0,44,0,11
1403637251.488467454910278,45,0,42,0,11
1403637251.538467884063721,48,3,41,5,11
1403637251.588467597961426,47,18,42,2,11
1403637251.638467788696289,45,0,43,0,11
1403637251.688467979431152,41,1,41,0,11
1403637251.738468170166016,39,0,37,0,11
1403637251.788468599319458,38,0,37,0,11
1403637251.838468074798584,38,0,37,1,11
1403637251.888467550277710,38,2,38,0,11
1403637251.938467264175415,46,3,38,8,11
1403637251.988466978073120,46,1,44,0,11
1403637252.038467168807983,45,0,43,0,11
1403637252.088467359542847,40,1,40,0,11
1403637252.138467550277710,47,9,39,7,11
1403637252.188467502593994,48,9,46,1,11
1403637252.238468170166016,47,0,47,0,11
1403637252.288469552993774,47,0,47,0,11
1403637252.338470935821533,47,0,46,0,11
1403637252.388472318649292,44,0,43,0,11
1403637252.438472986221313,43,0,43,0,11
1403637252.488473176956177,43,0,43,0,11
1403637252.538473129272461,44,0,40,2,11
1403637252.588473320007324,44,0,42,0,11
1403637252.638473272323608,41,0,41,0,11
1403637252.688473463058472,41,0,41,0,11
1403637252.738473653793335,45,1,41,4,11
1403637252.788473606109619,45,5,45,0,11
1403637252.838473320007324,46,0,45,1,11
1403637252.888473272323608,47,0,46,1,11
1403637252.938473224639893,47,5,47,0,11
1403637252.988473415374756,47,0,47,0,11
1403637253.038473606109619,47,0,47,0,11
1403637253.088474035263062,46,0,46,0,11
1403637253.138473987579346,46,0,45,0,11
1403637253.188473939895630,46,0,45,0,11
1403637253.238473415374756,45,0,45,0,11
1403637253.288473367691040,45,0,45,0,11
1403637253.338472604751587,45,0,45,0,11
1403637253.388472080230713,45,1,45,0,11
1403637253.438471555709839,45,0,45,0,11
1403637253.488471508026123,45,0,44,0,11
1403637253.538471221923828,45,0,44,0,11
1403637253.588471412658691,44,0,44,0,11
1403637253.638471126556396,44,0,44,0,11
1403637253.688471317291260,44,0,44,0,11
1403637253.738471269607544,44,0,44,0,11
1403637253.788471221923828,44,0,44,0,11
1403637253.838470935821533,44,0,44,0,11
1403637253.888471126556396,44,0,44,0,11
1403637253.938471317291260,44,0,44,0,11
1403637253.988471508026123,44,2,44,0,11
1403637254.038471221923828,44,0,44,0,11
1403637254.088471174240112,43,0,43,0,11
1403637254.138471603393555,43,1,43,0,11
1403637254.188472270965576,43,0,43,0,11
1403637254.238472700119019,43,0,43,0,11
1403637254.288473367691040,43,0,43,0,11
1403637254.338473558425903,43,0,43,0,11
1403637254.388473510742188,43,0,43,0,11
1403637254.438473463058472,45,0,43,2,11
1403637254.488473415374756,45,0,45,0,11
1403637254.538473844528198,45,1,45,0,11
1403637254.588473796844482,45,3,44,0,11
1403637254.638473987579346,45,0,44,0,11
1403637254.688474178314209,44,0,44,0,11
1403637254.738474607467651,44,4,44,0,11
1403637254.788474798202515,44,0,44,0,11
1403637254.838474988937378,43,0,43,0,11
1403637254.888474702835083,43,0,43,0,11
1403637254.938474893569946,43,0,43,0,11
1403637254.988474845886230,43,0,43,0,11
1403637255.038475275039673,43,0,43,0,11
1403637255.088474988937378,43,0,43,0,11
1403637255.138474941253662,43,0,43,0,11
1403637255.188475131988525,43,4,43,0,11
1403637255.238474607467651,43,0,43,0,11
1403637255.288474798202515,41,0,41,0,11
1403637255.338474750518799,42,1,41,1,11
1403637255.388474702835083,43,0,42,1,11
1403637255.438474655151367,43,0,43,0,11
1403637255.488474607467651,43,0,41,0,11
1403637255.538475036621094,41,0,40,0,11
1403637255.588474988937378,39,0,39,0,11
1403637255.638475179672241,39,0,39,0,11
1403637255.688475131988525,38,0,38,0,11
1403637255.738474845886230,37,0,36,1,11
1403637255.788474798202515,37,2,36,1,11
1403637255.838474512100220,37,0,37,0,11
1403637255.888474225997925,36,0,35,0,11
1403637255.938473939895630,40,0,34,4,11
1403637255.988473892211914,39,0,38,0,11
1403637256.038473844528198,38,0,37,0,11
1403637256.088473796844482,37,0,35,0,11
1403637256.138473987579346,36,0,35,0,11
1403637256.188473939895630,35,0,35,0,11
1403637256.238473892211914,36,0,35,1,11
1403637256.288473367691040,46,22,34,10,11
1403637256.338473558425903,46,0,44,0,11
1403637256.388473510742188,44,2,43,0,11
1403637256.438473701477051,44,0,43,0,11
1403637256.488473653793335,43,0,42,0,11
1403637256.538473844528198,47,0,42,4,11
1403637256.588473558425903,46,0,46,0,11
1403637256.638473510742188,46,0,46,0,11
1403637256.688473701477051,46,0,44,0,11
1403637256.738473415374756,47,0,43,1,11
1403637256.788473367691040,46,0,41,2,11
1403637256.838473796844482,45,1,42,0,11
1403637256.888476610183716,45,17,41,3,11
1403637256.938479185104370,44,0,44,0,11
1403637256.988480567932129,44,4,44,0,11
1403637257.038481950759888,43,0,43,0,11
1403637257.088482856750488,44,0,42,1,11
1403637257.138483047485352,44,0,43,0,11
1403637257.188483238220215,43,0,43,0,11
1403637257.238482952117920,43,0,43,0,11
1403637257.288482427597046,43,0,43,0,11
1403637257.338482379913330,43,0,42,0,11
1403637257.388482093811035,43,0,40,1,11
1403637257.438481569290161,41,0,39,1,11
1403637257.488481521606445,46,5,38,6,11
1403637257.538481473922729,47,0,43,1,11
1403637257.588481426239014,45,5,43,0,11
1403637257.638481140136719,44,1,43,0,11
1403637257.688481092453003,44,1,43,1,11
1403637257.738480806350708,44,0,44,0,11
1403637257.788480758666992,43,0,43,0,11
1403637257.838480710983276,43,0,41,0,11
1403637257.888480424880981,42,1,39,0,11
1403637257.938480377197266,44,8,38,4,11
1403637257.988480329513550,44,0,43,0,11
1403637258.038480520248413,42,0,40,1,11
1403637258.088480472564697,43,3,39,3,11
1403637258.138480424880981,42,3,40,0,11
1403637258.188480615615845,44,3,38,3,11
1403637258.238480329513550,42,1,40,0,11
1403637258.288480281829834,39,1,36,1,11
1403637258.338480472564697,38,1,36,0,11
1403637258.388480663299561,37,1,35,1,11
1403637258.438481569290161,37,2,36,0,11
1403637258.488484382629395,45,7,35,10,11
1403637258.538486719131470,49,4,41,5,11
1403637258.588486909866333,48,0,44,0,11
1403637258.638487100601196,45,0,42,1,11
1403637258.688487291336060,45,0,40,1,11
1403637258.738487958908081,43,0,40,1,11
1403637258.788488626480103,44,1,40,3,11
1403637258.838489294052124,47,7,40,5,11
1403637258.888489246368408,48,0,45,1,11
1403637258.938489198684692,46,1,44,0,11
1403637258.988489151000977,46,2,44,0,11
1403637259.038489341735840,45,0,42,1,11
1403637259.088490486145020,47,3,42,3,11
1403637259.138490438461304,49,0,44,4,11
1403637259.188490629196167,49,2,48,0,11
1403637259.238491773605347,47,16,45,1,11
1403637259.288491964340210,47,0,46,0,11
1403637259.338491916656494,48,1,46,2,11
1403637259.388491630554199,48,0,46,1,11
1403637259.438491582870483,49,8,47,1,11
1403637259.488492012023926,48,20,48,0,11
1403637259.538492202758789,48,1,48,0,11
1403637259.588491916656494,48,0,48,0,11
1403637259.638491868972778,48,1,48,0,11
1403637259.688491582870483,49,2,48,1,11
1403637259.738491296768188,49,4,49,0,11
1403637259.788491249084473,49,0,49,0,11
1403637259.838491201400757,50,11,49,1,11
1403637259.888491392135620,50,0,50,0,11
1403637259.938491582870483,50,1,50,0,11
1403637259.988491535186768,50,1,50,0,11
1403637260.038491487503052,50,3,49,0,11
1403637260.088490962982178,50,12,49,0,11
1403637260.138490200042725,50,0,49,1,11
1403637260.188489913940430,49,0,49,0,11
1403637260.238489389419556,48,0,48,0,11
1403637260.288489341735840,49,1,48,1,11
1403637260.338490009307861,49,8,48,0,11
1403637260.388490200042725,48,0,45,0,11
1403637260.438490152359009,49,10,43,2,11
1403637260.488490104675293,47,0,44,0,11
1403637260.538490533828735,46,1,43,1,11
1403637260.588490247726440,44,0,41,0,11
1403637260.638489961624146,45,1,38,3,11
1403637260.688489913940430,47,8,40,5,11
1403637260.738489866256714,44,1,43,0,11
1403637260.788490056991577,42,0,40,0,11
1403637260.838490009307861,42,2,40,0,11
1403637260.888489961624146,41,1,38,1,11
1403637260.938490152359009,43,5,38,3,11
1403637260.988490343093872,42,2,40,1,11
1403637261.038491725921631,45,5,41,3,11
1403637261.088492870330811,44,3,41,0,11
1403637261.138493776321411,43,0,38,1,11
1403637261.188495874404907,41,4,34,0,11
1403637261.238496303558350,37,0,29,1,11
1403637261.288496017456055,35,1,30,3,11
1403637261.338494300842285,34,1,28,2,11
1403637261.388492822647095,33,0,28,0,11
1403637261.438491582870483,30,1,24,2,11
1403637261.488491535186768,28,6,24,1,11
1403637261.538492441177368,32,2,23,7,11
1403637261.588494062423706,31,1,28,0,11
1403637261.638495683670044,34,1,26,5,11
1403637261.688494682312012,33,4,30,0,11
1403637261.738494873046875,37,0,30,6,11
1403637261.788494348526001,42,4,35,6,11
1403637261.838493824005127,42,3,38,2,11
1403637261.888493776321411,41,2,38,0,11
1403637261.938495397567749,44,6,36,7,11
1403637261.988496541976929,41,1,41,0,11
1403637262.038497686386108,39,0,37,0,11
1403637262.088498830795288,42,2,34,4,11
1403637262.138499259948730,39,2,36,0,11
1403637262.188498735427856,37,2,34,0,11
1403637262.238499164581299,34,3,32,1,11
1403637262.288495540618896,29,8,18,0,11
1403637262.338497161865234,28,3,15,1,11
1403637262.388493061065674,23,3,6,1,11
1403637262.438491344451904,11,1,5,0,11
1403637262.488491296768188,7,0,4,0,11
1403637262.538492202758789,6,0,5,1,11
1403637262.588492393493652,6,0,5,0,11
1403637262.638491630554199,5,0,5,0,11
1403637262.688491582870483,5,0,3,0,11
1403637262.738491773605347,5,0,3,0,11
1403637262.788492441177368,3,0,3,0,11
1403637262.838491439819336,3,0,3,0,11
1403637262.888491630554199,3,0,2,0,11
1403637262.938491582870483,3,0,2,0,11
1403637262.988492012023926,3,0,1,1,11
1403637263.038492441177368,3,0,1,0,11
1403637263.088492155075073,5,0,1,3,11
1403637263.138492345809937,4,0,4,0,11
1403637263.188492298126221,4,0,2,0,11
1403637263.238492250442505,4,0,2,0,11
1403637263.288492679595947,2,0,2,0,11
1403637263.338492631912231,2,0,2,0,11
1403637263.388492584228516,2,0,2,0,11
1403637263.438492536544800,2,0,2,0,11
1403637263.488492488861084,2,0,2,0,11
1403637263.538492679595947,2,0,1,0,11
1403637263.588492631912231,2,0,0,0,11
1403637263.638492584228516,1,0,0,0,11
1403637263.688492536544800,1,0,0,1,11
1403637263.738492488861084,1,0,1,0,11
1403637263.788492679595947,1,0,1,0,11
1403637263.838492631912231,1,0,1,0,11
1403637263.888492584228516,1,0,1,0,11
1403637263.938492536544800,1,0,1,0,11
1403637263.988492488861084,1,0,1,0,11
1403637264.038492918014526,1,0,1,0,11
1403637264.088492870330811,1,0,1,0,11
1403637264.138492822647095,1,0,1,0,11
1403637264.188492774963379,1,0,1,0,11
1403637264.238492727279663,2,0,1,1,11
1403637264.288492918014526,2,0,2,0,11
1403637264.338493108749390,2,0,2,0,11
1403637264.388493061065674,2,0,2,0,11
1403637264.438493013381958,2,0,2,0,11
1403637264.488492965698242,3,0,2,1,11
1403637264.538493156433105,3,0,3,0,11
1403637264.588493108749390,3,0,3,0,11
1403637264.638493061065674,3,0,3,0,11
1403637264.688493013381958,3,0,3,0,11
1403637264.738492965698242,3,0,3,0,11
1403637264.788493156433105,3,0,3,0,11
1403637264.838493108749390,3,0,3,0,11
1403637264.888493061065674,3,0,3,0,11
1403637264.938493013381958,3,0,3,0,11
1403637264.988492965698242,3,0,3,0,11
1403637265.038493156433105,3,0,3,0,11
1403637265.088493108749390,3,0,3,0,11
1403637265.138493061065674,3,0,3,0,11
1403637265.188493251800537,3,0,3,0,11
1403637265.238493204116821,3,0,3,0,11
1403637265.288493394851685,3,0,3,0,11
1403637265.338493347167969,3,0,3,0,11
1403637265.388493061065674,3,0,3,0,11
1403637265.438493013381958,3,0,3,0,11
1403637265.488492965698242,3,0,3,0,11
