# timestamp (sec),slam_feats_in_state,msckf_feats_used,slam_feats_updated,slam_feats_delayed_init,clones
1403637149.987318277359009,0,8,0,0,5
1403637150.036755084991455,15,14,0,15,6
1403637150.086406707763672,13,29,12,0,7
1403637150.136349201202393,10,1,8,0,8
1403637150.186404228210449,9,2,6,0,9
1403637150.236432313919067,5,10,5,0,10
1403637150.286446809768677,5,7,4,0,11
1403637150.336531877517700,3,4,3,0,11
1403637150.386538743972778,2,10,2,0,11
1403637150.436788082122803,1,7,1,0,11
1403637150.486697196960449,1,7,1,0,11
1403637150.536769390106201,0,5,0,0,11
1403637150.586838245391846,0,2,0,0,11
1403637150.637199163436890,11,7,0,11,11
1403637150.687289953231812,10,4,10,0,11
1403637150.737353324890137,9,0,9,0,11
1403637150.787322759628296,9,2,9,0,11
1403637150.837367534637451,10,2,9,1,11
1403637150.887493371963501,11,5,9,2,11
1403637150.937559604644775,11,2,11,0,11
1403637150.987852811813354,16,0,11,5,11
1403637151.037841081619263,16,2,16,0,11
1403637151.087796449661255,16,2,16,0,11
1403637151.137850761413574,19,2,16,3,11
1403637151.187869548797607,19,2,19,0,11
1403637151.238058328628540,26,1,19,7,11
1403637151.288124084472656,26,1,26,0,11
1403637151.338146924972534,26,2,25,1,11
1403637151.388112306594849,26,0,26,0,11
1403637151.438052892684937,26,2,26,0,11
1403637151.488072633743286,27,0,26,1,11
1403637151.538029670715332,29,0,27,2,11
1403637151.587953805923462,30,2,28,1,11
1403637151.637885332107544,31,1,29,1,11
1403637151.687855720520020,29,3,29,0,11
1403637151.737869262695312,29,2,28,0,11
1403637151.787883996963501,29,0,25,2,11
1403637151.837877035140991,28,2,27,0,11
1403637151.887929677963257,29,0,26,2,11
1403637151.937921762466431,31,0,27,3,11
1403637151.987925767898560,29,0,29,0,11
1403637152.037957668304443,29,0,29,0,11
1403637152.087950706481934,29,0,28,1,11
1403637152.137947797775269,29,0,29,0,11
1403637152.187947034835815,30,0,29,1,11
1403637152.237994670867920,36,0,29,7,11
1403637152.287994146347046,36,0,34,1,11
1403637152.338019609451294,36,0,35,0,11
1403637152.388051748275757,36,0,35,1,11
1403637152.438019514083862,37,0,35,1,11
1403637152.488051176071167,34,0,33,0,11
1403637152.538041830062866,35,0,33,2,11
1403637152.588026046752930,35,0,35,0,11
1403637152.638064146041870,33,0,33,0,11
1403637152.688081502914429,34,0,33,1,11
1403637152.738124370574951,35,0,34,1,11
1403637152.788143873214722,37,0,34,2,11
1403637152.838182449340820,38,0,36,1,11
1403637152.888215541839600,36,0,36,0,11
1403637152.938209533691406,35,1,35,0,11
1403637152.988196849822998,36,0,35,1,11
1403637153.038202047348022,36,0,36,0,11
1403637153.088210821151733,36,0,35,0,11
1403637153.138221025466919,37,0,34,2,11
1403637153.188273191452026,40,0,33,6,11
1403637153.238259553909302,40,0,40,0,11
1403637153.288249254226685,38,0,38,0,11
1403637153.338303804397583,40,0,37,3,11
1403637153.388333797454834,38,0,38,0,11
1403637153.438322067260742,38,1,38,0,11
1403637153.488376379013062,38,0,38,0,11
1403637153.538411617279053,37,0,36,0,11
1403637153.588389635086060,37,0,36,1,11
1403637153.638355255126953,37,0,37,0,11
1403637153.688312768936157,37,0,37,0,11
1403637153.738288640975952,41,2,37,4,11
1403637153.788228034973145,41,0,39,2,11
1403637153.838235378265381,41,3,40,0,11
1403637153.888226747512817,40,1,38,0,11
1403637153.938233852386475,39,0,37,0,11
1403637153.988311052322388,38,2,36,0,11
1403637154.038366794586182,37,0,36,0,11
1403637154.088543653488159,36,0,36,0,11
1403637154.138649225234985,36,0,35,0,11
1403637154.188787698745728,37,0,34,1,11
1403637154.238787651062012,39,0,35,3,11
1403637154.288759231567383,38,0,38,0,11
1403637154.338733434677124,39,1,35,2,11
1403637154.388666152954102,38,0,36,0,11
1403637154.438545227050781,36,0,35,0,11
1403637154.488471269607544,39,5,34,3,11
1403637154.538441419601440,38,0,36,1,11
1403637154.588413000106812,38,0,37,1,11
1403637154.638397216796875,39,0,36,2,11
1403637154.688349723815918,35,0,31,1,11
1403637154.738387346267700,37,1,29,3,11
1403637154.788414955139160,34,1,29,0,11
1403637154.838480472564697,31,1,27,2,11
1403637154.888527154922485,30,0,25,1,11
1403637154.938605070114136,28,0,22,0,11
1403637154.988662004470825,25,0,22,0,11
1403637155.038723707199097,21,1,21,0,11
1403637155.088756084442139,24,0,19,5,11
1403637155.138756752014160,23,0,22,0,11
1403637155.188759803771973,23,0,20,0,11
1403637155.238754272460938,22,1,19,0,11
1403637155.288766145706177,18,1,17,0,11
1403637155.338800191879272,19,0,16,2,11
1403637155.388806819915771,20,0,17,1,11
1403637155.438784837722778,18,1,17,0,11
1403637155.488784551620483,25,1,16,8,11
1403637155.538775920867920,27,1,24,3,11
1403637155.588734626770020,30,0,27,3,11
1403637155.638729095458984,29,0,28,0,11
1403637155.688701629638672,37,0,26,9,11
1403637155.738697290420532,36,1,35,0,11
1403637155.788700103759766,35,0,35,0,11
1403637155.838736057281494,35,0,33,1,11
1403637155.888710021972656,35,0,33,1,11
1403637155.938703775405884,36,0,33,1,11
1403637155.988692283630371,32,0,32,0,11
1403637156.038686513900757,32,0,31,0,11
1403637156.088690519332886,28,1,26,0,11
1403637156.138683795928955,26,0,26,0,11
1403637156.188684463500977,25,1,25,0,11
1403637156.238680362701416,25,0,25,0,11
1403637156.288686037063599,23,0,22,0,11
1403637156.338693380355835,23,0,22,0,11
1403637156.388699769973755,22,0,22,0,11
1403637156.438697099685669,22,0,22,0,11
1403637156.488685369491577,22,2,22,0,11
1403637156.538682937622070,21,3,21,0,11
1403637156.588679075241089,21,0,21,0,11
1403637156.638667106628418,21,2,19,2,11
1403637156.688661098480225,20,0,20,0,11
1403637156.738657236099243,20,0,20,0,11
1403637156.788598775863647,21,1,17,3,11
1403637156.838542222976685,21,0,20,0,11
1403637156.888488292694092,20,0,20,0,11
1403637156.938456535339355,20,1,20,0,11
1403637156.988401412963867,20,0,19,0,11
1403637157.038402557373047,19,0,19,0,11
1403637157.088385820388794,20,0,19,1,11
1403637157.138391256332397,23,0,20,3,11
1403637157.188387870788574,23,0,23,0,11
1403637157.238382101058960,29,0,23,6,11
1403637157.288381338119507,30,0,28,1,11
1403637157.338377952575684,30,0,29,0,11
1403637157.388364315032959,30,1,29,1,11
1403637157.438362836837769,32,0,30,2,11
1403637157.488352298736572,34,0,32,2,11
1403637157.538338899612427,34,0,33,1,11
1403637157.588341712951660,34,0,32,0,11
1403637157.638346433639526,34,0,32,0,11
1403637157.688352346420288,33,0,32,1,11
1403637157.738374471664429,40,0,33,7,11
1403637157.788388729095459,44,3,39,5,11
1403637157.838392972946167,45,4,42,1,11
1403637157.888385772705078,45,1,42,1,11
1403637157.938388347625732,45,1,42,1,11
1403637157.988397121429443,48,8,43,4,11
1403637158.038386106491089,46,4,45,1,11
1403637158.088409423828125,47,1,44,2,11
1403637158.138426065444946,47,1,45,1,11
1403637158.188430786132812,46,0,44,0,11
1403637158.238417625427246,44,1,42,0,11
1403637158.288399219512939,48,2,40,6,11
1403637158.338347196578979,50,0,45,2,11
1403637158.388304710388184,47,1,46,0,11
1403637158.438303470611572,48,11,44,3,11
1403637158.488273143768311,48,1,46,1,11
1403637158.538239955902100,46,0,45,0,11
1403637158.588237047195435,48,2,44,2,11
1403637158.638140916824341,47,12,42,2,11
1403637158.688137531280518,46,1,43,0,11
1403637158.738123893737793,41,0,41,0,11
1403637158.788130760192871,41,1,38,1,11
1403637158.838130235671997,38,0,36,0,11
1403637158.888124942779541,37,0,36,1,11
1403637158.938117265701294,36,1,35,0,11
1403637158.988105773925781,37,0,35,2,11
1403637159.038070201873779,45,1,34,10,11
1403637159.088066339492798,44,1,41,0,11
1403637159.138039588928223,44,0,40,0,11
1403637159.188007354736328,45,10,39,4,11
1403637159.238011360168457,48,7,42,4,11
1403637159.288009405136108,46,1,43,0,11
1403637159.338019371032715,46,0,40,2,11
1403637159.388039350509644,44,4,40,0,11
1403637159.438036918640137,42,0,40,0,11
1403637159.488050460815430,39,0,38,0,11
1403637159.538064956665039,38,1,36,0,11
1403637159.588081359863281,37,0,36,0,11
1403637159.638113498687744,35,3,33,0,11
1403637159.688118696212769,43,0,33,8,11
1403637159.738099098205566,39,1,37,0,11
1403637159.788088560104370,46,4,37,8,11
1403637159.838086605072021,47,4,41,3,11
1403637159.888083457946777,46,0,44,1,11
1403637159.938076257705688,42,1,39,1,11
1403637159.988064527511597,43,0,36,5,11
1403637160.038061380386353,43,0,38,1,11
1403637160.088072538375854,39,1,37,0,11
1403637160.138086318969727,42,9,34,7,11
1403637160.188078403472900,39,1,39,0,11
1403637160.238074541091919,38,0,38,0,11
1403637160.288110256195068,42,0,37,5,11
1403637160.338113069534302,43,4,41,1,11
1403637160.388116836547852,43,1,39,2,11
1403637160.438117265701294,44,1,40,3,11
1403637160.488114595413208,39,4,39,0,11
1403637160.538128137588501,42,3,34,7,11
1403637160.588138103485107,39,1,37,0,11
1403637160.638149976730347,37,2,37,0,11
1403637160.688197612762451,42,1,37,5,11
1403637160.738248586654663,48,0,39,8,11
1403637160.788296222686768,45,1,45,0,11
1403637160.838359117507935,47,0,44,2,11
1403637160.888440847396851,50,7,46,3,11
1403637160.938481092453003,49,2,48,0,11
1403637160.988494634628296,48,0,47,1,11
1403637161.038509607315063,48,0,47,1,11
1403637161.088572740554810,49,9,46,2,11
1403637161.138597011566162,47,0,46,0,11
1403637161.188606500625610,48,3,44,3,11
1403637161.238610267639160,49,0,47,1,11
1403637161.288605213165283,47,1,47,0,11
1403637161.338615179061890,49,7,46,3,11
1403637161.388621330261230,48,0,46,0,11
1403637161.438612461090088,47,2,45,0,11
1403637161.488623857498169,46,2,43,3,11
1403637161.538602828979492,47,1,43,3,11
1403637161.588593721389771,45,0,45,0,11
1403637161.638584852218628,47,5,44,3,11
1403637161.688564538955688,47,16,44,2,11
1403637161.738558530807495,45,3,42,0,11
1403637161.788538932800293,42,1,41,1,11
1403637161.838526964187622,41,2,40,0,11
1403637161.888504981994629,39,7,37,0,11
1403637161.938492536544800,40,2,35,4,11
1403637161.988497495651245,39,3,39,0,11
1403637162.038503646850586,39,0,35,0,11
1403637162.088520050048828,38,2,33,2,11
1403637162.138548135757446,43,2,33,8,11
1403637162.188573122024536,41,0,40,0,11
1403637162.238588571548462,43,0,39,3,11
1403637162.288630008697510,47,5,42,4,11
1403637162.338640213012695,46,0,46,0,11
1403637162.388668060302734,50,9,46,4,11
1403637162.438670635223389,50,0,49,0,11
1403637162.488680124282837,50,11,49,0,11
1403637162.538681745529175,48,3,46,0,11
1403637162.588684082031250,48,0,45,0,11
1403637162.638703346252441,46,1,43,0,11
1403637162.688691377639771,44,2,41,1,11
1403637162.738680362701416,49,10,39,6,11
1403637162.788670063018799,46,1,40,0,11
1403637162.838664531707764,40,1,37,0,11
1403637162.888672113418579,39,2,34,5,11
1403637162.938675165176392,40,1,38,1,11
1403637162.988680839538574,44,3,37,6,11
1403637163.038676500320435,47,1,39,4,11
1403637163.088680028915405,46,2,39,3,11
1403637163.138679742813110,44,2,39,2,11
1403637163.188689231872559,43,4,38,3,11
1403637163.238687276840210,39,2,38,1,11
1403637163.288682460784912,38,1,34,1,11
1403637163.338677883148193,48,7,33,12,11
1403637163.388678789138794,43,2,39,1,11
1403637163.438684225082397,43,2,36,2,11
1403637163.488688468933105,41,0,36,1,11
1403637163.538694620132446,37,2,36,1,11
1403637163.588696479797363,37,3,37,0,11
1403637163.638702869415283,42,2,34,7,11
1403637163.688703060150146,44,2,39,3,11
1403637163.738713741302490,43,0,39,0,11
1403637163.788729429244995,45,8,36,6,11
1403637163.838740587234497,43,0,40,0,11
1403637163.888743400573730,41,2,39,0,11
1403637163.938745498657227,48,6,38,9,11
1403637163.988744497299194,47,0,45,0,11
1403637164.038744926452637,46,2,44,1,11
1403637164.088757514953613,49,7,44,4,11
1403637164.138752937316895,49,2,48,0,11
1403637164.188750267028809,49,3,46,0,11
1403637164.238744258880615,48,5,45,1,11
1403637164.288744688034058,46,9,45,0,11
1403637164.338745355606079,46,0,42,1,11
1403637164.388738632202148,47,5,42,2,11
1403637164.438737869262695,44,1,42,0,11
1403637164.488738536834717,42,2,39,1,11
1403637164.538732767105103,45,2,39,5,11
1403637164.588730812072754,43,1,41,0,11
1403637164.638726949691772,42,2,40,0,11
1403637164.688725709915161,45,6,39,5,11
1403637164.738728046417236,44,1,43,1,11
1403637164.788735389709473,45,4,40,5,11
1403637164.838731288909912,40,2,38,1,11
1403637164.888727426528931,40,1,35,4,11
1403637164.938728809356689,46,5,36,8,11
1403637164.988722085952759,46,9,40,2,11
1403637165.038719177246094,42,0,39,1,11
1403637165.088709115982056,47,7,37,8,11
1403637165.138702392578125,41,3,39,0,11
1403637165.188698291778564,40,3,38,1,11
1403637165.238691806793213,37,3,36,0,11
1403637165.288683652877808,35,2,30,3,11
1403637165.338675498962402,32,2,29,0,11
1403637165.388654708862305,37,10,24,10,11
1403637165.438647747039795,37,0,30,5,11
1403637165.488646507263184,33,5,29,0,11
1403637165.538641214370728,31,1,25,2,11
1403637165.588622570037842,26,4,17,4,11
1403637165.638617992401123,23,0,18,1,11
1403637165.688610315322876,20,1,15,2,11
1403637165.738595247268677,27,1,16,8,11
1403637165.788595914840698,29,2,21,6,11
1403637165.838593959808350,29,1,27,1,11
1403637165.888570070266724,39,0,28,11,11
1403637165.938569307327271,39,2,37,0,11
1403637165.988561391830444,46,7,35,8,11
1403637166.038561105728149,42,7,38,1,11
1403637166.088557481765747,46,2,37,7,11
1403637166.138560056686401,42,3,42,0,11
1403637166.188555479049683,40,3,38,1,11
1403637166.238559007644653,41,3,35,5,11
1403637166.288560628890991,48,1,40,7,11
1403637166.338553190231323,45,3,43,1,11
1403637166.388542175292969,46,7,41,3,11
1403637166.438536882400513,41,5,40,0,11
1403637166.488533020019531,44,1,39,4,11
1403637166.538528919219971,45,1,43,2,11
1403637166.588494777679443,50,4,44,5,11
1403637166.638446807861328,47,3,44,0,11
1403637166.688411235809326,45,1,41,2,11
1403637166.738394975662231,43,0,39,2,11
1403637166.788380861282349,43,0,35,3,11
1403637166.838387012481689,44,1,34,4,11
1403637166.888403892517090,43,0,38,2,11
1403637166.938431024551392,47,2,39,8,11
1403637166.988469362258911,47,6,44,3,11
1403637167.038488864898682,49,6,47,2,11
1403637167.088492155075073,50,0,49,1,11
1403637167.138495206832886,50,0,50,0,11
1403637167.188496589660645,50,2,50,0,11
1403637167.238494396209717,48,1,48,0,11
1403637167.288495779037476,47,4,47,0,11
1403637167.338494539260864,48,0,47,1,11
1403637167.388488054275513,48,0,48,0,11
1403637167.438482522964478,47,1,44,1,11
1403637167.488476276397705,50,15,44,3,11
1403637167.538469552993774,48,2,46,0,11
1403637167.588460445404053,48,3,44,2,11
1403637167.638457775115967,47,5,44,2,11
1403637167.688454151153564,46,0,46,0,11
1403637167.738452434539795,46,2,43,0,11
1403637167.788452863693237,47,2,39,2,11
1403637167.838453292846680,44,2,38,0,11
1403637167.888451814651489,45,4,38,4,11
1403637167.938448190689087,42,0,39,1,11
1403637167.988445520401001,41,2,38,0,11
1403637168.038442373275757,39,3,35,1,11
1403637168.088437318801880,45,0,35,9,11
1403637168.138434648513794,49,2,42,5,11
1403637168.188431262969971,46,3,42,0,11
1403637168.238422870635986,47,1,41,4,11
1403637168.288418054580688,43,0,42,0,11
1403637168.338405132293701,46,14,38,7,11
1403637168.388404130935669,45,3,40,0,11
1403637168.438406467437744,42,2,34,2,11
1403637168.488406419754028,43,3,35,4,11
1403637168.538407087326050,46,10,38,6,11
1403637168.588409185409546,45,1,40,2,11
1403637168.638407945632935,45,1,37,2,11
1403637168.688404321670532,42,1,38,0,11
1403637168.738403081893921,38,0,37,1,11
1403637168.788404703140259,39,1,36,1,11
1403637168.838406324386597,47,5,33,11,11
1403637168.888407945632935,46,1,41,1,11
1403637168.938408374786377,47,2,40,4,11
1403637168.988402843475342,48,6,42,4,11
1403637169.038403749465942,46,0,41,2,11
1403637169.088403940200806,44,1,39,1,11
1403637169.138412952423096,45,11,38,5,11
1403637169.188410282135010,42,6,39,1,11
1403637169.238410711288452,41,1,36,1,11
1403637169.288407087326050,47,4,32,9,11
1403637169.338404178619385,44,4,33,2,11
1403637169.388405084609985,42,5,34,1,11
1403637169.438404321670532,39,0,33,5,11
1403637169.488404750823975,35,4,34,0,11
1403637169.538402557373047,36,3,31,2,11
1403637169.588401079177856,34,2,28,3,11
1403637169.638405084609985,32,9,31,0,11
1403637169.688410997390747,42,4,26,12,11
1403637169.738415479660034,43,2,35,3,11
1403637169.788417339324951,33,5,28,0,11
1403637169.838417291641235,31,2,26,0,11
1403637169.888426780700684,37,4,20,11,11
1403637169.938425779342651,32,2,27,1,11
1403637169.988423347473145,29,4,27,0,11
1403637170.038424015045166,31,2,23,4,11
1403637170.088423967361450,28,1,26,0,11
1403637170.138419866561890,41,4,23,18,11
1403637170.188417911529541,41,1,39,0,11
1403637170.238416671752930,39,0,37,0,11
1403637170.288417100906372,37,2,35,1,11
1403637170.338417291641235,32,4,29,0,11
1403637170.388416767120361,38,4,25,9,11
1403637170.438416481018066,36,2,32,0,11
1403637170.488418579101562,38,3,29,8,11
1403637170.538418531417847,37,4,32,2,11
1403637170.588418722152710,34,3,30,1,11
1403637170.638417243957520,33,5,24,5,11
1403637170.688415288925171,35,4,25,4,11
1403637170.738413572311401,30,9,26,0,11
1403637170.788411378860474,22,1,20,1,11
1403637170.838407516479492,21,4,17,2,11
1403637170.888402938842773,27,1,19,6,11
1403637170.938403844833374,27,6,22,3,11
1403637170.988405227661133,31,2,25,4,11
1403637171.038405418395996,31,2,27,2,11
1403637171.088405847549438,31,2,28,0,11
1403637171.138403177261353,38,4,25,11,11
1403637171.188403844833374,37,0,35,0,11
1403637171.238412141799927,45,4,31,11,11
1403637171.288416385650635,42,0,39,0,11
1403637171.338418722152710,38,4,37,0,11
1403637171.388423681259155,41,6,36,5,11
1403637171.438423395156860,45,1,40,5,11
1403637171.488425731658936,45,2,45,0,11
1403637171.538429021835327,47,3,45,2,11
1403637171.588428974151611,49,7,46,3,11
1403637171.638427495956421,49,1,49,0,11
1403637171.688427925109863,47,1,46,0,11
1403637171.738425970077515,50,3,46,3,11
1403637171.788421630859375,47,11,47,0,11
1403637171.838424682617188,47,2,44,3,11
1403637171.888425827026367,48,0,47,1,11
1403637171.938428878784180,49,3,47,2,11
1403637171.988428115844727,48,3,46,1,11
1403637172.038426160812378,47,1,46,0,11
1403637172.088426351547241,49,2,46,3,11
1403637172.138417005538940,50,3,48,1,11
1403637172.188392877578735,49,5,47,0,11
1403637172.238365173339844,48,8,45,1,11
1403637172.288356781005859,47,0,46,0,11
1403637172.338359832763672,48,1,45,2,11
1403637172.388365745544434,46,6,43,2,11
1403637172.438369274139404,44,2,43,0,11
1403637172.488382339477539,43,4,43,0,11
1403637172.538394689559937,46,2,42,4,11
1403637172.588405609130859,45,0,45,0,11
1403637172.638410806655884,45,1,43,0,11
1403637172.688416004180908,47,0,43,2,11
1403637172.738417625427246,47,3,44,2,11
1403637172.788408994674683,48,0,43,3,11
1403637172.838389635086060,47,9,46,0,11
1403637172.888371467590332,43,0,41,2,11
1403637172.938363313674927,45,7,42,3,11
1403637172.988355636596680,48,1,45,3,11
1403637173.038353919982910,47,1,47,0,11
1403637173.088353157043457,44,0,44,0,11
1403637173.138351202011108,42,0,41,0,11
1403637173.188344955444336,41,0,40,0,11
1403637173.238333225250244,46,4,39,6,11
1403637173.288315534591675,44,0,42,0,11
1403637173.338300704956055,45,1,39,3,11
1403637173.388288021087646,44,2,42,0,11
1403637173.438271284103394,47,4,42,5,11
1403637173.488277435302734,47,0,45,0,11
1403637173.538291931152344,50,23,44,3,11
1403637173.588302135467529,49,0,47,1,11
1403637173.638312101364136,48,0,47,0,11
1403637173.688324451446533,47,1,44,0,11
1403637173.738335609436035,44,6,42,0,11
1403637173.788346052169800,40,0,40,0,11
1403637173.838354349136353,45,1,36,7,11
1403637173.888362407684326,43,1,39,1,11
1403637173.938365936279297,43,0,39,2,11
1403637173.988361835479736,41,1,39,0,11
1403637174.038345813751221,49,5,39,9,11
1403637174.088336706161499,48,0,43,0,11
1403637174.138328313827515,46,14,40,1,11
1403637174.188322305679321,42,2,39,2,11
1403637174.238323688507080,40,4,36,3,11
1403637174.288329839706421,38,1,37,0,11
1403637174.338336944580078,39,0,36,1,11
1403637174.388348340988159,39,1,37,1,11
1403637174.438350439071655,37,1,36,0,11
1403637174.488350868225098,37,2,35,0,11
1403637174.538349866867065,37,3,34,1,11
1403637174.588347673416138,36,3,35,0,11
1403637174.638351917266846,39,2,32,4,11
1403637174.688350439071655,34,1,33,0,11
1403637174.738354682922363,41,7,30,8,11
1403637174.788349866867065,36,3,30,3,11
1403637174.838348150253296,36,0,29,4,11
1403637174.888347387313843,42,5,29,10,11
1403637174.938345670700073,41,0,39,1,11
1403637174.988345146179199,40,1,40,0,11
1403637175.038343191146851,39,1,36,1,11
1403637175.088341712951660,36,7,34,0,11
1403637175.138339042663574,35,1,32,2,11
1403637175.188338518142700,36,3,33,1,11
1403637175.238336563110352,35,1,35,0,11
1403637175.288336277008057,34,1,32,1,11
1403637175.338331699371338,46,12,32,12,11
1403637175.388328790664673,46,2,43,1,11
1403637175.438324213027954,43,2,40,2,11
1403637175.488315105438232,47,2,39,7,11
1403637175.538308620452881,46,0,44,0,11
1403637175.588305711746216,48,2,43,4,11
1403637175.638302803039551,47,3,46,0,11
1403637175.688298940658569,50,5,43,3,11
1403637175.738298177719116,49,0,46,0,11
1403637175.788299560546875,48,6,45,3,11
1403637175.838298797607422,50,9,48,2,11
1403637175.888298034667969,49,1,48,0,11
1403637175.938294887542725,49,7,46,0,11
1403637175.988294363021851,47,0,44,0,11
1403637176.038295745849609,47,7,43,2,11
1403637176.088298082351685,46,3,41,2,11
1403637176.138299226760864,44,0,41,1,11
1403637176.188300132751465,46,1,42,3,11
1403637176.238300323486328,45,2,44,0,11
1403637176.288300991058350,50,0,44,5,11
1403637176.338301181793213,48,1,47,0,11
1403637176.388302803039551,49,3,46,2,11
1403637176.438304185867310,47,5,45,1,11
1403637176.488302707672119,50,7,46,3,11
1403637176.538304805755615,48,8,47,0,11
1403637176.588301897048950,46,1,44,1,11
1403637176.638300895690918,47,5,43,3,11
1403637176.688300848007202,42,1,42,0,11
1403637176.738307476043701,50,17,41,8,11
1403637176.788309574127197,50,1,49,0,11
1403637176.838310241699219,48,2,47,0,11
1403637176.888311147689819,46,1,45,0,11
1403637176.938312053680420,44,4,41,2,11
1403637176.988312244415283,44,0,43,1,11
1403637177.038311958312988,47,2,43,4,11
1403637177.088311433792114,46,4,42,3,11
1403637177.138309955596924,48,6,44,4,11
1403637177.188309192657471,48,0,48,0,11
1403637177.238310575485229,50,17,47,2,11
1403637177.288310527801514,50,1,48,0,11
1403637177.338312387466431,49,8,46,0,11
1403637177.388314247131348,48,1,44,1,11
1403637177.438314914703369,46,0,43,1,11
1403637177.488316059112549,44,0,43,0,11
1403637177.538316965103149,48,12,43,5,11
1403637177.588316679000854,46,8,44,0,11
1403637177.638317108154297,46,2,43,0,11
1403637177.688316106796265,43,1,40,2,11
1403637177.738320827484131,47,12,40,7,11
1403637177.788322925567627,47,4,46,0,11
1403637177.838323116302490,50,13,45,3,11
1403637177.888323783874512,48,3,46,0,11
1403637177.938323497772217,47,14,44,2,11
1403637177.988324403762817,47,0,45,1,11
1403637178.038319110870361,48,8,43,3,11
1403637178.088319778442383,47,2,42,1,11
1403637178.138314247131348,44,6,38,3,11
1403637178.188312768936157,40,1,37,0,11
1403637178.238312244415283,36,4,33,0,11
1403637178.288313865661621,34,1,32,0,11
1403637178.338327884674072,46,1,30,14,11
1403637178.388331413269043,43,0,38,0,11
1403637178.438333034515381,44,4,33,6,11
1403637178.488334894180298,41,2,36,1,11
1403637178.538334369659424,46,4,33,6,11
1403637178.588337421417236,42,3,36,1,11
1403637178.638344764709473,40,2,36,3,11
1403637178.688355922698975,39,2,38,0,11
1403637178.738365888595581,42,2,38,3,11
1403637178.788373231887817,42,2,41,1,11
1403637178.838377475738525,42,4,42,0,11
1403637178.888377904891968,43,0,42,1,11
1403637178.938375949859619,46,4,43,3,11
1403637178.988376855850220,46,0,45,0,11
1403637179.038376569747925,48,2,43,3,11
1403637179.088380575180054,47,1,45,1,11
1403637179.138383865356445,48,5,45,2,11
1403637179.188394308090210,49,7,46,1,11
1403637179.238393783569336,47,10,46,0,11
1403637179.288394927978516,46,0,45,0,11
1403637179.338394641876221,45,1,44,0,11
1403637179.388394355773926,50,0,43,5,11
1403637179.438392639160156,49,1,46,0,11
1403637179.488384008407593,49,5,45,1,11
1403637179.538379907608032,48,1,42,1,11
1403637179.588373899459839,48,12,44,1,11
1403637179.638373613357544,45,0,43,0,11
1403637179.688373804092407,46,1,42,1,11
1403637179.738373279571533,45,3,42,2,11
1403637179.788373947143555,45,0,44,1,11
1403637179.838373422622681,47,6,41,5,11
1403637179.888372182846069,48,2,46,1,11
1403637179.938374519348145,45,2,43,0,11
1403637179.988376140594482,45,3,42,0,11
1403637180.038380146026611,43,2,39,1,11
1403637180.088378667831421,42,1,38,2,11
1403637180.138384103775024,42,1,39,3,11
1403637180.188384294509888,47,7,34,8,11
1403637180.238386869430542,48,2,41,2,11
1403637180.288393497467041,41,4,41,0,11
1403637180.338397502899170,43,0,36,6,11
1403637180.388398170471191,42,0,38,1,11
1403637180.438396692276001,40,0,36,2,11
1403637180.488395690917969,39,2,34,3,11
1403637180.538397789001465,35,0,31,0,11
1403637180.588403701782227,34,0,26,5,11
1403637180.638406753540039,32,0,31,0,11
1403637180.688405275344849,37,1,31,6,11
1403637180.738404273986816,39,0,37,2,11
1403637180.788402080535889,45,2,36,7,11
1403637180.838402032852173,48,1,42,4,11
1403637180.888406515121460,48,7,45,2,11
1403637180.938411474227905,49,5,45,2,11
1403637180.988416671752930,46,0,42,0,11
1403637181.038428306579590,48,13,39,5,11
1403637181.088428497314453,47,3,42,3,11
1403637181.138426780700684,44,2,42,0,11
1403637181.188430070877075,42,1,37,2,11
1403637181.238428354263306,40,6,35,0,11
1403637181.288425445556641,36,5,30,0,11
1403637181.338424444198608,41,4,28,9,11
1403637181.388423681259155,39,4,35,2,11
1403637181.438425064086914,34,2,32,1,11
1403637181.488426208496094,44,1,29,12,11
1403637181.538429498672485,45,3,38,4,11
1403637181.588429450988770,44,1,41,1,11
1403637181.638433456420898,49,1,40,6,11
1403637181.688434600830078,49,5,45,1,11
1403637181.738434791564941,45,3,43,1,11
1403637181.788434267044067,42,2,40,0,11
1403637181.838434457778931,41,1,36,0,11
1403637181.888433218002319,47,7,34,9,11
1403637181.938433170318604,45,2,40,2,11
1403637181.988433361053467,44,1,36,1,11
1403637182.038431882858276,44,0,38,2,11
1403637182.088431358337402,41,1,38,2,11
1403637182.138430118560791,42,1,36,3,11
1403637182.188431024551392,40,1,37,1,11
1403637182.238430023193359,47,5,37,9,11
1403637182.288430690765381,49,2,43,2,11
1403637182.338429689407349,48,5,42,1,11
1403637182.388431310653687,42,0,37,0,11
1403637182.438430309295654,46,15,34,8,11
1403637182.488428592681885,46,1,38,4,11
1403637182.538426160812378,45,3,40,1,11
1403637182.588423728942871,42,2,40,1,11
1403637182.638416051864624,40,0,39,0,11
1403637182.688411235809326,39,1,38,0,11
1403637182.738407373428345,39,1,37,1,11
1403637182.788407087326050,39,1,36,0,11
1403637182.838406324386597,41,0,33,6,11
1403637182.888404369354248,47,14,37,7,11
1403637182.938403606414795,47,0,43,2,11
1403637182.988402843475342,48,1,45,2,11
1403637183.038402557373047,48,21,44,2,11
1403637183.088402271270752,48,0,45,1,11
1403637183.138402462005615,47,1,46,0,11
1403637183.188402652740479,46,2,45,1,11
1403637183.238401412963867,47,1,46,1,11
1403637183.288401842117310,47,0,47,0,11
1403637183.338400602340698,46,1,46,0,11
1403637183.388399124145508,46,1,43,0,11
1403637183.438397645950317,50,9,42,4,11
1403637183.488394260406494,47,11,47,0,11
1403637183.538391828536987,48,24,46,1,11
1403637183.588391542434692,48,0,47,1,11
1403637183.638388633728027,50,7,48,2,11
1403637183.688390731811523,50,0,50,0,11
1403637183.738393306732178,50,1,49,0,11
1403637183.788394689559937,49,1,47,0,11
1403637183.838395118713379,47,0,47,0,11
1403637183.888394594192505,47,0,45,0,11
1403637183.938395500183105,47,0,45,0,11
1403637183.988394975662231,45,0,44,0,11
1403637184.038396835327148,49,5,43,5,11
1403637184.088397741317749,48,12,47,0,11
1403637184.138399839401245,48,22,47,1,11
1403637184.188403606414795,47,0,46,1,11
1403637184.238406658172607,49,5,46,3,11
1403637184.288407325744629,49,0,48,0,11
1403637184.338407993316650,49,0,46,1,11
1403637184.388408422470093,47,0,46,0,11
1403637184.438411235809326,49,0,43,2,11
1403637184.488415002822876,46,0,38,0,11
1403637184.538415908813477,43,1,33,0,11
1403637184.588419198989868,38,3,30,0,11
1403637184.638425350189209,36,4,28,3,11
1403637184.688430547714233,44,2,29,12,11
1403637184.738433361053467,43,12,37,4,11
1403637184.788432121276855,39,1,38,0,11
1403637184.838434696197510,40,2,34,2,11
1403637184.888429403305054,40,1,35,0,11
1403637184.938425779342651,36,1,34,0,11
1403637184.988421201705933,44,1,34,9,11
1403637185.038417816162109,43,0,39,0,11
1403637185.088414907455444,42,2,38,0,11
1403637185.138409376144409,38,0,37,1,11
1403637185.188404321670532,44,0,37,6,11
1403637185.238402128219604,48,0,42,5,11
1403637185.288399696350098,49,24,47,2,11
1403637185.338399410247803,50,9,49,1,11
1403637185.388400554656982,48,0,48,0,11
1403637185.438400268554688,50,1,46,2,11
1403637185.488398075103760,49,3,47,0,11
1403637185.538393497467041,48,3,47,1,11
1403637185.588391304016113,50,2,48,2,11
1403637185.638385772705078,48,2,47,0,11
1403637185.688382863998413,48,0,46,0,11
1403637185.738382339477539,48,0,46,1,11
1403637185.788379907608032,47,0,47,0,11
1403637185.838379144668579,47,2,47,0,11
1403637185.888360738754272,50,26,47,3,11
1403637185.938350200653076,49,35,48,0,11
1403637185.988349437713623,49,0,48,0,11
1403637186.038348197937012,48,0,48,0,11
1403637186.088346958160400,47,0,47,0,11
1403637186.138344287872314,50,2,46,3,11
1403637186.188342571258545,50,2,49,0,11
1403637186.238339424133301,49,1,48,1,11
1403637186.288337230682373,49,0,49,0,11
1403637186.338337182998657,50,0,49,1,11
1403637186.388337135314941,50,1,50,0,11
1403637186.438337564468384,50,1,49,0,11
1403637186.488337755203247,50,34,50,0,11
1403637186.538335561752319,50,30,50,0,11
1403637186.588335037231445,50,0,50,0,11
1403637186.638333559036255,50,0,49,0,11
1403637186.688332557678223,48,1,47,0,11
1403637186.738328933715820,50,0,47,2,11
1403637186.788327693939209,49,1,49,0,11
1403637186.838327884674072,49,2,47,1,11
1403637186.888327836990356,48,0,47,0,11
1403637186.938329696655273,46,0,46,0,11
1403637186.988332033157349,47,1,45,1,11
1403637187.038335084915161,47,0,46,0,11
1403637187.088338613510132,49,25,46,3,11
1403637187.138339042663574,50,25,49,1,11
1403637187.188338756561279,50,0,50,0,11
1403637187.238337755203247,50,0,50,0,11
1403637187.288336753845215,50,2,49,0,11
1403637187.338335514068604,50,1,49,0,11
1403637187.388334989547729,49,2,49,0,11
1403637187.438334941864014,48,0,48,0,11
1403637187.488334894180298,48,2,48,0,11
1403637187.538336515426636,49,2,47,1,11
1403637187.588337659835815,49,0,48,0,11
1403637187.638338804244995,48,1,48,0,11
1403637187.688340902328491,50,14,48,2,11
1403637187.738343238830566,50,33,50,0,11
1403637187.788343667984009,50,16,50,0,11
1403637187.838343858718872,50,0,50,0,11
1403637187.888343811035156,50,1,48,0,11
1403637187.938344001770020,50,0,48,0,11
1403637187.988345146179199,48,5,48,0,11
1403637188.038345575332642,48,1,47,0,11
1403637188.088345766067505,48,4,47,0,11
1403637188.138346195220947,47,1,47,0,11
1403637188.188346624374390,46,0,46,0,11
1403637188.238347053527832,46,3,45,1,11
1403637188.288347721099854,49,7,45,4,11
1403637188.338350772857666,48,29,45,1,11
1403637188.388351202011108,50,6,46,2,11
1403637188.438350915908813,48,1,48,0,11
1403637188.488350868225098,49,0,48,1,11
1403637188.538350820541382,49,0,49,0,11
1403637188.588349819183350,50,4,48,1,11
1403637188.638350248336792,49,2,48,0,11
1403637188.688349962234497,46,0,44,0,11
1403637188.738350152969360,44,2,41,1,11
1403637188.788350343704224,41,1,40,0,11
1403637188.838350296020508,41,0,39,0,11
1403637188.888349533081055,44,0,37,5,11
1403637188.938348770141602,47,14,40,5,11
1403637188.988345384597778,48,3,45,2,11
1403637189.038340806961060,48,31,45,2,11
1403637189.088338851928711,47,0,45,0,11
1403637189.138336658477783,43,0,42,0,11
1403637189.188335895538330,44,0,40,2,11
1403637189.238335847854614,44,1,42,0,11
1403637189.288337469100952,43,0,42,1,11
1403637189.338338375091553,42,0,41,0,11
1403637189.388338804244995,43,0,42,1,11
1403637189.438338994979858,42,0,41,0,11
1403637189.488338470458984,41,2,40,1,11
1403637189.538337707519531,46,8,40,6,11
1403637189.588340997695923,46,4,46,0,11
1403637189.638344049453735,50,17,45,4,11
1403637189.688348531723022,49,2,48,0,11
1403637189.738353967666626,48,2,47,1,11
1403637189.788358449935913,46,2,46,0,11
1403637189.838359117507935,45,0,45,0,11
1403637189.888360261917114,50,3,45,5,11
1403637189.938356161117554,50,0,50,0,11
1403637189.988355159759521,49,3,48,0,11
1403637190.038354873657227,48,1,46,0,11
1403637190.088355541229248,45,3,43,0,11
1403637190.138355493545532,45,4,42,2,11
1403637190.188355207443237,43,0,43,0,11
1403637190.238353013992310,50,7,42,7,11
1403637190.288352966308594,46,3,46,0,11
1403637190.338353633880615,48,5,44,4,11
1403637190.388357400894165,49,4,46,1,11
1403637190.438357114791870,46,1,43,0,11
1403637190.488355398178101,45,3,43,1,11
1403637190.538353681564331,43,2,43,0,11
1403637190.588351249694824,43,2,43,0,11
1403637190.638345956802368,45,2,40,4,11
1403637190.688342571258545,46,3,44,1,11
1403637190.738341808319092,48,0,45,2,11
1403637190.788340568542480,48,0,46,1,11
1403637190.838341951370239,50,4,47,2,11
1403637190.888343572616577,49,4,48,0,11
1403637190.938344478607178,49,2,47,0,11
1403637190.988344430923462,48,0,47,0,11
1403637191.038345336914062,49,8,46,2,11
1403637191.088345766067505,50,1,48,1,11
1403637191.138345718383789,49,0,48,0,11
1403637191.188345193862915,50,3,48,1,11
1403637191.238344907760620,49,1,48,0,11
1403637191.288345336914062,49,1,47,0,11
1403637191.338345766067505,48,1,47,0,11
1403637191.388345241546631,48,4,45,2,11
1403637191.438345432281494,50,2,47,2,11
1403637191.488345384597778,49,3,48,0,11
1403637191.538345336914062,48,1,48,0,11
1403637191.588345527648926,49,0,48,1,11
1403637191.638346195220947,49,5,48,1,11
1403637191.688346385955811,50,8,46,1,11
1403637191.738347768783569,50,2,47,0,11
1403637191.788347959518433,45,4,45,0,11
1403637191.838346242904663,44,0,42,0,11
1403637191.888344764709473,42,0,40,0,11
1403637191.938342571258545,41,1,38,1,11
1403637191.988339185714722,42,0,38,3,11
1403637192.038340330123901,41,0,37,2,11
1403637192.088340997695923,44,1,36,4,11
1403637192.138340473175049,42,1,38,1,11
1403637192.188339471817017,39,0,37,1,11
1403637192.238338708877563,43,0,37,5,11
1403637192.288338422775269,48,8,41,6,11
1403637192.338337182998657,46,1,41,0,11
1403637192.388337850570679,47,3,41,2,11
1403637192.438338994979858,44,1,43,1,11
1403637192.488340616226196,44,1,44,0,11
1403637192.538341283798218,45,0,43,1,11
1403637192.588341712951660,48,3,43,3,11
1403637192.638342380523682,48,0,45,1,11
1403637192.688343286514282,48,1,46,1,11
1403637192.738344669342041,49,11,47,2,11
1403637192.788345813751221,47,1,46,1,11
1403637192.838346242904663,47,0,46,0,11
1403637192.888346195220947,50,6,45,3,11
1403637192.938346624374390,50,1,47,1,11
1403637192.988346815109253,49,6,47,0,11
1403637193.038347005844116,49,2,46,1,11
1403637193.088347673416138,47,0,46,0,11
1403637193.138349056243896,46,1,45,1,11
1403637193.188352584838867,48,0,45,2,11
1403637193.238352298736572,50,6,45,2,11
1403637193.288352012634277,48,0,46,1,11
1403637193.338352203369141,48,4,45,2,11
1403637193.388352155685425,47,0,46,0,11
1403637193.438352584838867,44,0,44,0,11
1403637193.488352775573730,49,0,43,5,11
1403637193.538351535797119,47,1,44,1,11
1403637193.588351011276245,46,2,43,2,11
1403637193.638348102569580,48,5,44,3,11
1403637193.688348293304443,47,0,44,0,11
1403637193.738348722457886,45,1,41,0,11
1403637193.788348674774170,42,1,40,0,11
1403637193.838346958160400,47,3,39,7,11
1403637193.888346910476685,46,1,44,0,11
1403637193.938347578048706,48,1,43,2,11
1403637193.988348960876465,47,0,45,1,11
1403637194.038351297378540,46,2,44,2,11
1403637194.088350772857666,44,1,43,0,11
1403637194.138349771499634,43,1,39,1,11
1403637194.188349008560181,43,0,40,1,11
1403637194.238348484039307,41,1,41,0,11
1403637194.288348913192749,40,0,40,0,11
1403637194.338349103927612,43,0,38,4,11
1403637194.388349294662476,43,0,41,1,11
1403637194.438349962234497,42,0,41,1,11
1403637194.488349437713623,40,0,39,0,11
1403637194.538349866867065,38,1,37,0,11
1403637194.588350057601929,38,1,37,1,11
1403637194.638350725173950,43,3,36,7,11
1403637194.688350439071655,41,0,40,0,11
1403637194.738350152969360,39,2,38,1,11
1403637194.788350105285645,39,0,38,1,11
1403637194.838350057601929,38,0,38,0,11
1403637194.888350248336792,38,1,37,0,11
1403637194.938349723815918,41,0,37,3,11
1403637194.988348722457886,44,2,37,4,11
1403637195.038347721099854,42,1,36,1,11
1403637195.088347434997559,37,0,35,0,11
1403637195.138345956802368,40,3,34,5,11
1403637195.188344717025757,39,0,37,1,11
1403637195.238343000411987,40,0,37,3,11
1403637195.288343429565430,40,0,40,0,11
1403637195.338344335556030,40,0,39,0,11
1403637195.388345479965210,39,1,38,0,11
1403637195.438346862792969,40,0,36,3,11
1403637195.488347053527832,38,0,36,1,11
1403637195.538349866867065,43,0,35,6,11
1403637195.588351488113403,46,0,41,3,11
1403637195.638351678848267,43,1,42,0,11
1403637195.688349962234497,46,0,41,4,11
1403637195.738349914550781,46,2,42,2,11
1403637195.788349151611328,47,1,44,1,11
1403637195.838347673416138,45,1,43,2,11
1403637195.888347625732422,47,3,43,3,11
1403637195.938346624374390,47,3,44,0,11
1403637195.988346099853516,46,2,44,0,11
1403637196.038344621658325,45,3,43,1,11
1403637196.088344335556030,44,3,41,0,11
1403637196.138343572616577,42,1,35,1,11
1403637196.188343048095703,47,3,36,7,11
1403637196.238342523574829,45,5,41,3,11
1403637196.288343191146851,44,1,42,0,11
1403637196.338343381881714,45,0,42,2,11
1403637196.388342857360840,47,3,42,3,11
1403637196.438341856002808,47,2,42,1,11
1403637196.488339900970459,46,2,40,3,11
1403637196.538339376449585,45,0,42,1,11
1403637196.588339805603027,45,0,41,3,11
1403637196.638337850570679,48,2,42,4,11
1403637196.688338756561279,47,8,44,0,11
1403637196.738338947296143,47,2,43,2,11
1403637196.788341045379639,47,5,41,1,11
1403637196.838340759277344,45,7,43,1,11
1403637196.888343334197998,44,1,44,0,11
1403637196.938343763351440,42,0,41,0,11
1403637196.988344430923462,46,1,39,5,11
1403637197.038345336914062,42,1,39,0,11
1403637197.088346004486084,40,4,35,2,11
1403637197.138346433639526,37,2,32,0,11
1403637197.188348293304443,42,3,28,8,11
1403637197.238348960876465,34,3,25,2,11
1403637197.288348436355591,33,8,21,4,11
1403637197.338348150253296,30,4,22,4,11
1403637197.388349294662476,23,1,22,0,11
1403637197.438349962234497,23,3,20,2,11
1403637197.488349676132202,25,3,16,4,11
1403637197.538350343704224,22,4,17,0,11
1403637197.588350296020508,19,1,15,1,11
1403637197.638349771499634,19,5,11,5,11
1403637197.688351631164551,16,2,15,0,11
1403637197.738350629806519,18,1,10,4,11
1403637197.788354635238647,19,8,8,3,11
1403637197.838357925415039,19,3,8,5,11
1403637197.888358116149902,15,8,11,0,11
1403637197.938357830047607,21,2,11,8,11
1403637197.988358736038208,24,6,17,6,11
1403637198.038357257843018,25,4,19,3,11
1403637198.088356494903564,25,5,19,4,11
1403637198.138356447219849,22,5,22,0,11
1403637198.188355684280396,24,1,20,3,11
1403637198.238353967666626,28,2,22,4,11
1403637198.288355112075806,37,3,22,10,11
1403637198.338356256484985,34,2,30,0,11
1403637198.388358116149902,31,4,28,0,11
1403637198.438359022140503,34,5,26,6,11
1403637198.488359212875366,31,2,30,0,11
1403637198.538360118865967,34,0,28,5,11
1403637198.588360309600830,32,0,30,1,11
1403637198.638359785079956,35,1,29,3,11
1403637198.688358306884766,36,2,30,5,11
1403637198.738356828689575,36,4,33,2,11
1403637198.788357257843018,37,4,33,1,11
1403637198.838356733322144,41,3,29,7,11
1403637198.888353824615479,45,11,31,7,11
1403637198.938354015350342,43,3,36,3,11
1403637198.988353013992310,37,4,35,0,11
1403637199.038356065750122,37,3,32,2,11
1403637199.088359594345093,38,1,31,3,11
1403637199.138365745544434,45,0,32,9,11
1403637199.188368558883667,44,6,39,1,11
1403637199.238365173339844,39,5,36,1,11
1403637199.288364887237549,37,3,37,0,11
1403637199.338364601135254,38,5,36,1,11
1403637199.388369798660278,46,10,33,11,11
1403637199.438365459442139,46,1,41,0,11
1403637199.488362789154053,43,4,36,1,11
1403637199.538362979888916,38,2,35,1,11
1403637199.588361263275146,38,1,33,2,11
1403637199.638360023498535,47,6,33,10,11
1403637199.688356876373291,43,2,40,0,11
1403637199.738355159759521,42,8,34,4,11
1403637199.788357019424438,39,2,34,1,11
1403637199.838355541229248,35,7,25,10,11
1403637199.888357400894165,29,3,28,0,11
1403637199.938357114791870,29,8,27,0,11
1403637199.988357782363892,36,5,20,11,11
1403637200.038359403610229,33,3,27,0,11
1403637200.088357925415039,19,3,19,0,11
1403637200.138359785079956,15,3,14,1,11
1403637200.188360691070557,12,1,10,0,11
1403637200.238364219665527,27,8,7,20,11
1403637200.288368463516235,27,3,27,0,11
1403637200.338374853134155,28,3,25,3,11
1403637200.388377666473389,25,1,25,0,11
1403637200.438373088836670,29,1,22,6,11
1403637200.488372087478638,21,2,21,0,11
1403637200.538371086120605,19,1,19,0,11
1403637200.588367462158203,34,2,19,15,11
1403637200.638362169265747,33,1,31,0,11
1403637200.688350915908813,38,3,30,6,11
1403637200.738346576690674,35,0,35,0,11
1403637200.788336277008057,46,1,32,12,11
1403637200.838329315185547,49,8,42,4,11
1403637200.888328075408936,48,6,46,1,11
1403637200.938327312469482,46,1,45,0,11
1403637200.988327026367188,50,15,44,4,11
1403637201.038326740264893,49,0,48,0,11
1403637201.088326215744019,48,0,47,0,11
1403637201.138326168060303,47,0,46,0,11
1403637201.188326120376587,48,18,45,2,11
1403637201.238327026367188,47,0,45,0,11
1403637201.288328170776367,47,0,44,1,11
1403637201.338330507278442,44,2,43,0,11
1403637201.388331890106201,44,0,43,1,11
1403637201.438335895538330,50,3,44,6,11
1403637201.488336801528931,50,6,49,0,11
1403637201.538337945938110,49,0,48,0,11
1403637201.588339805603027,48,14,47,1,11
1403637201.638340950012207,48,0,48,0,11
1403637201.688344478607178,47,0,47,0,11
1403637201.738345623016357,46,1,45,0,11
1403637201.788346290588379,49,15,45,3,11
1403637201.838346719741821,49,0,47,1,11
1403637201.888349056243896,50,32,48,1,11
1403637201.938346624374390,49,1,49,0,11
1403637201.988340854644775,49,0,49,0,11
1403637202.038335323333740,50,0,49,1,11
1403637202.088328599929810,50,6,50,0,11
1403637202.138324499130249,50,0,50,0,11
1403637202.188319683074951,48,11,48,0,11
1403637202.238318204879761,48,1,48,0,11
1403637202.288316965103149,48,0,48,0,11
1403637202.338315725326538,47,0,47,0,11
1403637202.388315916061401,49,4,45,2,11
1403637202.438317060470581,48,0,46,0,11
1403637202.488323211669922,48,14,45,2,11
1403637202.538325786590576,48,0,46,1,11
1403637202.588327407836914,48,0,47,0,11
1403637202.638327598571777,47,0,46,0,11
1403637202.688328027725220,48,2,46,1,11
1403637202.738327264785767,47,0,47,0,11
1403637202.788327693939209,48,9,47,1,11
1403637202.838326930999756,48,0,48,0,11
1403637202.888326406478882,48,0,48,0,11
1403637202.938325643539429,48,0,48,0,11
1403637202.988323926925659,50,5,48,2,11
1403637203.038323879241943,49,0,49,0,11
1403637203.088324308395386,50,18,49,1,11
1403637203.138324499130249,49,1,49,0,11
1403637203.188324213027954,49,0,49,0,11
1403637203.238322973251343,50,0,49,1,11
1403637203.288322448730469,50,2,50,0,11
1403637203.338322401046753,49,1,49,0,11
1403637203.388321876525879,49,9,49,0,11
1403637203.438321828842163,49,0,48,0,11
1403637203.488321542739868,49,0,49,0,11
1403637203.538321971893311,49,0,48,0,11
1403637203.588321685791016,48,3,48,0,11
1403637203.638321638107300,48,0,48,0,11
1403637203.688320875167847,48,16,48,0,11
1403637203.738320589065552,48,0,47,1,11
1403637203.788320302963257,48,0,48,0,11
1403637203.838320493698120,48,0,48,0,11
1403637203.888320207595825,48,1,48,0,11
1403637203.938320636749268,49,0,48,1,11
1403637203.988320827484131,48,9,48,0,11
1403637204.038321018218994,48,0,48,0,11
1403637204.088321208953857,48,0,48,0,11
1403637204.138321399688721,48,0,48,0,11
1403637204.188321352005005,48,3,48,0,11
1403637204.238321304321289,48,0,48,0,11
1403637204.288321733474731,48,14,48,0,11
1403637204.338321447372437,48,0,48,0,11
1403637204.388321161270142,48,0,48,0,11
1403637204.438321352005005,48,0,48,0,11
1403637204.488321304321289,48,0,48,0,11
1403637204.538321733474731,48,0,48,0,11
1403637204.588321924209595,48,4,48,0,11
1403637204.638322114944458,48,0,48,0,11
1403637204.688323259353638,48,0,48,0,11
1403637204.738322973251343,48,0,48,0,11
1403637204.788325071334839,48,2,48,0,11
1403637204.838327169418335,48,0,48,0,11
1403637204.888328313827515,48,7,48,0,11
1403637204.938330173492432,48,0,48,0,11
1403637204.988330841064453,48,0,48,0,11
1403637205.038331747055054,48,0,48,0,11
1403637205.088331222534180,48,0,48,0,11
1403637205.138330936431885,48,0,48,0,11
1403637205.188330888748169,48,4,48,0,11
1403637205.238330841064453,48,0,47,0,11
1403637205.288330793380737,48,0,47,0,11
1403637205.338330268859863,47,0,47,0,11
1403637205.388329982757568,47,2,47,0,11
1403637205.438329935073853,47,0,47,0,11
1403637205.488328695297241,47,8,47,0,11
1403637205.538328886032104,47,10,47,0,11
1403637205.588328599929810,47,0,47,0,11
1403637205.638328552246094,47,0,47,0,11
1403637205.688328266143799,47,0,47,0,11
1403637205.738327503204346,47,0,47,0,11
1403637205.788327455520630,47,0,47,0,11
1403637205.838327169418335,47,0,47,0,11
1403637205.888326644897461,47,0,47,0,11
1403637205.938326120376587,47,0,47,0,11
1403637205.988326072692871,47,0,47,0,11
1403637206.038326263427734,47,0,47,0,11
1403637206.088325738906860,47,1,47,0,11
1403637206.138325452804565,47,5,47,0,11
1403637206.188325643539429,47,0,47,0,11
1403637206.238326072692871,47,0,47,0,11
1403637206.288326978683472,46,0,46,0,11
1403637206.338327169418335,46,0,46,0,11
1403637206.388327121734619,46,0,46,0,11
1403637206.438327074050903,46,0,46,0,11
1403637206.488327264785767,46,0,46,0,11
1403637206.538327455520630,46,0,46,0,11
1403637206.588327646255493,46,0,46,0,11
1403637206.638327836990356,46,0,46,0,11
1403637206.688327789306641,46,0,46,0,11
1403637206.738328218460083,47,4,46,1,11
1403637206.788328409194946,47,0,47,0,11
1403637206.838328361511230,47,0,47,0,11
1403637206.888328790664673,47,0,47,0,11
1403637206.938328266143799,47,0,47,0,11
1403637206.988328218460083,47,0,47,0,11
1403637207.038328647613525,47,0,47,0,11
1403637207.088328599929810,47,0,47,0,11
1403637207.138328790664673,47,0,47,0,11
1403637207.188328742980957,47,0,47,0,11
1403637207.238328933715820,47,0,47,0,11
1403637207.288329601287842,47,0,47,0,11
1403637207.338330268859863,47,2,47,0,11
1403637207.388329982757568,47,0,47,0,11
1403637207.438329935073853,47,0,47,0,11
1403637207.488330364227295,47,0,47,0,11
1403637207.538330793380737,47,0,47,0,11
1403637207.588330507278442,47,0,47,0,11
1403637207.638330459594727,47,0,47,0,11
1403637207.688330650329590,46,0,46,0,11
1403637207.738330841064453,47,0,46,1,11
1403637207.788332939147949,47,0,47,0,11
1403637207.838334798812866,47,0,47,0,11
1403637207.888339042663574,48,4,47,1,11
1403637207.938341617584229,48,4,48,0,11
1403637207.988341569900513,48,0,48,0,11
1403637208.038341999053955,48,0,48,0,11
1403637208.088341951370239,48,0,48,0,11
1403637208.138341188430786,48,0,48,0,11
1403637208.188341617584229,48,1,48,0,11
1403637208.238341808319092,48,0,48,0,11
1403637208.288341999053955,48,0,48,0,11
1403637208.338342189788818,48,0,48,0,11
1403637208.388342142105103,48,0,48,0,11
1403637208.438342332839966,48,0,48,0,11
1403637208.488342285156250,48,1,48,0,11
1403637208.538342952728271,48,5,48,0,11
1403637208.588342666625977,48,0,48,0,11
1403637208.638342618942261,48,0,48,0,11
1403637208.688342571258545,48,0,48,0,11
1403637208.738342761993408,48,0,48,0,11
1403637208.788342952728271,48,1,48,0,11
1403637208.838343143463135,48,0,48,0,11
1403637208.888342857360840,48,0,48,0,11
1403637208.938342571258545,48,0,48,0,11
1403637208.988342523574829,48,0,48,0,11
1403637209.038342237472534,48,0,48,0,11
1403637209.088342428207397,48,3,48,0,11
1403637209.138343334197998,48,7,48,0,11
1403637209.188344001770020,47,0,47,0,11
1403637209.238343954086304,47,0,47,0,11
1403637209.288344383239746,46,0,46,0,11
1403637209.338344097137451,46,0,46,0,11
1403637209.388343811035156,46,0,46,0,11
1403637209.438344717025757,46,0,46,0,11
1403637209.488345623016357,46,0,46,0,11
1403637209.538346290588379,46,0,46,0,11
1403637209.588347196578979,46,0,46,0,11
1403637209.638347625732422,44,0,44,0,11
1403637209.688348054885864,44,0,44,0,11
1403637209.738348722457886,44,2,44,0,11
1403637209.788349390029907,44,0,44,0,11
1403637209.838349819183350,44,0,44,0,11
1403637209.888350009918213,44,0,44,0,11
1403637209.938349962234497,44,0,44,0,11
1403637209.988350391387939,45,2,44,1,11
1403637210.038350582122803,45,0,45,0,11
1403637210.088349819183350,44,0,44,0,11
1403637210.138349533081055,44,0,44,0,11
1403637210.188349485397339,44,2,43,1,11
1403637210.238349676132202,44,0,44,0,11
1403637210.288348436355591,44,21,43,1,11
1403637210.338348150253296,47,8,43,4,11
1403637210.388347864151001,45,0,45,0,11
1403637210.438347578048706,45,0,45,0,11
1403637210.488348007202148,45,0,44,0,11
1403637210.538347482681274,45,0,44,0,11
1403637210.588347196578979,44,6,44,0,11
1403637210.638346672058105,44,1,44,0,11
1403637210.688346385955811,43,1,43,0,11
1403637210.738346338272095,43,0,43,0,11
1403637210.788346052169800,45,0,42,2,11
1403637210.838346481323242,45,0,44,0,11
1403637210.888347148895264,45,16,43,2,11
1403637210.938348054885864,48,5,43,3,11
1403637210.988347530364990,47,2,46,0,11
1403637211.038347482681274,46,3,46,0,11
1403637211.088346958160400,49,3,46,3,11
1403637211.138348102569580,49,3,48,0,11
1403637211.188348054885864,49,10,48,0,11
1403637211.238348007202148,48,2,48,0,11
1403637211.288348913192749,48,4,46,0,11
1403637211.338348865509033,47,7,45,0,11
1403637211.388348340988159,46,2,43,1,11
1403637211.438350439071655,48,2,42,3,11
1403637211.488350868225098,47,4,43,1,11
1403637211.538353443145752,44,1,39,2,11
1403637211.588354349136353,40,1,38,1,11
1403637211.638354778289795,40,4,35,1,11
1403637211.688355922698975,40,1,33,1,11
1403637211.738355875015259,36,0,33,0,11
1403637211.788357734680176,41,1,32,8,11
1403637211.838357448577881,47,6,39,7,11
1403637211.888356685638428,45,0,43,0,11
1403637211.938355922698975,43,3,42,0,11
1403637211.988355398178101,42,1,39,0,11
1403637212.038354873657227,43,3,38,1,11
1403637212.088355779647827,42,3,37,3,11
1403637212.138354301452637,45,4,35,7,11
1403637212.188353776931763,41,2,38,0,11
1403637212.238354206085205,38,2,34,0,11
1403637212.288354396820068,36,0,33,1,11
1403637212.338353872299194,34,1,33,0,11
1403637212.388354301452637,34,2,30,2,11
1403637212.438354015350342,30,1,27,1,11
1403637212.488353967666626,34,0,27,6,11
1403637212.538352966308594,32,0,31,1,11
1403637212.588351488113403,35,2,31,3,11
1403637212.638350963592529,33,1,29,0,11
1403637212.688349962234497,33,2,27,1,11
1403637212.738350868225098,40,0,27,10,11
1403637212.788351535797119,36,2,35,0,11
1403637212.838350772857666,33,0,32,0,11
1403637212.888350486755371,30,2,29,1,11
1403637212.938350200653076,33,1,27,3,11
1403637212.988349914550781,34,1,29,2,11
1403637213.038349866867065,32,4,31,1,11
1403637213.088349580764771,31,0,29,1,11
1403637213.138349056243896,31,0,30,0,11
1403637213.188349485397339,31,3,27,2,11
1403637213.238349914550781,31,0,27,0,11
1403637213.288350105285645,30,5,26,2,11
1403637213.338350057601929,29,2,24,4,11
1403637213.388350009918213,30,0,27,2,11
1403637213.438350439071655,33,2,26,6,11
1403637213.488350629806519,37,2,32,4,11
1403637213.538350820541382,36,4,35,1,11
1403637213.588350057601929,38,2,34,3,11
1403637213.638348817825317,37,3,33,2,11
1403637213.688347816467285,36,3,34,0,11
1403637213.738347053527832,35,4,34,1,11
1403637213.788346529006958,32,1,30,0,11
1403637213.838345527648926,28,1,26,0,11
1403637213.888345956802368,31,2,26,4,11
1403637213.938346147537231,30,3,30,0,11
1403637213.988347291946411,33,3,27,4,11
1403637214.038347959518433,35,3,32,2,11
1403637214.088347673416138,33,3,32,0,11
1403637214.138348340988159,32,2,32,0,11
1403637214.188348293304443,33,1,32,1,11
1403637214.238348007202148,34,0,31,2,11
1403637214.288347721099854,33,0,31,0,11
1403637214.338347196578979,36,2,30,4,11
1403637214.388345956802368,36,6,32,2,11
1403637214.438345432281494,32,2,27,4,11
1403637214.488346099853516,35,2,27,4,11
1403637214.538348197937012,37,0,29,5,11
1403637214.588347911834717,35,1,30,2,11
1403637214.638348579406738,35,3,32,0,11
1403637214.688348770141602,30,0,30,0,11
1403637214.738348245620728,30,1,30,0,11
1403637214.788348436355591,38,1,28,9,11
1403637214.838348388671875,39,1,36,3,11
1403637214.888348340988159,38,2,35,2,11
1403637214.938347578048706,40,0,37,2,11
1403637214.988346338272095,46,1,38,7,11
1403637215.038345336914062,47,1,42,2,11
1403637215.088344812393188,48,0,42,2,11
1403637215.138342857360840,48,17,43,2,11
1403637215.188342809677124,47,1,45,1,11
1403637215.238343715667725,45,0,45,0,11
1403637215.288344860076904,46,0,44,1,11
1403637215.338345766067505,46,0,43,1,11
1403637215.388346672058105,45,3,43,0,11
1403637215.438346385955811,42,1,39,0,11
1403637215.488345146179199,41,2,37,1,11
1403637215.538344860076904,43,2,37,4,11
1403637215.588344812393188,42,1,38,0,11
1403637215.638344049453735,39,2,38,0,11
1403637215.688344478607178,37,1,37,0,11
1403637215.738348007202148,47,4,34,11,11
1403637215.788350582122803,45,15,42,2,11
1403637215.838351249694824,42,1,42,0,11
1403637215.888351440429688,42,0,41,1,11
1403637215.938351392745972,42,2,39,0,11
1403637215.988350629806519,39,1,36,0,11
1403637216.038349390029907,36,1,36,0,11
1403637216.088347434997559,34,3,33,1,11
1403637216.138347148895264,32,0,29,2,11
1403637216.188345432281494,43,1,29,12,11
1403637216.238345384597778,41,1,37,0,11
1403637216.288347244262695,41,0,36,1,11
1403637216.338346242904663,36,0,32,0,11
1403637216.388344764709473,42,3,30,9,11
1403637216.438343048095703,47,16,38,8,11
1403637216.488343000411987,47,0,45,0,11
1403637216.538343191146851,45,1,44,0,11
1403637216.588343381881714,44,3,43,0,11
1403637216.638343572616577,44,0,41,2,11
1403637216.688344001770020,43,1,42,0,11
1403637216.738344430923462,48,8,42,5,11
1403637216.788344621658325,48,0,47,1,11
1403637216.838344812393188,49,0,48,1,11
1403637216.888344764709473,49,31,49,0,11
1403637216.938345432281494,49,2,48,0,11
1403637216.988346815109253,50,1,48,1,11
1403637217.038347721099854,49,14,48,0,11
1403637217.088347673416138,49,1,46,0,11
1403637217.138347625732422,48,0,45,0,11
1403637217.188346147537231,47,0,44,1,11
1403637217.238346099853516,47,0,45,1,11
1403637217.288345575332642,47,0,46,1,11
1403637217.338346004486084,50,5,47,3,11
1403637217.388345718383789,50,1,50,0,11
1403637217.438345670700073,49,0,49,0,11
1403637217.488347053527832,49,24,48,0,11
1403637217.538346767425537,49,1,47,0,11
1403637217.588345766067505,49,0,47,1,11
1403637217.638343811035156,48,12,48,0,11
1403637217.688342094421387,47,0,47,0,11
1403637217.738340616226196,48,1,46,1,11
1403637217.788339138031006,48,0,46,0,11
1403637217.838336944580078,48,0,45,1,11
1403637217.888334751129150,47,0,44,1,11
1403637217.938333511352539,48,3,44,3,11
1403637217.988332271575928,47,0,46,1,11
1403637218.038331747055054,45,2,45,0,11
1403637218.088330507278442,49,20,44,4,11
1403637218.138329744338989,49,3,48,0,11
1403637218.188328504562378,48,1,47,1,11
1403637218.238328695297241,49,10,48,1,11
1403637218.288328409194946,48,2,47,0,11
1403637218.338328361511230,48,2,45,0,11
1403637218.388328552246094,47,3,45,0,11
1403637218.438328027725220,45,1,43,1,11
1403637218.488327980041504,46,1,43,1,11
1403637218.538327932357788,47,0,44,2,11
1403637218.588326454162598,48,25,45,3,11
1403637218.638325929641724,48,0,46,0,11
1403637218.688325405120850,50,12,46,2,11
1403637218.738324642181396,48,1,48,0,11
1403637218.788324832916260,47,0,47,0,11
1403637218.838325262069702,49,7,45,2,11
1403637218.888325691223145,49,0,47,0,11
1403637218.938325881958008,47,0,46,0,11
1403637218.988326787948608,48,1,44,2,11
1403637219.038326978683472,49,0,46,2,11
1403637219.088327646255493,47,2,46,0,11
1403637219.138329267501831,47,2,43,0,11
1403637219.188331365585327,49,8,42,3,11
1403637219.238331556320190,46,0,45,0,11
1403637219.288332700729370,47,3,43,3,11
1403637219.338333606719971,47,2,43,1,11
1403637219.388333559036255,46,3,42,0,11
1403637219.438331842422485,48,1,42,4,11
1403637219.488327980041504,46,2,44,0,11
1403637219.538324832916260,46,0,42,0,11
1403637219.588321924209595,44,1,41,0,11
1403637219.638322114944458,44,3,40,2,11
1403637219.688326120376587,46,13,42,3,11
1403637219.738327026367188,45,0,44,0,11
1403637219.788326978683472,48,2,40,4,11
1403637219.838332891464233,48,0,44,1,11
1403637219.888335466384888,47,2,43,2,11
1403637219.938335895538330,47,0,44,0,11
1403637219.988340377807617,46,0,44,1,11
1403637220.038342952728271,45,0,44,0,11
1403637220.088343858718872,47,0,43,2,11
1403637220.138343572616577,46,0,45,0,11
1403637220.188343524932861,46,0,45,1,11
1403637220.238343477249146,46,0,46,0,11
1403637220.288346052169800,47,17,43,3,11
1403637220.338345766067505,48,0,43,1,11
1403637220.388345718383789,47,3,42,1,11
1403637220.438345909118652,45,1,42,1,11
1403637220.488345861434937,47,0,43,3,11
1403637220.538346290588379,46,0,46,0,11
1403637220.588346481323242,47,0,45,1,11
1403637220.638346672058105,46,0,45,0,11
1403637220.688346624374390,45,2,44,0,11
1403637220.738339424133301,49,34,43,5,11
1403637220.788340091705322,49,12,46,0,11
1403637220.838340282440186,47,0,45,0,11
1403637220.888339519500732,48,11,45,3,11
1403637220.938339710235596,48,0,48,0,11
1403637220.988339900970459,48,2,46,0,11
1403637221.038340568542480,47,0,46,0,11
1403637221.088341474533081,46,1,46,0,11
1403637221.138342142105103,45,0,45,0,11
1403637221.188343286514282,45,1,44,0,11
1403637221.238343954086304,45,1,44,0,11
1403637221.288344621658325,44,2,43,0,11
1403637221.338344573974609,48,19,43,5,11
1403637221.388343095779419,48,11,47,0,11
1403637221.438343763351440,47,0,45,0,11
1403637221.488342046737671,48,8,45,2,11
1403637221.538343667984009,47,0,46,0,11
1403637221.588341712951660,47,1,46,0,11
1403637221.638342142105103,46,0,45,0,11
1403637221.688342332839966,47,0,45,1,11
1403637221.738342285156250,46,2,45,1,11
1403637221.788342237472534,46,0,46,0,11
1403637221.838342189788818,46,0,46,0,11
1403637221.888341665267944,47,0,43,1,11
1403637221.938341856002808,49,12,43,2,11
1403637221.988342046737671,47,9,43,1,11
1403637222.038342237472534,46,0,43,0,11
1403637222.088341951370239,46,4,42,3,11
1403637222.138341188430786,45,0,44,0,11
1403637222.188339710235596,44,0,44,0,11
1403637222.238337278366089,45,0,44,1,11
1403637222.288336515426636,44,0,44,0,11
1403637222.338333845138550,45,1,43,1,11
1403637222.388332366943359,44,0,43,0,11
1403637222.438331604003906,43,0,41,0,11
1403637222.488332748413086,43,0,40,0,11
1403637222.538333415985107,48,5,40,7,11
1403637222.588335275650024,47,11,47,0,11
1403637222.638338327407837,48,0,47,1,11
1403637222.688338994979858,48,1,47,0,11
1403637222.738342285156250,48,0,47,0,11
1403637222.788346052169800,47,0,47,0,11
1403637222.838347434997559,47,0,47,0,11
1403637222.888349771499634,47,0,47,0,11
1403637222.938352108001709,48,0,46,1,11
1403637222.988352298736572,48,0,47,0,11
1403637223.038352012634277,46,0,46,0,11
1403637223.088351726531982,45,0,45,0,11
1403637223.138351202011108,45,0,45,0,11
1403637223.188350677490234,45,0,45,0,11
1403637223.238350629806519,45,0,45,0,11
1403637223.288350820541382,45,0,45,0,11
1403637223.338351249694824,45,0,45,0,11
1403637223.388351917266846,46,0,45,1,11
1403637223.438352108001709,44,1,44,0,11
1403637223.488352298736572,44,0,44,0,11
1403637223.538352727890015,44,0,44,0,11
1403637223.588351249694824,47,12,44,3,11
1403637223.638350248336792,47,9,47,0,11
1403637223.688351392745972,47,1,46,0,11
1403637223.738352060317993,47,1,46,0,11
1403637223.788353204727173,46,4,46,0,11
1403637223.838353633880615,46,1,46,0,11
1403637223.888354063034058,46,0,46,0,11
1403637223.938354253768921,46,0,46,0,11
1403637223.988354444503784,46,0,46,0,11
1403637224.038354873657227,46,0,46,0,11
1403637224.088355064392090,46,0,46,0,11
1403637224.138355255126953,46,0,46,0,11
1403637224.188355445861816,46,13,46,0,11
1403637224.238355636596680,47,3,46,1,11
1403637224.288356065750122,47,0,47,0,11
1403637224.338356018066406,47,0,47,0,11
1403637224.388355970382690,47,0,47,0,11
1403637224.438356161117554,47,0,47,0,11
1403637224.488356113433838,47,0,47,0,11
1403637224.538356304168701,47,0,47,0,11
1403637224.588356256484985,47,0,47,0,11
1403637224.638355731964111,47,0,47,0,11
1403637224.688355445861816,47,0,47,0,11
1403637224.738354682922363,47,0,47,0,11
1403637224.788353919982910,47,12,47,0,11
1403637224.838354587554932,47,1,47,0,11
1403637224.888354539871216,47,0,47,0,11
1403637224.938354730606079,47,0,47,0,11
1403637224.988354444503784,47,0,47,0,11
1403637225.038354635238647,47,0,47,0,11
1403637225.088354825973511,47,0,47,0,11
1403637225.138355016708374,47,0,47,0,11
1403637225.188354969024658,47,0,47,0,11
1403637225.238355398178101,47,0,47,0,11
1403637225.288356065750122,47,0,47,0,11
1403637225.338355779647827,47,0,47,0,11
1403637225.388354778289795,47,11,47,0,11
1403637225.438354492187500,47,3,47,0,11
1403637225.488354206085205,46,0,46,0,11
1403637225.538354396820068,46,0,46,0,11
1403637225.588354587554932,46,0,46,0,11
1403637225.638354539871216,45,0,45,0,11
1403637225.688354492187500,45,0,45,0,11
1403637225.738354444503784,45,0,45,0,11
1403637225.788354396820068,44,0,44,0,11
1403637225.838353872299194,44,0,44,0,11
1403637225.888352632522583,44,0,44,0,11
1403637225.938350677490234,44,0,44,0,11
1403637225.988346338272095,44,13,44,0,11
1403637226.038345575332642,46,1,44,2,11
1403637226.088345050811768,46,0,45,0,11
1403637226.138345241546631,46,0,44,0,11
1403637226.188344478607178,45,3,43,0,11
1403637226.238348245620728,43,0,40,0,11
1403637226.288352251052856,42,0,39,0,11
1403637226.338358163833618,40,0,39,0,11
1403637226.388360500335693,40,0,38,1,11
1403637226.438361883163452,40,0,38,0,11
1403637226.488363504409790,39,0,38,0,11
1403637226.538364648818970,39,0,36,1,11
1403637226.588368892669678,42,13,37,3,11
1403637226.638368368148804,41,0,40,1,11
1403637226.688368082046509,41,0,39,0,11
1403637226.738367319107056,41,3,38,0,11
1403637226.788367509841919,42,1,38,3,11
1403637226.838367938995361,42,0,40,1,11
1403637226.888368606567383,42,0,41,0,11
1403637226.938369035720825,41,0,40,0,11
1403637226.988369703292847,41,0,40,0,11
1403637227.038370132446289,41,0,40,1,11
1403637227.088370561599731,42,0,40,1,11
1403637227.138370752334595,42,0,41,0,11
1403637227.188371419906616,41,16,41,0,11
1403637227.238371372222900,42,0,41,1,11
1403637227.288371086120605,42,0,42,0,11
1403637227.338370800018311,42,0,41,0,11
1403637227.388370275497437,43,1,40,1,11
1403637227.438369512557983,44,0,41,2,11
1403637227.488368988037109,43,0,43,0,11
1403637227.538368225097656,43,0,42,0,11
1403637227.588368415832520,43,0,41,0,11
1403637227.638368129730225,42,0,41,0,11
1403637227.688368320465088,41,0,41,0,11
1403637227.738367557525635,41,0,41,0,11
1403637227.788367033004761,42,12,41,1,11
1403637227.838367462158203,42,0,42,0,11
1403637227.888368129730225,42,0,42,0,11
1403637227.938368082046509,42,0,42,0,11
1403637227.988368988037109,43,0,42,1,11
1403637228.038368701934814,43,0,42,0,11
1403637228.088368654251099,43,0,42,0,11
1403637228.138368606567383,43,0,41,1,11
1403637228.188367366790771,43,0,42,0,11
1403637228.238367319107056,43,0,40,1,11
1403637228.288367033004761,44,0,41,1,11
1403637228.338366985321045,42,0,42,0,11
1403637228.388366222381592,41,9,41,0,11
1403637228.438365936279297,41,0,41,0,11
1403637228.488365888595581,41,0,41,0,11
1403637228.538366317749023,41,0,41,0,11
1403637228.588365793228149,41,0,41,0,11
1403637228.638365745544434,41,0,41,0,11
1403637228.688365697860718,41,0,41,0,11
1403637228.738365888595581,41,0,41,0,11
1403637228.788366317749023,40,0,40,0,11
1403637228.838366031646729,40,0,40,0,11
1403637228.888365983963013,40,0,40,0,11
1403637228.938365936279297,40,0,40,0,11
1403637228.988366365432739,42,11,39,2,11
1403637229.038366556167603,42,0,41,0,11
1403637229.088366985321045,42,0,41,1,11
1403637229.138366937637329,42,0,41,0,11
1403637229.188366889953613,42,0,41,0,11
1403637229.238366842269897,41,0,39,0,11
1403637229.288366794586182,42,0,39,1,11
1403637229.338366746902466,41,0,40,0,11
1403637229.388366937637329,40,0,38,1,11
1403637229.438366651535034,41,0,38,1,11
1403637229.488366603851318,41,0,39,1,11
1403637229.538367033004761,41,0,39,1,11
1403637229.588368177413940,42,6,37,1,11
1403637229.638368129730225,43,0,36,2,11
1403637229.688367843627930,40,0,37,1,11
1403637229.738367557525635,40,0,38,2,11
1403637229.788367033004761,41,0,38,1,11
1403637229.838366508483887,42,0,35,1,11
1403637229.888365507125854,41,3,35,2,11
1403637229.938365221023560,38,0,36,1,11
1403637229.988365173339844,35,0,34,0,11
1403637230.038365602493286,35,0,34,0,11
1403637230.088366270065308,35,1,33,1,11
1403637230.138366699218750,34,0,31,0,11
1403637230.188369989395142,36,0,31,4,11
1403637230.238371849060059,35,0,34,0,11
1403637230.288374900817871,35,0,34,0,11
1403637230.338377475738525,34,0,32,1,11
1403637230.388380527496338,33,0,33,0,11
1403637230.438384056091309,33,0,33,0,11
1403637230.488387346267700,33,1,33,0,11
1403637230.538389444351196,33,0,33,0,11
1403637230.588390111923218,33,1,33,0,11
1403637230.638390064239502,33,2,33,0,11
1403637230.688389539718628,33,1,33,0,11
1403637230.738389253616333,33,0,33,0,11
1403637230.788389682769775,33,0,32,0,11
1403637230.838389396667480,33,0,32,0,11
1403637230.888392686843872,30,5,29,1,11
1403637230.938391923904419,30,0,29,0,11
1403637230.988390922546387,28,0,27,0,11
1403637231.038390636444092,24,0,24,0,11
1403637231.088391304016113,21,0,21,0,11
1403637231.138391971588135,19,0,19,0,11
1403637231.188393592834473,16,0,16,0,11
1403637231.238395452499390,14,0,14,0,11
1403637231.288396835327148,13,0,13,0,11
1403637231.338397026062012,3,0,2,0,11
1403637231.388397455215454,2,0,0,1,11
1403637231.438397407531738,1,0,0,0,11
1403637231.488396644592285,7,0,0,7,11
1403637231.538396596908569,7,0,7,0,11
1403637231.588396549224854,7,2,7,0,11
1403637231.638396501541138,7,0,7,0,11
1403637231.688396453857422,6,0,6,0,11
1403637231.738396406173706,6,0,6,0,11
1403637231.788396596908569,6,0,6,0,11
1403637231.838397741317749,26,1,6,20,11
1403637231.888397455215454,26,0,26,0,11
1403637231.938397169113159,26,5,26,0,11
1403637231.988395929336548,29,4,26,3,11
1403637232.038395166397095,28,0,26,2,11
1403637232.088392019271851,39,0,27,11,11
1403637232.138391256332397,43,0,36,5,11
1403637232.188390970230103,41,0,38,1,11
1403637232.238393306732178,44,0,38,6,11
1403637232.288395404815674,42,0,42,0,11
1403637232.338397026062012,37,0,37,0,11
1403637232.388398170471191,35,0,35,0,11
1403637232.438399553298950,35,1,32,3,11
1403637232.488400697708130,32,1,30,1,11
1403637232.538401365280151,31,0,30,0,11
1403637232.588401794433594,30,1,30,0,11
1403637232.638402223587036,32,0,29,3,11
1403637232.688402414321899,31,0,30,1,11
1403637232.738402605056763,38,0,31,7,11
1403637232.788403034210205,38,1,37,0,11
1403637232.838401794433594,45,1,37,7,11
1403637232.888401746749878,42,0,40,0,11
1403637232.938402175903320,46,5,37,7,11
1403637232.988402605056763,45,0,44,0,11
1403637233.038403034210205,47,0,41,5,11
1403637233.088402032852173,50,15,46,3,11
1403637233.138402223587036,49,0,49,0,11
1403637233.188402175903320,50,0,48,1,11
1403637233.238402366638184,50,1,49,0,11
1403637233.288402318954468,48,3,48,0,11
1403637233.338402271270752,49,1,48,1,11
1403637233.388404369354248,49,9,48,1,11
1403637233.438405275344849,50,4,48,1,11
1403637233.488406181335449,48,2,47,0,11
1403637233.538405656814575,48,8,46,1,11
1403637233.588404178619385,42,2,40,0,11
1403637233.638402700424194,37,1,35,0,11
1403637233.688396453857422,48,3,35,13,11
1403637233.738394260406494,46,2,42,1,11
1403637233.788397312164307,44,1,41,0,11
1403637233.838399171829224,43,3,41,1,11
1403637233.888401746749878,43,3,41,2,11
1403637233.938404560089111,42,1,42,0,11
1403637233.988409280776978,47,2,39,5,11
1403637234.038410663604736,46,2,42,2,11
1403637234.088410854339600,44,4,43,0,11
1403637234.138412237167358,48,2,43,5,11
1403637234.188416242599487,50,13,48,2,11
1403637234.238415718078613,50,0,50,0,11
1403637234.288416385650635,48,3,46,0,11
1403637234.338415622711182,46,1,44,0,11
1403637234.388415336608887,41,1,40,0,11
1403637234.438416242599487,47,13,40,7,11
1403637234.488415002822876,50,2,46,3,11
1403637234.538414716720581,49,1,46,0,11
1403637234.588414430618286,47,3,43,1,11
1403637234.638414621353149,44,0,40,1,11
1403637234.688414573669434,43,3,39,0,11
1403637234.738414287567139,43,1,38,3,11
1403637234.788414001464844,44,2,40,3,11
1403637234.838414907455444,45,1,40,4,11
1403637234.888414859771729,44,4,40,0,11
1403637234.938414096832275,44,1,36,5,11
1403637234.988414287567139,40,3,38,0,11
1403637235.038413763046265,47,1,37,8,11
1403637235.088413000106812,45,2,41,2,11
1403637235.138411998748779,45,0,39,4,11
1403637235.188410043716431,43,1,39,1,11
1403637235.238409519195557,42,0,36,0,11
1403637235.288408517837524,42,3,35,2,11
1403637235.338406562805176,42,0,35,4,11
1403637235.388408422470093,44,1,36,3,11
1403637235.438409566879272,42,1,37,1,11
1403637235.488410949707031,45,3,38,6,11
1403637235.538411855697632,45,0,43,1,11
1403637235.588413953781128,50,7,42,5,11
1403637235.638417243957520,49,1,45,1,11
1403637235.688422918319702,48,5,45,1,11
1403637235.738428354263306,47,2,46,0,11
1403637235.788437843322754,48,12,42,3,11
1403637235.838443756103516,45,2,41,1,11
1403637235.888445615768433,43,0,39,1,11
1403637235.938445329666138,41,1,35,2,11
1403637235.988443851470947,37,2,31,1,11
1403637236.038441181182861,44,4,29,11,11
1403637236.088440656661987,42,1,39,1,11
1403637236.138439893722534,39,2,37,1,11
1403637236.188438653945923,41,2,35,5,11
1403637236.238438606262207,37,1,33,0,11
1403637236.288437604904175,35,0,27,4,11
1403637236.338438034057617,30,3,29,0,11
1403637236.388437032699585,35,1,27,7,11
1403637236.438436508178711,39,2,29,7,11
1403637236.488435268402100,35,3,32,0,11
1403637236.538438320159912,41,3,30,9,11
1403637236.588438749313354,39,2,37,0,11
1403637236.638440608978271,41,2,35,4,11
1403637236.688441753387451,42,3,34,3,11
1403637236.738444328308105,38,4,32,3,11
1403637236.788445234298706,38,3,30,5,11
1403637236.838445901870728,34,1,32,0,11
1403637236.888447284698486,31,3,27,1,11
1403637236.938448190689087,35,5,25,5,11
1403637236.988449335098267,27,4,26,0,11
1403637237.038449287414551,24,1,23,0,11
1403637237.088449478149414,35,4,19,13,11
1403637237.138448476791382,28,2,25,1,11
1403637237.188446998596191,25,3,23,0,11
1403637237.238445043563843,25,2,23,0,11
1403637237.288441658020020,28,2,23,5,11
1403637237.338440895080566,28,4,28,0,11
1403637237.388440370559692,38,0,27,10,11
1403637237.438440561294556,37,2,33,0,11
1403637237.488442182540894,48,2,32,13,11
1403637237.538443326950073,45,5,41,0,11
1403637237.588442802429199,44,0,39,0,11
1403637237.638441324234009,41,3,37,1,11
1403637237.688436508178711,45,3,37,7,11
1403637237.738434791564941,49,2,43,4,11
1403637237.788434267044067,48,5,46,1,11
1403637237.838437795639038,47,1,47,0,11
1403637237.888438940048218,48,0,47,1,11
1403637237.938440799713135,50,15,47,2,11
1403637237.988441467285156,49,1,48,0,11
1403637238.038442373275757,48,0,48,0,11
1403637238.088443040847778,49,1,48,1,11
1403637238.138442993164062,50,3,49,1,11
1403637238.188442707061768,49,18,49,0,11
1403637238.238442420959473,50,0,48,1,11
1403637238.288441896438599,50,4,47,0,11
1403637238.338440656661987,49,0,46,0,11
1403637238.388440132141113,47,3,42,1,11
1403637238.438439607620239,47,2,41,1,11
1403637238.488439321517944,44,1,42,0,11
1403637238.538440227508545,48,6,42,6,11
1403637238.588438749313354,48,1,48,0,11
1403637238.638432264328003,49,16,47,1,11
1403637238.688429355621338,49,0,47,0,11
1403637238.738426446914673,47,0,44,0,11
1403637238.788421154022217,48,11,44,3,11
1403637238.838416337966919,48,0,44,1,11
1403637238.888415336608887,49,1,44,1,11
1403637238.938413858413696,45,2,42,1,11
1403637238.988413810729980,45,1,41,2,11
1403637239.038415193557739,44,2,40,1,11
1403637239.088420152664185,45,1,41,2,11
1403637239.138429403305054,45,4,40,5,11
1403637239.188433647155762,46,2,45,1,11
1403637239.238440752029419,50,11,45,4,11
1403637239.288443088531494,48,1,46,0,11
1403637239.338443756103516,48,0,47,1,11
1403637239.388446569442749,47,10,45,2,11
1403637239.438451766967773,48,30,43,3,11
1403637239.488451004028320,47,1,43,0,11
1403637239.538450479507446,44,0,40,3,11
1403637239.588449716567993,40,3,40,0,11
1403637239.638448238372803,38,22,37,0,11
1403637239.688448190689087,36,7,34,1,11
1403637239.738447427749634,34,8,32,1,11
1403637239.788447618484497,28,3,27,0,11
1403637239.838447332382202,32,2,23,6,11
1403637239.888448476791382,26,6,22,0,11
1403637239.938448667526245,22,2,18,1,11
1403637239.988448381423950,22,3,18,2,11
1403637240.038448333740234,33,3,13,15,11
1403637240.088448762893677,29,1,25,0,11
1403637240.138449907302856,44,5,23,21,11
1403637240.188450574874878,38,1,37,0,11
1403637240.238453626632690,36,2,36,0,11
1403637240.288458824157715,41,5,32,9,11
1403637240.338460683822632,39,1,36,0,11
1403637240.388463735580444,39,3,34,0,11
1403637240.438465356826782,35,5,32,0,11
1403637240.488467216491699,43,4,31,10,11
1403637240.538466215133667,42,0,39,0,11
1403637240.588463068008423,40,0,38,0,11
1403637240.638459920883179,36,0,36,0,11
1403637240.688457489013672,46,4,36,10,11
1403637240.738455772399902,46,1,45,1,11
1403637240.788454532623291,46,7,46,0,11
1403637240.838453292846680,42,3,39,2,11
1403637240.888451814651489,40,4,40,0,11
1403637240.938451766967773,42,3,38,3,11
1403637240.988454580307007,44,1,41,2,11
1403637241.038457870483398,44,0,37,5,11
1403637241.088460922241211,48,4,39,5,11
1403637241.138461828231812,47,3,42,2,11
1403637241.188463449478149,42,3,41,0,11
1403637241.238465547561646,45,2,37,4,11
1403637241.288466215133667,44,2,38,0,11
1403637241.338467597961426,39,0,36,0,11
1403637241.388468027114868,39,2,34,4,11
1403637241.438468694686890,38,1,38,0,11
1403637241.488469362258911,40,2,35,3,11
1403637241.538469552993774,38,0,33,1,11
1403637241.588469266891479,41,0,29,9,11
1403637241.638469219207764,36,0,35,0,11
1403637241.688469648361206,35,2,33,0,11
1403637241.738469839096069,35,1,32,2,11
1403637241.788470268249512,42,1,34,7,11
1403637241.838472127914429,39,2,38,1,11
1403637241.888473987579346,40,3,37,3,11
1403637241.938474416732788,39,1,37,1,11
1403637241.988474607467651,37,1,36,0,11
1403637242.038474321365356,39,2,34,3,11
1403637242.088472604751587,38,0,37,0,11
1403637242.138469457626343,41,1,34,5,11
1403637242.188465595245361,43,0,37,2,11
1403637242.238464593887329,42,0,39,1,11
1403637242.288465023040771,44,0,37,4,11
1403637242.338463068008423,42,0,39,1,11
1403637242.388464689254761,46,2,40,6,11
1403637242.438464879989624,46,0,45,1,11
1403637242.488466262817383,47,3,46,1,11
1403637242.538467884063721,47,0,45,0,11
1403637242.588469743728638,47,0,45,0,11
1403637242.638470888137817,44,0,43,0,11
1403637242.688472509384155,43,0,42,0,11
1403637242.738473415374756,43,0,42,1,11
1403637242.788475513458252,44,0,42,1,11
1403637242.838479280471802,48,6,41,5,11
1403637242.888480424880981,47,0,45,1,11
1403637242.938480377197266,46,0,44,1,11
1403637242.988480091094971,46,2,45,0,11
1403637243.038480281829834,44,1,44,0,11
1403637243.088481664657593,46,4,43,2,11
1403637243.138479709625244,46,0,45,1,11
1403637243.188479661941528,46,0,45,0,11
1403637243.238479614257812,47,2,41,2,11
1403637243.288479804992676,48,1,44,2,11
1403637243.338479995727539,48,3,44,2,11
1403637243.388480186462402,48,3,44,2,11
1403637243.438480138778687,50,5,46,3,11
1403637243.488480329513550,50,1,48,1,11
1403637243.538480043411255,50,4,48,0,11
1403637243.588479995727539,49,2,46,0,11
1403637243.638479948043823,48,3,45,0,11
1403637243.688478231430054,47,14,41,1,11
1403637243.738477945327759,41,0,37,0,11
1403637243.788477897644043,39,0,36,1,11
1403637243.838477373123169,34,3,31,1,11
1403637243.888477087020874,35,2,32,1,11
1403637243.938477277755737,32,0,31,0,11
1403637243.988478183746338,40,1,30,8,11
1403637244.038478374481201,43,3,37,4,11
1403637244.088478565216064,42,0,40,0,11
1403637244.138478755950928,44,0,40,3,11
1403637244.188478946685791,44,0,43,1,11
1403637244.238479137420654,47,1,41,4,11
1403637244.288478374481201,48,12,44,1,11
1403637244.338477373123169,48,8,45,2,11
1403637244.388477325439453,47,2,46,0,11
1403637244.438477516174316,47,0,45,1,11
1403637244.488476991653442,47,1,44,1,11
1403637244.538476705551147,50,12,43,3,11
1403637244.588476896286011,49,0,44,1,11
1403637244.638476610183716,47,2,44,1,11
1403637244.688476085662842,45,4,45,0,11
1403637244.738475322723389,46,1,44,1,11
1403637244.788475275039673,45,0,42,0,11
1403637244.838475227355957,47,1,41,3,11
1403637244.888474464416504,47,10,44,2,11
1403637244.938473939895630,50,7,44,3,11
1403637244.988474369049072,46,15,45,0,11
1403637245.038472414016724,45,0,44,0,11
1403637245.088471412658691,45,0,43,0,11
1403637245.138470888137817,47,5,43,4,11
1403637245.188472270965576,48,19,43,3,11
1403637245.238472461700439,48,0,44,1,11
1403637245.288471460342407,48,1,44,2,11
1403637245.338470458984375,48,0,44,1,11
1403637245.388469696044922,48,1,42,1,11
1403637245.438469171524048,47,1,42,1,11
1403637245.488469123840332,45,8,38,3,11
1403637245.538468599319458,48,0,41,4,11
1403637245.588469505310059,45,10,41,2,11
1403637245.638469696044922,44,0,40,1,11
1403637245.688469886779785,43,3,40,0,11
1403637245.738470077514648,42,2,36,2,11
1403637245.788473129272461,44,11,29,8,11
1403637245.838472604751587,40,0,33,0,11
1403637245.888473510742188,38,3,31,2,11
1403637245.938475370407104,36,10,27,5,11
1403637245.988475561141968,35,1,30,1,11
1403637246.038476228713989,31,2,29,0,11
1403637246.088476657867432,30,4,27,3,11
1403637246.138477325439453,29,2,28,0,11
1403637246.188477516174316,33,2,25,7,11
1403637246.238477230072021,29,1,29,0,11
1403637246.288476705551147,29,2,27,0,11
1403637246.338475227355957,33,2,24,5,11
1403637246.388475179672241,34,1,30,3,11
1403637246.438475847244263,31,2,30,0,11
1403637246.488476037979126,37,0,24,9,11
1403637246.538474321365356,47,1,32,11,11
1403637246.588474988937378,41,4,32,3,11
1403637246.638475418090820,35,4,30,0,11
1403637246.688475608825684,41,2,27,10,11
1403637246.738475799560547,36,0,34,0,11
1403637246.788476467132568,32,0,31,0,11
1403637246.838476657867432,32,2,30,2,11
1403637246.888477325439453,35,1,29,5,11
1403637246.938478946685791,34,1,33,1,11
1403637246.988480567932129,32,0,32,0,11
1403637247.038482189178467,32,0,31,0,11
1403637247.088483572006226,41,0,30,10,11
1403637247.138483524322510,41,0,39,1,11
1403637247.188482761383057,41,0,40,0,11
1403637247.238480806350708,42,1,39,3,11
1403637247.288480043411255,45,0,41,4,11
1403637247.338479757308960,47,1,43,3,11
1403637247.388479471206665,50,1,46,3,11
1403637247.438478946685791,48,5,46,1,11
1403637247.488478899002075,48,2,45,1,11
1403637247.538479804992676,49,4,46,2,11
1403637247.588480234146118,49,3,47,2,11
1403637247.638481140136719,50,5,48,1,11
1403637247.688481092453003,49,0,48,0,11
1403637247.738481283187866,49,0,45,2,11
1403637247.788481235504150,49,2,46,0,11
1403637247.838481426239014,48,7,45,1,11
1403637247.888481855392456,46,1,43,1,11
1403637247.938482046127319,44,0,43,0,11
1403637247.988482475280762,47,5,40,4,11
1403637248.038481235504150,46,0,43,2,11
1403637248.088479280471802,43,0,43,0,11
1403637248.138477325439453,41,1,38,2,11
1403637248.188475847244263,44,1,39,3,11
1403637248.238475561141968,47,0,42,4,11
1403637248.288476705551147,46,2,46,0,11
1403637248.338478088378906,49,1,44,4,11
1403637248.388479709625244,49,0,48,0,11
1403637248.438480854034424,49,6,48,1,11
1403637248.488482952117920,48,8,47,1,11
1403637248.538485527038574,48,1,48,0,11
1403637248.588486433029175,49,3,47,2,11
1403637248.638485193252563,49,1,49,0,11
1403637248.688482761383057,50,0,49,1,11
1403637248.738481521606445,50,6,50,0,11
1403637248.788481473922729,50,0,49,0,11
1403637248.838479757308960,50,12,49,0,11
1403637248.888479471206665,46,13,45,0,11
1403637248.938479423522949,47,0,44,1,11
1403637248.988479852676392,46,0,45,0,11
1403637249.038479804992676,48,1,44,4,11
1403637249.088479995727539,50,5,48,2,11
1403637249.138479948043823,50,0,49,0,11
1403637249.188479900360107,50,2,49,0,11
1403637249.238480091094971,50,1,49,1,11
1403637249.288480043411255,50,0,49,0,11
1403637249.338479757308960,50,25,49,0,11
1403637249.388478994369507,49,0,49,0,11
1403637249.438478946685791,50,7,49,1,11
1403637249.488478660583496,50,9,50,0,11
1403637249.538478612899780,49,0,49,0,11
1403637249.588478326797485,49,0,48,0,11
1403637249.638478279113770,49,3,47,1,11
1403637249.688477993011475,49,5,48,1,11
1403637249.738477230072021,49,3,49,0,11
1403637249.788476943969727,50,1,49,1,11
1403637249.838477134704590,50,1,50,0,11
1403637249.888478040695190,49,1,48,0,11
1403637249.938478231430054,50,13,48,1,11
1403637249.988479852676392,47,1,47,0,11
1403637250.038481950759888,49,4,44,3,11
1403637250.088483572006226,49,10,46,1,11
1403637250.138485431671143,45,20,43,1,11
1403637250.188484668731689,43,0,42,0,11
1403637250.238484382629395,41,0,39,1,11
1403637250.288484573364258,42,2,37,3,11
1403637250.338484048843384,39,0,37,0,11
1403637250.388483762741089,37,2,36,0,11
1403637250.438483476638794,34,1,33,0,11
1403637250.488483190536499,31,0,31,0,11
1403637250.538483142852783,37,0,29,8,11
1403637250.588483095169067,37,3,34,1,11
1403637250.638482570648193,36,0,33,1,11
1403637250.688482284545898,41,1,33,7,11
1403637250.738480567932129,48,32,39,9,11
1403637250.788480281829834,48,1,47,0,11
1403637250.838479995727539,47,0,44,1,11
1403637250.888480186462402,44,1,43,0,11
1403637250.938479900360107,43,0,43,0,11
1403637250.988479852676392,42,0,42,0,11
1403637251.038480281829834,42,0,41,0,11
1403637251.088480234146118,41,0,40,0,11
1403637251.138479471206665,40,0,40,0,11
1403637251.188480377197266,50,32,40,10,11
1403637251.238480091094971,47,0,47,0,11
1403637251.288479804992676,47,1,46,0,11
1403637251.338478326797485,50,27,43,3,11
1403637251.388476848602295,47,0,44,0,11
1403637251.438476562500000,44,0,43,0,11
1403637251.488476991653442,41,0,39,0,11
1403637251.538477897644043,40,0,38,1,11
1403637251.588478565216064,39,0,39,0,11
1403637251.638479948043823,39,0,39,0,11
1403637251.688480854034424,38,1,38,0,11
1403637251.738481760025024,37,0,36,0,11
1403637251.788483858108521,43,9,34,8,11
1403637251.838483095169067,42,0,41,0,11
1403637251.888482809066772,41,1,41,0,11
1403637251.938482284545898,48,10,41,7,11
1403637251.988481760025024,48,0,48,0,11
1403637252.038482189178467,48,0,48,0,11
1403637252.088482379913330,48,0,48,0,11
1403637252.138482809066772,47,1,46,1,11
1403637252.188483476638794,48,0,47,1,11
1403637252.238484144210815,48,0,47,0,11
1403637252.288485765457153,47,1,46,0,11
1403637252.338485956192017,46,0,45,0,11
1403637252.388486385345459,45,1,44,0,11
1403637252.438486576080322,46,0,44,2,11
1403637252.488486528396606,45,0,45,0,11
1403637252.538486719131470,48,2,45,3,11
1403637252.588486433029175,47,0,47,0,11
1403637252.638486146926880,50,12,46,3,11
1403637252.688486099243164,49,0,48,0,11
1403637252.738486051559448,48,0,48,0,11
1403637252.788485288619995,48,0,48,0,11
1403637252.838484525680542,48,0,48,0,11
1403637252.888484477996826,48,0,47,0,11
1403637252.938484191894531,49,0,47,1,11
1403637252.988484144210815,48,0,48,0,11
1403637253.038484573364258,48,0,48,0,11
1403637253.088484764099121,48,0,48,0,11
1403637253.138484716415405,48,0,48,0,11
1403637253.188484668731689,48,0,48,0,11
1403637253.238484144210815,48,7,48,0,11
1403637253.288484096527100,48,0,48,0,11
1403637253.338483572006226,48,0,48,0,11
1403637253.388483524322510,48,0,48,0,11
1403637253.438483238220215,48,0,48,0,11
1403637253.488483190536499,48,0,48,0,11
1403637253.538483142852783,48,0,48,0,11
1403637253.588483333587646,48,0,48,0,11
1403637253.638483047485352,48,0,47,0,11
1403637253.688482999801636,48,0,47,0,11
1403637253.738482952117920,47,0,46,0,11
1403637253.788482904434204,47,0,46,0,11
1403637253.838482856750488,46,6,46,0,11
1403637253.888483047485352,46,0,46,0,11
1403637253.938482761383057,46,0,46,0,11
1403637253.988482713699341,46,0,46,0,11
1403637254.038482904434204,46,0,46,0,11
1403637254.088482856750488,46,0,46,0,11
1403637254.138482809066772,46,0,46,0,11
1403637254.188483238220215,45,0,45,0,11
1403637254.238483428955078,45,0,45,0,11
1403637254.288483858108521,45,0,45,0,11
1403637254.338484048843384,45,0,45,0,11
1403637254.388484001159668,45,0,45,0,11
1403637254.438483953475952,45,7,45,0,11
1403637254.488484382629395,45,0,45,0,11
1403637254.538484334945679,45,0,45,0,11
1403637254.588484525680542,45,0,45,0,11
1403637254.638484239578247,45,0,45,0,11
1403637254.688484430313110,45,0,45,0,11
1403637254.738484382629395,45,0,45,0,11
1403637254.788483858108521,44,1,44,0,11
1403637254.838484048843384,44,0,43,0,11
1403637254.888484001159668,44,0,43,0,11
1403637254.938483953475952,43,0,43,0,11
1403637254.988483905792236,43,0,41,0,11
1403637255.038485050201416,43,8,42,0,11
1403637255.088484764099121,42,0,40,0,11
1403637255.138484716415405,42,0,40,1,11
1403637255.188484907150269,41,0,41,0,11
1403637255.238484382629395,41,0,41,0,11
1403637255.288484573364258,38,0,38,0,11
1403637255.338484525680542,38,0,38,0,11
1403637255.388484477996826,38,0,38,0,11
1403637255.438484430313110,38,0,38,0,11
1403637255.488484382629395,38,0,38,0,11
1403637255.538484334945679,38,0,37,1,11
1403637255.588484525680542,36,0,36,0,11
1403637255.638484239578247,43,1,35,7,11
1403637255.688483953475952,44,0,42,1,11
1403637255.738483667373657,42,0,41,1,11
1403637255.788483619689941,41,0,41,0,11
1403637255.838483333587646,40,0,39,0,11
1403637255.888483047485352,40,0,40,0,11
1403637255.938482761383057,40,0,39,0,11
1403637255.988482236862183,40,0,39,1,11
1403637256.038482666015625,40,0,39,0,11
1403637256.088482379913330,40,0,39,0,11
1403637256.138482332229614,39,0,39,0,11
1403637256.188482046127319,39,0,39,0,11
1403637256.238481760025024,46,0,39,7,11
1403637256.288482189178467,49,24,44,4,11
1403637256.338482379913330,49,0,48,0,11
1403637256.388482332229614,48,0,48,0,11
1403637256.438482522964478,47,0,46,0,11
1403637256.488482713699341,47,0,46,0,11
1403637256.538484096527100,46,0,46,0,11
1403637256.588485479354858,46,0,45,0,11
1403637256.638488054275513,46,0,45,0,11
1403637256.688490629196167,46,0,44,0,11
1403637256.738491773605347,44,2,43,0,11
1403637256.788492441177368,44,0,43,0,11
1403637256.838492870330811,43,0,43,0,11
1403637256.888495206832886,50,15,42,7,11
1403637256.938495874404907,50,0,49,0,11
1403637256.988497018814087,49,2,48,0,11
1403637257.038498163223267,49,0,47,0,11
1403637257.088498592376709,48,0,45,0,11
1403637257.138498306274414,47,0,45,0,11
1403637257.188499212265015,45,1,45,0,11
1403637257.238498687744141,46,1,45,1,11
1403637257.288497924804688,46,0,45,0,11
1403637257.338497638702393,46,2,45,0,11
1403637257.388497352600098,45,0,45,0,11
1403637257.438496828079224,44,0,42,0,11
1403637257.488496303558350,49,1,42,5,11
1403637257.538496255874634,47,0,46,0,11
1403637257.588495731353760,48,0,46,1,11
1403637257.638495206832886,47,0,47,0,11
1403637257.688494682312012,48,1,47,1,11
1403637257.738494634628296,48,0,48,0,11
1403637257.788494586944580,48,2,48,0,11
1403637257.838494300842285,48,0,46,0,11
1403637257.888494253158569,47,0,44,0,11
1403637257.938493967056274,46,3,41,0,11
1403637257.988493680953979,46,13,40,3,11
1403637258.038493633270264,44,0,44,0,11
1403637258.088493585586548,41,0,38,0,11
1403637258.138494014739990,40,0,35,2,11
1403637258.188493490219116,37,0,35,0,11
1403637258.238492727279663,37,2,34,1,11
1403637258.288492679595947,35,0,31,1,11
1403637258.338493347167969,35,3,30,2,11
1403637258.388493537902832,34,0,30,2,11
1403637258.438493490219116,33,1,32,0,11
1403637258.488493680953979,31,1,31,0,11
1403637258.538494586944580,33,1,30,2,11
1403637258.588494777679443,42,0,28,10,11
1403637258.638494729995728,47,9,36,7,11
1403637258.688494205474854,43,4,41,1,11
1403637258.738493680953979,41,8,41,0,11
1403637258.788493633270264,38,4,38,0,11
1403637258.838493108749390,47,1,36,10,11
1403637258.888493061065674,47,2,45,0,11
1403637258.938492536544800,46,0,43,1,11
1403637258.988492250442505,46,0,44,1,11
1403637259.038492918014526,50,8,42,5,11
1403637259.088492870330811,50,5,47,0,11
1403637259.138492584228516,48,1,47,1,11
1403637259.188492298126221,48,1,48,0,11
1403637259.238492727279663,48,11,45,1,11
1403637259.288492679595947,49,0,46,1,11
1403637259.338491678237915,49,8,47,2,11
1403637259.388491392135620,49,0,48,0,11
1403637259.438491344451904,49,0,48,0,11
1403637259.488491296768188,49,0,48,1,11
1403637259.538491249084473,49,0,49,0,11
1403637259.588490724563599,50,3,48,1,11
1403637259.638490676879883,50,5,48,0,11
1403637259.688490390777588,49,4,48,0,11
1403637259.738489866256714,47,1,47,0,11
1403637259.788489818572998,47,0,47,0,11
1403637259.838490009307861,48,2,47,1,11
1403637259.888490200042725,49,0,48,1,11
1403637259.938490867614746,50,6,49,1,11
1403637259.988490819931030,50,0,49,0,11
1403637260.038491010665894,50,1,48,0,11
1403637260.088490724563599,49,0,47,0,11
1403637260.138490200042725,48,0,46,1,11
1403637260.188489675521851,47,6,47,0,11
1403637260.238489151000977,47,3,46,1,11
1403637260.288489341735840,47,2,47,0,11
1403637260.338489055633545,49,0,47,2,11
1403637260.388489246368408,47,0,47,0,11
1403637260.438489198684692,47,2,46,0,11
1403637260.488488435745239,47,0,45,0,11
1403637260.538488149642944,44,8,42,0,11
1403637260.588487863540649,41,0,37,0,11
1403637260.638487339019775,39,0,35,0,11
1403637260.688487768173218,34,2,32,0,11
1403637260.738488197326660,32,0,31,0,11
1403637260.788488149642944,34,3,31,3,11
1403637260.838487625122070,37,0,33,3,11
1403637260.888487577438354,40,0,36,3,11
1403637260.938487529754639,39,0,38,0,11
1403637260.988486766815186,43,0,37,5,11
1403637261.038487434387207,42,0,39,1,11
1403637261.088487863540649,42,2,35,0,11
1403637261.138488531112671,43,1,34,3,11
1403637261.188489675521851,39,2,34,0,11
1403637261.238489866256714,33,1,28,1,11
1403637261.288490056991577,33,2,29,2,11
1403637261.338489055633545,32,1,26,2,11
1403637261.388487815856934,35,1,26,3,11
1403637261.438486576080322,35,1,27,4,11
1403637261.488486289978027,35,0,31,2,11
1403637261.538487195968628,32,0,28,0,11
1403637261.588486909866333,36,1,27,4,11
1403637261.638487100601196,32,0,30,0,11
1403637261.688487052917480,31,1,29,0,11
1403637261.738486528396606,34,1,28,4,11
1403637261.788485765457153,35,2,32,2,11
1403637261.838484525680542,37,1,32,4,11
1403637261.888484239578247,36,5,29,0,11
1403637261.938484430313110,34,2,27,0,11
1403637261.988485574722290,28,2,27,1,11
1403637262.038486957550049,32,0,25,4,11
1403637262.088488340377808,32,2,28,0,11
1403637262.138489961624146,33,2,26,4,11
1403637262.188491106033325,33,1,28,1,11
1403637262.238491296768188,32,0,26,1,11
1403637262.288490533828735,30,12,20,2,11
1403637262.338492870330811,28,4,23,1,11
1403637262.388489007949829,25,1,14,0,11
1403637262.438484191894531,17,1,11,0,11
1403637262.488483667373657,13,0,8,0,11
1403637262.538485050201416,10,0,9,0,11
1403637262.588485479354858,9,0,8,0,11
1403637262.638484477996826,8,0,7,0,11
1403637262.688484907150269,8,0,7,0,11
1403637262.738485813140869,8,0,7,0,11
1403637262.788487434387207,7,0,7,0,11
1403637262.838485956192017,7,0,7,0,11
1403637262.888486146926880,7,0,6,0,11
1403637262.938486337661743,7,0,6,0,11
1403637262.988486528396606,6,0,5,0,11
1403637263.038486957550049,7,0,5,1,11
1403637263.088487148284912,6,0,6,0,11
1403637263.138487577438354,6,0,6,0,11
1403637263.188487768173218,6,0,6,0,11
1403637263.238488197326660,6,0,6,0,11
1403637263.288488626480103,6,0,6,0,11
1403637263.338488817214966,6,0,6,0,11
1403637263.388489007949829,6,0,6,0,11
1403637263.438488960266113,6,0,6,0,11
1403637263.488489151000977,6,0,6,0,11
1403637263.538489341735840,6,0,6,0,11
1403637263.588489532470703,6,0,6,0,11
1403637263.638489484786987,6,0,6,0,11
1403637263.688489675521851,6,0,6,0,11
1403637263.738489627838135,6,0,6,0,11
1403637263.788489818572998,7,0,6,1,11
1403637263.838489770889282,7,0,7,0,11
1403637263.888489723205566,7,0,7,0,11
1403637263.938489675521851,7,0,7,0,11
1403637263.988489627838135,7,0,7,0,11
1403637264.038489818572998,7,0,7,0,11
1403637264.088490009307861,7,0,7,0,11
1403637264.138489961624146,7,0,7,0,11
1403637264.188489913940430,7,0,7,0,11
1403637264.238489866256714,7,0,7,0,11
1403637264.288490056991577,7,0,7,0,11
1403637264.338490247726440,7,0,7,0,11
1403637264.388490200042725,7,0,7,0,11
1403637264.438490152359009,7,0,7,0,11
1403637264.488490104675293,7,0,7,0,11
1403637264.538490295410156,7,0,7,0,11
1403637264.588490247726440,7,0,7,0,11
1403637264.638490200042725,7,0,7,0,11
1403637264.688490390777588,7,0,7,0,11
1403637264.738490343093872,7,0,7,0,11
1403637264.788490533828735,7,0,7,0,11
1403637264.838490486145020,7,0,7,0,11
1403637264.888490438461304,7,0,7,0,11
1403637264.938490390777588,7,0,7,0,11
1403637264.988490343093872,7,0,7,0,11
1403637265.038490533828735,7,0,7,0,11
1403637265.088490486145020,8,0,7,1,11
1403637265.138490438461304,8,0,8,0,11
1403637265.188490390777588,8,0,8,0,11
1403637265.238490343093872,8,0,8,0,11
1403637265.288490533828735,8,0,8,0,11
1403637265.338490486145020,8,0,8,0,11
1403637265.388490438461304,8,0,8,0,11
1403637265.438490390777588,8,0,8,0,11
1403637265.488490343093872,8,0,8,0,11
