# timestamp (sec),slam_feats_in_state,msckf_feats_used,slam_feats_updated,slam_feats_delayed_init,clones
1403637149.987318277359009,0,8,0,0,5
1403637150.036755084991455,15,14,0,15,6
1403637150.086406707763672,13,29,12,0,7
1403637150.136349201202393,10,1,8,0,8
1403637150.186404228210449,9,2,6,0,9
1403637150.236432313919067,5,10,5,0,10
1403637150.286446809768677,5,7,4,0,11
1403637150.336531877517700,3,4,3,0,11
1403637150.386538743972778,2,10,2,0,11
1403637150.436788082122803,1,7,1,0,11
1403637150.486697196960449,1,7,1,0,11
1403637150.536769390106201,0,5,0,0,11
1403637150.586838245391846,0,2,0,0,11
1403637150.637199163436890,11,7,0,11,11
1403637150.687289953231812,10,4,10,0,11
1403637150.737381458282471,9,0,9,0,11
1403637150.787348031997681,9,2,9,0,11
1403637150.837396144866943,10,2,9,1,11
1403637150.887522935867310,11,5,9,2,11
1403637150.937587976455688,11,2,11,0,11
1403637150.987880229949951,16,0,11,5,11
1403637151.037877559661865,16,2,16,0,11
1403637151.087837457656860,16,2,16,0,11
1403637151.137892723083496,19,2,16,3,11
1403637151.187935352325439,19,2,19,0,11
1403637151.238130092620850,26,1,19,7,11
1403637151.288195133209229,26,1,26,0,11
1403637151.338213205337524,26,2,25,1,11
1403637151.388173580169678,26,0,26,0,11
1403637151.438111066818237,26,2,26,0,11
1403637151.488134622573853,27,0,26,1,11
1403637151.538091182708740,29,0,27,2,11
1403637151.588027238845825,30,2,28,1,11
1403637151.637948751449585,31,1,29,1,11
1403637151.687922239303589,29,3,29,0,11
1403637151.737940788269043,29,2,27,0,11
1403637151.787965536117554,29,0,25,2,11
1403637151.837941408157349,28,3,27,0,11
1403637151.888038158416748,29,0,26,2,11
1403637151.938016891479492,31,0,27,3,11
1403637151.988023996353149,29,0,29,0,11
1403637152.038082838058472,29,0,29,0,11
1403637152.088058233261108,29,0,28,1,11
1403637152.138036966323853,29,0,29,0,11
1403637152.188040018081665,30,0,29,1,11
1403637152.238089084625244,36,0,29,7,11
1403637152.288067817687988,36,0,34,1,11
1403637152.338113784790039,36,0,35,0,11
1403637152.388174772262573,36,0,35,1,11
1403637152.438104629516602,37,0,35,1,11
1403637152.488144636154175,34,0,33,0,11
1403637152.538120031356812,35,0,33,2,11
1403637152.588086128234863,35,0,35,0,11
1403637152.638130187988281,33,0,33,0,11
1403637152.688177824020386,34,0,33,1,11
1403637152.738236427307129,35,0,34,1,11
1403637152.788284778594971,37,0,34,2,11
1403637152.838354349136353,38,0,36,1,11
1403637152.888399362564087,36,0,36,0,11
1403637152.938385725021362,35,1,35,0,11
1403637152.988355875015259,36,0,35,1,11
1403637153.038375616073608,36,0,36,0,11
1403637153.088366270065308,36,0,36,0,11
1403637153.138361454010010,37,0,34,2,11
1403637153.188392877578735,41,0,34,6,11
1403637153.238382577896118,40,0,40,0,11
1403637153.288367271423340,38,0,38,0,11
1403637153.338405609130859,40,0,37,3,11
1403637153.388413906097412,38,0,38,0,11
1403637153.438402891159058,38,1,38,0,11
1403637153.488432884216309,38,0,38,0,11
1403637153.538444757461548,37,0,37,0,11
1403637153.588425874710083,38,0,37,1,11
1403637153.638406753540039,38,0,38,0,11
1403637153.688381671905518,38,0,38,0,11
1403637153.738368988037109,42,2,38,4,11
1403637153.788355112075806,41,0,39,1,11
1403637153.838337659835815,42,3,40,1,11
1403637153.888329982757568,40,1,37,0,11
1403637153.938345432281494,40,1,37,0,11
1403637153.988388538360596,37,2,37,0,11
1403637154.038427114486694,37,0,37,0,11
1403637154.088549852371216,37,0,37,0,11
1403637154.138641357421875,37,0,37,0,11
1403637154.188714742660522,37,0,35,0,11
1403637154.238723993301392,40,0,35,3,11
1403637154.288698673248291,38,0,37,0,11
1403637154.338685750961304,39,1,35,2,11
1403637154.388650655746460,37,0,34,0,11
1403637154.438578605651855,37,0,34,1,11
1403637154.488518476486206,39,5,34,4,11
1403637154.538507461547852,38,0,37,0,11
1403637154.588492393493652,39,0,37,2,11
1403637154.638528108596802,40,1,39,1,11
1403637154.688523769378662,35,0,33,0,11
1403637154.738550901412964,38,1,31,3,11
1403637154.788563251495361,35,1,30,0,11
1403637154.838601589202881,32,1,28,1,11
1403637154.888634920120239,30,0,27,2,11
1403637154.938675403594971,29,1,25,0,11
1403637154.988715648651123,28,0,25,0,11
1403637155.038762569427490,24,1,24,0,11
1403637155.088791131973267,28,0,21,6,11
1403637155.138794898986816,26,0,25,0,11
1403637155.188801050186157,26,0,23,0,11
1403637155.238823175430298,24,1,22,0,11
1403637155.288836717605591,21,1,20,0,11
1403637155.338833808898926,21,0,20,1,11
1403637155.388845205307007,22,0,18,1,11
1403637155.438830614089966,21,1,18,0,11
1403637155.488827705383301,27,1,17,9,11
1403637155.538830041885376,29,1,26,3,11
1403637155.588821172714233,29,0,28,0,11
1403637155.638816595077515,28,0,26,0,11
1403637155.688801527023315,34,0,25,8,11
1403637155.738791704177856,33,1,33,0,11
1403637155.788781642913818,33,0,33,0,11
1403637155.838785171508789,34,0,31,1,11
1403637155.888754606246948,34,0,32,1,11
1403637155.938742399215698,35,0,32,2,11
1403637155.988747596740723,32,0,32,0,11
1403637156.038756132125854,32,0,30,0,11
1403637156.088771820068359,29,1,26,1,11
1403637156.138776540756226,27,0,27,0,11
1403637156.188776016235352,25,0,25,0,11
1403637156.238777399063110,25,0,24,0,11
1403637156.288783311843872,23,0,22,0,11
1403637156.338792085647583,22,0,22,0,11
1403637156.388804197311401,22,0,21,0,11
1403637156.438797235488892,21,0,21,0,11
1403637156.488784313201904,21,3,21,0,11
1403637156.538783550262451,20,2,20,0,11
1403637156.588780641555786,20,0,20,0,11
1403637156.638769865036011,20,2,18,2,11
1403637156.688766002655029,19,0,19,0,11
1403637156.738758087158203,19,0,19,0,11
1403637156.788697004318237,20,1,16,3,11
1403637156.838638305664062,20,0,19,0,11
1403637156.888580083847046,19,0,19,0,11
1403637156.938549995422363,19,0,19,0,11
1403637156.988495349884033,19,0,18,0,11
1403637157.038491249084473,19,0,18,1,11
1403637157.088478088378906,19,0,19,0,11
1403637157.138476848602295,22,0,19,3,11
1403637157.188472270965576,22,0,22,0,11
1403637157.238461494445801,28,0,22,6,11
1403637157.288445711135864,29,0,28,1,11
1403637157.338443040847778,29,0,29,0,11
1403637157.388421535491943,31,1,29,2,11
1403637157.438415050506592,33,0,31,2,11
1403637157.488404512405396,35,0,33,2,11
1403637157.538395404815674,35,0,34,1,11
1403637157.588397741317749,35,0,33,0,11
1403637157.638405323028564,40,0,33,5,11
1403637157.688411474227905,38,1,38,0,11
1403637157.738428354263306,45,0,37,7,11
1403637157.788434743881226,44,2,43,0,11
1403637157.838433504104614,45,3,41,3,11
1403637157.888424634933472,47,1,43,2,11
1403637157.938422918319702,47,1,44,1,11
1403637157.988423585891724,48,10,45,2,11
1403637158.038420200347900,45,4,45,0,11
1403637158.088434934616089,46,1,44,2,11
1403637158.138442516326904,46,0,45,1,11
1403637158.188442945480347,46,0,45,0,11
1403637158.238434076309204,48,1,45,3,11
1403637158.288408041000366,49,1,45,1,11
1403637158.338361263275146,50,1,46,1,11
1403637158.388326406478882,46,1,46,0,11
1403637158.438321352005005,49,8,44,4,11
1403637158.488290071487427,47,1,46,0,11
1403637158.538267850875854,46,0,44,0,11
1403637158.588261127471924,47,3,42,2,11
1403637158.638157129287720,45,13,42,2,11
1403637158.688155889511108,45,0,42,0,11
1403637158.738144159317017,42,0,40,0,11
1403637158.788141489028931,39,1,38,0,11
1403637158.838133573532104,36,0,35,0,11
1403637158.888120889663696,35,0,35,0,11
1403637158.938094854354858,35,0,34,1,11
1403637158.988081693649292,36,1,34,2,11
1403637159.038039922714233,42,3,34,7,11
1403637159.088032960891724,41,1,39,0,11
1403637159.138002872467041,39,0,36,0,11
1403637159.187963485717773,46,6,35,9,11
1403637159.237950086593628,48,10,44,3,11
1403637159.287950277328491,46,0,44,0,11
1403637159.337960243225098,46,0,43,0,11
1403637159.387973785400391,46,4,42,2,11
1403637159.437969207763672,45,0,43,0,11
1403637159.487980842590332,43,0,40,0,11
1403637159.537991762161255,42,1,40,0,11
1403637159.588004589080811,40,0,40,0,11
1403637159.638032197952271,39,1,37,0,11
1403637159.688040494918823,45,3,36,6,11
1403637159.738004922866821,41,0,39,0,11
1403637159.787974834442139,46,0,39,6,11
1403637159.837964773178101,46,8,42,2,11
1403637159.887948036193848,45,1,43,1,11
1403637159.937920093536377,40,1,38,0,11
1403637159.987879753112793,40,0,35,4,11
1403637160.037848949432373,39,0,36,0,11
1403637160.087845802307129,37,1,34,0,11
1403637160.137826681137085,34,2,31,0,11
1403637160.187811613082886,31,2,30,0,11
1403637160.237821578979492,38,1,30,8,11
1403637160.287864446640015,45,0,37,8,11
1403637160.337862730026245,46,2,45,1,11
1403637160.387869358062744,44,3,44,0,11
1403637160.437879562377930,49,2,43,6,11
1403637160.487877368927002,46,3,43,0,11
1403637160.537882089614868,43,4,39,2,11
1403637160.587895154953003,39,4,37,1,11
1403637160.637900590896606,44,2,34,6,11
1403637160.687955379486084,43,0,40,0,11
1403637160.737989187240601,40,2,36,2,11
1403637160.788023710250854,40,1,36,3,11
1403637160.838083744049072,39,0,38,1,11
1403637160.888179540634155,47,0,39,8,11
1403637160.938227176666260,50,1,45,3,11
1403637160.988259077072144,49,0,48,0,11
1403637161.038314580917358,48,8,47,1,11
1403637161.088368415832520,47,0,46,0,11
1403637161.138394594192505,48,2,44,3,11
1403637161.188406229019165,46,0,45,1,11
1403637161.238411426544189,46,2,45,1,11
1403637161.288410663604736,46,0,46,0,11
1403637161.338420867919922,48,11,44,4,11
1403637161.388419151306152,48,1,47,0,11
1403637161.438418626785278,48,3,46,1,11
1403637161.488412141799927,45,2,45,0,11
1403637161.538372993469238,49,11,43,5,11
1403637161.588356018066406,46,0,46,0,11
1403637161.638328790664673,48,1,43,3,11
1403637161.688319206237793,46,1,44,0,11
1403637161.738313436508179,42,5,37,2,11
1403637161.788298606872559,40,1,38,0,11
1403637161.838288068771362,38,2,34,0,11
1403637161.888251304626465,38,3,31,3,11
1403637161.938216447830200,41,2,33,6,11
1403637161.988230228424072,40,1,37,0,11
1403637162.038235902786255,37,3,33,0,11
1403637162.088265180587769,32,0,31,0,11
1403637162.138321161270142,39,0,29,9,11
1403637162.188358545303345,38,0,35,0,11
1403637162.238374471664429,44,0,34,7,11
1403637162.288390636444092,42,0,41,0,11
1403637162.338444709777832,47,3,41,6,11
1403637162.388451576232910,47,1,47,0,11
1403637162.438461065292358,50,6,46,3,11
1403637162.488461971282959,49,3,47,0,11
1403637162.538481950759888,49,1,46,1,11
1403637162.588500738143921,48,6,45,1,11
1403637162.638551473617554,48,2,43,2,11
1403637162.688581466674805,48,1,44,2,11
1403637162.738581657409668,46,1,42,0,11
1403637162.788574695587158,43,1,40,0,11
1403637162.838595151901245,42,1,39,3,11
1403637162.888595342636108,40,1,36,0,11
1403637162.938616037368774,45,2,35,6,11
1403637162.988621234893799,41,1,39,1,11
1403637163.038622140884399,44,1,40,4,11
1403637163.088624477386475,46,3,41,4,11
1403637163.138627052307129,48,0,43,2,11
1403637163.188622951507568,44,3,41,1,11
1403637163.238627672195435,43,2,39,4,11
1403637163.288628339767456,47,7,41,4,11
1403637163.338618755340576,47,0,43,1,11
1403637163.388617038726807,44,1,36,1,11
1403637163.438623428344727,42,2,34,1,11
1403637163.488637208938599,40,2,32,5,11
1403637163.538651943206787,38,0,34,1,11
1403637163.588657140731812,35,2,30,1,11
1403637163.638661623001099,31,1,28,0,11
1403637163.688663721084595,33,4,27,5,11
1403637163.738687276840210,41,1,31,9,11
1403637163.788696050643921,42,0,37,2,11
1403637163.838707685470581,40,2,37,0,11
1403637163.888710737228394,46,1,37,8,11
1403637163.938714981079102,48,6,43,4,11
1403637163.988718986511230,48,2,45,0,11
1403637164.038737773895264,49,12,43,2,11
1403637164.088738441467285,47,5,44,1,11
1403637164.138733863830566,46,1,45,0,11
1403637164.188717603683472,48,7,44,4,11
1403637164.238702535629272,49,3,46,2,11
1403637164.288692951202393,49,5,47,1,11
1403637164.338689565658569,48,6,45,0,11
1403637164.388672828674316,48,1,44,0,11
1403637164.438665628433228,45,0,43,0,11
1403637164.488654613494873,48,3,43,4,11
1403637164.538652420043945,49,3,46,2,11
1403637164.588641643524170,48,13,45,1,11
1403637164.638634681701660,48,7,44,2,11
1403637164.688634157180786,46,3,44,1,11
1403637164.738634824752808,45,2,44,0,11
1403637164.788637161254883,46,6,41,5,11
1403637164.838632345199585,42,3,40,0,11
1403637164.888625383377075,40,0,35,3,11
1403637164.938624620437622,36,3,31,2,11
1403637164.988621473312378,35,1,30,0,11
1403637165.038622379302979,32,5,29,1,11
1403637165.088620185852051,28,1,27,0,11
1403637165.138617515563965,26,1,26,0,11
1403637165.188614606857300,30,6,24,5,11
1403637165.238605737686157,31,3,25,4,11
1403637165.288593530654907,38,3,25,8,11
1403637165.338577985763550,31,5,27,0,11
1403637165.388575315475464,30,6,23,5,11
1403637165.438571691513062,27,2,25,0,11
1403637165.488563537597656,29,4,23,5,11
1403637165.538559198379517,31,3,25,5,11
1403637165.588555097579956,23,3,21,0,11
1403637165.638548135757446,26,0,20,3,11
1403637165.688542127609253,26,3,21,3,11
1403637165.738535642623901,25,3,22,1,11
1403637165.788531780242920,28,3,21,5,11
1403637165.838528394699097,26,1,24,0,11
1403637165.888518571853638,28,0,24,3,11
1403637165.938515663146973,28,3,27,1,11
1403637165.988506078720093,34,4,25,8,11
1403637166.038500547409058,37,2,32,4,11
1403637166.088500499725342,42,2,32,10,11
1403637166.138500452041626,45,1,38,4,11
1403637166.188505172729492,47,2,39,3,11
1403637166.238505125045776,41,3,38,1,11
1403637166.288505077362061,44,1,36,6,11
1403637166.338489294052124,38,3,36,0,11
1403637166.388473987579346,38,4,36,2,11
1403637166.438469171524048,40,4,35,4,11
1403637166.488461732864380,43,0,38,4,11
1403637166.538464784622192,45,1,42,3,11
1403637166.588441848754883,48,0,45,3,11
1403637166.638381481170654,49,4,47,1,11
1403637166.688344955444336,45,0,37,1,11
1403637166.738301277160645,45,2,37,3,11
1403637166.788285970687866,46,1,38,7,11
1403637166.838304519653320,48,3,43,3,11
1403637166.888318061828613,49,4,44,3,11
1403637166.938344001770020,49,2,46,1,11
1403637166.988371849060059,47,3,46,0,11
1403637167.038396120071411,50,1,46,4,11
1403637167.088405609130859,50,0,49,0,11
1403637167.138416290283203,50,0,48,0,11
1403637167.188425064086914,50,2,47,1,11
1403637167.238418579101562,50,1,48,1,11
1403637167.288420677185059,50,8,49,1,11
1403637167.338418483734131,50,2,50,0,11
1403637167.388411045074463,50,7,50,0,11
1403637167.438405275344849,50,0,50,0,11
1403637167.488405227661133,50,1,50,0,11
1403637167.538406133651733,50,4,48,0,11
1403637167.588408708572388,47,7,43,0,11
1403637167.638391256332397,47,0,41,2,11
1403637167.688380241394043,46,4,41,1,11
1403637167.738373994827271,43,2,40,0,11
1403637167.788368940353394,44,2,38,3,11
1403637167.838367223739624,42,1,36,2,11
1403637167.888365745544434,48,0,38,8,11
1403637167.938362360000610,44,7,41,1,11
1403637167.988350152969360,47,2,36,4,11
1403637168.038344860076904,46,2,40,1,11
1403637168.088343858718872,43,1,41,2,11
1403637168.138343095779419,42,1,39,0,11
1403637168.188341379165649,49,3,37,7,11
1403637168.238332748413086,44,4,41,0,11
1403637168.288328886032104,41,2,39,1,11
1403637168.338319301605225,48,3,38,7,11
1403637168.388317823410034,41,8,38,0,11
1403637168.438318490982056,47,7,34,10,11
1403637168.488322257995605,44,3,40,1,11
1403637168.538330078125000,46,0,38,4,11
1403637168.588340997695923,45,1,40,1,11
1403637168.638341188430786,45,5,36,5,11
1403637168.688337564468384,41,1,36,1,11
1403637168.738338232040405,38,3,35,1,11
1403637168.788335800170898,40,2,35,4,11
1403637168.838338613510132,42,3,38,2,11
1403637168.888344049453735,44,8,38,3,11
1403637168.938343048095703,48,3,40,6,11
1403637168.988344430923462,47,6,44,2,11
1403637169.038346767425537,46,2,44,0,11
1403637169.088352441787720,42,4,40,0,11
1403637169.138350009918213,47,5,37,7,11
1403637169.188347578048706,47,3,44,2,11
1403637169.238343477249146,45,5,40,3,11
1403637169.288328647613525,46,10,41,2,11
1403637169.338322162628174,42,2,37,0,11
1403637169.388320207595825,40,0,31,1,11
1403637169.438319683074951,43,1,28,8,11
1403637169.488319158554077,42,2,35,4,11
1403637169.538318634033203,48,9,39,8,11
1403637169.588321685791016,47,4,45,1,11
1403637169.638324499130249,45,1,40,0,11
1403637169.688336610794067,43,2,34,1,11
1403637169.738344430923462,40,2,29,2,11
1403637169.788352966308594,36,0,24,6,11
1403637169.838357925415039,31,6,28,0,11
1403637169.888364315032959,29,6,23,4,11
1403637169.938364505767822,30,1,24,4,11
1403637169.988362550735474,28,0,27,0,11
1403637170.038362503051758,25,3,25,0,11
1403637170.088360071182251,25,3,24,0,11
1403637170.138359308242798,35,5,21,13,11
1403637170.188357353210449,33,2,31,0,11
1403637170.238356113433838,29,0,26,0,11
1403637170.288355827331543,27,2,25,0,11
1403637170.338355541229248,24,3,20,0,11
1403637170.388356924057007,34,7,17,15,11
1403637170.438357830047607,33,2,30,1,11
1403637170.488358974456787,30,2,26,2,11
1403637170.538359642028809,26,2,23,1,11
1403637170.588361024856567,30,3,21,5,11
1403637170.638359308242798,24,5,19,1,11
1403637170.688358545303345,21,3,17,0,11
1403637170.738356351852417,24,7,15,6,11
1403637170.788353681564331,17,7,17,0,11
1403637170.838349342346191,16,6,16,0,11
1403637170.888346433639526,26,1,15,10,11
1403637170.938344001770020,24,3,20,2,11
1403637170.988348722457886,25,1,22,2,11
1403637171.038348197937012,27,3,23,3,11
1403637171.088348865509033,27,2,26,0,11
1403637171.138349533081055,24,2,23,0,11
1403637171.188352584838867,40,6,23,16,11
1403637171.238358974456787,37,1,35,0,11
1403637171.288364171981812,34,4,33,0,11
1403637171.338372945785522,42,2,33,9,11
1403637171.388377189636230,44,3,41,3,11
1403637171.438377857208252,47,1,43,3,11
1403637171.488381385803223,49,1,45,3,11
1403637171.538386106491089,49,10,48,1,11
1403637171.588382959365845,48,2,47,1,11
1403637171.638380527496338,47,1,47,0,11
1403637171.688375234603882,48,12,45,3,11
1403637171.738372325897217,48,2,48,0,11
1403637171.788370370864868,46,1,46,0,11
1403637171.838371038436890,49,4,45,4,11
1403637171.888372421264648,49,2,49,0,11
1403637171.938374996185303,48,3,47,1,11
1403637171.988371849060059,49,9,46,2,11
1403637172.038370370864868,48,0,45,0,11
1403637172.088369369506836,47,3,45,0,11
1403637172.138361930847168,48,8,45,3,11
1403637172.188341856002808,47,6,46,0,11
1403637172.238313674926758,49,1,46,2,11
1403637172.288306474685669,48,9,47,1,11
1403637172.338310003280640,45,3,44,0,11
1403637172.388315200805664,44,3,43,0,11
1403637172.438319921493530,42,1,42,0,11
1403637172.488337755203247,44,2,40,2,11
1403637172.538347244262695,43,0,41,0,11
1403637172.588365554809570,46,2,40,6,11
1403637172.638373136520386,46,2,44,0,11
1403637172.688377857208252,48,0,45,2,11
1403637172.738381385803223,50,6,46,3,11
1403637172.788369417190552,46,10,46,0,11
1403637172.838354349136353,46,0,45,0,11
1403637172.888332605361938,44,5,40,3,11
1403637172.938326120376587,48,1,42,6,11
1403637172.988322496414185,46,3,45,0,11
1403637173.038321971893311,43,1,42,0,11
1403637173.088318347930908,46,20,42,4,11
1403637173.138316154479980,45,2,44,0,11
1403637173.188308000564575,46,0,43,1,11
1403637173.238296985626221,43,2,42,0,11
1403637173.288278341293335,41,2,40,0,11
1403637173.338253259658813,43,4,37,3,11
1403637173.388236284255981,49,4,36,7,11
1403637173.438227891921997,47,0,41,0,11
1403637173.488233327865601,45,10,40,3,11
1403637173.538241386413574,42,1,41,0,11
1403637173.588268995285034,47,14,41,5,11
1403637173.638281106948853,46,0,45,0,11
1403637173.688296794891357,49,11,43,4,11
1403637173.738311052322388,48,0,46,0,11
1403637173.788323402404785,44,0,43,0,11
1403637173.838333845138550,41,1,41,0,11
1403637173.888344287872314,40,1,38,0,11
1403637173.938348293304443,40,1,37,0,11
1403637173.988347530364990,36,0,34,1,11
1403637174.038339853286743,36,2,33,2,11
1403637174.088326454162598,49,10,34,13,11
1403637174.138315916061401,49,1,45,1,11
1403637174.188309431076050,47,16,41,1,11
1403637174.238302230834961,46,0,43,1,11
1403637174.288305282592773,46,3,42,2,11
1403637174.338307142257690,43,1,41,0,11
1403637174.388309717178345,42,2,39,1,11
1403637174.438311338424683,41,2,38,1,11
1403637174.488311052322388,40,1,39,0,11
1403637174.538309812545776,38,0,38,0,11
1403637174.588308334350586,39,1,38,1,11
1403637174.638307332992554,39,1,37,0,11
1403637174.688311100006104,43,1,33,7,11
1403637174.738310337066650,46,5,37,7,11
1403637174.788310289382935,39,9,37,2,11
1403637174.838303089141846,37,0,32,2,11
1403637174.888298988342285,47,11,30,12,11
1403637174.938295364379883,43,2,43,0,11
1403637174.988293886184692,42,0,42,0,11
1403637175.038295507431030,41,1,39,0,11
1403637175.088300466537476,41,7,36,0,11
1403637175.138303518295288,38,1,36,1,11
1403637175.188308238983154,33,2,33,0,11
1403637175.238309383392334,33,2,30,0,11
1403637175.288310527801514,32,4,29,0,11
1403637175.338318109512329,37,0,28,8,11
1403637175.388308048248291,49,3,36,13,11
1403637175.438304901123047,47,2,47,0,11
1403637175.488301753997803,48,7,45,3,11
1403637175.538296699523926,48,2,46,1,11
1403637175.588295936584473,48,2,45,2,11
1403637175.638293743133545,47,0,46,0,11
1403637175.688292026519775,47,1,45,0,11
1403637175.738291501998901,48,3,44,2,11
1403637175.788290023803711,48,1,46,1,11
1403637175.838282346725464,49,13,47,2,11
1403637175.888278722763062,49,2,47,1,11
1403637175.938272476196289,48,1,46,0,11
1403637175.988268136978149,45,1,39,0,11
1403637176.038261175155640,48,8,39,4,11
1403637176.088251590728760,43,5,39,3,11
1403637176.138249397277832,43,0,41,0,11
1403637176.188248395919800,42,4,40,1,11
1403637176.238247871398926,41,1,41,0,11
1403637176.288250923156738,41,1,40,0,11
1403637176.338252067565918,41,2,38,2,11
1403637176.388257265090942,39,3,39,0,11
1403637176.438257217407227,50,1,39,11,11
1403637176.488254785537720,48,6,47,0,11
1403637176.538252115249634,47,0,46,0,11
1403637176.588249921798706,48,1,45,3,11
1403637176.638250827789307,47,27,45,2,11
1403637176.688257217407227,46,24,43,3,11
1403637176.738256931304932,46,1,45,0,11
1403637176.788257837295532,46,1,45,0,11
1403637176.838256835937500,45,1,43,1,11
1403637176.888257265090942,43,0,42,0,11
1403637176.938258171081543,41,2,40,1,11
1403637176.988255977630615,39,2,38,0,11
1403637177.038252830505371,36,1,34,0,11
1403637177.088248968124390,35,2,30,4,11
1403637177.138246536254883,47,15,32,15,11
1403637177.188245534896851,47,0,45,0,11
1403637177.238248109817505,49,11,44,2,11
1403637177.288250446319580,48,13,44,1,11
1403637177.338256120681763,45,2,43,0,11
1403637177.388258934020996,42,0,40,0,11
1403637177.438261270523071,41,0,40,0,11
1403637177.488262414932251,39,0,38,0,11
1403637177.538265466690063,39,1,36,0,11
1403637177.588270425796509,48,13,36,10,11
1403637177.638272762298584,46,1,45,0,11
1403637177.688275575637817,47,0,44,1,11
1403637177.738281488418579,47,8,44,2,11
1403637177.788282632827759,44,0,44,0,11
1403637177.838283061981201,48,6,42,5,11
1403637177.888282060623169,50,10,45,2,11
1403637177.938280344009399,45,10,44,0,11
1403637177.988278388977051,42,0,41,0,11
1403637178.038277149200439,41,2,38,0,11
1403637178.088272094726562,39,0,36,1,11
1403637178.138268709182739,36,1,34,0,11
1403637178.188261032104492,42,0,30,11,11
1403637178.238261938095093,39,2,38,0,11
1403637178.288264989852905,38,0,35,0,11
1403637178.338280916213989,46,19,32,11,11
1403637178.388283252716064,41,0,40,0,11
1403637178.438283681869507,44,0,36,4,11
1403637178.488284826278687,50,4,38,6,11
1403637178.538284301757812,46,4,43,1,11
1403637178.588285923004150,45,4,44,1,11
1403637178.638289213180542,45,1,44,0,11
1403637178.688294172286987,46,4,44,1,11
1403637178.738297939300537,45,0,44,1,11
1403637178.788299798965454,43,1,43,0,11
1403637178.838302612304688,44,3,41,1,11
1403637178.888304233551025,44,0,42,0,11
1403637178.938308238983154,43,14,39,3,11
1403637178.988311290740967,42,1,40,0,11
1403637179.038310289382935,40,1,39,0,11
1403637179.088308095932007,42,0,38,4,11
1403637179.138308525085449,48,0,41,6,11
1403637179.188311576843262,49,1,47,1,11
1403637179.238310575485229,48,2,48,0,11
1403637179.288310289382935,48,0,48,0,11
1403637179.338310241699219,48,1,46,1,11
1403637179.388308048248291,48,0,45,0,11
1403637179.438306570053101,50,4,44,3,11
1403637179.488306760787964,49,1,47,1,11
1403637179.538306951522827,48,22,46,0,11
1403637179.588305711746216,47,0,45,0,11
1403637179.638306379318237,46,0,42,2,11
1403637179.688305854797363,46,1,45,0,11
1403637179.738303899765015,45,0,43,1,11
1403637179.788302898406982,45,0,43,0,11
1403637179.838298797607422,46,10,43,2,11
1403637179.888296842575073,46,0,44,1,11
1403637179.938297510147095,45,3,41,0,11
1403637179.988297700881958,44,1,38,1,11
1403637180.038296699523926,44,5,34,4,11
1403637180.088296890258789,43,1,37,2,11
1403637180.138299465179443,45,11,38,6,11
1403637180.188298225402832,44,2,42,0,11
1403637180.238300800323486,43,1,40,1,11
1403637180.288306236267090,40,0,34,1,11
1403637180.338310003280640,39,4,34,0,11
1403637180.388309717178345,36,3,33,2,11
1403637180.438307523727417,37,2,32,4,11
1403637180.488307237625122,41,2,28,6,11
1403637180.538310527801514,38,5,33,0,11
1403637180.588314056396484,33,0,29,2,11
1403637180.638312101364136,40,0,27,9,11
1403637180.688310861587524,38,1,34,0,11
1403637180.738305330276489,43,1,33,8,11
1403637180.788300752639771,46,0,39,4,11
1403637180.838301897048950,49,1,40,5,11
1403637180.888304233551025,47,14,43,1,11
1403637180.938307046890259,42,4,37,3,11
1403637180.988311767578125,42,1,38,2,11
1403637181.038317441940308,46,2,35,9,11
1403637181.088322877883911,44,1,42,0,11
1403637181.138322591781616,45,3,40,2,11
1403637181.188323974609375,45,3,38,4,11
1403637181.238322019577026,43,2,38,1,11
1403637181.288319587707520,41,1,35,1,11
1403637181.338319301605225,38,4,35,0,11
1403637181.388319969177246,38,2,33,1,11
1403637181.438321113586426,41,3,32,7,11
1403637181.488324165344238,44,3,37,5,11
1403637181.538328409194946,44,3,40,3,11
1403637181.588329553604126,44,0,42,0,11
1403637181.638334035873413,48,1,42,5,11
1403637181.688336610794067,47,0,45,0,11
1403637181.738338947296143,46,7,43,1,11
1403637181.788337707519531,47,6,39,4,11
1403637181.838335275650024,49,8,39,3,11
1403637181.888334035873413,44,1,38,2,11
1403637181.938333749771118,41,2,37,1,11
1403637181.988331556320190,41,6,34,4,11
1403637182.038328647613525,39,3,36,0,11
1403637182.088327169418335,39,2,35,2,11
1403637182.138328552246094,42,5,35,5,11
1403637182.188330173492432,41,3,35,0,11
1403637182.238330841064453,38,0,34,0,11
1403637182.288332462310791,35,2,31,0,11
1403637182.338331699371338,46,8,29,13,11
1403637182.388331890106201,46,2,39,4,11
1403637182.438331127166748,48,1,40,3,11
1403637182.488326787948608,46,16,41,2,11
1403637182.538325071334839,45,1,40,1,11
1403637182.588323593139648,43,0,39,1,11
1403637182.638318777084351,40,0,39,0,11
1403637182.688314914703369,39,0,38,1,11
1403637182.738311290740967,48,0,37,10,11
1403637182.788310289382935,49,15,45,2,11
1403637182.838310241699219,46,0,44,0,11
1403637182.888309478759766,45,3,42,1,11
1403637182.938308238983154,48,5,43,4,11
1403637182.988307714462280,49,2,45,2,11
1403637183.038307905197144,46,0,41,0,11
1403637183.088308572769165,48,9,41,4,11
1403637183.138308286666870,44,2,43,0,11
1403637183.188308000564575,50,7,43,6,11
1403637183.238308429718018,48,1,48,0,11
1403637183.288308620452881,49,1,47,1,11
1403637183.338308572769165,49,1,47,0,11
1403637183.388308286666870,49,30,45,1,11
1403637183.438308000564575,49,0,43,1,11
1403637183.488306760787964,48,0,43,1,11
1403637183.538305044174194,46,1,43,1,11
1403637183.588304758071899,45,0,44,0,11
1403637183.638302326202393,44,1,43,0,11
1403637183.688303709030151,50,3,43,6,11
1403637183.738304615020752,49,3,48,0,11
1403637183.788305521011353,49,6,47,1,11
1403637183.838305473327637,49,1,48,1,11
1403637183.888305187225342,49,0,49,0,11
1403637183.938306093215942,49,0,48,0,11
1403637183.988306522369385,49,26,46,1,11
1403637184.038307189941406,49,21,47,1,11
1403637184.088308334350586,48,1,46,1,11
1403637184.138311386108398,50,3,47,2,11
1403637184.188315868377686,48,1,47,0,11
1403637184.238319396972656,48,0,44,1,11
1403637184.288322687149048,48,0,44,1,11
1403637184.338323354721069,48,3,44,2,11
1403637184.388326406478882,48,3,45,1,11
1403637184.438331127166748,48,0,41,2,11
1403637184.488339662551880,46,1,40,0,11
1403637184.538344383239746,41,1,38,0,11
1403637184.588363885879517,49,10,34,9,11
1403637184.638377904891968,47,14,40,1,11
1403637184.688379526138306,42,1,41,0,11
1403637184.738379716873169,43,7,37,2,11
1403637184.788379907608032,42,1,36,2,11
1403637184.838378667831421,37,1,36,0,11
1403637184.888374090194702,38,6,36,1,11
1403637184.938369750976562,41,4,36,4,11
1403637184.988367080688477,45,1,39,4,11
1403637185.038364171981812,44,0,42,0,11
1403637185.088360786437988,44,0,41,1,11
1403637185.138352870941162,45,3,41,4,11
1403637185.188346385955811,46,6,45,1,11
1403637185.238344192504883,47,5,46,1,11
1403637185.288343191146851,50,1,47,3,11
1403637185.338342666625977,49,0,48,0,11
1403637185.388344049453735,50,7,47,1,11
1403637185.438344001770020,49,3,45,0,11
1403637185.488341569900513,49,0,45,1,11
1403637185.538336992263794,46,1,46,0,11
1403637185.588334321975708,46,1,43,0,11
1403637185.638327836990356,46,1,41,1,11
1403637185.688332080841064,47,17,42,4,11
1403637185.738329172134399,48,3,44,3,11
1403637185.788326978683472,49,7,46,1,11
1403637185.838326215744019,49,6,47,1,11
1403637185.888325452804565,50,1,48,2,11
1403637185.938323974609375,49,0,49,0,11
1403637185.988316774368286,49,8,49,0,11
1403637186.038315773010254,48,3,46,1,11
1403637186.088314056396484,49,0,47,1,11
1403637186.138311147689819,49,2,47,1,11
1403637186.188310146331787,49,0,47,0,11
1403637186.238307476043701,49,0,47,1,11
1403637186.288297414779663,50,13,48,2,11
1403637186.338296413421631,50,4,49,0,11
1403637186.388296127319336,50,6,49,0,11
1403637186.438296318054199,49,9,48,0,11
1403637186.488296747207642,49,0,47,0,11
1403637186.538293600082397,48,0,46,0,11
1403637186.588294982910156,49,8,46,2,11
1403637186.638291358947754,49,5,48,1,11
1403637186.688288927078247,49,3,48,0,11
1403637186.738282680511475,50,2,47,1,11
1403637186.788280725479126,50,0,47,1,11
1403637186.838280439376831,49,2,47,0,11
1403637186.888279914855957,48,15,47,1,11
1403637186.938281536102295,50,2,47,2,11
1403637186.988285541534424,50,6,49,1,11
1403637187.038291931152344,50,12,50,0,11
1403637187.088296175003052,50,0,50,0,11
1403637187.138297557830811,50,7,49,0,11
1403637187.188298225402832,50,17,49,0,11
1403637187.238294601440430,48,4,47,0,11
1403637187.288290262222290,48,15,46,1,11
1403637187.338287591934204,49,0,47,2,11
1403637187.388286352157593,49,0,49,0,11
1403637187.438286304473877,49,1,48,1,11
1403637187.488283634185791,49,14,48,1,11
1403637187.538284540176392,50,1,49,1,11
1403637187.588286638259888,50,8,49,0,11
1403637187.638288497924805,50,9,48,0,11
1403637187.688289642333984,49,24,48,0,11
1403637187.738290548324585,49,0,48,1,11
1403637187.788289785385132,50,4,48,1,11
1403637187.838290691375732,50,4,50,0,11
1403637187.888289928436279,50,14,48,0,11
1403637187.938290119171143,49,3,48,0,11
1403637187.988290071487427,48,1,47,0,11
1403637188.038289308547974,47,4,46,0,11
1403637188.088289022445679,49,5,46,3,11
1403637188.138288021087646,49,2,48,1,11
1403637188.188286304473877,50,6,48,1,11
1403637188.238284349441528,50,5,48,0,11
1403637188.288283586502075,49,25,48,0,11
1403637188.338282823562622,49,8,46,1,11
1403637188.388282060623169,48,2,46,1,11
1403637188.438282966613770,48,3,46,2,11
1403637188.488283157348633,50,4,47,2,11
1403637188.538284301757812,50,4,49,0,11
1403637188.588284492492676,48,3,48,0,11
1403637188.638284921646118,46,0,46,0,11
1403637188.688285589218140,49,3,43,4,11
1403637188.738286256790161,48,1,45,0,11
1403637188.788286924362183,46,2,44,1,11
1403637188.838290452957153,49,20,45,4,11
1403637188.888290643692017,50,16,48,1,11
1403637188.938288688659668,50,2,49,0,11
1403637188.988285541534424,48,3,48,0,11
1403637189.038283109664917,49,0,45,2,11
1403637189.088281869888306,46,4,43,0,11
1403637189.138279914855957,46,1,42,2,11
1403637189.188278913497925,45,0,43,1,11
1403637189.238278627395630,43,0,43,0,11
1403637189.288279056549072,42,0,42,0,11
1403637189.338278532028198,40,0,40,0,11
1403637189.388276338577271,41,1,39,2,11
1403637189.438271999359131,48,9,40,8,11
1403637189.488267660140991,48,19,45,2,11
1403637189.538266658782959,48,2,45,1,11
1403637189.588269233703613,48,2,44,2,11
1403637189.638272523880005,47,1,46,0,11
1403637189.688277244567871,48,3,45,3,11
1403637189.738285064697266,48,7,46,2,11
1403637189.788289308547974,48,1,45,1,11
1403637189.838289737701416,48,0,45,0,11
1403637189.888288736343384,46,2,45,0,11
1403637189.938286542892456,45,0,44,0,11
1403637189.988285779953003,44,0,43,0,11
1403637190.038285732269287,48,1,42,5,11
1403637190.088286161422729,48,11,45,2,11
1403637190.138285875320435,47,1,46,0,11
1403637190.188284635543823,49,8,44,3,11
1403637190.238282442092896,48,11,46,1,11
1403637190.288281679153442,47,3,45,1,11
1403637190.338282585144043,46,4,43,2,11
1403637190.388287544250488,46,1,45,0,11
1403637190.438286781311035,43,1,42,0,11
1403637190.488285541534424,45,3,41,2,11
1403637190.538283586502075,43,2,39,1,11
1403637190.588280677795410,42,1,39,0,11
1403637190.638275623321533,40,0,37,1,11
1403637190.688273906707764,43,2,37,4,11
1403637190.738275527954102,48,0,41,6,11
1403637190.788275718688965,48,4,45,2,11
1403637190.838277578353882,48,7,45,1,11
1403637190.888278722763062,46,0,44,0,11
1403637190.938279390335083,48,15,44,3,11
1403637190.988278865814209,47,3,47,0,11
1403637191.038278818130493,48,0,47,1,11
1403637191.088278055191040,47,1,47,0,11
1403637191.138277292251587,48,4,45,1,11
1403637191.188278913497925,49,1,44,1,11
1403637191.238281250000000,48,3,45,1,11
1403637191.288281202316284,47,13,45,1,11
1403637191.338281869888306,48,1,46,1,11
1403637191.388282537460327,49,0,47,2,11
1403637191.438282489776611,49,7,49,0,11
1403637191.488282203674316,49,0,49,0,11
1403637191.538283109664917,49,12,45,0,11
1403637191.588283538818359,50,0,46,1,11
1403637191.638284683227539,47,0,45,0,11
1403637191.688284873962402,46,0,44,0,11
1403637191.738286256790161,44,2,42,0,11
1403637191.788286447525024,42,1,40,0,11
1403637191.838284492492676,43,1,39,3,11
1403637191.888279914855957,42,13,41,1,11
1403637191.938279151916504,38,0,38,0,11
1403637191.988278388977051,35,1,35,0,11
1403637192.038278341293335,37,2,33,4,11
1403637192.088279485702515,37,2,37,0,11
1403637192.138280153274536,45,1,36,8,11
1403637192.188277482986450,45,0,42,2,11
1403637192.238277435302734,47,0,42,3,11
1403637192.288277387619019,46,0,42,1,11
1403637192.338277339935303,46,1,42,1,11
1403637192.388277292251587,44,2,42,1,11
1403637192.438279867172241,48,6,43,5,11
1403637192.488282918930054,49,13,48,1,11
1403637192.538283348083496,49,0,47,0,11
1403637192.588283061981201,50,0,47,1,11
1403637192.638283014297485,48,0,48,0,11
1403637192.688284158706665,49,0,47,1,11
1403637192.738285779953003,48,2,48,0,11
1403637192.788286685943604,48,1,47,1,11
1403637192.838289737701416,48,2,47,0,11
1403637192.888292551040649,47,4,46,1,11
1403637192.938292503356934,48,1,45,2,11
1403637192.988292694091797,49,0,47,1,11
1403637193.038293361663818,48,9,47,0,11
1403637193.088294029235840,47,11,46,0,11
1403637193.138294458389282,46,1,46,0,11
1403637193.188295602798462,46,1,44,0,11
1403637193.238296270370483,47,0,43,1,11
1403637193.288297176361084,47,6,42,2,11
1403637193.338298320770264,45,0,43,0,11
1403637193.388298988342285,43,0,42,1,11
1403637193.438299894332886,42,0,41,0,11
1403637193.488300323486328,44,0,42,2,11
1403637193.538299798965454,45,6,41,2,11
1403637193.588300466537476,43,2,39,1,11
1403637193.638300657272339,46,2,40,4,11
1403637193.688299179077148,43,10,42,0,11
1403637193.738299131393433,43,1,40,0,11
1403637193.788299322128296,41,1,39,0,11
1403637193.838298559188843,36,1,36,0,11
1403637193.888299226760864,42,1,34,6,11
1403637193.938300609588623,41,0,37,1,11
1403637193.988302230834961,40,2,37,2,11
1403637194.038303375244141,40,0,37,3,11
1403637194.088302612304688,38,3,37,0,11
1403637194.138302087783813,38,1,36,0,11
1403637194.188302278518677,35,0,32,1,11
1403637194.238302469253540,35,0,33,1,11
1403637194.288303852081299,41,2,34,7,11
1403637194.338304519653320,40,0,39,0,11
1403637194.388304710388184,39,1,37,1,11
1403637194.438304901123047,39,0,38,1,11
1403637194.488305807113647,47,3,38,9,11
1403637194.538305997848511,44,2,43,0,11
1403637194.588306188583374,45,0,43,1,11
1403637194.638305902481079,43,2,41,1,11
1403637194.688305616378784,43,1,43,0,11
1403637194.738304853439331,43,1,43,0,11
1403637194.788304805755615,44,0,42,1,11
1403637194.838304519653320,44,1,41,1,11
1403637194.888304471969604,43,4,41,1,11
1403637194.938303709030151,46,1,40,5,11
1403637194.988301515579224,45,1,43,0,11
1403637195.038300752639771,44,1,41,1,11
1403637195.088299989700317,44,0,39,5,11
1403637195.138299465179443,42,0,39,1,11
1403637195.188298940658569,41,0,39,0,11
1403637195.238298416137695,39,2,37,1,11
1403637195.288298368453979,43,0,37,5,11
1403637195.338297605514526,43,0,40,1,11
1403637195.388297557830811,42,1,40,2,11
1403637195.438297510147095,42,0,42,0,11
1403637195.488298177719116,43,3,40,3,11
1403637195.538299560546875,42,1,39,1,11
1403637195.588300228118896,45,1,38,4,11
1403637195.638300418853760,44,0,41,1,11
1403637195.688299417495728,46,1,39,4,11
1403637195.738299369812012,46,3,42,1,11
1403637195.788298845291138,44,0,40,1,11
1403637195.838297843933105,43,0,40,1,11
1403637195.888298034667969,44,1,39,4,11
1403637195.938297510147095,45,5,43,1,11
1403637195.988298416137695,43,1,42,0,11
1403637196.038296461105347,46,6,41,4,11
1403637196.088295459747314,47,4,44,2,11
1403637196.138294219970703,47,0,44,1,11
1403637196.188292980194092,48,1,44,3,11
1403637196.238294363021851,48,2,46,1,11
1403637196.288294553756714,49,1,46,1,11
1403637196.338296175003052,49,4,44,1,11
1403637196.388296365737915,45,2,43,0,11
1403637196.438297510147095,46,2,41,4,11
1403637196.488298892974854,48,4,45,2,11
1403637196.538300991058350,50,0,46,3,11
1403637196.588303089141846,48,4,47,0,11
1403637196.638305425643921,49,9,47,2,11
1403637196.688306093215942,49,3,47,1,11
1403637196.738306522369385,49,0,47,0,11
1403637196.788306951522827,49,8,46,1,11
1403637196.838306427001953,49,1,46,1,11
1403637196.888305664062500,48,2,45,1,11
1403637196.938306093215942,47,2,43,2,11
1403637196.988308668136597,48,9,45,2,11
1403637197.038309812545776,48,2,45,2,11
1403637197.088310480117798,47,2,42,0,11
1403637197.138311862945557,43,1,38,0,11
1403637197.188313961029053,42,2,32,5,11
1403637197.238316297531128,38,4,30,2,11
1403637197.288315773010254,31,4,23,0,11
1403637197.338316202163696,22,2,19,0,11
1403637197.388317346572876,26,3,14,8,11
1403637197.438318014144897,22,4,16,1,11
1403637197.488318443298340,25,4,15,5,11
1403637197.538321495056152,24,6,17,2,11
1403637197.588322639465332,28,2,14,7,11
1403637197.638323068618774,20,2,15,0,11
1403637197.688324689865112,14,7,11,0,11
1403637197.738324165344238,20,4,6,8,11
1403637197.788326263427734,17,7,8,1,11
1403637197.838331937789917,20,2,8,6,11
1403637197.888331413269043,19,2,14,4,11
1403637197.938333988189697,25,4,16,8,11
1403637197.988334417343140,25,2,18,2,11
1403637198.038331747055054,26,11,16,4,11
1403637198.088329792022705,25,6,19,4,11
1403637198.138328790664673,22,1,21,0,11
1403637198.188327312469482,24,0,19,4,11
1403637198.238327026367188,24,2,19,1,11
1403637198.288327217102051,35,3,18,14,11
1403637198.338328599929810,33,4,28,0,11
1403637198.388330459594727,35,2,28,4,11
1403637198.438331365585327,29,3,29,0,11
1403637198.488332509994507,33,2,27,5,11
1403637198.538332700729370,33,1,31,1,11
1403637198.588333606719971,34,6,30,3,11
1403637198.638333082199097,34,2,31,0,11
1403637198.688331127166748,40,0,30,9,11
1403637198.738329887390137,37,2,36,0,11
1403637198.788329362869263,37,1,32,1,11
1403637198.838325738906860,41,2,28,8,11
1403637198.888324737548828,39,2,33,0,11
1403637198.938323259353638,37,5,31,2,11
1403637198.988320112228394,41,4,29,11,11
1403637199.038320541381836,41,2,38,1,11
1403637199.088320732116699,42,0,36,2,11
1403637199.138322114944458,46,3,36,8,11
1403637199.188323497772217,46,3,42,1,11
1403637199.238318443298340,43,1,40,0,11
1403637199.288317680358887,43,3,40,2,11
1403637199.338316202163696,40,3,38,0,11
1403637199.388315916061401,36,3,34,0,11
1403637199.438316583633423,48,0,32,14,11
1403637199.488314867019653,47,3,44,0,11
1403637199.538316488265991,45,0,43,0,11
1403637199.588315010070801,44,11,41,3,11
1403637199.638313531875610,44,3,41,1,11
1403637199.688310623168945,48,2,40,5,11
1403637199.738311290740967,43,3,38,1,11
1403637199.788315296173096,39,5,34,0,11
1403637199.838312387466431,39,8,28,9,11
1403637199.888314008712769,35,1,35,0,11
1403637199.938312530517578,35,0,34,0,11
1403637199.988313436508179,33,5,33,0,11
1403637200.038315057754517,30,5,28,0,11
1403637200.088314771652222,25,3,24,0,11
1403637200.138316392898560,17,5,17,0,11
1403637200.188318252563477,29,3,14,13,11
1403637200.238321065902710,25,1,23,0,11
1403637200.288326740264893,23,0,21,0,11
1403637200.338330507278442,19,4,17,0,11
1403637200.388337850570679,23,3,16,6,11
1403637200.438339233398438,24,0,21,1,11
1403637200.488341808319092,21,1,18,3,11
1403637200.538341045379639,31,1,20,11,11
1403637200.588336706161499,27,3,27,0,11
1403637200.638326168060303,35,3,26,8,11
1403637200.688320159912109,34,4,33,0,11
1403637200.738315105438232,37,1,30,7,11
1403637200.788310766220093,48,3,35,12,11
1403637200.838303804397583,50,12,47,2,11
1403637200.888301134109497,48,1,47,0,11
1403637200.938297986984253,50,16,45,2,11
1403637200.988297700881958,48,2,46,0,11
1403637201.038296222686768,45,0,45,0,11
1403637201.088295698165894,45,1,45,0,11
1403637201.138296127319336,46,0,44,2,11
1403637201.188295841217041,50,33,45,4,11
1403637201.238296508789062,50,1,48,0,11
1403637201.288297891616821,48,0,44,0,11
1403637201.338300704956055,46,0,43,0,11
1403637201.388303518295288,46,0,43,3,11
1403637201.438308715820312,50,9,46,4,11
1403637201.488309383392334,50,1,50,0,11
1403637201.538310289382935,50,18,50,0,11
1403637201.588309526443481,48,1,48,0,11
1403637201.638309240341187,48,0,48,0,11
1403637201.688309431076050,48,0,48,0,11
1403637201.738309860229492,48,0,48,0,11
1403637201.788309097290039,50,29,46,2,11
1403637201.838309764862061,50,1,47,0,11
1403637201.888310432434082,49,0,47,1,11
1403637201.938310384750366,49,0,48,1,11
1403637201.988307237625122,49,0,49,0,11
1403637202.038304090499878,50,1,49,1,11
1403637202.088300466537476,50,1,50,0,11
1403637202.138295412063599,50,10,50,0,11
1403637202.188294172286987,50,1,50,0,11
1403637202.238295078277588,49,1,49,0,11
1403637202.288295984268188,49,0,49,0,11
1403637202.338296413421631,47,0,47,0,11
1403637202.388297319412231,46,9,45,0,11
1403637202.438298225402832,44,0,44,0,11
1403637202.488299846649170,45,0,44,1,11
1403637202.538302183151245,45,1,45,0,11
1403637202.588303327560425,46,1,43,1,11
1403637202.638303756713867,49,2,44,4,11
1403637202.688303709030151,48,0,48,0,11
1403637202.738305091857910,50,26,48,2,11
1403637202.788305044174194,50,1,50,0,11
1403637202.838304758071899,50,0,49,0,11
1403637202.888304471969604,50,0,49,0,11
1403637202.938303947448730,49,0,49,0,11
1403637202.988301277160645,49,14,49,0,11
1403637203.038301467895508,49,0,49,0,11
1403637203.088301420211792,49,0,49,0,11
1403637203.138301372528076,49,0,49,0,11
1403637203.188301086425781,48,0,48,0,11
1403637203.238301277160645,50,1,48,2,11
1403637203.288301467895508,50,0,50,0,11
1403637203.338299751281738,50,24,50,0,11
1403637203.388299703598022,50,1,50,0,11
1403637203.438299417495728,50,0,50,0,11
1403637203.488299369812012,50,0,50,0,11
1403637203.538299798965454,50,1,50,0,11
1403637203.588299512863159,50,11,50,0,11
1403637203.638299465179443,50,0,50,0,11
1403637203.688299417495728,50,0,50,0,11
1403637203.738299131393433,50,0,50,0,11
1403637203.788299560546875,50,0,50,0,11
1403637203.838299512863159,50,1,49,0,11
1403637203.888299465179443,50,0,49,0,11
1403637203.938300609588623,49,21,49,0,11
1403637203.988300800323486,50,0,49,1,11
1403637204.038300991058350,50,0,50,0,11
1403637204.088301181793213,50,0,50,0,11
1403637204.138301372528076,50,0,50,0,11
1403637204.188301324844360,50,10,50,0,11
1403637204.238301515579224,50,0,50,0,11
1403637204.288301706314087,50,0,50,0,11
1403637204.338301897048950,50,0,50,0,11
1403637204.388301849365234,50,0,50,0,11
1403637204.438302278518677,50,0,49,0,11
1403637204.488302469253540,50,0,49,0,11
1403637204.538303136825562,49,15,49,0,11
1403637204.588303089141846,49,0,49,0,11
1403637204.638303041458130,49,0,49,0,11
1403637204.688302993774414,49,0,49,0,11
1403637204.738302707672119,49,0,49,0,11
1403637204.788304090499878,48,3,48,0,11
1403637204.838305473327637,48,0,48,0,11
1403637204.888305425643921,48,0,48,0,11
1403637204.938307285308838,48,0,48,0,11
1403637204.988308191299438,48,0,48,0,11
1403637205.038309335708618,48,0,48,0,11
1403637205.088309049606323,48,0,48,0,11
1403637205.138309240341187,50,9,48,2,11
1403637205.188308954238892,50,0,50,0,11
1403637205.238308906555176,50,0,50,0,11
1403637205.288308858871460,50,0,50,0,11
1403637205.338308572769165,50,0,50,0,11
1403637205.388308286666870,50,3,50,0,11
1403637205.438308238983154,50,0,50,0,11
1403637205.488308191299438,50,0,50,0,11
1403637205.538308382034302,50,0,50,0,11
1403637205.588308334350586,50,0,50,0,11
1403637205.638307809829712,50,0,50,0,11
1403637205.688307285308838,50,0,50,0,11
1403637205.738306283950806,50,4,49,0,11
1403637205.788306236267090,50,0,49,0,11
1403637205.838306188583374,49,0,49,0,11
1403637205.888305902481079,49,0,49,0,11
1403637205.938305616378784,49,0,49,0,11
1403637205.988305568695068,49,0,49,0,11
1403637206.038305759429932,49,0,49,0,11
1403637206.088305473327637,49,0,49,0,11
1403637206.138305425643921,49,0,49,0,11
1403637206.188305377960205,49,0,49,0,11
1403637206.238305568695068,49,0,49,0,11
1403637206.288306236267090,49,0,49,0,11
1403637206.338306427001953,49,1,49,0,11
1403637206.388306379318237,49,0,49,0,11
1403637206.438306331634521,49,0,49,0,11
1403637206.488306045532227,49,0,49,0,11
1403637206.538306474685669,49,0,49,0,11
1403637206.588306903839111,49,0,49,0,11
1403637206.638307332992554,49,0,49,0,11
1403637206.688307046890259,49,0,49,0,11
1403637206.738307476043701,49,0,49,0,11
1403637206.788307428359985,49,0,49,0,11
1403637206.838307619094849,49,0,49,0,11
1403637206.888308048248291,49,0,49,0,11
1403637206.938306570053101,49,1,49,0,11
1403637206.988306045532227,49,0,49,0,11
1403637207.038306951522827,49,0,49,0,11
1403637207.088306903839111,49,0,49,0,11
1403637207.138307571411133,46,0,46,0,11
1403637207.188307046890259,46,0,46,0,11
1403637207.238307714462280,46,0,46,0,11
1403637207.288308620452881,46,0,46,0,11
1403637207.338309049606323,46,0,46,0,11
1403637207.388309001922607,46,0,46,0,11
1403637207.438308954238892,46,0,46,0,11
1403637207.488309383392334,46,0,46,0,11
1403637207.538309812545776,46,1,46,0,11
1403637207.588310003280640,46,0,46,0,11
1403637207.638309955596924,46,3,46,0,11
1403637207.688310146331787,46,0,46,0,11
1403637207.738310813903809,46,0,46,0,11
1403637207.788312435150146,46,0,45,0,11
1403637207.838314056396484,46,0,45,0,11
1403637207.888317108154297,45,0,45,0,11
1403637207.938319206237793,45,0,45,0,11
1403637207.988319396972656,45,0,45,0,11
1403637208.038320302963257,45,0,45,0,11
1403637208.088320970535278,45,0,45,0,11
1403637208.138320446014404,45,2,45,0,11
1403637208.188320875167847,45,0,45,0,11
1403637208.238321065902710,45,0,45,0,11
1403637208.288321018218994,45,0,45,0,11
1403637208.338321447372437,45,0,45,0,11
1403637208.388321638107300,45,0,45,0,11
1403637208.438321590423584,45,0,45,0,11
1403637208.488321781158447,45,0,44,1,11
1403637208.538321971893311,45,0,45,0,11
1403637208.588321685791016,45,0,45,0,11
1403637208.638321876525879,45,0,45,0,11
1403637208.688321590423584,45,0,45,0,11
1403637208.738322019577026,45,3,45,0,11
1403637208.788322210311890,45,0,45,0,11
1403637208.838321924209595,45,0,45,0,11
1403637208.888321876525879,45,0,45,0,11
1403637208.938321590423584,45,0,45,0,11
1403637208.988321542739868,45,0,45,0,11
1403637209.038321733474731,45,0,45,0,11
1403637209.088321685791016,45,0,45,0,11
1403637209.138322353363037,45,0,45,0,11
1403637209.188322544097900,45,0,45,0,11
1403637209.238322257995605,45,0,45,0,11
1403637209.288321971893311,45,0,45,0,11
1403637209.338321924209595,45,6,45,0,11
1403637209.388321638107300,45,0,45,0,11
1403637209.438322067260742,45,2,45,0,11
1403637209.488322973251343,45,0,45,0,11
1403637209.538323879241943,45,0,45,0,11
1403637209.588324308395386,45,0,45,0,11
1403637209.638324737548828,43,0,43,0,11
1403637209.688324928283691,43,0,43,0,11
1403637209.738325119018555,43,0,43,0,11
1403637209.788326025009155,43,0,43,0,11
1403637209.838326692581177,43,0,43,0,11
1403637209.888326883316040,43,0,43,0,11
1403637209.938326358795166,43,3,43,0,11
1403637209.988326549530029,43,0,43,0,11
1403637210.038326978683472,41,2,41,0,11
1403637210.088328123092651,40,0,40,0,11
1403637210.138329267501831,39,0,39,0,11
1403637210.188329935073853,40,3,38,2,11
1403637210.238330125808716,38,0,38,0,11
1403637210.288330316543579,35,0,35,0,11
1403637210.338330507278442,35,0,35,0,11
1403637210.388332128524780,35,0,35,0,11
1403637210.438333749771118,34,0,34,0,11
1403637210.488337993621826,34,0,34,0,11
1403637210.538346052169800,41,9,34,7,11
1403637210.588347911834717,41,0,41,0,11
1403637210.638350486755371,46,10,41,5,11
1403637210.688349723815918,46,1,46,0,11
1403637210.738347768783569,46,9,46,0,11
1403637210.788346529006958,49,14,44,3,11
1403637210.838346242904663,49,3,48,0,11
1403637210.888345003128052,47,6,46,0,11
1403637210.938345432281494,47,2,46,0,11
1403637210.988345146179199,49,7,46,3,11
1403637211.038345098495483,47,3,47,0,11
1403637211.088345050811768,46,4,45,0,11
1403637211.138347387313843,49,16,44,3,11
1403637211.188348293304443,47,3,45,0,11
1403637211.238351583480835,49,12,45,3,11
1403637211.288352489471436,48,0,47,0,11
1403637211.338352680206299,45,1,44,0,11
1403637211.388353586196899,45,5,42,1,11
1403637211.438354730606079,43,0,41,0,11
1403637211.488356113433838,43,0,40,1,11
1403637211.538359642028809,40,2,38,0,11
1403637211.588361978530884,42,3,36,2,11
1403637211.638362646102905,38,0,36,0,11
1403637211.688364028930664,34,1,34,0,11
1403637211.738365650177002,41,2,33,7,11
1403637211.788366079330444,38,3,38,0,11
1403637211.838362932205200,48,5,37,11,11
1403637211.888362407684326,47,1,43,0,11
1403637211.938361406326294,42,0,40,0,11
1403637211.988360643386841,42,2,37,3,11
1403637212.038360595703125,41,1,37,1,11
1403637212.088360071182251,39,1,38,0,11
1403637212.138361215591431,36,2,35,1,11
1403637212.188358783721924,39,3,32,7,11
1403637212.238359212875366,37,1,36,0,11
1403637212.288359880447388,38,2,35,1,11
1403637212.338359594345093,37,0,33,1,11
1403637212.388359069824219,33,2,32,0,11
1403637212.438358306884766,39,1,28,8,11
1403637212.488357543945312,36,3,32,0,11
1403637212.538357019424438,33,0,31,2,11
1403637212.588356971740723,37,3,33,4,11
1403637212.638356447219849,39,2,35,3,11
1403637212.688355445861816,38,1,34,2,11
1403637212.738354921340942,38,0,35,1,11
1403637212.788352966308594,43,1,34,7,11
1403637212.838352680206299,38,1,36,0,11
1403637212.888351440429688,34,1,30,0,11
1403637212.938349962234497,34,2,29,1,11
1403637212.988349437713623,30,2,28,0,11
1403637213.038347005844116,31,2,27,2,11
1403637213.088345766067505,30,0,25,3,11
1403637213.138344287872314,29,2,28,0,11
1403637213.188344001770020,30,3,26,3,11
1403637213.238343954086304,30,0,27,0,11
1403637213.288343667984009,28,5,25,0,11
1403637213.338343620300293,25,1,22,1,11
1403637213.388343334197998,26,2,22,2,11
1403637213.438343524932861,29,4,22,6,11
1403637213.488343238830566,30,2,26,4,11
1403637213.538343667984009,33,2,30,3,11
1403637213.588343143463135,34,3,31,3,11
1403637213.638342142105103,33,0,30,2,11
1403637213.688340902328491,33,4,31,0,11
1403637213.738340377807617,31,3,30,0,11
1403637213.788339853286743,27,0,27,0,11
1403637213.838337898254395,28,6,24,1,11
1403637213.888338804244995,31,0,25,3,11
1403637213.938338994979858,28,1,28,0,11
1403637213.988340377807617,28,1,26,0,11
1403637214.038341522216797,30,4,26,2,11
1403637214.088342666625977,29,0,28,1,11
1403637214.138343095779419,28,4,27,1,11
1403637214.188343286514282,30,1,28,2,11
1403637214.238342523574829,30,1,29,1,11
1403637214.288341999053955,30,0,28,1,11
1403637214.338341474533081,32,0,27,2,11
1403637214.388340950012207,32,4,25,3,11
1403637214.438340902328491,31,6,25,3,11
1403637214.488342285156250,29,1,27,1,11
1403637214.538343191146851,30,0,23,5,11
1403637214.588343143463135,32,1,25,2,11
1403637214.638342380523682,31,3,25,1,11
1403637214.688343048095703,28,1,23,2,11
1403637214.738344430923462,33,0,21,9,11
1403637214.788344860076904,32,0,30,0,11
1403637214.838344097137451,37,0,27,7,11
1403637214.888343334197998,38,0,33,1,11
1403637214.938342332839966,42,1,33,8,11
1403637214.988342046737671,42,0,40,1,11
1403637215.038341045379639,46,8,41,4,11
1403637215.088340997695923,47,1,43,1,11
1403637215.138340950012207,47,1,44,2,11
1403637215.188341140747070,49,1,44,3,11
1403637215.238342046737671,48,2,45,0,11
1403637215.288342952728271,45,6,41,1,11
1403637215.338343620300293,48,0,42,4,11
1403637215.388344287872314,47,2,45,1,11
1403637215.438344001770020,49,1,45,2,11
1403637215.488342046737671,47,0,44,0,11
1403637215.538342475891113,46,3,41,1,11
1403637215.588342905044556,43,1,39,0,11
1403637215.638343334197998,45,7,39,4,11
1403637215.688344240188599,42,1,40,0,11
1403637215.738346338272095,45,0,38,3,11
1403637215.788349628448486,45,10,37,5,11
1403637215.838351011276245,42,1,40,0,11
1403637215.888353109359741,47,0,40,7,11
1403637215.938354015350342,46,0,44,1,11
1403637215.988354682922363,46,3,43,0,11
1403637216.038355112075806,45,0,43,0,11
1403637216.088353872299194,43,1,42,0,11
1403637216.138354539871216,42,8,34,7,11
1403637216.188353776931763,41,1,38,1,11
1403637216.238352537155151,45,2,36,4,11
1403637216.288352966308594,43,1,38,1,11
1403637216.338351249694824,38,1,36,0,11
1403637216.388351917266846,44,0,33,7,11
1403637216.438350439071655,48,12,38,6,11
1403637216.488350152969360,45,3,42,0,11
1403637216.538350105285645,44,1,41,0,11
1403637216.588350296020508,42,2,41,0,11
1403637216.638350486755371,41,0,41,0,11
1403637216.688350677490234,43,2,40,2,11
1403637216.738350868225098,50,0,41,7,11
1403637216.788352012634277,49,18,47,0,11
1403637216.838352441787720,49,0,47,1,11
1403637216.888352155685425,48,1,48,0,11
1403637216.938352108001709,49,0,48,1,11
1403637216.988352298736572,49,2,49,0,11
1403637217.038352966308594,50,10,49,1,11
1403637217.088351249694824,50,1,50,0,11
1403637217.138350248336792,50,1,50,0,11
1403637217.188349008560181,50,1,50,0,11
1403637217.238347053527832,50,7,49,0,11
1403637217.288346290588379,50,15,49,0,11
1403637217.338345527648926,49,0,49,0,11
1403637217.388345003128052,50,15,49,1,11
1403637217.438344955444336,49,3,49,0,11
1403637217.488343954086304,50,2,49,1,11
1403637217.538343429565430,49,0,48,0,11
1403637217.588342666625977,49,0,48,0,11
1403637217.638342380523682,49,8,48,1,11
1403637217.688340902328491,49,0,47,0,11
1403637217.738339900970459,50,0,48,1,11
1403637217.788338899612427,49,2,48,0,11
1403637217.838336706161499,48,3,46,1,11
1403637217.888329744338989,49,12,47,2,11
1403637217.938328504562378,48,0,48,0,11
1403637217.988325834274292,50,13,47,2,11
1403637218.038326740264893,50,1,50,0,11
1403637218.088325262069702,48,0,46,0,11
1403637218.138324022293091,47,2,45,0,11
1403637218.188321828842163,44,3,42,0,11
1403637218.238321304321289,48,3,42,5,11
1403637218.288321733474731,46,0,44,1,11
1403637218.338321924209595,46,1,45,0,11
1403637218.388323068618774,46,3,45,1,11
1403637218.438322544097900,46,0,43,1,11
1403637218.488325834274292,48,31,46,2,11
1403637218.538326025009155,50,2,47,2,11
1403637218.588324785232544,50,10,48,0,11
1403637218.638324260711670,48,1,46,0,11
1403637218.688323974609375,47,0,46,0,11
1403637218.738323926925659,45,0,45,0,11
1403637218.788323879241943,45,0,44,1,11
1403637218.838323831558228,48,2,42,3,11
1403637218.888323783874512,48,1,43,1,11
1403637218.938323497772217,44,1,44,0,11
1403637218.988324165344238,44,1,43,0,11
1403637219.038324594497681,44,0,42,0,11
1403637219.088325738906860,48,22,39,5,11
1403637219.138327121734619,47,1,44,1,11
1403637219.188327550888062,46,2,45,1,11
1403637219.238327741622925,46,0,45,1,11
1403637219.288328886032104,47,1,44,1,11
1403637219.338329315185547,48,2,44,1,11
1403637219.388329267501831,45,1,42,0,11
1403637219.438328504562378,43,2,41,0,11
1403637219.488325357437134,40,2,38,0,11
1403637219.538322687149048,40,2,35,1,11
1403637219.588319778442383,38,2,34,0,11
1403637219.638320207595825,36,0,34,1,11
1403637219.688320398330688,46,1,34,11,11
1403637219.738323211669922,47,19,44,1,11
1403637219.788323402404785,48,1,43,2,11
1403637219.838326692581177,46,0,43,0,11
1403637219.888328552246094,44,0,43,0,11
1403637219.938328742980957,43,0,43,0,11
1403637219.988331556320190,44,0,42,1,11
1403637220.038332939147949,42,0,40,0,11
1403637220.088332891464233,42,0,40,1,11
1403637220.138331651687622,41,3,40,1,11
1403637220.188331842422485,41,2,40,0,11
1403637220.238332033157349,43,1,38,2,11
1403637220.288331985473633,43,3,39,1,11
1403637220.338331460952759,45,13,39,4,11
1403637220.388331174850464,45,1,43,1,11
1403637220.438330888748169,44,0,42,1,11
1403637220.488330602645874,45,0,43,1,11
1403637220.538330078125000,47,38,44,3,11
1403637220.588329553604126,49,10,47,2,11
1403637220.638329744338989,49,0,48,0,11
1403637220.688329696655273,49,0,47,0,11
1403637220.738330125808716,49,1,46,1,11
1403637220.788330316543579,48,0,47,0,11
1403637220.838330268859863,47,3,46,0,11
1403637220.888330936431885,48,3,45,1,11
1403637220.938331842422485,47,7,46,0,11
1403637220.988332748413086,46,3,46,0,11
1403637221.038333654403687,47,0,46,1,11
1403637221.088335037231445,47,3,47,0,11
1403637221.138336896896362,49,31,46,3,11
1403637221.188338041305542,49,2,49,0,11
1403637221.238338708877563,49,0,49,0,11
1403637221.288339376449585,49,0,48,0,11
1403637221.338339805603027,49,1,48,0,11
1403637221.388339042663574,48,2,47,0,11
1403637221.438338756561279,49,0,47,1,11
1403637221.488338232040405,48,0,47,0,11
1403637221.538336992263794,48,7,47,0,11
1403637221.588336467742920,47,2,47,0,11
1403637221.638335704803467,46,0,44,0,11
1403637221.688334941864014,46,0,44,0,11
1403637221.738333940505981,48,15,43,4,11
1403637221.788333892822266,50,0,47,2,11
1403637221.838333845138550,49,0,49,0,11
1403637221.888334035873413,49,0,49,0,11
1403637221.938334465026855,48,0,46,0,11
1403637221.988335609436035,49,2,46,1,11
1403637222.038337230682373,47,0,47,0,11
1403637222.088337659835815,47,0,47,0,11
1403637222.138337850570679,48,8,46,1,11
1403637222.188338756561279,48,1,45,0,11
1403637222.238337993621826,47,0,43,0,11
1403637222.288337945938110,45,0,44,0,11
1403637222.338334083557129,46,13,44,2,11
1403637222.388332843780518,45,0,45,0,11
1403637222.438331365585327,45,0,45,0,11
1403637222.488330841064453,45,0,44,0,11
1403637222.538331031799316,44,0,43,0,11
1403637222.588331699371338,45,0,43,1,11
1403637222.638333797454834,44,0,44,0,11
1403637222.688333749771118,44,0,44,0,11
1403637222.738336324691772,45,1,44,1,11
1403637222.788339376449585,44,0,44,0,11
1403637222.838340282440186,43,0,43,0,11
1403637222.888341903686523,43,0,43,0,11
1403637222.938344478607178,45,3,43,2,11
1403637222.988344430923462,45,0,44,0,11
1403637223.038343906402588,44,0,42,0,11
1403637223.088343620300293,43,0,42,0,11
1403637223.138342857360840,41,0,41,0,11
1403637223.188341379165649,41,0,41,0,11
1403637223.238340616226196,41,0,41,0,11
1403637223.288340091705322,41,0,41,0,11
1403637223.338340282440186,40,1,40,0,11
1403637223.388339996337891,39,0,39,0,11
1403637223.438339948654175,39,0,39,0,11
1403637223.488340139389038,40,1,39,1,11
1403637223.538341045379639,43,1,40,3,11
1403637223.588339328765869,46,10,42,3,11
1403637223.638339281082153,46,0,45,0,11
1403637223.688340187072754,46,0,45,1,11
1403637223.738340377807617,47,0,46,1,11
1403637223.788340568542480,47,0,47,0,11
1403637223.838340997695923,47,0,47,0,11
1403637223.888341426849365,46,0,46,0,11
1403637223.938341617584229,46,0,46,0,11
1403637223.988342046737671,46,0,46,0,11
1403637224.038342475891113,46,0,46,0,11
1403637224.088342428207397,46,0,46,0,11
1403637224.138343811035156,46,8,46,0,11
1403637224.188343763351440,47,5,46,1,11
1403637224.238343954086304,47,0,47,0,11
1403637224.288344383239746,47,0,47,0,11
1403637224.338344335556030,47,0,47,0,11
1403637224.388344287872314,47,0,47,0,11
1403637224.438344001770020,47,0,47,0,11
1403637224.488343954086304,47,0,47,0,11
1403637224.538343906402588,47,0,47,0,11
1403637224.588343858718872,47,0,47,0,11
1403637224.638343095779419,47,0,47,0,11
1403637224.688342571258545,47,0,47,0,11
1403637224.738342761993408,48,2,47,1,11
1403637224.788342714309692,48,3,48,0,11
1403637224.838343143463135,48,0,48,0,11
1403637224.888343095779419,48,0,48,0,11
1403637224.938342809677124,48,0,48,0,11
1403637224.988342761993408,48,0,48,0,11
1403637225.038342952728271,48,0,46,0,11
1403637225.088343143463135,48,0,46,0,11
1403637225.138343334197998,48,0,46,2,11
1403637225.188343286514282,47,0,47,0,11
1403637225.238343477249146,47,0,46,0,11
1403637225.288344860076904,47,0,46,0,11
1403637225.338344573974609,47,1,46,1,11
1403637225.388344526290894,47,5,47,0,11
1403637225.438344478607178,47,0,47,0,11
1403637225.488344430923462,47,0,46,1,11
1403637225.538344860076904,47,0,47,0,11
1403637225.588345050811768,47,0,46,0,11
1403637225.638345479965210,47,0,46,0,11
1403637225.688345432281494,46,0,45,0,11
1403637225.738345623016357,46,0,45,0,11
1403637225.788345813751221,45,0,45,0,11
1403637225.838345527648926,45,0,45,0,11
1403637225.888344049453735,45,0,44,0,11
1403637225.938341379165649,45,2,44,0,11
1403637225.988336324691772,46,6,44,2,11
1403637226.038335800170898,46,0,44,0,11
1403637226.088335275650024,46,0,42,0,11
1403637226.138335227966309,46,0,41,2,11
1403637226.188334226608276,45,0,42,1,11
1403637226.238336324691772,45,0,42,1,11
1403637226.288339138031006,46,0,43,2,11
1403637226.338343620300293,45,1,45,0,11
1403637226.388345956802368,46,0,44,1,11
1403637226.438348054885864,46,0,45,0,11
1403637226.488349914550781,45,0,45,0,11
1403637226.538354635238647,46,6,43,1,11
1403637226.588356733322144,46,5,44,0,11
1403637226.638355970382690,44,0,44,0,11
1403637226.688355922698975,44,0,43,0,11
1403637226.738355875015259,44,0,42,0,11
1403637226.788355827331543,43,0,40,0,11
1403637226.838355541229248,42,0,38,0,11
1403637226.888356208801270,41,0,37,1,11
1403637226.938356637954712,41,1,37,2,11
1403637226.988357305526733,40,0,38,0,11
1403637227.038357973098755,39,0,38,0,11
1403637227.088358879089355,38,0,38,0,11
1403637227.138361215591431,43,8,38,5,11
1403637227.188360691070557,46,2,43,3,11
1403637227.238359451293945,46,0,45,0,11
1403637227.288358211517334,46,0,45,0,11
1403637227.338357686996460,45,1,45,0,11
1403637227.388356924057007,45,0,44,1,11
1403637227.438355445861816,46,0,42,1,11
1403637227.488354921340942,46,0,43,0,11
1403637227.538353443145752,44,0,42,1,11
1403637227.588353872299194,44,0,41,0,11
1403637227.638353109359741,44,0,40,1,11
1403637227.688353061676025,44,0,41,2,11
1403637227.738351821899414,46,1,43,3,11
1403637227.788352012634277,47,1,45,1,11
1403637227.838353395462036,47,0,46,0,11
1403637227.888355493545532,47,0,46,1,11
1403637227.938355684280396,46,0,45,0,11
1403637227.988356113433838,46,0,45,0,11
1403637228.038355588912964,46,0,45,1,11
1403637228.088355541229248,46,0,45,0,11
1403637228.138355255126953,46,0,42,0,11
1403637228.188354015350342,46,0,40,1,11
1403637228.238353729248047,43,0,40,0,11
1403637228.288353204727173,42,0,40,1,11
1403637228.338352918624878,41,0,41,0,11
1403637228.388352394104004,43,0,41,2,11
1403637228.438352346420288,43,0,43,0,11
1403637228.488352060317993,43,0,43,0,11
1403637228.538352251052856,43,0,43,0,11
1403637228.588351964950562,43,0,43,0,11
1403637228.638351678848267,43,0,43,0,11
1403637228.688351869583130,43,0,43,0,11
1403637228.738352298736572,43,0,42,0,11
1403637228.788352727890015,43,0,41,0,11
1403637228.838352918624878,42,0,41,0,11
1403637228.888352870941162,43,0,41,2,11
1403637228.938352823257446,43,0,42,0,11
1403637228.988352775573730,43,0,41,0,11
1403637229.038352966308594,42,0,40,0,11
1403637229.088353395462036,41,0,40,0,11
1403637229.138353347778320,41,0,40,1,11
1403637229.188353300094604,41,0,40,0,11
1403637229.238353252410889,41,0,39,0,11
1403637229.288353204727173,40,0,38,0,11
1403637229.338353395462036,40,1,37,1,11
1403637229.388353586196899,40,0,38,1,11
1403637229.438353776931763,41,1,38,3,11
1403637229.488353967666626,41,0,39,0,11
1403637229.538354635238647,42,0,39,1,11
1403637229.588354349136353,42,0,39,2,11
1403637229.638353586196899,43,0,39,1,11
1403637229.688352823257446,43,0,41,1,11
1403637229.738352537155151,43,0,40,1,11
1403637229.788353681564331,41,0,39,0,11
1403637229.838353872299194,41,0,37,1,11
1403637229.888353586196899,41,0,36,1,11
1403637229.938353061676025,39,1,36,1,11
1403637229.988352775573730,37,0,34,0,11
1403637230.038352727890015,36,0,34,0,11
1403637230.088352203369141,35,0,34,1,11
1403637230.138352394104004,35,0,34,0,11
1403637230.188353061676025,35,0,34,0,11
1403637230.238354206085205,35,0,34,1,11
1403637230.288356065750122,35,0,35,0,11
1403637230.338357686996460,36,0,35,1,11
1403637230.388359308242798,37,0,36,1,11
1403637230.438360929489136,36,0,36,0,11
1403637230.488362789154053,36,0,36,0,11
1403637230.538364171981812,36,0,35,0,11
1403637230.588364839553833,35,0,34,0,11
1403637230.638365030288696,34,1,33,1,11
1403637230.688364505767822,34,0,32,0,11
1403637230.738365888595581,37,5,31,3,11
1403637230.788366794586182,36,0,30,1,11
1403637230.838367700576782,35,0,30,1,11
1403637230.888368368148804,31,0,28,2,11
1403637230.938368320465088,31,0,28,1,11
1403637230.988368034362793,29,0,28,0,11
1403637231.038368701934814,27,1,26,0,11
1403637231.088369131088257,23,0,23,0,11
1403637231.138370990753174,22,0,21,1,11
1403637231.188372135162354,21,0,20,0,11
1403637231.238373994827271,19,0,18,0,11
1403637231.288375377655029,19,0,18,0,11
1403637231.338376522064209,15,2,12,3,11
1403637231.388376951217651,12,1,11,0,11
1403637231.438377380371094,6,0,6,0,11
1403637231.488377332687378,6,0,5,0,11
1403637231.538377523422241,5,0,4,0,11
1403637231.588377714157104,4,2,4,0,11
1403637231.638377666473389,3,0,3,0,11
1403637231.688377618789673,3,0,3,0,11
1403637231.738377571105957,3,0,3,0,11
1403637231.788378000259399,3,1,3,0,11
1403637231.838378906250000,24,1,3,21,11
1403637231.888377904891968,32,4,24,8,11
1403637231.938375949859619,48,6,29,18,11
1403637231.988375902175903,42,1,41,0,11
1403637232.038373231887817,38,0,32,0,11
1403637232.088369607925415,40,0,32,5,11
1403637232.138369083404541,33,0,31,0,11
1403637232.188368320465088,32,0,30,0,11
1403637232.238369226455688,36,0,28,7,11
1403637232.288370609283447,33,1,33,0,11
1403637232.338371276855469,31,1,31,0,11
1403637232.388371467590332,31,0,31,0,11
1403637232.438372135162354,33,1,29,3,11
1403637232.488372802734375,29,1,28,0,11
1403637232.538372039794922,33,1,27,6,11
1403637232.588370561599731,33,0,33,0,11
1403637232.638369083404541,32,0,32,0,11
1403637232.688367605209351,36,0,31,5,11
1403637232.738366603851318,35,0,35,0,11
1403637232.788365364074707,35,0,35,0,11
1403637232.838363647460938,48,1,34,13,11
1403637232.888363838195801,45,1,43,0,11
1403637232.938364028930664,43,6,42,0,11
1403637232.988364696502686,42,0,40,0,11
1403637233.038366079330444,45,0,38,5,11
1403637233.088366508483887,43,3,43,0,11
1403637233.138368368148804,49,9,42,6,11
1403637233.188369035720825,49,2,48,0,11
1403637233.238368511199951,48,2,48,0,11
1403637233.288368225097656,48,0,47,1,11
1403637233.338369607925415,49,5,47,1,11
1403637233.388369798660278,48,4,46,0,11
1403637233.438369274139404,48,1,46,1,11
1403637233.488368034362793,47,1,46,0,11
1403637233.538366317749023,48,17,45,1,11
1403637233.588363409042358,41,1,40,0,11
1403637233.638360500335693,37,1,36,0,11
1403637233.688355922698975,40,2,35,5,11
1403637233.738351821899414,47,4,36,9,11
1403637233.788352489471436,47,2,43,0,11
1403637233.838353395462036,45,1,43,0,11
1403637233.888355016708374,42,4,42,0,11
1403637233.938359022140503,43,0,40,1,11
1403637233.988360404968262,43,1,38,0,11
1403637234.038361549377441,43,3,37,4,11
1403637234.088361501693726,40,1,39,0,11
1403637234.138362884521484,46,1,38,6,11
1403637234.188362836837769,46,3,42,2,11
1403637234.238362550735474,44,0,41,0,11
1403637234.288363218307495,44,3,37,6,11
1403637234.338362455368042,48,3,42,5,11
1403637234.388361692428589,44,1,43,0,11
1403637234.438361644744873,49,7,43,6,11
1403637234.488361358642578,50,2,47,1,11
1403637234.538362503051758,50,6,45,0,11
1403637234.588362455368042,48,3,44,0,11
1403637234.638362407684326,46,3,43,1,11
1403637234.688362836837769,46,1,43,2,11
1403637234.738363265991211,43,1,41,0,11
1403637234.788363695144653,43,3,39,1,11
1403637234.838362693786621,42,3,37,1,11
1403637234.888363122940063,41,3,32,4,11
1403637234.938364505767822,43,0,30,7,11
1403637234.988363981246948,37,0,31,1,11
1403637235.038365364074707,37,1,30,4,11
1403637235.088364601135254,35,0,29,0,11
1403637235.138366460800171,37,2,26,5,11
1403637235.188364267349243,34,1,28,4,11
1403637235.238363027572632,33,0,30,1,11
1403637235.288361787796021,33,3,30,1,11
1403637235.338357448577881,43,0,28,12,11
1403637235.388357400894165,42,2,38,0,11
1403637235.438358783721924,45,0,37,5,11
1403637235.488358020782471,42,3,39,0,11
1403637235.538355350494385,48,3,39,7,11
1403637235.588353872299194,47,4,46,1,11
1403637235.638350009918213,49,0,44,2,11
1403637235.688345193862915,50,8,46,1,11
1403637235.738342046737671,46,4,45,0,11
1403637235.788343191146851,47,3,43,2,11
1403637235.838343143463135,43,4,42,0,11
1403637235.888342618942261,46,2,39,7,11
1403637235.938343763351440,41,0,37,0,11
1403637235.988345146179199,39,3,36,0,11
1403637236.038347482681274,34,2,32,1,11
1403637236.088349103927612,34,1,32,0,11
1403637236.138348817825317,36,3,26,6,11
1403637236.188349962234497,37,4,30,4,11
1403637236.238349914550781,33,2,31,1,11
1403637236.288351297378540,32,4,29,2,11
1403637236.338353633880615,38,1,28,8,11
1403637236.388351440429688,35,2,29,0,11
1403637236.438350677490234,32,2,26,3,11
1403637236.488349199295044,27,5,24,0,11
1403637236.538352251052856,32,7,21,6,11
1403637236.588353395462036,26,1,24,0,11
1403637236.638356685638428,30,2,24,5,11
1403637236.688357591629028,28,5,25,0,11
1403637236.738362073898315,33,4,24,6,11
1403637236.788362741470337,27,7,26,0,11
1403637236.838364839553833,31,4,24,6,11
1403637236.888365745544434,28,2,27,0,11
1403637236.938367366790771,26,3,23,0,11
1403637236.988370418548584,39,6,20,18,11
1403637237.038370609283447,38,4,35,0,11
1403637237.088370800018311,34,10,31,1,11
1403637237.138370513916016,33,2,28,5,11
1403637237.188369274139404,36,4,32,4,11
1403637237.238367319107056,32,1,30,0,11
1403637237.288366556167603,34,2,29,3,11
1403637237.338366031646729,34,1,31,1,11
1403637237.388365030288696,42,1,30,9,11
1403637237.438365221023560,42,0,37,1,11
1403637237.488368034362793,47,4,34,8,11
1403637237.538368463516235,43,3,39,0,11
1403637237.588367938995361,41,1,36,1,11
1403637237.638364791870117,47,6,35,8,11
1403637237.688361644744873,43,4,42,0,11
1403637237.738357067108154,49,7,40,7,11
1403637237.788357734680176,47,2,45,0,11
1403637237.838361740112305,45,1,45,0,11
1403637237.888362884521484,49,5,45,4,11
1403637237.938366413116455,50,11,49,1,11
1403637237.988367080688477,50,0,49,0,11
1403637238.038367509841919,49,0,48,0,11
1403637238.088368177413940,48,2,48,0,11
1403637238.138367652893066,50,0,48,2,11
1403637238.188366889953613,50,18,50,0,11
1403637238.238366365432739,50,0,50,0,11
1403637238.288364887237549,50,3,50,0,11
1403637238.338363170623779,50,2,49,0,11
1403637238.388362884521484,50,1,45,0,11
1403637238.438362360000610,48,2,44,0,11
1403637238.488361120223999,46,1,44,2,11
1403637238.538362026214600,49,5,44,4,11
1403637238.588360786437988,49,2,48,0,11
1403637238.638359069824219,48,0,47,0,11
1403637238.688357114791870,48,3,46,0,11
1403637238.738356113433838,45,1,44,0,11
1403637238.788352489471436,45,13,39,3,11
1403637238.838350057601929,44,0,38,1,11
1403637238.888349056243896,47,16,37,6,11
1403637238.938348293304443,46,0,42,2,11
1403637238.988347530364990,43,0,42,1,11
1403637239.038347244262695,45,0,41,2,11
1403637239.088347434997559,49,1,42,5,11
1403637239.138350009918213,48,3,47,1,11
1403637239.188350439071655,46,1,46,0,11
1403637239.238349676132202,46,0,46,0,11
1403637239.288348197937012,47,3,44,2,11
1403637239.338347196578979,46,3,45,1,11
1403637239.388347864151001,50,15,45,4,11
1403637239.438347101211548,45,6,44,0,11
1403637239.488349914550781,47,8,42,4,11
1403637239.538350105285645,47,4,45,2,11
1403637239.588350772857666,47,5,46,1,11
1403637239.638352155685425,44,9,44,0,11
1403637239.688351631164551,41,3,41,0,11
1403637239.738353252410889,47,24,38,9,11
1403637239.788352966308594,37,0,36,0,11
1403637239.838352441787720,33,0,30,0,11
1403637239.888351917266846,28,2,24,1,11
1403637239.938351392745972,23,2,19,0,11
1403637239.988351106643677,21,3,20,0,11
1403637240.038351297378540,16,1,15,0,11
1403637240.088350534439087,18,1,11,4,11
1403637240.138349533081055,15,4,13,0,11
1403637240.188348531723022,12,3,10,0,11
1403637240.238353729248047,30,3,9,21,11
1403637240.288354873657227,29,8,26,0,11
1403637240.338352680206299,39,4,22,13,11
1403637240.388353824615479,34,1,30,0,11
1403637240.438359022140503,37,10,28,5,11
1403637240.488359212875366,31,1,27,0,11
1403637240.538358211517334,28,0,26,0,11
1403637240.588356971740723,40,1,26,14,11
1403637240.638354778289795,38,0,37,0,11
1403637240.688353538513184,37,1,36,0,11
1403637240.738353252410889,34,1,33,0,11
1403637240.788353681564331,40,2,31,8,11
1403637240.838351964950562,35,2,35,0,11
1403637240.888352870941162,41,1,33,8,11
1403637240.938352346420288,39,0,38,0,11
1403637240.988353252410889,43,1,37,5,11
1403637241.038355588912964,42,1,40,2,11
1403637241.088357686996460,45,3,42,3,11
1403637241.138360023498535,45,2,43,1,11
1403637241.188364505767822,47,15,42,3,11
1403637241.238365650177002,46,0,43,0,11
1403637241.288366556167603,43,0,41,0,11
1403637241.338367700576782,39,2,38,0,11
1403637241.388368606567383,36,0,35,0,11
1403637241.438369274139404,34,0,34,0,11
1403637241.488370418548584,33,0,31,0,11
1403637241.538372755050659,41,2,29,10,11
1403637241.588373184204102,40,2,37,2,11
1403637241.638373851776123,37,3,35,0,11
1403637241.688374757766724,37,2,30,2,11
1403637241.738375663757324,31,1,27,1,11
1403637241.788376331329346,41,3,24,13,11
1403637241.838378906250000,37,4,32,0,11
1403637241.888380527496338,34,2,33,0,11
1403637241.938380002975464,34,0,32,2,11
1403637241.988380432128906,34,3,31,0,11
1403637242.038380861282349,34,1,29,0,11
1403637242.088379621505737,34,1,28,4,11
1403637242.138377904891968,32,0,31,0,11
1403637242.188376426696777,33,0,28,1,11
1403637242.238376617431641,31,1,28,0,11
1403637242.288377285003662,32,0,26,4,11
1403637242.338376045227051,37,0,28,7,11
1403637242.388376951217651,38,2,35,2,11
1403637242.438376903533936,37,0,35,1,11
1403637242.488377332687378,37,2,36,1,11
1403637242.538378715515137,37,0,35,1,11
1403637242.588381052017212,42,2,36,5,11
1403637242.638382911682129,43,1,41,2,11
1403637242.688384532928467,44,1,42,2,11
1403637242.738385677337646,44,1,44,0,11
1403637242.788387537002563,43,0,42,0,11
1403637242.838390111923218,41,1,39,1,11
1403637242.888390779495239,42,0,39,2,11
1403637242.938390970230103,43,1,39,2,11
1403637242.988390207290649,42,1,39,1,11
1403637243.038389682769775,42,1,39,1,11
1403637243.088389635086060,43,0,40,2,11
1403637243.138387680053711,43,0,41,1,11
1403637243.188387155532837,47,1,40,4,11
1403637243.238385915756226,46,1,42,0,11
1403637243.288386106491089,47,2,41,4,11
1403637243.338387727737427,50,4,44,4,11
1403637243.388387203216553,47,4,47,0,11
1403637243.438386201858521,50,3,46,3,11
1403637243.488386392593384,49,5,47,0,11
1403637243.538386583328247,48,0,45,1,11
1403637243.588385581970215,48,12,46,1,11
1403637243.638386011123657,49,0,45,2,11
1403637243.688386201858521,49,2,41,1,11
1403637243.738386154174805,47,2,42,1,11
1403637243.788386106491089,43,0,42,0,11
1403637243.838385820388794,39,3,35,0,11
1403637243.888385772705078,39,0,35,1,11
1403637243.938385725021362,39,2,34,5,11
1403637243.988386154174805,48,3,39,9,11
1403637244.038386106491089,50,0,47,2,11
1403637244.088385820388794,49,4,46,0,11
1403637244.138386011123657,48,1,46,0,11
1403637244.188385963439941,47,8,45,2,11
1403637244.238386154174805,47,1,47,0,11
1403637244.288386106491089,47,0,46,0,11
1403637244.338384389877319,50,7,44,3,11
1403637244.388383388519287,49,2,48,0,11
1403637244.438383340835571,48,2,46,1,11
1403637244.488382339477539,47,0,45,0,11
1403637244.538382530212402,47,0,43,0,11
1403637244.588381767272949,46,22,42,2,11
1403637244.638380765914917,44,0,41,1,11
1403637244.688380002975464,45,0,41,2,11
1403637244.738379240036011,43,0,41,0,11
1403637244.788378715515137,47,1,40,5,11
1403637244.838378667831421,45,0,44,1,11
1403637244.888378143310547,43,0,43,0,11
1403637244.938377857208252,48,3,43,5,11
1403637244.988377809524536,49,1,47,1,11
1403637245.038376569747925,50,0,48,1,11
1403637245.088375568389893,48,2,47,0,11
1403637245.138376235961914,46,1,46,0,11
1403637245.188376665115356,49,15,43,4,11
1403637245.238376617431641,50,2,47,1,11
1403637245.288373231887817,48,17,45,0,11
1403637245.338372468948364,49,0,45,2,11
1403637245.388372659683228,48,3,46,1,11
1403637245.438372611999512,48,0,41,1,11
1403637245.488373041152954,46,0,40,0,11
1403637245.538372993469238,44,1,39,3,11
1403637245.588374137878418,42,0,40,0,11
1403637245.638374090194702,41,1,40,0,11
1403637245.688374042510986,40,5,38,1,11
1403637245.738373517990112,38,1,31,0,11
1403637245.788372278213501,45,1,30,9,11
1403637245.838371992111206,40,8,35,1,11
1403637245.888373374938965,48,7,33,10,11
1403637245.938373804092407,37,3,36,0,11
1403637245.988373517990112,38,0,34,3,11
1403637246.038373708724976,37,2,34,0,11
1403637246.088373899459839,30,3,29,0,11
1403637246.138374805450439,29,2,27,2,11
1403637246.188375234603882,27,3,27,0,11
1403637246.238375425338745,26,1,25,1,11
1403637246.288376569747925,26,3,22,0,11
1403637246.338375568389893,31,1,18,7,11
1403637246.388375759124756,28,2,24,0,11
1403637246.438373804092407,33,1,23,9,11
1403637246.488374233245850,46,1,28,15,11
1403637246.538375139236450,45,0,40,0,11
1403637246.588374853134155,41,0,36,0,11
1403637246.638375997543335,34,1,29,0,11
1403637246.688376188278198,42,2,24,13,11
1403637246.738376379013062,39,2,35,0,11
1403637246.788376331329346,30,0,29,0,11
1403637246.838376522064209,27,0,27,0,11
1403637246.888376951217651,33,0,24,8,11
1403637246.938377380371094,34,0,30,3,11
1403637246.988377809524536,32,1,32,0,11
1403637247.038379430770874,33,0,32,1,11
1403637247.088381290435791,40,0,30,8,11
1403637247.138381958007812,40,1,38,0,11
1403637247.188382148742676,38,0,38,0,11
1403637247.238384723663330,42,1,37,4,11
1403637247.288385868072510,49,1,41,7,11
1403637247.338386774063110,49,5,47,1,11
1403637247.388386249542236,49,1,48,0,11
1403637247.438385009765625,46,12,45,0,11
1403637247.488385200500488,47,0,42,2,11
1403637247.538387060165405,46,0,43,0,11
1403637247.588388681411743,44,0,43,0,11
1403637247.638389587402344,43,0,43,0,11
1403637247.688392162322998,50,2,43,7,11
1403637247.738392353057861,49,0,49,0,11
1403637247.788393735885620,50,3,48,1,11
1403637247.838394403457642,48,0,47,0,11
1403637247.888395547866821,48,2,46,2,11
1403637247.938396215438843,49,3,48,1,11
1403637247.988396644592285,47,7,45,1,11
1403637248.038396120071411,48,11,44,3,11
1403637248.088395118713379,45,1,43,0,11
1403637248.138394117355347,39,2,37,0,11
1403637248.188393831253052,38,0,35,0,11
1403637248.238393783569336,37,0,35,0,11
1403637248.288394451141357,37,1,35,2,11
1403637248.338395118713379,37,0,37,0,11
1403637248.388396263122559,37,1,36,0,11
1403637248.438397407531738,37,0,36,0,11
1403637248.488399028778076,34,1,34,0,11
1403637248.538401603698730,41,0,34,7,11
1403637248.588403940200806,49,16,40,9,11
1403637248.638403654098511,50,10,48,1,11
1403637248.688401699066162,50,0,49,0,11
1403637248.738399982452393,49,1,49,0,11
1403637248.788399457931519,50,10,49,1,11
1403637248.838398933410645,49,0,49,0,11
1403637248.888398647308350,50,0,48,1,11
1403637248.938398361206055,50,0,49,0,11
1403637248.988398551940918,49,0,49,0,11
1403637249.038398742675781,48,1,48,0,11
1403637249.088398694992065,48,0,48,0,11
1403637249.138398647308350,50,18,48,2,11
1403637249.188397884368896,48,14,47,0,11
1403637249.238397836685181,50,7,46,2,11
1403637249.288397550582886,50,0,48,1,11
1403637249.338397264480591,48,1,47,0,11
1403637249.388396024703979,50,9,46,2,11
1403637249.438395500183105,48,0,47,0,11
1403637249.488394975662231,46,0,46,0,11
1403637249.538394689559937,45,0,44,0,11
1403637249.588394165039062,45,0,44,0,11
1403637249.638394117355347,44,0,44,0,11
1403637249.688393831253052,44,0,43,0,11
1403637249.738392114639282,48,13,43,5,11
1403637249.788391351699829,50,12,48,2,11
1403637249.838392019271851,50,7,50,0,11
1403637249.888393878936768,48,0,46,0,11
1403637249.938394784927368,45,0,43,0,11
1403637249.988398551940918,47,1,40,5,11
1403637250.038402080535889,45,1,43,0,11
1403637250.088403701782227,42,1,38,2,11
1403637250.138405323028564,39,2,37,0,11
1403637250.188405990600586,47,0,35,10,11
1403637250.238405466079712,44,3,43,0,11
1403637250.288405418395996,43,1,42,0,11
1403637250.338403701782227,48,5,40,8,11
1403637250.388401985168457,49,4,47,2,11
1403637250.438400745391846,47,5,46,1,11
1403637250.488400220870972,44,0,44,0,11
1403637250.538400173187256,43,1,43,0,11
1403637250.588399887084961,50,11,42,7,11
1403637250.638399600982666,50,0,48,0,11
1403637250.688399076461792,48,0,46,1,11
1403637250.738397836685181,48,1,47,0,11
1403637250.788397312164307,47,0,45,1,11
1403637250.838397264480591,48,14,44,3,11
1403637250.888396501541138,46,1,46,0,11
1403637250.938395977020264,50,1,46,4,11
1403637250.988395690917969,50,2,49,0,11
1403637251.038396120071411,50,3,49,0,11
1403637251.088396787643433,49,1,48,0,11
1403637251.138397455215454,48,0,47,0,11
1403637251.188398122787476,49,7,47,2,11
1403637251.238398075103760,49,24,48,1,11
1403637251.288398027420044,49,0,48,0,11
1403637251.338397502899170,49,0,47,0,11
1403637251.388396501541138,48,0,44,0,11
1403637251.438396692276001,47,11,42,2,11
1403637251.488396883010864,43,0,42,0,11
1403637251.538397550582886,42,0,41,0,11
1403637251.588397502899170,42,1,39,2,11
1403637251.638397693634033,42,0,41,0,11
1403637251.688397407531738,39,0,38,1,11
1403637251.738397359848022,37,1,37,0,11
1403637251.788397312164307,42,0,37,5,11
1403637251.838397026062012,43,10,42,1,11
1403637251.888396501541138,42,3,42,0,11
1403637251.938395977020264,42,1,42,0,11
1403637251.988395929336548,41,0,41,0,11
1403637252.038395881652832,44,0,40,4,11
1403637252.088395595550537,47,3,44,3,11
1403637252.138395786285400,48,14,47,1,11
1403637252.188395500183105,48,0,46,1,11
1403637252.238395929336548,48,0,47,0,11
1403637252.288397073745728,47,0,47,0,11
1403637252.338397026062012,47,0,47,0,11
1403637252.388397216796875,46,0,46,0,11
1403637252.438397169113159,46,3,45,1,11
1403637252.488397121429443,46,0,45,0,11
1403637252.538397312164307,46,0,45,0,11
1403637252.588397264480591,45,0,43,0,11
1403637252.638397216796875,45,0,43,0,11
1403637252.688397407531738,43,1,43,0,11
1403637252.738398075103760,46,3,42,4,11
1403637252.788398265838623,46,0,46,0,11
1403637252.838398218154907,46,0,46,0,11
1403637252.888399124145508,48,0,46,2,11
1403637252.938399791717529,48,0,48,0,11
1403637252.988400459289551,48,0,47,0,11
1403637253.038402318954468,48,3,47,0,11
1403637253.088402748107910,47,0,47,0,11
1403637253.138402700424194,47,1,47,0,11
1403637253.188403367996216,48,0,47,1,11
1403637253.238402843475342,48,0,48,0,11
1403637253.288402557373047,48,0,48,0,11
1403637253.338401556015015,48,1,48,0,11
1403637253.388401269912720,48,0,48,0,11
1403637253.438400268554688,49,7,48,1,11
1403637253.488400220870972,49,0,49,0,11
1403637253.538400173187256,49,0,49,0,11
1403637253.588400125503540,49,0,48,0,11
1403637253.638400077819824,49,2,48,0,11
1403637253.688400030136108,48,0,48,0,11
1403637253.738399744033813,48,0,47,0,11
1403637253.788399219512939,48,0,47,0,11
1403637253.838398933410645,47,0,47,0,11
1403637253.888399124145508,47,0,47,0,11
1403637253.938399314880371,47,1,47,0,11
1403637253.988399744033813,47,0,47,0,11
1403637254.038398981094360,47,5,47,0,11
1403637254.088399171829224,46,0,46,0,11
1403637254.138399362564087,46,0,46,0,11
1403637254.188400268554688,46,0,46,0,11
1403637254.238400697708130,46,1,46,0,11
1403637254.288401365280151,46,0,46,0,11
1403637254.338401556015015,46,0,46,0,11
1403637254.388401746749878,46,0,46,0,11
1403637254.438401460647583,46,0,46,0,11
1403637254.488401651382446,47,1,46,1,11
1403637254.538401603698730,47,2,47,0,11
1403637254.588401794433594,47,0,47,0,11
1403637254.638401985168457,48,9,47,1,11
1403637254.688402414321899,48,0,48,0,11
1403637254.738402366638184,48,0,48,0,11
1403637254.788402080535889,47,0,47,0,11
1403637254.838402271270752,47,0,47,0,11
1403637254.888401985168457,47,0,47,0,11
1403637254.938401937484741,47,0,47,0,11
1403637254.988401889801025,47,0,47,0,11
1403637255.038402557373047,47,0,47,0,11
1403637255.088402032852173,48,0,47,1,11
1403637255.138402223587036,48,3,48,0,11
1403637255.188402652740479,48,0,48,0,11
1403637255.238402128219604,48,14,48,0,11
1403637255.288402318954468,46,0,46,0,11
1403637255.338402509689331,45,0,44,0,11
1403637255.388402223587036,45,0,44,0,11
1403637255.438402175903320,46,1,44,2,11
1403637255.488402128219604,47,0,46,1,11
1403637255.538402318954468,45,0,45,0,11
1403637255.588402509689331,45,0,44,0,11
1403637255.638402462005615,46,0,42,1,11
1403637255.688402414321899,44,0,42,0,11
1403637255.738402128219604,45,0,41,3,11
1403637255.788402080535889,44,0,43,0,11
1403637255.838401079177856,43,14,40,2,11
1403637255.888400793075562,43,0,40,0,11
1403637255.938400506973267,42,0,38,0,11
1403637255.988400220870972,40,0,38,0,11
1403637256.038400173187256,39,1,37,1,11
1403637256.088399887084961,39,0,38,0,11
1403637256.138399839401245,37,0,37,0,11
1403637256.188399314880371,37,0,36,0,11
1403637256.238399267196655,37,0,36,0,11
1403637256.288399219512939,35,0,34,0,11
1403637256.338398694992065,37,0,34,2,11
1403637256.388398647308350,36,0,35,0,11
1403637256.438398122787476,46,2,34,11,11
1403637256.488398313522339,45,1,44,0,11
1403637256.538398265838623,45,0,44,0,11
1403637256.588398218154907,45,0,42,1,11
1403637256.638398408889771,44,3,42,0,11
1403637256.688399076461792,42,1,42,0,11
1403637256.738399744033813,42,1,41,1,11
1403637256.788401126861572,47,29,40,6,11
1403637256.838401556015015,47,0,46,0,11
1403637256.888402462005615,47,0,44,2,11
1403637256.938403367996216,48,0,45,1,11
1403637256.988403797149658,48,0,45,1,11
1403637257.038404226303101,48,5,46,1,11
1403637257.088404417037964,47,0,46,1,11
1403637257.138404369354248,47,0,47,0,11
1403637257.188404321670532,47,1,46,0,11
1403637257.238404273986816,47,1,46,0,11
1403637257.288403987884521,48,0,46,2,11
1403637257.338403940200806,48,0,48,0,11
1403637257.388403415679932,49,19,48,1,11
1403637257.438403367996216,49,0,49,0,11
1403637257.488403797149658,50,0,49,1,11
1403637257.538403987884521,50,0,47,0,11
1403637257.588403940200806,50,0,47,0,11
1403637257.638403892517090,48,2,43,1,11
1403637257.688403606414795,48,1,44,0,11
1403637257.738403797149658,45,0,44,0,11
1403637257.788403987884521,44,0,39,1,11
1403637257.838403701782227,41,1,38,0,11
1403637257.888404130935669,38,0,34,0,11
1403637257.938404798507690,34,0,33,0,11
1403637257.988405942916870,45,2,31,13,11
1403637258.038406610488892,43,2,41,0,11
1403637258.088407278060913,42,0,41,0,11
1403637258.138406753540039,41,4,39,0,11
1403637258.188406467437744,41,3,39,0,11
1403637258.238406181335449,40,1,39,1,11
1403637258.288406133651733,38,1,36,0,11
1403637258.338405847549438,38,0,35,2,11
1403637258.388405799865723,39,1,36,2,11
1403637258.438405752182007,39,1,38,0,11
1403637258.488405227661133,39,1,37,1,11
1403637258.538405179977417,47,9,37,9,11
1403637258.588404417037964,47,5,44,1,11
1403637258.638404130935669,45,0,42,0,11
1403637258.688404083251953,45,2,40,0,11
1403637258.738404035568237,41,2,38,1,11
1403637258.788403749465942,38,2,37,0,11
1403637258.838403224945068,44,3,34,7,11
1403637258.888403177261353,43,0,40,0,11
1403637258.938403367996216,42,1,40,1,11
1403637258.988403320312500,42,0,40,1,11
1403637259.038403272628784,42,0,41,0,11
1403637259.088402748107910,48,10,41,7,11
1403637259.138402700424194,50,4,47,2,11
1403637259.188402652740479,50,3,48,0,11
1403637259.238403081893921,49,0,47,0,11
1403637259.288403511047363,47,0,45,0,11
1403637259.338403940200806,48,0,45,2,11
1403637259.388404130935669,49,0,46,2,11
1403637259.438404321670532,49,0,48,0,11
1403637259.488404750823975,49,5,48,1,11
1403637259.538405179977417,49,0,49,0,11
1403637259.588404893875122,50,0,49,1,11
1403637259.638405084609985,50,0,50,0,11
1403637259.688405752182007,50,15,50,0,11
1403637259.738405704498291,50,4,50,0,11
1403637259.788405656814575,50,3,50,0,11
1403637259.838405847549438,50,1,50,0,11
1403637259.888406038284302,50,1,50,0,11
1403637259.938405990600586,50,0,50,0,11
1403637259.988405942916870,50,1,50,0,11
1403637260.038406133651733,50,0,49,0,11
1403637260.088406085968018,50,9,49,0,11
1403637260.138405084609985,49,0,48,0,11
1403637260.188404798507690,49,0,47,0,11
1403637260.238404035568237,48,0,47,0,11
1403637260.288404226303101,49,13,47,2,11
1403637260.338404655456543,50,2,48,1,11
1403637260.388404846191406,49,0,48,0,11
1403637260.438404798507690,49,0,48,1,11
1403637260.488403797149658,48,2,46,0,11
1403637260.538403749465942,48,0,44,0,11
1403637260.588403463363647,48,0,42,2,11
1403637260.638403177261353,46,1,43,0,11
1403637260.688403367996216,46,4,40,2,11
1403637260.738404512405396,45,3,42,0,11
1403637260.788404941558838,42,4,41,0,11
1403637260.838404893875122,40,1,39,0,11
1403637260.888404130935669,45,6,37,7,11
1403637260.938404321670532,48,2,42,3,11
1403637260.988404035568237,47,4,45,0,11
1403637261.038404703140259,45,0,43,0,11
1403637261.088406562805176,48,17,42,3,11
1403637261.138407230377197,45,0,45,0,11
1403637261.188407659530640,45,0,42,1,11
1403637261.238407611846924,42,9,37,1,11
1403637261.288407087326050,47,0,38,7,11
1403637261.338406324386597,45,0,41,1,11
1403637261.388405799865723,45,2,42,0,11
1403637261.438405275344849,41,2,38,0,11
1403637261.488404989242554,43,2,37,3,11
1403637261.538405418395996,42,3,39,1,11
1403637261.588405609130859,42,1,39,1,11
1403637261.638405799865723,40,0,38,0,11
1403637261.688405513763428,48,2,37,8,11
1403637261.738405227661133,45,0,42,0,11
1403637261.788404941558838,44,0,42,0,11
1403637261.838404893875122,46,4,42,4,11
1403637261.888404846191406,47,4,45,1,11
1403637261.938405036926270,47,0,43,0,11
1403637261.988406181335449,44,1,41,0,11
1403637262.038407325744629,41,0,39,0,11
1403637262.088409185409546,42,2,37,2,11
1403637262.138411045074463,41,5,36,0,11
1403637262.188411951065063,39,3,33,0,11
1403637262.238412618637085,36,3,32,0,11
1403637262.288411855697632,28,2,25,0,11
1403637262.338416337966919,25,3,21,0,11
1403637262.388411283493042,22,3,18,1,11
1403637262.438405752182007,20,0,15,1,11
1403637262.488405942916870,17,0,14,0,11
1403637262.538408279418945,15,0,14,0,11
1403637262.588409185409546,15,0,14,1,11
1403637262.638407230377197,15,0,15,0,11
1403637262.688407421112061,14,0,11,0,11
1403637262.738408565521240,12,0,11,0,11
1403637262.788410663604736,11,0,11,0,11
1403637262.838408708572388,11,0,11,0,11
1403637262.888409614562988,11,0,11,0,11
1403637262.938410043716431,12,0,11,1,11
1403637262.988410234451294,13,0,12,1,11
1403637263.038411140441895,13,0,13,0,11
1403637263.088411569595337,13,0,13,0,11
1403637263.138412237167358,13,0,13,0,11
1403637263.188412427902222,13,0,13,0,11
1403637263.238412618637085,13,0,13,0,11
1403637263.288413286209106,13,0,13,0,11
1403637263.338413476943970,13,0,13,0,11
1403637263.388413429260254,13,0,13,0,11
1403637263.438413381576538,13,0,13,0,11
1403637263.488413333892822,14,0,13,1,11
1403637263.538413524627686,14,0,14,0,11
1403637263.588413476943970,14,0,14,0,11
1403637263.638413429260254,15,0,14,1,11
1403637263.688413619995117,15,0,15,0,11
1403637263.738413572311401,15,0,15,0,11
1403637263.788413763046265,15,0,15,0,11
1403637263.838413715362549,15,0,15,0,11
1403637263.888413667678833,15,0,15,0,11
1403637263.938413858413696,15,0,15,0,11
1403637263.988413810729980,15,0,15,0,11
1403637264.038414001464844,15,0,15,0,11
1403637264.088413953781128,15,0,15,0,11
1403637264.138414144515991,15,0,15,0,11
1403637264.188414096832275,15,0,15,0,11
1403637264.238414049148560,15,0,15,0,11
1403637264.288414239883423,15,0,15,0,11
1403637264.338414192199707,15,0,15,0,11
1403637264.388414382934570,15,0,15,0,11
1403637264.438414335250854,15,0,15,0,11
1403637264.488414287567139,15,0,15,0,11
1403637264.538414478302002,15,0,15,0,11
1403637264.588414430618286,15,0,15,0,11
1403637264.638414382934570,15,0,15,0,11
1403637264.688414335250854,15,0,15,0,11
1403637264.738414287567139,15,0,15,0,11
1403637264.788414478302002,15,0,15,0,11
1403637264.838414430618286,15,0,15,0,11
1403637264.888414382934570,15,0,15,0,11
1403637264.938414335250854,15,0,15,0,11
1403637264.988414287567139,15,0,15,0,11
1403637265.038414478302002,15,0,15,0,11
1403637265.088414430618286,15,0,15,0,11
1403637265.138414621353149,15,0,15,0,11
1403637265.188414573669434,15,0,15,0,11
1403637265.238414525985718,15,0,15,0,11
1403637265.288414716720581,15,0,15,0,11
1403637265.338414669036865,15,0,15,0,11
1403637265.388414621353149,15,0,15,0,11
1403637265.438414573669434,15,0,15,0,11
1403637265.488414525985718,15,0,15,0,11
