# timestamp (sec),slam_feats_in_state,msckf_feats_used,slam_feats_updated,slam_feats_delayed_init,clones
1413393890.058664083480835,0,13,0,0,5
1413393890.105072259902954,17,16,0,17,6
1413393890.154991149902344,17,0,17,0,7
1413393890.204777002334595,17,3,17,0,8
1413393890.255193948745728,17,1,16,0,9
1413393890.305840492248535,17,2,16,0,10
1413393890.356072425842285,17,0,16,1,11
1413393890.406003713607788,17,2,17,0,11
1413393890.456273794174194,18,2,15,2,11
1413393890.506438970565796,18,1,17,0,11
1413393890.556457757949829,30,1,17,13,11
1413393890.606636762619019,35,1,26,8,11
1413393890.656939744949341,38,0,35,3,11
1413393890.707084178924561,49,7,38,11,11
1413393890.756994247436523,49,4,49,0,11
1413393890.807063102722168,50,0,49,1,11
1413393890.857146739959717,50,4,50,0,11
1413393890.907234191894531,50,2,50,0,11
1413393890.957334280014038,50,3,50,0,11
1413393891.007396221160889,50,0,50,0,11
1413393891.057436466217041,50,4,50,0,11
1413393891.107501745223999,50,1,49,0,11
1413393891.157541751861572,50,3,48,0,11
1413393891.207638025283813,49,1,48,0,11
1413393891.257724523544312,50,1,47,2,11
1413393891.307982444763184,50,6,49,0,11
1413393891.358065366744995,45,4,43,0,11
1413393891.408017635345459,39,4,36,0,11
1413393891.457890987396240,40,2,35,2,11
1413393891.507592439651489,38,3,33,2,11
1413393891.557200670242310,38,0,34,3,11
1413393891.606869459152222,39,0,37,2,11
1413393891.656457662582397,44,0,34,5,11
1413393891.706314325332642,44,1,36,0,11
1413393891.756159067153931,44,1,33,3,11
1413393891.806040048599243,44,0,35,7,11
1413393891.855977773666382,43,0,40,1,11
1413393891.905855655670166,47,2,40,4,11
1413393891.955733776092529,47,4,42,2,11
1413393892.005691766738892,43,11,40,3,11
1413393892.055738449096680,44,1,41,1,11
1413393892.105951070785522,47,7,39,5,11
1413393892.155980825424194,48,0,40,2,11
1413393892.205902338027954,44,1,40,1,11
1413393892.255845308303833,41,1,40,0,11
1413393892.305867910385132,39,6,38,0,11
1413393892.355861902236938,40,5,38,2,11
1413393892.405822992324829,40,7,39,0,11
1413393892.455776214599609,40,0,39,0,11
1413393892.505749940872192,42,2,38,4,11
1413393892.555737257003784,40,3,40,0,11
1413393892.605736732482910,41,4,39,1,11
1413393892.655761718750000,45,1,38,6,11
1413393892.705801486968994,46,7,40,5,11
1413393892.755839824676514,46,1,42,1,11
1413393892.805867195129395,47,0,40,4,11
1413393892.855868339538574,47,0,42,3,11
1413393892.905865430831909,45,7,41,1,11
1413393892.955875635147095,43,4,39,1,11
1413393893.005857467651367,40,7,35,4,11
1413393893.055867671966553,37,1,37,0,11
1413393893.105883598327637,37,0,37,0,11
1413393893.155902624130249,38,2,35,2,11
1413393893.205879211425781,49,2,36,11,11
1413393893.255882978439331,48,1,47,0,11
1413393893.305876493453979,49,1,45,2,11
1413393893.355887889862061,50,18,47,1,11
1413393893.405890226364136,48,24,46,0,11
1413393893.455883979797363,50,0,46,2,11
1413393893.505848884582520,48,6,45,1,11
1413393893.555821657180786,49,1,44,1,11
1413393893.605770111083984,47,9,42,2,11
1413393893.655741691589355,44,1,40,1,11
1413393893.705737590789795,43,1,40,1,11
1413393893.755739927291870,42,4,39,1,11
1413393893.805749893188477,43,5,37,1,11
1413393893.855762958526611,42,10,38,1,11
1413393893.905773639678955,40,7,38,2,11
1413393893.955768585205078,45,5,35,9,11
1413393894.005752801895142,42,4,37,3,11
1413393894.055729866027832,38,2,35,0,11
1413393894.105723381042480,42,5,32,7,11
1413393894.155727148056030,38,1,33,2,11
1413393894.205716133117676,40,5,34,4,11
1413393894.255711078643799,47,5,34,11,11
1413393894.305712938308716,45,4,41,1,11
1413393894.355715513229370,43,2,36,2,11
1413393894.405716419219971,41,0,36,1,11
1413393894.455718040466309,39,0,35,1,11
1413393894.505713224411011,48,3,36,10,11
1413393894.555721044540405,47,0,45,1,11
1413393894.605718374252319,50,5,44,3,11
1413393894.655708312988281,49,3,47,0,11
1413393894.705702781677246,49,4,45,2,11
1413393894.755701065063477,49,6,45,1,11
1413393894.805696725845337,49,1,44,1,11
1413393894.855692148208618,49,5,41,3,11
1413393894.905679702758789,48,1,42,2,11
1413393894.955673217773438,49,3,44,4,11
1413393895.005662441253662,49,1,45,2,11
1413393895.055657625198364,50,4,45,1,11
1413393895.105656862258911,50,2,46,2,11
1413393895.155652761459351,50,4,48,2,11
1413393895.205650091171265,50,5,48,0,11
1413393895.255649089813232,47,0,43,0,11
1413393895.305647134780884,46,4,39,4,11
1413393895.355648040771484,45,2,40,4,11
1413393895.405648708343506,43,0,40,2,11
1413393895.455650091171265,45,3,41,3,11
1413393895.505647420883179,45,1,43,1,11
1413393895.555647850036621,44,3,36,4,11
1413393895.605651140213013,42,3,36,1,11
1413393895.655651330947876,42,6,32,4,11
1413393895.705658674240112,39,3,33,2,11
1413393895.755669116973877,35,0,31,1,11
1413393895.805676937103271,35,2,28,4,11
1413393895.855682373046875,31,5,27,1,11
1413393895.905682802200317,30,5,22,4,11
1413393895.955680370330811,29,0,19,3,11
1413393896.005679368972778,30,2,19,4,11
1413393896.055679321289062,27,2,21,4,11
1413393896.105688810348511,27,1,19,2,11
1413393896.155703783035278,23,6,19,0,11
1413393896.205711603164673,23,2,19,2,11
1413393896.255726814270020,22,4,21,0,11
1413393896.305734872817993,22,0,20,1,11
1413393896.355745792388916,23,1,19,1,11
1413393896.405760765075684,23,1,19,1,11
1413393896.455773591995239,26,3,20,6,11
1413393896.505772352218628,28,0,25,2,11
1413393896.555788040161133,31,3,23,4,11
1413393896.605790853500366,30,6,26,0,11
1413393896.655795574188232,28,1,25,1,11
1413393896.705805301666260,32,2,26,6,11
1413393896.755805015563965,32,1,31,0,11
1413393896.805802822113037,31,1,30,0,11
1413393896.855800628662109,36,0,27,6,11
1413393896.905787229537964,36,0,30,0,11
1413393896.955765247344971,33,2,28,0,11
1413393897.005729198455811,35,0,27,5,11
1413393897.055690288543701,37,1,30,4,11
1413393897.105669736862183,39,3,31,3,11
1413393897.155655384063721,40,1,32,4,11
1413393897.205652236938477,39,2,30,3,11
1413393897.255643606185913,43,0,32,4,11
1413393897.305642366409302,39,0,34,4,11
1413393897.355629444122314,39,8,36,1,11
1413393897.405630588531494,39,4,37,1,11
1413393897.455671787261963,42,4,35,7,11
1413393897.505687952041626,39,1,39,0,11
1413393897.555735349655151,41,1,37,2,11
1413393897.605754137039185,41,2,37,1,11
1413393897.655775785446167,41,2,36,2,11
1413393897.705788135528564,40,3,37,1,11
1413393897.755773067474365,47,2,30,9,11
1413393897.805782318115234,47,0,40,1,11
1413393897.855781316757202,47,0,40,5,11
1413393897.905766963958740,46,8,40,3,11
1413393897.955787420272827,44,1,40,0,11
1413393898.005805492401123,42,0,39,1,11
1413393898.055769443511963,40,3,39,1,11
1413393898.105736017227173,38,1,37,0,11
1413393898.155679702758789,37,3,31,0,11
1413393898.205646276473999,34,3,25,5,11
1413393898.255633592605591,32,5,27,3,11
1413393898.305620193481445,35,3,28,7,11
1413393898.355600833892822,34,3,33,1,11
1413393898.405591011047363,30,1,28,0,11
1413393898.455585956573486,20,5,15,0,11
1413393898.505612134933472,23,2,13,6,11
1413393898.555654525756836,23,1,13,2,11
1413393898.605749607086182,22,12,16,1,11
1413393898.655780553817749,20,1,12,3,11
1413393898.705848217010498,18,5,9,2,11
1413393898.755867958068848,17,4,8,1,11
1413393898.805865764617920,18,0,7,7,11
1413393898.855861902236938,16,0,13,1,11
1413393898.905853748321533,11,5,10,0,11
1413393898.955846548080444,11,1,10,0,11
1413393899.005843400955200,11,5,10,1,11
1413393899.055831670761108,11,3,11,0,11
1413393899.105798244476318,11,1,11,0,11
1413393899.155724048614502,15,1,9,4,11
1413393899.205717086791992,16,11,9,1,11
1413393899.255666494369507,22,9,8,9,11
1413393899.305651903152466,16,15,11,2,11
1413393899.355643987655640,16,5,11,3,11
1413393899.405636310577393,11,5,7,0,11
1413393899.455632209777832,8,0,6,0,11
1413393899.505628108978271,6,3,4,0,11
1413393899.555619001388550,3,3,2,1,11
1413393899.605611801147461,2,0,2,0,11
1413393899.655605316162109,2,0,2,0,11
1413393899.705603361129761,3,2,2,1,11
1413393899.755640745162964,6,2,3,3,11
1413393899.805652618408203,7,6,1,1,11
1413393899.855674505233765,9,12,1,2,11
1413393899.905657291412354,5,0,2,1,11
1413393899.955656290054321,5,0,3,1,11
1413393900.005650758743286,6,6,3,1,11
1413393900.055648326873779,4,4,1,1,11
1413393900.105647563934326,4,2,2,0,11
1413393900.155658245086670,1,4,0,1,11
1413393900.205659151077271,1,2,1,0,11
1413393900.255659341812134,1,2,1,0,11
1413393900.305667638778687,1,1,0,1,11
1413393900.355700969696045,5,8,1,4,11
1413393900.405697345733643,6,14,5,1,11
1413393900.455699443817139,8,7,5,3,11
1413393900.505719423294067,16,10,7,9,11
1413393900.555721044540405,20,6,14,4,11
1413393900.605745792388916,25,10,16,5,11
1413393900.655752897262573,19,6,16,0,11
1413393900.705740213394165,16,8,14,0,11
1413393900.755724191665649,18,4,13,4,11
1413393900.805707931518555,19,0,17,1,11
1413393900.855676412582397,22,1,16,4,11
1413393900.905652761459351,22,2,22,0,11
1413393900.955643415451050,19,4,18,0,11
1413393901.005634546279907,21,11,17,2,11
1413393901.055644273757935,21,13,18,1,11
1413393901.105635404586792,19,4,17,2,11
1413393901.155634641647339,19,1,17,0,11
1413393901.205630540847778,18,3,17,0,11
1413393901.255630493164062,17,5,17,0,11
1413393901.305616617202759,19,10,17,2,11
1413393901.355616092681885,16,8,16,0,11
1413393901.405616283416748,17,9,16,1,11
1413393901.455623865127563,17,3,15,0,11
1413393901.505627870559692,16,7,14,0,11
1413393901.555629968643188,15,3,14,1,11
1413393901.605638504028320,20,6,15,5,11
1413393901.655648708343506,25,1,20,5,11
1413393901.705658435821533,31,5,25,6,11
1413393901.755674839019775,36,6,27,5,11
1413393901.805683851242065,39,9,29,5,11
1413393901.855680227279663,37,9,31,1,11
1413393901.905680656433105,33,0,31,2,11
1413393901.955681085586548,35,1,32,2,11
1413393902.005680084228516,36,1,33,1,11
1413393902.055678606033325,37,0,33,2,11
1413393902.105674505233765,40,1,33,6,11
1413393902.155674934387207,41,1,38,2,11
1413393902.205673933029175,41,1,40,1,11
1413393902.255674600601196,41,1,40,1,11
1413393902.305673599243164,41,5,38,2,11
1413393902.355670928955078,40,4,36,1,11
1413393902.405673742294312,42,7,34,7,11
1413393902.455672979354858,46,5,39,6,11
1413393902.505672693252563,49,4,44,4,11
1413393902.555671215057373,47,6,46,0,11
1413393902.605672359466553,46,3,45,0,11
1413393902.655670881271362,45,4,44,0,11
1413393902.705668449401855,47,5,43,2,11
1413393902.755667924880981,44,6,44,0,11
1413393902.805668592453003,43,1,38,3,11
1413393902.855666875839233,41,6,38,0,11
1413393902.905665874481201,35,6,33,0,11
1413393902.955666542053223,33,1,31,1,11
1413393903.005666017532349,32,3,31,1,11
1413393903.055663824081421,33,5,30,1,11
1413393903.105660438537598,33,4,31,1,11
1413393903.155654907226562,32,2,29,2,11
1413393903.205654859542847,33,1,30,1,11
1413393903.255654335021973,32,2,27,3,11
1413393903.305658340454102,31,3,28,0,11
1413393903.355669021606445,28,0,27,1,11
1413393903.405673265457153,28,2,27,0,11
1413393903.455674648284912,32,2,25,4,11
1413393903.505674600601196,36,3,29,5,11
1413393903.555676698684692,39,2,34,5,11
1413393903.605680227279663,38,4,38,0,11
1413393903.655675888061523,38,3,37,0,11
1413393903.705680370330811,41,1,34,3,11
1413393903.755685091018677,40,1,35,2,11
1413393903.805688381195068,43,1,36,5,11
1413393903.855691432952881,45,2,40,5,11
1413393903.905695199966431,48,2,45,3,11
1413393903.955698966979980,46,1,44,1,11
1413393904.005700111389160,49,4,45,3,11
1413393904.055702924728394,48,0,48,0,11
1413393904.105701446533203,49,0,47,2,11
1413393904.155698060989380,50,2,49,1,11
1413393904.205687761306763,50,7,49,0,11
1413393904.255676984786987,50,3,48,0,11
1413393904.305670499801636,49,1,48,1,11
1413393904.355668783187866,48,7,47,0,11
1413393904.405667304992676,48,2,46,2,11
1413393904.455666542053223,50,2,47,2,11
1413393904.505668163299561,49,2,46,0,11
1413393904.555674314498901,48,1,44,0,11
1413393904.605685949325562,48,4,44,3,11
1413393904.655699253082275,46,1,44,2,11
1413393904.705710172653198,47,0,45,1,11
1413393904.755714654922485,45,3,45,0,11
1413393904.805713415145874,45,3,42,3,11
1413393904.855710506439209,45,3,43,1,11
1413393904.905709028244019,44,3,41,2,11
1413393904.955707788467407,44,2,39,5,11
1413393905.005703449249268,46,1,42,2,11
1413393905.055698394775391,40,3,35,1,11
1413393905.105696201324463,36,3,31,3,11
1413393905.155696392059326,39,1,32,7,11
1413393905.205707311630249,41,1,37,3,11
1413393905.255710840225220,41,0,39,1,11
1413393905.305711746215820,39,1,37,1,11
1413393905.355714559555054,38,1,36,0,11
1413393905.405715703964233,41,4,36,4,11
1413393905.455716848373413,44,4,40,4,11
1413393905.505717992782593,46,1,43,3,11
1413393905.555720090866089,48,2,46,2,11
1413393905.605719804763794,48,6,46,2,11
1413393905.655722618103027,50,7,46,2,11
1413393905.705723762512207,50,2,45,0,11
1413393905.755726099014282,47,0,42,2,11
1413393905.805727720260620,47,1,42,4,11
1413393905.855726718902588,47,5,41,3,11
1413393905.905724763870239,46,2,42,1,11
1413393905.955724000930786,44,3,43,0,11
1413393906.005723237991333,48,7,42,6,11
1413393906.055719852447510,50,4,46,2,11
1413393906.105716705322266,49,4,44,0,11
1413393906.155712366104126,46,1,42,1,11
1413393906.205704450607300,48,9,40,4,11
1413393906.255701780319214,46,3,41,1,11
1413393906.305701494216919,44,1,41,0,11
1413393906.355703830718994,41,3,35,1,11
1413393906.405710697174072,39,1,31,1,11
1413393906.455718755722046,37,1,29,5,11
1413393906.505724906921387,36,2,33,2,11
1413393906.555730342864990,34,0,34,0,11
1413393906.605736732482910,41,0,34,7,11
1413393906.655735254287720,41,1,37,3,11
1413393906.705733776092529,48,0,40,7,11
1413393906.755732774734497,48,3,45,1,11
1413393906.805731773376465,49,4,45,2,11
1413393906.855730056762695,48,8,47,1,11
1413393906.905728101730347,49,0,48,1,11
1413393906.955727100372314,49,2,48,0,11
1413393907.005727052688599,49,0,47,1,11
1413393907.055722713470459,49,3,46,2,11
1413393907.105713844299316,50,4,47,1,11
1413393907.155704498291016,48,1,47,0,11
1413393907.205696344375610,50,0,47,3,11
1413393907.255688190460205,50,1,50,0,11
1413393907.305680513381958,50,2,50,0,11
1413393907.355669260025024,50,2,49,0,11
1413393907.405661582946777,50,9,48,0,11
1413393907.455655813217163,49,9,48,0,11
1413393907.505663871765137,48,0,46,2,11
1413393907.555665016174316,49,0,48,1,11
1413393907.605656862258911,49,0,49,0,11
1413393907.655640602111816,50,9,49,1,11
1413393907.705626964569092,50,4,50,0,11
1413393907.755616903305054,50,3,48,0,11
1413393907.805605411529541,50,1,48,0,11
1413393907.855596542358398,50,1,48,2,11
1413393907.905586957931519,50,1,50,0,11
1413393907.955585956573486,50,0,46,0,11
1413393908.005604028701782,50,16,48,0,11
1413393908.055609703063965,49,6,45,1,11
1413393908.105618953704834,47,0,46,0,11
1413393908.155626058578491,47,0,45,1,11
1413393908.205628156661987,47,0,46,0,11
1413393908.255628824234009,50,5,46,4,11
1413393908.305632352828979,50,4,50,0,11
1413393908.355638742446899,50,3,50,0,11
1413393908.405636787414551,50,1,49,0,11
1413393908.455628633499146,50,3,49,0,11
1413393908.505623102188110,49,1,48,0,11
1413393908.555618286132812,49,0,48,0,11
1413393908.605614900588989,50,15,48,2,11
1413393908.655612945556641,50,7,49,0,11
1413393908.705620288848877,50,3,49,0,11
1413393908.755629062652588,49,0,48,1,11
1413393908.805640459060669,49,0,48,0,11
1413393908.855652570724487,50,3,48,1,11
1413393908.905652284622192,49,2,49,0,11
1413393908.955653190612793,49,2,49,0,11
1413393909.005656719207764,49,0,49,0,11
1413393909.055666446685791,50,1,49,1,11
1413393909.105673313140869,50,1,49,0,11
1413393909.155680656433105,49,0,49,0,11
1413393909.205702781677246,50,12,48,1,11
1413393909.255706071853638,50,6,48,0,11
1413393909.305707454681396,49,1,48,0,11
1413393909.355708599090576,48,2,48,0,11
1413393909.405709266662598,48,0,47,0,11
1413393909.455709457397461,49,2,47,1,11
1413393909.505710124969482,48,4,47,1,11
1413393909.555709362030029,49,2,48,1,11
1413393909.605709075927734,49,1,49,0,11
1413393909.655707597732544,49,2,48,0,11
1413393909.705704450607300,48,8,47,1,11
1413393909.755702495574951,47,0,44,0,11
1413393909.805699110031128,47,9,40,3,11
1413393909.855696201324463,44,3,40,2,11
1413393909.905690670013428,47,7,42,4,11
1413393909.955690383911133,46,1,44,0,11
1413393910.005691289901733,44,1,40,0,11
1413393910.055689573287964,45,1,40,3,11
1413393910.105691909790039,47,2,42,4,11
1413393910.155695676803589,49,0,45,2,11
1413393910.205699682235718,49,3,46,2,11
1413393910.255702257156372,47,1,45,1,11
1413393910.305705547332764,49,9,44,3,11
1413393910.355706930160522,48,1,43,0,11
1413393910.405709981918335,48,18,44,2,11
1413393910.455710411071777,46,5,45,1,11
1413393910.505710840225220,45,6,41,3,11
1413393910.555706262588501,46,0,43,1,11
1413393910.605703592300415,44,0,44,0,11
1413393910.655700922012329,45,5,44,1,11
1413393910.705697774887085,45,5,43,0,11
1413393910.755689620971680,45,8,43,0,11
1413393910.805685043334961,45,3,42,2,11
1413393910.855680704116821,45,5,42,0,11
1413393910.905673027038574,48,9,41,5,11
1413393910.955664157867432,48,7,44,2,11
1413393911.005654573440552,47,13,44,2,11
1413393911.055646657943726,46,9,43,2,11
1413393911.105643510818481,48,2,44,3,11
1413393911.155644416809082,47,3,47,0,11
1413393911.205646514892578,47,8,46,0,11
1413393911.255650281906128,44,0,43,0,11
1413393911.305650949478149,43,1,43,0,11
1413393911.355651855468750,43,2,43,0,11
1413393911.405651569366455,42,3,41,0,11
1413393911.455652713775635,41,3,38,0,11
1413393911.505651712417603,43,5,37,4,11
1413393911.555647611618042,47,11,38,6,11
1413393911.605648279190063,46,12,35,3,11
1413393911.655650615692139,46,6,35,4,11
1413393911.705648183822632,44,1,34,4,11
1413393911.755639314651489,45,2,35,4,11
1413393911.805631399154663,43,4,33,2,11
1413393911.855630159378052,42,2,30,1,11
1413393911.905623435974121,38,2,27,4,11
1413393911.955619812011719,38,9,28,4,11
1413393912.005620479583740,38,3,29,3,11
1413393912.055624961853027,39,0,30,5,11
1413393912.105627775192261,36,4,33,1,11
1413393912.155617475509644,46,0,30,13,11
1413393912.205613136291504,40,7,33,1,11
1413393912.255610704421997,37,6,30,1,11
1413393912.305604934692383,39,6,26,8,11
1413393912.355601072311401,36,3,26,1,11
1413393912.405596971511841,35,4,25,2,11
1413393912.455594301223755,31,4,23,4,11
1413393912.505594968795776,28,5,21,4,11
1413393912.555594205856323,20,7,14,1,11
1413393912.605598449707031,16,8,11,1,11
1413393912.655601501464844,11,9,6,0,11
1413393912.705603599548340,9,8,5,1,11
1413393912.755604982376099,7,3,6,1,11
1413393912.805607557296753,7,6,6,1,11
1413393912.855614185333252,13,8,7,6,11
1413393912.905620098114014,14,5,12,1,11
1413393912.955628871917725,17,1,12,3,11
1413393913.005633115768433,16,6,14,1,11
1413393913.055639982223511,22,0,13,9,11
1413393913.105640411376953,28,5,21,6,11
1413393913.155633926391602,33,2,27,5,11
1413393913.205632209777832,36,2,31,5,11
1413393913.255628108978271,39,5,34,5,11
1413393913.305626630783081,41,7,38,2,11
1413393913.355626821517944,40,4,38,1,11
1413393913.405625820159912,42,3,38,3,11
1413393913.455626010894775,46,7,37,8,11
1413393913.505628347396851,45,2,45,0,11
1413393913.555630445480347,44,3,42,1,11
1413393913.605632543563843,41,1,39,1,11
1413393913.655633687973022,35,2,32,2,11
1413393913.705633640289307,39,2,32,5,11
1413393913.755636930465698,38,7,33,0,11
1413393913.805641651153564,37,1,26,1,11
1413393913.855649471282959,39,2,18,7,11
1413393913.905655384063721,31,2,18,4,11
1413393913.955665349960327,36,3,17,12,11
1413393914.005668163299561,31,5,21,1,11
1413393914.055670499801636,27,3,19,1,11
1413393914.105684757232666,32,1,20,12,11
1413393914.155695915222168,30,1,23,2,11
1413393914.205709695816040,31,5,24,4,11
1413393914.255715847015381,28,3,24,1,11
1413393914.305723428726196,38,1,24,11,11
1413393914.355724096298218,35,1,32,3,11
1413393914.405723094940186,33,0,33,0,11
1413393914.455722093582153,32,8,30,0,11
1413393914.505723714828491,40,7,29,9,11
1413393914.555730104446411,40,1,38,2,11
1413393914.605733633041382,39,2,37,0,11
1413393914.655735492706299,47,1,34,9,11
1413393914.705739021301270,44,1,42,1,11
1413393914.755741596221924,43,1,41,1,11
1413393914.805743217468262,49,2,40,7,11
1413393914.855744600296021,49,7,45,1,11
1413393914.905744552612305,48,9,45,1,11
1413393914.955742120742798,46,3,44,1,11
1413393915.005740404129028,45,1,44,0,11
1413393915.055739879608154,47,7,42,5,11
1413393915.105741024017334,46,1,46,0,11
1413393915.155741691589355,46,1,45,0,11
1413393915.205746650695801,50,10,43,4,11
1413393915.255748510360718,48,2,46,0,11
1413393915.305750370025635,46,1,46,0,11
1413393915.355752944946289,45,2,45,0,11
1413393915.405753850936890,47,3,45,2,11
1413393915.455754041671753,50,3,47,3,11
1413393915.505753278732300,49,9,49,0,11
1413393915.555753946304321,48,2,48,0,11
1413393915.605756759643555,50,8,48,2,11
1413393915.655757665634155,49,7,46,0,11
1413393915.705757141113281,47,1,45,1,11
1413393915.755756616592407,41,2,41,0,11
1413393915.805756568908691,46,0,40,5,11
1413393915.855756282806396,46,1,43,2,11
1413393915.905756473541260,46,2,45,1,11
1413393915.955756902694702,46,0,46,0,11
1413393916.005758285522461,49,0,44,3,11
1413393916.055759191513062,50,1,47,1,11
1413393916.105760335922241,48,14,46,2,11
1413393916.155761003494263,47,1,47,0,11
1413393916.205762147903442,48,0,44,3,11
1413393916.255764961242676,47,7,43,2,11
1413393916.305766105651855,46,1,45,0,11
1413393916.355766773223877,46,6,43,3,11
1413393916.405766248703003,43,0,42,0,11
1413393916.455765485763550,40,2,36,0,11
1413393916.505764245986938,37,1,30,0,11
1413393916.555765390396118,35,1,29,2,11
1413393916.605766296386719,32,4,28,3,11
1413393916.655766725540161,32,0,30,0,11
1413393916.705769062042236,47,0,29,16,11
1413393916.755768060684204,45,0,44,0,11
1413393916.805769205093384,44,0,41,0,11
1413393916.855771541595459,50,2,40,6,11
1413393916.905775070190430,45,7,41,0,11
1413393916.955779790878296,47,1,40,4,11
1413393917.005784511566162,46,3,42,3,11
1413393917.055789470672607,47,2,43,1,11
1413393917.105790376663208,46,1,40,3,11
1413393917.155789136886597,44,1,39,4,11
1413393917.205788850784302,45,2,41,2,11
1413393917.255786418914795,44,4,42,1,11
1413393917.305784225463867,41,0,41,0,11
1413393917.355783700942993,43,0,41,2,11
1413393917.405783891677856,46,2,41,3,11
1413393917.455782651901245,44,1,40,1,11
1413393917.505782604217529,47,7,40,5,11
1413393917.555782318115234,46,1,43,1,11
1413393917.605781078338623,46,3,42,1,11
1413393917.655781269073486,43,0,38,2,11
1413393917.705780744552612,38,1,34,1,11
1413393917.755780935287476,39,1,30,4,11
1413393917.805782318115234,34,0,30,0,11
1413393917.855782747268677,32,1,24,0,11
1413393917.905782222747803,28,0,22,1,11
1413393917.955781221389771,25,0,22,2,11
1413393918.005780458450317,25,1,24,0,11
1413393918.055779218673706,23,1,19,3,11
1413393918.105779647827148,22,0,21,0,11
1413393918.155778408050537,21,3,18,2,11
1413393918.205778598785400,22,1,19,2,11
1413393918.255779743194580,24,0,21,2,11
1413393918.305780649185181,26,1,23,3,11
1413393918.355781316757202,25,1,23,0,11
1413393918.405781745910645,26,3,22,1,11
1413393918.455782175064087,28,1,16,7,11
1413393918.505783796310425,29,2,19,8,11
1413393918.555784463882446,29,1,27,2,11
1413393918.605785846710205,25,1,23,1,11
1413393918.655785799026489,22,1,18,1,11
1413393918.705785989761353,20,1,11,7,11
1413393918.755786180496216,20,2,14,2,11
1413393918.805787563323975,19,6,12,3,11
1413393918.855789184570312,15,2,12,1,11
1413393918.905791997909546,19,0,8,10,11
1413393918.955790758132935,16,2,14,0,11
1413393919.005790710449219,17,3,10,4,11
1413393919.055788278579712,16,5,13,1,11
1413393919.105785131454468,14,3,11,2,11
1413393919.155783414840698,12,2,11,0,11
1413393919.205780029296875,11,6,8,2,11
1413393919.255778074264526,15,6,9,5,11
1413393919.305778980255127,11,5,11,0,11
1413393919.355780124664307,11,7,11,0,11
1413393919.405779123306274,15,2,10,5,11
1413393919.455780506134033,14,5,13,0,11
1413393919.505782127380371,14,7,12,0,11
1413393919.555784940719604,16,7,11,4,11
1413393919.605788230895996,20,3,13,7,11
1413393919.655789375305176,21,2,18,3,11
1413393919.705791711807251,21,2,19,2,11
1413393919.755793094635010,23,0,20,2,11
1413393919.805796623229980,22,2,21,1,11
1413393919.855801820755005,34,2,21,13,11
1413393919.905806303024292,36,1,31,3,11
1413393919.955812454223633,40,2,32,5,11
1413393920.005812644958496,40,2,31,5,11
1413393920.055813074111938,36,9,31,3,11
1413393920.105812311172485,33,2,30,2,11
1413393920.155812978744507,37,3,30,5,11
1413393920.205813407897949,41,1,35,6,11
1413393920.255810737609863,39,3,38,0,11
1413393920.305809259414673,39,0,36,1,11
1413393920.355810403823853,45,2,35,7,11
1413393920.405810594558716,43,2,40,0,11
1413393920.455810308456421,41,0,40,1,11
1413393920.505809307098389,43,1,41,2,11
1413393920.555807828903198,43,3,40,1,11
1413393920.605805873870850,48,3,39,6,11
1413393920.655808210372925,48,10,45,2,11
1413393920.705809593200684,48,1,47,1,11
1413393920.755810022354126,49,14,47,2,11
1413393920.805809974670410,49,1,49,0,11
1413393920.855810403823853,49,1,48,0,11
1413393920.905810356140137,49,3,46,1,11
1413393920.955809831619263,46,7,45,0,11
1413393921.005808830261230,45,4,41,1,11
1413393921.055805921554565,46,7,38,5,11
1413393921.105805635452271,49,4,44,5,11
1413393921.155806064605713,48,1,44,0,11
1413393921.205807685852051,44,2,41,0,11
1413393921.255808591842651,46,3,38,5,11
1413393921.305809259414673,44,1,42,0,11
1413393921.355810165405273,47,24,40,6,11
1413393921.405810832977295,45,0,45,0,11
1413393921.455808877944946,45,4,44,0,11
1413393921.505809307098389,45,1,44,0,11
1413393921.555810689926147,47,0,43,4,11
1413393921.605811119079590,47,1,46,0,11
1413393921.655810356140137,49,1,45,3,11
1413393921.705806732177734,49,6,48,1,11
1413393921.755797147750854,50,20,49,1,11
1413393921.805794477462769,50,1,50,0,11
1413393921.855792999267578,50,5,50,0,11
1413393921.905791521072388,50,2,49,0,11
1413393921.955788850784302,48,18,48,0,11
1413393922.005788803100586,47,15,46,0,11
1413393922.055790185928345,46,0,44,0,11
1413393922.105792522430420,46,1,44,1,11
1413393922.155797243118286,46,0,42,1,11
1413393922.205800294876099,45,3,44,0,11
1413393922.255803108215332,42,3,37,0,11
1413393922.305804014205933,42,1,36,4,11
1413393922.355799913406372,48,12,38,9,11
1413393922.405798196792603,47,0,45,0,11
1413393922.455794095993042,40,4,37,2,11
1413393922.505795478820801,50,8,38,10,11
1413393922.555791854858398,50,16,48,2,11
1413393922.605789184570312,47,2,47,0,11
1413393922.655788421630859,47,1,46,0,11
1413393922.705786943435669,47,0,44,0,11
1413393922.755786418914795,47,9,44,1,11
1413393922.805785179138184,46,7,44,1,11
1413393922.855784893035889,46,4,44,0,11
1413393922.905783176422119,44,0,42,0,11
1413393922.955782890319824,47,14,41,6,11
1413393923.005779504776001,46,5,46,0,11
1413393923.055777072906494,44,3,44,0,11
1413393923.105778455734253,46,5,42,4,11
1413393923.155779123306274,46,17,38,4,11
1413393923.205782413482666,46,5,44,0,11
1413393923.255783796310425,46,13,43,2,11
1413393923.305782318115234,46,5,45,0,11
1413393923.355779409408569,45,7,42,0,11
1413393923.405774831771851,44,8,42,0,11
1413393923.455772161483765,41,7,38,0,11
1413393923.505769491195679,40,3,35,1,11
1413393923.555766820907593,37,11,30,4,11
1413393923.605766773223877,33,4,30,1,11
1413393923.655768394470215,32,5,27,2,11
1413393923.705772638320923,31,13,24,1,11
1413393923.755773067474365,31,14,22,7,11
1413393923.805774211883545,30,6,24,0,11
1413393923.855775356292725,24,0,16,3,11
1413393923.905779838562012,21,13,17,0,11
1413393923.955792427062988,24,3,13,7,11
1413393924.005792379379272,27,3,18,5,11
1413393924.055792808532715,28,5,22,3,11
1413393924.105792999267578,26,5,22,3,11
1413393924.155792236328125,27,10,23,3,11
1413393924.205792427062988,25,7,23,2,11
1413393924.255791425704956,31,12,22,6,11
1413393924.305793046951294,31,5,28,1,11
1413393924.355793714523315,31,5,25,2,11
1413393924.405793905258179,29,2,23,1,11
1413393924.455794095993042,33,5,23,9,11
1413393924.505793333053589,31,7,30,1,11
1413393924.555795431137085,32,4,25,1,11
1413393924.605796098709106,29,3,21,0,11
1413393924.655797243118286,31,12,16,8,11
1413393924.705798149108887,26,4,20,5,11
1413393924.755800247192383,25,6,20,3,11
1413393924.805799007415771,20,4,18,0,11
1413393924.855798959732056,20,4,16,1,11
1413393924.905797958374023,22,11,15,4,11
1413393924.955797910690308,18,4,15,0,11
1413393925.005798578262329,18,4,12,2,11
1413393925.055797338485718,16,7,13,1,11
1413393925.105794906616211,16,9,13,3,11
1413393925.155794382095337,16,10,10,3,11
1413393925.205793142318726,17,3,7,1,11
1413393925.255791902542114,16,2,6,2,11
1413393925.305790901184082,14,7,5,4,11
1413393925.355791091918945,12,5,7,1,11
1413393925.405791759490967,9,3,6,2,11
1413393925.455792665481567,11,11,8,3,11
1413393925.505792379379272,12,2,10,1,11
1413393925.555794000625610,12,12,9,0,11
1413393925.605794429779053,12,8,8,1,11
1413393925.655795097351074,12,7,6,3,11
1413393925.705796241760254,12,6,8,1,11
1413393925.755796670913696,9,7,8,0,11
1413393925.805796384811401,10,12,6,3,11
1413393925.855796813964844,20,4,8,11,11
1413393925.905796766281128,22,6,17,3,11
1413393925.955796480178833,17,4,17,0,11
1413393926.005795717239380,19,5,15,3,11
1413393926.055793762207031,24,5,15,6,11
1413393926.105794429779053,26,4,20,4,11
1413393926.155794620513916,26,6,24,2,11
1413393926.205795764923096,31,0,26,5,11
1413393926.255798578262329,38,2,31,7,11
1413393926.305800914764404,40,3,38,2,11
1413393926.355802536010742,42,0,39,3,11
1413393926.405805349349976,44,4,39,4,11
1413393926.455806732177734,50,3,43,6,11
1413393926.505809307098389,49,2,49,0,11
1413393926.555811405181885,47,1,43,1,11
1413393926.605812072753906,44,0,41,0,11
1413393926.655814409255981,43,2,39,3,11
1413393926.705815792083740,47,3,38,6,11
1413393926.755817651748657,49,3,41,4,11
1413393926.805818557739258,46,0,41,0,11
1413393926.855819702148438,45,1,39,2,11
1413393926.905821084976196,41,2,37,2,11
1413393926.955821752548218,41,1,32,1,11
1413393927.005821466445923,40,1,29,1,11
1413393927.055821418762207,41,0,28,8,11
1413393927.105822324752808,40,0,33,3,11
1413393927.155825614929199,44,1,33,5,11
1413393927.205828666687012,44,2,36,4,11
1413393927.255829811096191,46,2,39,5,11
1413393927.305830717086792,48,3,43,3,11
1413393927.355830907821655,48,0,45,1,11
1413393927.405831336975098,48,12,45,2,11
1413393927.455831050872803,44,2,41,2,11
1413393927.505829334259033,45,4,37,5,11
1413393927.555829524993896,42,2,37,2,11
1413393927.605830669403076,39,4,35,4,11
1413393927.655830860137939,40,6,32,4,11
1413393927.705830574035645,39,1,33,2,11
1413393927.755829572677612,34,1,33,1,11
1413393927.805832147598267,37,4,31,4,11
1413393927.855832815170288,31,0,30,0,11
1413393927.905833482742310,32,4,25,6,11
1413393927.955833196640015,30,4,28,1,11
1413393928.005833148956299,30,2,26,2,11
1413393928.055831909179688,29,4,25,3,11
1413393928.105831384658813,30,7,27,2,11
1413393928.155830860137939,29,3,28,0,11
1413393928.205830812454224,27,4,25,1,11
1413393928.255830049514771,28,2,23,3,11
1413393928.305829286575317,25,10,24,0,11
1413393928.355829477310181,24,3,24,0,11
1413393928.405830383300781,27,5,23,4,11
1413393928.455832242965698,31,6,27,4,11
1413393928.505833387374878,37,2,27,6,11
1413393928.555833101272583,39,3,32,3,11
1413393928.605832576751709,31,2,25,1,11
1413393928.655834674835205,29,5,24,1,11
1413393928.705837726593018,23,1,21,1,11
1413393928.755840301513672,23,2,19,1,11
1413393928.805843591690063,23,2,19,1,11
1413393928.855845451354980,22,1,17,2,11
1413393928.905846834182739,21,0,18,0,11
1413393928.955851078033447,20,1,17,2,11
1413393929.005856037139893,22,6,18,3,11
1413393929.055856704711914,27,2,19,5,11
1413393929.105857133865356,27,2,21,2,11
1413393929.155856847763062,26,0,20,1,11
1413393929.205856800079346,28,1,21,4,11
1413393929.255856752395630,26,0,21,0,11
1413393929.305857181549072,30,2,22,6,11
1413393929.355855703353882,32,3,25,4,11
1413393929.405855894088745,32,0,28,1,11
1413393929.455856084823608,32,2,28,2,11
1413393929.505855560302734,33,4,26,3,11
1413393929.555855989456177,33,3,26,3,11
1413393929.605855703353882,33,2,27,2,11
1413393929.655855655670166,30,1,22,1,11
1413393929.705856084823608,30,0,22,2,11
1413393929.755856037139893,26,1,24,1,11
1413393929.805856704711914,27,1,25,2,11
1413393929.855858087539673,28,4,25,1,11
1413393929.905858993530273,26,3,23,0,11
1413393929.955859422683716,28,3,21,4,11
1413393930.005859613418579,26,2,23,1,11
1413393930.055860280990601,24,0,19,1,11
1413393930.105860948562622,24,4,17,1,11
1413393930.155860900878906,21,3,17,1,11
1413393930.205861091613770,22,0,15,3,11
1413393930.255859375000000,26,0,18,5,11
1413393930.305859327316284,27,2,20,6,11
1413393930.355859041213989,27,4,23,1,11
1413393930.405856847763062,28,3,23,3,11
1413393930.455855369567871,31,0,23,4,11
1413393930.505854368209839,30,3,23,2,11
1413393930.555854320526123,29,3,22,1,11
1413393930.605853796005249,33,2,23,7,11
1413393930.655852794647217,32,0,30,2,11
1413393930.705852746963501,32,1,31,0,11
1413393930.755852460861206,36,7,30,5,11
1413393930.805852174758911,38,4,33,3,11
1413393930.855852127075195,37,2,34,2,11
1413393930.905851364135742,42,0,35,5,11
1413393930.955852270126343,46,6,39,6,11
1413393931.005852937698364,44,2,42,0,11
1413393931.055853605270386,47,4,40,5,11
1413393931.105853796005249,48,2,43,2,11
1413393931.155853986740112,45,1,43,0,11
1413393931.205853462219238,46,5,42,3,11
1413393931.255853414535522,48,8,44,2,11
1413393931.305852651596069,48,1,44,2,11
1413393931.355852603912354,48,2,43,2,11
1413393931.405851840972900,48,9,42,2,11
1413393931.455851793289185,46,1,40,0,11
1413393931.505850791931152,42,3,38,0,11
1413393931.555849790573120,42,4,35,3,11
1413393931.605848550796509,44,4,37,3,11
1413393931.655848026275635,42,6,38,1,11
1413393931.705847978591919,43,2,38,4,11
1413393931.755847454071045,42,8,38,1,11
1413393931.805847406387329,40,3,34,3,11
1413393931.855847597122192,36,1,34,1,11
1413393931.905847787857056,34,4,33,0,11
1413393931.955848217010498,33,8,26,2,11
1413393932.005847930908203,35,0,25,5,11
1413393932.055848598480225,29,5,28,0,11
1413393932.105849027633667,27,5,24,2,11
1413393932.155849456787109,32,1,24,7,11
1413393932.205849409103394,35,8,30,3,11
1413393932.255849599838257,36,4,31,3,11
1413393932.305849790573120,41,4,32,7,11
1413393932.355849981307983,41,5,36,3,11
1413393932.405850172042847,39,1,38,0,11
1413393932.455849885940552,43,1,37,5,11
1413393932.505849838256836,43,3,41,2,11
1413393932.555848598480225,44,6,38,4,11
1413393932.605848789215088,46,5,38,5,11
1413393932.655849933624268,47,5,42,3,11
1413393932.705849409103394,44,0,42,1,11
1413393932.755850076675415,49,5,39,6,11
1413393932.805850267410278,45,2,41,1,11
1413393932.855850458145142,43,7,40,2,11
1413393932.905852079391479,42,2,38,2,11
1413393932.955853939056396,40,6,38,0,11
1413393933.005856037139893,41,8,35,4,11
1413393933.055856943130493,42,1,39,2,11
1413393933.105857133865356,41,0,38,2,11
1413393933.155857086181641,44,2,38,4,11
1413393933.205857515335083,49,8,39,7,11
1413393933.255858659744263,50,3,46,2,11
1413393933.305860042572021,49,6,48,1,11
1413393933.355861186981201,49,1,46,1,11
1413393933.405862331390381,49,0,43,1,11
1413393933.455862998962402,47,3,44,0,11
1413393933.505864381790161,48,6,43,5,11
1413393933.555865049362183,50,3,46,2,11
1413393933.605864286422729,48,5,44,0,11
1413393933.655861854553223,45,6,42,0,11
1413393933.705860614776611,47,0,41,4,11
1413393933.755860090255737,49,3,43,3,11
1413393933.805859327316284,49,2,43,2,11
1413393933.855859756469727,47,1,41,3,11
1413393933.905857563018799,48,11,41,3,11
1413393933.955856323242188,46,1,41,1,11
1413393934.005853891372681,46,1,41,3,11
1413393934.055852174758911,48,2,43,3,11
1413393934.105850934982300,46,5,42,1,11
1413393934.155850410461426,49,1,42,5,11
1413393934.205849409103394,48,1,45,2,11
1413393934.255847215652466,48,12,47,1,11
1413393934.305846691131592,46,1,45,0,11
1413393934.355846405029297,45,3,43,0,11
1413393934.405845403671265,47,9,43,3,11
1413393934.455845355987549,46,1,45,1,11
1413393934.505844116210938,49,2,44,4,11
1413393934.555844783782959,47,3,46,0,11
1413393934.605846166610718,45,3,45,0,11
1413393934.655847072601318,45,4,45,0,11
1413393934.705847740173340,49,7,42,5,11
1413393934.755849123001099,50,10,47,1,11
1413393934.805849313735962,47,1,46,0,11
1413393934.855848789215088,49,7,44,2,11
1413393934.905848264694214,46,0,41,1,11
1413393934.955846309661865,43,6,39,2,11
1413393935.005845069885254,39,4,35,2,11
1413393935.055844306945801,41,5,27,10,11
1413393935.105843305587769,44,5,33,9,11
1413393935.155843019485474,41,5,35,1,11
1413393935.205843210220337,40,3,32,1,11
1413393935.255843400955200,36,6,33,2,11
1413393935.305842876434326,36,3,32,2,11
1413393935.355842113494873,34,3,30,2,11
1413393935.405839443206787,30,2,25,1,11
1413393935.455833911895752,44,5,23,17,11
1413393935.505832195281982,41,1,36,1,11
1413393935.555830478668213,40,4,35,0,11
1413393935.605829477310181,40,1,35,3,11
1413393935.655824184417725,46,13,36,9,11
1413393935.705822229385376,48,5,42,4,11
1413393935.755820989608765,47,1,45,0,11
1413393935.805819749832153,47,0,45,1,11
1413393935.855818986892700,45,0,44,0,11
1413393935.905817747116089,48,18,43,4,11
1413393935.955817222595215,46,1,42,1,11
1413393936.005817651748657,44,1,41,0,11
1413393936.055818080902100,45,4,40,4,11
1413393936.105818033218384,44,1,40,0,11
1413393936.155819177627563,39,3,34,0,11
1413393936.205818414688110,32,5,26,2,11
1413393936.255818367004395,35,2,26,6,11
1413393936.305816411972046,37,1,31,4,11
1413393936.355814933776855,32,2,28,1,11
1413393936.405813932418823,31,3,27,1,11
1413393936.455813884735107,32,1,23,7,11
1413393936.505812406539917,35,4,25,9,11
1413393936.555812358856201,33,2,26,0,11
1413393936.605812788009644,30,2,24,0,11
1413393936.655813217163086,25,6,20,4,11
1413393936.705812215805054,23,1,19,1,11
1413393936.755813121795654,31,3,17,10,11
1413393936.805813312530518,29,4,24,1,11
1413393936.855813741683960,27,4,20,1,11
1413393936.905813932418823,24,1,17,4,11
1413393936.955815315246582,37,2,18,17,11
1413393937.005815744400024,35,3,32,0,11
1413393937.055816173553467,30,0,29,0,11
1413393937.105817317962646,35,2,29,6,11
1413393937.155817747116089,33,0,32,0,11
1413393937.205817937850952,40,1,32,7,11
1413393937.255818843841553,39,2,37,1,11
1413393937.305819272994995,42,5,36,5,11
1413393937.355821609497070,40,4,37,3,11
1413393937.405822277069092,40,0,40,0,11
1413393937.455822944641113,38,1,38,0,11
1413393937.505824327468872,42,1,37,4,11
1413393937.555826187133789,45,1,41,3,11
1413393937.605828762054443,47,1,44,3,11
1413393937.655829429626465,50,5,47,3,11
1413393937.705830335617065,50,7,50,0,11
1413393937.755831956863403,50,0,50,0,11
1413393937.805833578109741,50,8,50,0,11
1413393937.855833768844604,49,0,48,0,11
1413393937.905831575393677,50,2,48,1,11
1413393937.955827713012695,50,9,49,1,11
1413393938.005826473236084,50,0,50,0,11
1413393938.055825710296631,50,1,50,0,11
1413393938.105825424194336,49,3,49,0,11
1413393938.155825853347778,49,3,49,0,11
1413393938.205826282501221,50,3,49,1,11
1413393938.255825519561768,50,5,50,0,11
1413393938.305824518203735,50,6,50,0,11
1413393938.355824947357178,49,1,49,0,11
1413393938.405825376510620,49,6,46,1,11
1413393938.455824613571167,49,12,46,0,11
1413393938.505825042724609,49,0,47,2,11
1413393938.555824518203735,49,7,48,1,11
1413393938.605825185775757,48,0,43,0,11
1413393938.655826091766357,47,0,41,0,11
1413393938.705825567245483,44,0,40,3,11
1413393938.755825042724609,43,1,42,1,11
1413393938.805825471878052,47,0,42,4,11
1413393938.855826854705811,49,0,46,2,11
1413393938.905828237533569,44,7,44,0,11
1413393938.955829620361328,43,2,39,0,11
1413393939.005829334259033,45,0,36,4,11
1413393939.055833101272583,44,8,37,6,11
1413393939.105841875076294,43,2,40,0,11
1413393939.155847072601318,46,0,41,5,11
1413393939.205844402313232,46,1,46,0,11
1413393939.255847930908203,49,7,44,4,11
1413393939.305852651596069,48,0,47,0,11
1413393939.355858802795410,47,0,46,0,11
1413393939.405863285064697,46,1,43,0,11
1413393939.455872774124146,42,5,37,0,11
1413393939.505882024765015,42,8,33,6,11
1413393939.555881261825562,39,11,33,2,11
1413393939.605878353118896,42,3,30,6,11
1413393939.655870914459229,35,3,29,3,11
1413393939.705862760543823,31,2,31,0,11
1413393939.755857706069946,30,0,30,0,11
1413393939.805850505828857,29,0,29,0,11
1413393939.855845212936401,29,3,27,1,11
1413393939.905836820602417,31,10,19,6,11
1413393939.955837011337280,28,7,19,1,11
1413393940.005841970443726,25,7,14,2,11
1413393940.055838108062744,31,1,16,10,11
1413393940.105835199356079,30,7,17,5,11
1413393940.155823945999146,29,1,22,2,11
1413393940.205818891525269,25,2,17,2,11
1413393940.255811929702759,25,2,14,0,11
1413393940.305800437927246,20,1,12,2,11
1413393940.355791091918945,17,1,11,1,11
1413393940.405779600143433,16,0,9,2,11
1413393940.455771923065186,14,1,9,0,11
1413393940.505722284317017,24,3,5,13,11
1413393940.555714130401611,24,3,11,3,11
1413393940.605708599090576,25,2,9,5,11
1413393940.655711889266968,16,0,11,1,11
1413393940.705717325210571,15,0,9,3,11
1413393940.755722284317017,14,3,11,2,11
1413393940.805732488632202,16,0,12,2,11
1413393940.855739116668701,16,2,14,1,11
1413393940.905750751495361,18,4,15,3,11
1413393940.955755949020386,19,11,18,1,11
1413393941.005762577056885,24,7,18,5,11
1413393941.055763721466064,25,9,22,2,11
1413393941.105762004852295,27,8,23,3,11
1413393941.155760288238525,30,1,24,3,11
1413393941.205764293670654,32,7,27,4,11
1413393941.255768537521362,34,6,28,3,11
1413393941.305774211883545,36,3,30,3,11
1413393941.355783224105835,35,3,31,2,11
1413393941.405789375305176,35,7,28,2,11
1413393941.455798864364624,33,4,29,1,11
1413393941.505813121795654,42,0,27,11,11
1413393941.555818319320679,47,2,38,5,11
1413393941.605820655822754,46,6,40,3,11
1413393941.655815839767456,46,0,38,2,11
1413393941.705809593200684,47,5,39,5,11
1413393941.755804061889648,41,3,36,0,11
1413393941.805799961090088,41,4,33,2,11
1413393941.855793952941895,38,1,33,1,11
1413393941.905783176422119,35,7,33,0,11
1413393941.955768585205078,40,4,32,7,11
1413393942.005761861801147,38,21,33,2,11
1413393942.055754661560059,37,15,31,3,11
1413393942.105753898620605,40,3,29,3,11
1413393942.155755281448364,41,1,31,5,11
1413393942.205754995346069,35,3,33,0,11
1413393942.255756616592407,32,2,29,0,11
1413393942.305760145187378,32,0,27,3,11
1413393942.355765819549561,31,1,30,1,11
1413393942.405772447586060,30,2,30,0,11
1413393942.455780029296875,32,4,30,2,11
1413393942.505788087844849,36,1,31,4,11
1413393942.555794715881348,41,3,35,5,11
1413393942.605799913406372,43,1,36,4,11
1413393942.655803203582764,50,0,40,7,11
1413393942.705799579620361,47,8,47,0,11
1413393942.755795001983643,44,4,41,0,11
1413393942.805787563323975,48,2,34,6,11
1413393942.855780124664307,46,6,38,3,11
1413393942.905776262283325,42,1,41,1,11
1413393942.955771684646606,43,0,40,2,11
1413393943.005769968032837,41,4,39,0,11
1413393943.055770158767700,40,3,38,2,11
1413393943.105774164199829,40,11,36,2,11
1413393943.155776262283325,42,17,36,2,11
1413393943.205777168273926,43,6,38,3,11
1413393943.255778074264526,41,2,38,1,11
1413393943.305777072906494,44,5,37,4,11
1413393943.355775117874146,45,5,40,3,11
1413393943.405771970748901,44,1,40,1,11
1413393943.455767393112183,45,2,38,4,11
1413393943.505764961242676,48,3,41,6,11
1413393943.555762529373169,49,1,47,2,11
1413393943.605760335922241,49,1,49,0,11
1413393943.655757188796997,49,0,49,0,11
1413393943.705757617950439,50,5,48,1,11
1413393943.755759954452515,49,9,48,0,11
1413393943.805760860443115,49,5,47,2,11
1413393943.855760812759399,50,4,48,1,11
1413393943.905758142471313,50,2,48,0,11
1413393943.955756425857544,48,6,46,0,11
1413393944.005750179290771,47,1,46,1,11
1413393944.055744171142578,47,3,45,1,11
1413393944.105737447738647,50,3,46,3,11
1413393944.155736207962036,50,1,49,1,11
1413393944.205735206604004,50,6,49,0,11
1413393944.255734443664551,47,6,45,0,11
1413393944.305735349655151,47,3,43,0,11
1413393944.355737924575806,49,6,41,4,11
1413393944.405741214752197,45,2,38,2,11
1413393944.455744266510010,39,0,34,0,11
1413393944.505747795104980,35,0,32,3,11
1413393944.555750131607056,40,0,34,5,11
1413393944.605752229690552,40,0,38,0,11
1413393944.655754804611206,41,1,38,2,11
1413393944.705758333206177,42,0,40,2,11
1413393944.755759239196777,44,3,40,3,11
1413393944.805760622024536,48,0,41,6,11
1413393944.855761766433716,47,0,45,1,11
1413393944.905764341354370,46,3,41,2,11
1413393944.955765962600708,46,0,43,1,11
1413393945.005771398544312,46,0,43,2,11
1413393945.055776834487915,46,5,45,0,11
1413393945.105781078338623,45,3,43,1,11
1413393945.155786037445068,43,3,39,1,11
1413393945.205788135528564,48,0,36,7,11
1413393945.255788326263428,44,5,40,1,11
1413393945.305787801742554,45,4,41,4,11
1413393945.355786323547363,41,7,37,3,11
1413393945.405783414840698,38,1,37,0,11
1413393945.455780982971191,38,1,36,2,11
1413393945.505777835845947,38,1,38,0,11
1413393945.555775880813599,36,1,35,0,11
1413393945.605773448944092,35,3,33,1,11
1413393945.655773162841797,33,2,30,0,11
1413393945.705772161483765,31,4,26,2,11
1413393945.755771875381470,30,1,28,2,11
1413393945.805771112442017,31,0,29,1,11
1413393945.855771780014038,34,2,29,3,11
1413393945.905774116516113,33,0,29,2,11
1413393945.955778598785400,35,2,29,2,11
1413393946.005784034729004,32,3,29,1,11
1413393946.055790185928345,35,1,30,4,11
1413393946.105794429779053,34,0,34,0,11
1413393946.155796289443970,33,1,30,0,11
1413393946.205797195434570,28,3,23,1,11
1413393946.255798339843750,29,0,21,7,11
1413393946.305798530578613,29,0,28,1,11
1413393946.355799436569214,28,0,25,0,11
1413393946.405799627304077,25,0,20,0,11
1413393946.455799818038940,29,2,18,5,11
1413393946.505799770355225,26,0,22,1,11
1413393946.555799961090088,25,0,19,1,11
1413393946.605800628662109,22,0,17,0,11
1413393946.655802011489868,21,0,17,3,11
1413393946.705801725387573,21,1,18,2,11
1413393946.755800485610962,25,0,19,4,11
1413393946.805797100067139,28,1,23,3,11
1413393946.855793476104736,28,0,23,2,11
1413393946.905788660049438,27,0,22,0,11
1413393946.955782175064087,29,4,22,5,11
1413393947.005778551101685,27,0,25,2,11
1413393947.055775880813599,30,0,27,3,11
1413393947.105775356292725,37,1,30,7,11
1413393947.155778408050537,37,1,37,0,11
1413393947.205782413482666,35,0,35,0,11
1413393947.255784988403320,39,0,34,5,11
1413393947.305787086486816,39,2,38,0,11
1413393947.355788469314575,38,0,35,0,11
1413393947.405788660049438,35,0,33,0,11
1413393947.455788612365723,34,0,30,1,11
1413393947.505788564682007,33,2,30,0,11
1413393947.555788278579712,31,4,29,0,11
1413393947.605788469314575,31,6,27,1,11
1413393947.655788421630859,33,0,26,3,11
1413393947.705788612365723,35,0,26,4,11
1413393947.755788803100586,31,6,23,0,11
1413393947.805789232254028,23,7,19,1,11
1413393947.855789422988892,16,5,12,2,11
1413393947.905789375305176,12,3,9,0,11
1413393947.955789804458618,11,3,6,2,11
1413393948.005790233612061,9,7,7,2,11
1413393948.055790662765503,9,2,8,1,11
1413393948.105791330337524,8,4,8,0,11
1413393948.155792713165283,18,4,8,10,11
1413393948.205792188644409,23,6,16,6,11
1413393948.255791902542114,22,6,21,0,11
1413393948.305791854858398,27,9,21,6,11
1413393948.355791568756104,26,4,25,1,11
1413393948.405791044235229,27,5,21,6,11
1413393948.455790758132935,28,1,26,2,11
1413393948.505791425704956,37,2,26,11,11
1413393948.555792093276978,37,1,35,0,11
1413393948.605793237686157,40,0,35,3,11
1413393948.655793905258179,43,7,37,5,11
1413393948.705794572830200,43,2,42,0,11
1413393948.755795240402222,42,2,40,1,11
1413393948.805796384811401,46,1,42,4,11
1413393948.855797767639160,44,2,43,0,11
1413393948.905797958374023,45,1,42,2,11
1413393948.955796003341675,42,0,38,0,11
1413393949.005795478820801,44,0,39,2,11
1413393949.055796384811401,49,1,41,8,11
1413393949.105797529220581,50,0,49,1,11
1413393949.155797481536865,49,1,49,0,11
1413393949.205796957015991,49,5,48,0,11
1413393949.255795001983643,48,11,47,0,11
1413393949.305792570114136,49,15,46,3,11
1413393949.355793952941895,49,2,48,1,11
1413393949.405795097351074,47,0,46,0,11
1413393949.455796957015991,46,3,44,0,11
1413393949.505800008773804,43,2,41,0,11
1413393949.555802822113037,42,0,38,1,11
1413393949.605805873870850,41,0,39,0,11
1413393949.655809640884399,48,1,38,9,11
1413393949.705810308456421,48,0,44,0,11
1413393949.755810260772705,48,1,41,1,11
1413393949.805809736251831,49,0,41,4,11
1413393949.855809688568115,48,6,44,2,11
1413393949.905809879302979,49,12,44,2,11
1413393949.955810070037842,49,1,42,1,11
1413393950.005809545516968,48,0,42,1,11
1413393950.055808782577515,46,1,43,2,11
1413393950.105805635452271,45,16,39,2,11
1413393950.155803442001343,44,4,39,0,11
1413393950.205802917480469,42,3,35,2,11
1413393950.255802154541016,42,1,36,2,11
1413393950.305801868438721,39,4,33,2,11
1413393950.355802297592163,38,1,32,1,11
1413393950.405802726745605,47,3,31,11,11
1413393950.455802440643311,45,6,40,3,11
1413393950.505801916122437,46,2,43,3,11
1413393950.555801630020142,44,2,43,0,11
1413393950.605801582336426,44,3,38,1,11
1413393950.655801534652710,45,3,38,2,11
1413393950.705801248550415,45,7,35,9,11
1413393950.755801439285278,45,0,44,1,11
1413393950.805802822113037,47,14,40,5,11
1413393950.855803012847900,44,4,43,0,11
1413393950.905802011489868,42,2,41,1,11
1413393950.955801010131836,38,0,37,0,11
1413393951.005799770355225,46,6,32,11,11
1413393951.055799484252930,45,0,37,4,11
1413393951.105799436569214,43,2,37,3,11
1413393951.155799150466919,41,2,39,2,11
1413393951.205799102783203,40,2,39,0,11
1413393951.255798816680908,39,4,36,0,11
1413393951.305798530578613,47,0,35,10,11
1413393951.355798482894897,49,8,43,3,11
1413393951.405798196792603,49,11,45,1,11
1413393951.455798149108887,47,1,44,2,11
1413393951.505798101425171,46,2,46,0,11
1413393951.555798053741455,49,8,42,4,11
1413393951.605798244476318,48,2,44,1,11
1413393951.655798673629761,47,1,43,3,11
1413393951.705798864364624,47,2,46,0,11
1413393951.755799531936646,45,1,44,1,11
1413393951.805799722671509,49,0,44,4,11
1413393951.855799913406372,48,1,45,0,11
1413393951.905799865722656,44,1,42,0,11
1413393951.955799818038940,49,5,42,7,11
1413393952.005799770355225,49,6,46,1,11
1413393952.055799722671509,49,4,42,1,11
1413393952.105799913406372,46,1,43,1,11
1413393952.155800104141235,50,2,44,6,11
1413393952.205799818038940,49,5,48,0,11
1413393952.255799770355225,45,4,42,0,11
1413393952.305799484252930,44,1,39,2,11
1413393952.355799198150635,44,4,41,2,11
1413393952.405799150466919,46,4,42,3,11
1413393952.455798625946045,44,1,44,0,11
1413393952.505799055099487,44,3,42,1,11
1413393952.555799007415771,48,1,42,4,11
1413393952.605798482894897,49,3,45,3,11
1413393952.655797958374023,47,6,44,0,11
1413393952.705797672271729,46,4,44,1,11
1413393952.755798101425171,47,3,44,3,11
1413393952.805798053741455,49,8,46,3,11
1413393952.855797529220581,50,4,47,1,11
1413393952.905796766281128,49,0,48,0,11
1413393952.955796480178833,48,8,46,1,11
1413393953.005795717239380,49,3,47,1,11
1413393953.055795192718506,49,2,47,1,11
1413393953.105794668197632,49,0,48,0,11
1413393953.155793905258179,47,4,46,0,11
1413393953.205793142318726,47,1,46,1,11
1413393953.255793094635010,48,1,47,1,11
1413393953.305792808532715,48,3,47,1,11
1413393953.355792284011841,49,2,48,1,11
1413393953.405791521072388,49,6,48,0,11
1413393953.455790996551514,48,3,46,1,11
1413393953.505789995193481,50,6,46,3,11
1413393953.555788755416870,49,6,48,0,11
1413393953.605788946151733,48,2,46,2,11
1413393953.655789613723755,48,6,46,2,11
1413393953.705790042877197,48,0,47,0,11
1413393953.755790233612061,47,7,44,2,11
1413393953.805790424346924,45,1,44,1,11
1413393953.855790376663208,45,2,44,0,11
1413393953.905790328979492,44,2,44,0,11
1413393953.955790281295776,45,0,44,1,11
1413393954.005790233612061,48,0,45,3,11
1413393954.055789947509766,50,4,48,2,11
1413393954.105789899826050,49,5,49,0,11
1413393954.155789613723755,49,5,47,1,11
1413393954.205789804458618,50,0,48,1,11
1413393954.255790233612061,49,5,49,0,11
1413393954.305790424346924,49,4,46,0,11
1413393954.355790376663208,50,9,46,1,11
1413393954.405790090560913,47,1,46,0,11
1413393954.455790281295776,48,1,45,2,11
1413393954.505790472030640,45,0,43,0,11
1413393954.555790901184082,44,2,44,0,11
1413393954.605790615081787,49,2,43,6,11
1413393954.655790805816650,50,5,46,1,11
1413393954.705791234970093,50,3,47,0,11
1413393954.755791425704956,46,7,41,1,11
1413393954.805791616439819,46,3,42,1,11
1413393954.855792284011841,46,6,41,5,11
1413393954.905792474746704,45,2,42,1,11
1413393954.955792665481567,48,8,42,5,11
1413393955.005793094635010,48,5,43,1,11
1413393955.055793046951294,43,8,37,0,11
1413393955.105793237686157,45,2,35,7,11
1413393955.155793190002441,48,1,38,6,11
1413393955.205792665481567,45,2,42,0,11
1413393955.255791902542114,43,4,40,0,11
1413393955.305790901184082,43,4,36,2,11
1413393955.355790615081787,39,2,32,3,11
1413393955.405790090560913,40,2,31,8,11
1413393955.455790042877197,34,5,30,1,11
1413393955.505789756774902,31,0,27,0,11
1413393955.555788993835449,24,7,20,1,11
1413393955.605788230895996,27,4,21,4,11
1413393955.655788421630859,26,1,24,2,11
1413393955.705788612365723,26,1,24,0,11
1413393955.755788803100586,25,3,23,0,11
1413393955.805788993835449,24,7,20,4,11
1413393955.855789422988892,25,1,24,1,11
1413393955.905788660049438,26,7,23,2,11
1413393955.955788135528564,26,1,25,0,11
1413393956.005787611007690,23,1,23,0,11
1413393956.055786609649658,33,2,22,10,11
1413393956.105786085128784,32,1,30,2,11
1413393956.155787706375122,37,1,28,6,11
1413393956.205788373947144,37,1,33,1,11
1413393956.255789041519165,35,2,33,2,11
1413393956.305789232254028,37,2,32,3,11
1413393956.355790615081787,36,5,32,0,11
1413393956.405791044235229,35,0,30,3,11
1413393956.455790758132935,37,0,30,5,11
1413393956.505790948867798,34,3,34,0,11
1413393956.555790662765503,38,5,34,4,11
1413393956.605790376663208,37,2,37,0,11
1413393956.655790328979492,37,1,37,0,11
1413393956.705790758132935,39,0,35,4,11
1413393956.755790948867798,45,2,38,6,11
1413393956.805790662765503,45,1,43,0,11
1413393956.855790853500366,46,2,41,3,11
1413393956.905791044235229,43,1,38,2,11
1413393956.955791473388672,42,4,37,3,11
1413393957.005791902542114,43,0,39,4,11
1413393957.055792093276978,42,1,41,0,11
1413393957.105792760848999,48,3,39,7,11
1413393957.155792713165283,47,3,46,1,11
1413393957.205792903900146,46,1,43,3,11
1413393957.255792379379272,48,7,43,4,11
1413393957.305792331695557,50,4,46,2,11
1413393957.355792284011841,48,0,46,0,11
1413393957.405792474746704,46,1,40,0,11
1413393957.455792188644409,45,3,36,3,11
1413393957.505792379379272,46,1,38,7,11
1413393957.555792808532715,44,4,41,1,11
1413393957.605793237686157,44,0,40,1,11
1413393957.655793428421021,45,9,40,5,11
1413393957.705793619155884,45,1,45,0,11
1413393957.755794048309326,41,2,40,0,11
1413393957.805794239044189,40,3,37,0,11
1413393957.855795145034790,41,3,32,5,11
1413393957.905796051025391,38,2,31,2,11
1413393957.955796480178833,38,0,28,5,11
1413393958.005796194076538,35,0,30,1,11
1413393958.055796146392822,30,2,27,2,11
1413393958.105796575546265,36,2,26,8,11
1413393958.155796766281128,36,1,34,0,11
1413393958.205796718597412,34,3,32,0,11
1413393958.255795955657959,43,0,31,9,11
1413393958.305795192718506,40,0,35,0,11
1413393958.355794668197632,43,0,30,4,11
1413393958.405793666839600,47,2,31,8,11
1413393958.455793380737305,44,1,35,4,11
1413393958.505793094635010,45,3,39,4,11
1413393958.555793046951294,49,0,42,6,11
1413393958.605792760848999,50,4,48,1,11
1413393958.655791997909546,49,13,49,0,11
1413393958.705791711807251,50,4,45,1,11
1413393958.755792856216431,50,1,46,0,11
1413393958.805794477462769,48,1,44,2,11
1413393958.855796098709106,45,0,43,0,11
1413393958.905796766281128,45,1,40,3,11
1413393958.955796718597412,45,0,38,1,11
1413393959.005795955657959,45,0,38,1,11
1413393959.055796146392822,45,8,34,7,11
1413393959.105795621871948,43,1,39,3,11
1413393959.155795574188232,42,2,41,0,11
1413393959.205795049667358,45,2,37,3,11
1413393959.255793094635010,48,7,38,5,11
1413393959.305791139602661,47,3,42,3,11
1413393959.355790138244629,50,2,43,5,11
1413393959.405789375305176,48,4,48,0,11
1413393959.455789327621460,46,1,44,0,11
1413393959.505789279937744,48,0,44,2,11
1413393959.555789470672607,46,0,44,2,11
1413393959.605789184570312,45,0,44,1,11
1413393959.655788421630859,47,4,43,4,11
1413393959.705787658691406,43,5,43,0,11
1413393959.755787372589111,45,2,43,2,11
1413393959.805788993835449,44,2,40,2,11
1413393959.855789899826050,43,0,41,0,11
1413393959.905791282653809,45,3,39,5,11
1413393959.955792188644409,44,4,43,0,11
1413393960.005792617797852,47,1,37,4,11
1413393960.055791854858398,46,1,39,0,11
1413393960.105791568756104,43,0,38,3,11
1413393960.155791044235229,41,0,38,1,11
1413393960.205790281295776,42,0,38,2,11
1413393960.255789279937744,46,0,40,6,11
1413393960.305788278579712,47,1,45,2,11
1413393960.355787992477417,47,1,46,1,11
1413393960.405787229537964,47,3,46,1,11
1413393960.455787420272827,50,3,47,3,11
1413393960.505787611007690,50,4,50,0,11
1413393960.555787563323975,50,0,50,0,11
1413393960.605787515640259,50,3,50,0,11
1413393960.655787467956543,48,4,46,0,11
1413393960.705786943435669,46,2,42,1,11
1413393960.755786657333374,50,4,36,6,11
1413393960.805786371231079,47,6,39,0,11
1413393960.855786085128784,45,2,37,5,11
1413393960.905785799026489,46,5,39,3,11
1413393960.955785989761353,44,2,40,3,11
1413393961.005786895751953,42,4,36,4,11
1413393961.055788278579712,43,2,38,2,11
1413393961.105791091918945,42,2,38,2,11
1413393961.155795097351074,48,2,40,7,11
1413393961.205801248550415,50,3,45,3,11
1413393961.255805969238281,44,11,36,0,11
1413393961.305808782577515,40,12,22,2,11
1413393961.355809926986694,37,6,18,6,11
1413393961.405809879302979,36,8,17,8,11
1413393961.455807685852051,38,1,23,8,11
1413393961.505802154541016,36,1,31,2,11
1413393961.555797576904297,35,1,33,2,11
1413393961.605793476104736,35,3,35,0,11
1413393961.655789613723755,37,1,34,2,11
1413393961.705790042877197,37,6,36,0,11
1413393961.755791425704956,37,4,36,0,11
1413393961.805792570114136,37,2,36,1,11
1413393961.855790615081787,43,3,37,6,11
1413393961.905790805816650,43,0,43,0,11
1413393961.955790758132935,50,5,42,7,11
1413393962.005790472030640,49,8,48,0,11
1413393962.055790901184082,49,1,47,2,11
1413393962.105790853500366,48,7,46,0,11
1413393962.155790090560913,46,5,43,1,11
1413393962.205789327621460,46,1,41,2,11
1413393962.255788803100586,45,8,34,3,11
1413393962.305787801742554,42,7,31,3,11
1413393962.355788946151733,38,1,30,3,11
1413393962.405790805816650,32,3,27,0,11
1413393962.455791950225830,29,4,21,4,11
1413393962.505792140960693,35,4,25,7,11
1413393962.555791854858398,32,0,31,1,11
1413393962.605791807174683,35,4,30,4,11
1413393962.655791282653809,35,4,34,1,11
1413393962.705790281295776,41,8,31,9,11
1413393962.755789995193481,36,10,31,0,11
1413393962.805790662765503,32,11,24,3,11
1413393962.855792045593262,33,4,26,5,11
1413393962.905792236328125,29,4,21,4,11
1413393962.955791950225830,17,1,15,1,11
1413393963.005792140960693,15,6,13,2,11
1413393963.055792093276978,12,8,11,0,11
1413393963.105792522430420,15,6,9,6,11
1413393963.155792713165283,14,7,14,0,11
1413393963.205792903900146,15,9,10,4,11
1413393963.255793094635010,14,6,13,0,11
1413393963.305793285369873,11,7,11,0,11
1413393963.355793952941895,18,5,9,8,11
1413393963.405794143676758,20,3,17,2,11
1413393963.455794095993042,21,3,15,4,11
1413393963.505794048309326,23,7,17,2,11
1413393963.555793285369873,25,1,13,4,11
1413393963.605793714523315,27,2,10,5,11
1413393963.655792474746704,29,6,13,7,11
1413393963.705791950225830,28,2,18,6,11
1413393963.755791425704956,29,2,22,3,11
1413393963.805791616439819,32,1,24,7,11
1413393963.855791807174683,40,5,31,9,11
1413393963.905792236328125,38,7,35,0,11
1413393963.955792427062988,41,4,34,3,11
1413393964.005792140960693,45,5,33,10,11
1413393964.055792093276978,42,3,38,2,11
1413393964.105792522430420,43,8,37,4,11
1413393964.155792474746704,40,5,36,3,11
1413393964.205792665481567,40,3,36,3,11
1413393964.255792617797852,42,3,36,3,11
1413393964.305792808532715,42,2,38,2,11
1413393964.355792999267578,38,2,33,5,11
1413393964.405793190002441,38,1,35,2,11
1413393964.455793619155884,44,5,33,7,11
1413393964.505793571472168,41,5,34,0,11
1413393964.555793523788452,42,8,33,6,11
1413393964.605793714523315,37,1,36,0,11
1413393964.655793905258179,41,5,33,7,11
1413393964.705794095993042,41,1,39,1,11
1413393964.755794048309326,43,4,36,6,11
1413393964.805794000625610,41,1,38,0,11
1413393964.855794429779053,39,3,33,1,11
1413393964.905794620513916,38,3,30,5,11
1413393964.955795288085938,42,6,33,7,11
1413393965.005795717239380,41,3,36,3,11
1413393965.055796146392822,39,3,26,7,11
1413393965.105796098709106,36,1,29,2,11
1413393965.155796051025391,35,4,28,6,11
1413393965.205795764923096,31,5,29,0,11
1413393965.255795717239380,39,5,25,9,11
1413393965.305795431137085,38,6,32,2,11
1413393965.355795383453369,46,7,31,13,11
1413393965.405795097351074,43,3,42,0,11
1413393965.455794095993042,44,12,38,6,11
1413393965.505793809890747,43,2,40,1,11
1413393965.555793523788452,44,5,39,1,11
1413393965.605793714523315,40,11,36,1,11
1413393965.655794382095337,43,5,34,7,11
1413393965.705795526504517,43,11,36,5,11
1413393965.755796909332275,40,5,35,3,11
1413393965.805797100067139,38,4,37,0,11
1413393965.855797290802002,35,7,34,0,11
1413393965.905797481536865,35,3,33,0,11
1413393965.955797433853149,32,2,32,0,11
1413393966.005797386169434,39,1,32,7,11
1413393966.055799007415771,43,1,38,5,11
1413393966.105799674987793,41,3,39,0,11
1413393966.155800342559814,41,4,38,0,11
1413393966.205800533294678,42,2,37,3,11
1413393966.255800247192383,41,3,37,2,11
1413393966.305799961090088,46,4,35,8,11
1413393966.355799674987793,46,4,40,1,11
1413393966.405798673629761,46,7,39,3,11
1413393966.455797910690308,45,8,39,4,11
1413393966.505797147750854,40,5,38,2,11
1413393966.555796861648560,39,1,38,0,11
1413393966.605797052383423,42,1,36,4,11
1413393966.655797243118286,42,1,38,1,11
1413393966.705796957015991,36,8,33,0,11
1413393966.755796670913696,33,4,31,0,11
1413393966.805796146392822,35,0,28,3,11
1413393966.855795621871948,32,3,27,2,11
1413393966.905794858932495,29,2,25,0,11
1413393966.955793857574463,28,0,22,1,11
1413393967.005793333053589,31,2,23,7,11
1413393967.055792570114136,37,2,28,8,11
1413393967.105792522430420,34,4,32,0,11
1413393967.155791044235229,41,5,31,8,11
1413393967.205790519714355,39,1,37,1,11
1413393967.255789756774902,38,3,36,0,11
1413393967.305788993835449,42,6,36,5,11
1413393967.355788707733154,42,1,39,2,11
1413393967.405788660049438,39,1,38,1,11
1413393967.455788612365723,41,3,38,2,11
1413393967.505788326263428,41,2,39,1,11
1413393967.555788516998291,41,2,39,1,11
1413393967.605788707733154,47,8,39,8,11
1413393967.655788660049438,48,8,44,3,11
1413393967.705788612365723,47,1,45,0,11
1413393967.755788326263428,47,1,44,2,11
1413393967.805788040161133,49,4,46,3,11
1413393967.855786800384521,48,5,45,1,11
1413393967.905785560607910,45,3,39,2,11
1413393967.955784320831299,43,5,34,3,11
1413393968.005783796310425,39,0,36,0,11
1413393968.055784702301025,37,1,34,2,11
1413393968.105786561965942,38,1,34,2,11
1413393968.155788898468018,38,0,36,1,11
1413393968.205790281295776,39,0,36,3,11
1413393968.255791902542114,48,1,39,9,11
1413393968.305791616439819,49,1,48,1,11
1413393968.355791091918945,49,0,49,0,11
1413393968.405790805816650,48,4,48,0,11
1413393968.455790758132935,50,10,47,2,11
1413393968.505791187286377,50,10,48,0,11
1413393968.555790901184082,50,8,47,1,11
1413393968.605791807174683,49,1,46,0,11
1413393968.655792474746704,49,14,45,1,11
1413393968.705793380737305,49,0,45,2,11
1413393968.755793809890747,50,0,45,2,11
1413393968.805792808532715,49,1,46,0,11
1413393968.855791568756104,49,1,45,2,11
1413393968.905790805816650,49,4,45,1,11
1413393968.955790758132935,48,2,47,0,11
1413393969.005789995193481,48,6,47,1,11
1413393969.055789947509766,49,7,45,2,11
1413393969.105789422988892,48,14,43,1,11
1413393969.155788660049438,46,3,42,2,11
1413393969.205788135528564,47,2,41,2,11
1413393969.255787372589111,50,5,43,4,11
1413393969.305787086486816,47,1,45,2,11
1413393969.355787277221680,45,3,41,0,11
1413393969.405787467956543,50,6,40,5,11
1413393969.455787658691406,46,2,43,1,11
1413393969.505787611007690,47,0,43,2,11
1413393969.555787563323975,46,1,45,0,11
1413393969.605787754058838,50,6,43,5,11
1413393969.655787467956543,49,6,47,0,11
1413393969.705787181854248,47,6,44,2,11
1413393969.755787134170532,48,4,45,1,11
1413393969.805786848068237,46,0,42,1,11
1413393969.855786323547363,50,5,43,5,11
1413393969.905785799026489,50,2,47,2,11
1413393969.955785989761353,49,20,48,0,11
1413393970.005785942077637,48,1,47,0,11
1413393970.055786848068237,47,1,42,1,11
1413393970.105787754058838,44,3,40,0,11
1413393970.155787944793701,42,0,40,1,11
1413393970.205789089202881,45,2,40,4,11
1413393970.255789279937744,48,0,43,3,11
1413393970.305788993835449,50,2,46,3,11
1413393970.355788946151733,50,7,49,1,11
1413393970.405789136886597,50,2,49,0,11
1413393970.455789566040039,50,16,49,0,11
1413393970.505790233612061,50,1,48,1,11
1413393970.555791378021240,49,21,48,0,11
1413393970.605792045593262,50,0,47,2,11
1413393970.655792474746704,50,2,49,0,11
1413393970.705792665481567,48,4,47,0,11
1413393970.755791902542114,49,9,45,2,11
1413393970.805790662765503,49,1,45,2,11
1413393970.855789422988892,44,0,42,1,11
1413393970.905788660049438,43,1,39,0,11
1413393970.955788135528564,48,0,36,5,11
1413393971.005789756774902,47,0,36,3,11
1413393971.055791854858398,45,0,33,1,11
1413393971.105794429779053,44,0,32,4,11
1413393971.155799388885498,45,3,35,7,11
1413393971.205801725387573,43,1,38,1,11
1413393971.255803108215332,47,12,36,7,11
1413393971.305803775787354,41,0,36,2,11
1413393971.355804443359375,41,3,38,2,11
1413393971.405803680419922,40,4,39,1,11
1413393971.455803155899048,37,1,37,0,11
1413393971.505802392959595,38,2,37,1,11
1413393971.555802345275879,38,5,37,0,11
1413393971.605802297592163,37,3,34,0,11
1413393971.655801773071289,43,9,34,7,11
1413393971.705801248550415,42,3,37,1,11
1413393971.755800962448120,44,5,33,6,11
1413393971.805799722671509,43,3,37,1,11
1413393971.855798244476318,44,4,38,4,11
1413393971.905796766281128,48,2,41,5,11
1413393971.955795049667358,48,0,45,1,11
1413393972.005794048309326,47,2,45,1,11
1413393972.055793523788452,46,2,45,1,11
1413393972.105793952941895,46,1,45,0,11
1413393972.155794382095337,47,1,45,1,11
1413393972.205796241760254,49,14,45,4,11
1413393972.255795955657959,49,1,48,1,11
1413393972.305795192718506,49,8,47,1,11
1413393972.355795145034790,50,22,48,1,11
1413393972.405794858932495,49,2,48,0,11
1413393972.455794811248779,49,6,45,0,11
1413393972.505794525146484,49,2,45,1,11
1413393972.555794715881348,46,0,46,0,11
1413393972.605794668197632,48,2,46,2,11
1413393972.655794620513916,49,3,48,1,11
1413393972.705794811248779,48,1,48,0,11
1413393972.755795478820801,48,7,47,1,11
1413393972.805795907974243,49,8,45,2,11
1413393972.855796813964844,49,0,46,0,11
1413393972.905797243118286,47,4,46,1,11
1413393972.955797433853149,50,11,47,3,11
1413393973.005797624588013,50,3,50,0,11
1413393973.055798053741455,50,1,50,0,11
1413393973.105798482894897,49,13,49,0,11
1413393973.155798673629761,49,3,48,1,11
1413393973.205798864364624,49,0,49,0,11
1413393973.255799055099487,49,0,48,0,11
1413393973.305799245834351,47,0,44,0,11
1413393973.355799674987793,48,7,44,2,11
1413393973.405799627304077,48,4,45,2,11
1413393973.455799818038940,47,2,45,1,11
1413393973.505800008773804,49,0,45,2,11
1413393973.555800914764404,47,9,45,0,11
1413393973.605801582336426,48,0,45,2,11
1413393973.655802011489868,46,0,46,0,11
1413393973.705802679061890,45,9,42,2,11
1413393973.755803585052490,45,2,43,1,11
1413393973.805804967880249,44,4,42,2,11
1413393973.855804920196533,43,0,40,0,11
1413393973.905804634094238,43,1,36,0,11
1413393973.955804109573364,45,7,32,6,11
1413393974.005803585052490,42,4,28,4,11
1413393974.055803775787354,36,1,24,0,11
1413393974.105804443359375,29,0,19,4,11
1413393974.155807018280029,32,1,18,10,11
1413393974.205808162689209,25,2,21,1,11
1413393974.255810260772705,24,6,17,1,11
1413393974.305812120437622,26,2,15,7,11
1413393974.355814218521118,23,2,20,1,11
1413393974.405815362930298,26,1,19,3,11
1413393974.455820083618164,28,9,20,4,11
1413393974.505820512771606,26,5,23,1,11
1413393974.555820941925049,24,13,24,0,11
1413393974.605822086334229,35,5,24,11,11
1413393974.655822992324829,44,2,28,9,11
1413393974.705823898315430,46,7,31,2,11
1413393974.755824327468872,37,7,27,1,11
1413393974.805824995040894,31,1,21,3,11
1413393974.855825901031494,29,1,21,2,11
1413393974.905826568603516,21,1,19,1,11
1413393974.955826759338379,23,2,18,5,11
1413393975.005826950073242,21,5,20,0,11
1413393975.055827379226685,29,5,19,9,11
1413393975.105828762054443,30,5,25,2,11
1413393975.155829429626465,31,3,25,5,11
1413393975.205830335617065,31,3,27,3,11
1413393975.255830526351929,30,4,28,0,11
1413393975.305831193923950,35,8,29,6,11
1413393975.355832099914551,36,2,32,2,11
1413393975.405833005905151,44,4,32,9,11
1413393975.455832958221436,43,1,39,2,11
1413393975.505832672119141,45,5,37,5,11
1413393975.555832624435425,44,3,39,1,11
1413393975.605832815170288,42,1,35,1,11
1413393975.655832767486572,41,2,34,3,11
1413393975.705832958221436,44,0,37,5,11
1413393975.755832672119141,45,2,40,5,11
1413393975.805832624435425,47,2,44,3,11
1413393975.855832576751709,47,2,45,1,11
1413393975.905832290649414,46,6,45,0,11
1413393975.955832004547119,46,0,43,1,11
1413393976.005831718444824,47,4,43,1,11
1413393976.055831432342529,47,0,44,2,11
1413393976.105831623077393,50,2,44,4,11
1413393976.155831336975098,47,2,45,0,11
1413393976.205831050872803,49,3,43,4,11
1413393976.255830764770508,49,4,46,1,11
1413393976.305830478668213,47,1,43,1,11
1413393976.355830430984497,47,1,40,1,11
1413393976.405830144882202,40,3,38,0,11
1413393976.455829858779907,41,1,36,5,11
1413393976.505829811096191,40,2,38,1,11
1413393976.555829763412476,39,0,37,1,11
1413393976.605829954147339,44,0,36,6,11
1413393976.655829906463623,44,1,39,3,11
1413393976.705829620361328,47,1,42,4,11
1413393976.755829572677612,49,0,44,3,11
1413393976.805830001831055,48,0,44,0,11
1413393976.855830669403076,47,4,40,2,11
1413393976.905831098556519,47,0,42,1,11
1413393976.955831766128540,47,2,39,6,11
1413393977.005831480026245,47,2,44,1,11
1413393977.055831193923950,46,0,44,2,11
1413393977.105830669403076,46,0,46,0,11
1413393977.155830144882202,49,0,45,3,11
1413393977.205828905105591,49,1,48,0,11
1413393977.255827665328979,50,0,47,2,11
1413393977.305826902389526,50,2,48,0,11
1413393977.355826854705811,49,0,46,0,11
1413393977.405827045440674,49,1,45,1,11
1413393977.455827474594116,49,7,46,2,11
1413393977.505827903747559,48,7,45,2,11
1413393977.555828571319580,49,0,46,1,11
1413393977.605829238891602,48,5,45,1,11
1413393977.655829191207886,48,2,45,1,11
1413393977.705829143524170,48,0,45,1,11
1413393977.755829095840454,49,0,45,2,11
1413393977.805829048156738,48,5,47,0,11
1413393977.855829238891602,47,0,46,0,11
1413393977.905829191207886,47,0,46,0,11
1413393977.955829143524170,48,0,45,2,11
1413393978.005828857421875,48,7,46,0,11
1413393978.055829048156738,48,3,46,1,11
1413393978.105829238891602,49,3,46,2,11
1413393978.155829429626465,48,2,47,0,11
1413393978.205829620361328,49,5,46,1,11
1413393978.255830049514771,47,4,46,0,11
1413393978.305830240249634,48,1,44,2,11
1413393978.355830669403076,47,0,46,0,11
1413393978.405830860137939,48,4,45,2,11
1413393978.455831289291382,48,3,44,2,11
1413393978.505831241607666,47,1,44,0,11
1413393978.555830955505371,47,2,43,2,11
1413393978.605830907821655,45,2,41,3,11
1413393978.655830144882202,47,0,42,3,11
1413393978.705829381942749,44,1,42,1,11
1413393978.755828619003296,46,2,40,4,11
1413393978.805828332901001,44,2,40,1,11
1413393978.855828523635864,44,0,40,2,11
1413393978.905828714370728,47,0,41,5,11
1413393978.955828666687012,46,0,45,1,11
1413393979.005828619003296,47,7,45,2,11
1413393979.055828571319580,43,1,41,0,11
1413393979.105828762054443,43,3,37,4,11
1413393979.155828714370728,43,0,40,1,11
1413393979.205828905105591,41,0,37,2,11
1413393979.255828857421875,35,0,33,0,11
1413393979.305828809738159,32,2,29,0,11
1413393979.355828762054443,34,0,29,3,11
1413393979.405828714370728,31,0,31,0,11
1413393979.455828428268433,32,0,29,2,11
1413393979.505828142166138,29,1,26,0,11
1413393979.555827856063843,30,0,24,1,11
1413393979.605828046798706,29,6,21,2,11
1413393979.655827760696411,29,0,21,4,11
1413393979.705827474594116,30,2,24,4,11
1413393979.755827188491821,29,0,27,0,11
1413393979.805826902389526,33,2,26,6,11
1413393979.855827093124390,28,4,27,1,11
1413393979.905827045440674,27,0,27,0,11
1413393979.955826997756958,25,1,22,1,11
1413393980.005826711654663,35,2,19,10,11
1413393980.055827140808105,35,1,26,4,11
1413393980.105827331542969,42,0,28,12,11
1413393980.155827522277832,49,11,39,8,11
1413393980.205827474594116,49,3,46,2,11
1413393980.255827665328979,49,2,45,1,11
1413393980.305827856063843,47,1,42,1,11
1413393980.355827808380127,43,0,42,1,11
1413393980.405827760696411,43,1,41,1,11
1413393980.455827236175537,48,7,41,7,11
1413393980.505826950073242,46,15,46,0,11
1413393980.555826663970947,46,6,46,0,11
1413393980.605827093124390,48,2,46,2,11
1413393980.655826807022095,50,8,47,2,11
1413393980.705826759338379,49,4,45,0,11
1413393980.755826473236084,48,5,45,1,11
1413393980.805825948715210,47,8,43,2,11
1413393980.855825901031494,47,3,44,0,11
1413393980.905825614929199,46,1,44,1,11
1413393980.955825805664062,47,4,45,2,11
1413393981.005825996398926,46,2,46,0,11
1413393981.055826663970947,46,2,46,0,11
1413393981.105827808380127,45,1,45,0,11
1413393981.155828952789307,47,3,41,5,11
1413393981.205829620361328,47,2,46,0,11
1413393981.255830287933350,47,4,44,2,11
1413393981.305830240249634,47,0,46,1,11
1413393981.355830907821655,50,5,46,3,11
1413393981.405831336975098,49,9,47,0,11
1413393981.455831289291382,48,4,46,0,11
1413393981.505831241607666,47,0,45,1,11
1413393981.555831193923950,47,0,44,3,11
1413393981.605831384658813,48,4,45,3,11
1413393981.655831336975098,44,5,43,0,11
1413393981.705831527709961,43,3,43,0,11
1413393981.755831718444824,50,4,43,7,11
1413393981.805831909179688,49,0,48,0,11
1413393981.855832576751709,50,3,48,1,11
1413393981.905832767486572,48,5,48,0,11
1413393981.955832958221436,49,0,46,1,11
1413393982.005833148956299,48,7,47,0,11
1413393982.055833339691162,49,1,46,2,11
1413393982.105833530426025,48,3,47,1,11
1413393982.155833721160889,45,0,45,0,11
1413393982.205833673477173,44,1,42,2,11
1413393982.255833148956299,47,6,41,5,11
1413393982.305833101272583,45,1,43,0,11
1413393982.355833292007446,42,1,40,0,11
1413393982.405833482742310,40,4,40,0,11
1413393982.455833435058594,43,1,39,3,11
1413393982.505833625793457,48,0,39,5,11
1413393982.555833816528320,48,2,42,1,11
1413393982.605834007263184,43,5,33,2,11
1413393982.655834674835205,45,4,32,8,11
1413393982.705834627151489,40,6,32,3,11
1413393982.755834341049194,39,3,36,0,11
1413393982.805834531784058,35,1,32,2,11
1413393982.855834722518921,31,4,30,0,11
1413393982.905834913253784,37,4,25,7,11
1413393982.955834865570068,36,6,27,3,11
1413393983.005834341049194,32,3,25,1,11
1413393983.055834293365479,29,3,22,4,11
1413393983.105834484100342,27,2,25,1,11
1413393983.155833959579468,39,2,22,15,11
1413393983.205833911895752,35,5,32,1,11
1413393983.255833864212036,35,1,32,1,11
1413393983.305833578109741,28,1,27,0,11
1413393983.355833768844604,25,0,24,0,11
1413393983.405833721160889,24,5,18,3,11
1413393983.455833673477173,22,1,17,0,11
1413393983.505833864212036,20,1,15,5,11
1413393983.555834054946899,21,0,18,3,11
1413393983.605834245681763,23,5,19,4,11
1413393983.655834436416626,25,4,21,3,11
1413393983.705834388732910,25,3,22,1,11
1413393983.755834341049194,23,7,19,1,11
1413393983.805834293365479,27,2,19,7,11
1413393983.855834484100342,25,2,22,1,11
1413393983.905834436416626,28,4,22,6,11
1413393983.955834388732910,27,4,23,4,11
1413393984.005834102630615,27,1,26,0,11
1413393984.055834054946899,32,1,24,6,11
1413393984.105834007263184,37,0,28,6,11
1413393984.155833959579468,34,3,29,1,11
1413393984.205833673477173,30,4,28,1,11
1413393984.255833625793457,27,0,27,0,11
1413393984.305833578109741,35,2,25,9,11
1413393984.355833768844604,34,1,30,3,11
1413393984.405833482742310,34,2,28,3,11
1413393984.455833435058594,34,0,30,1,11
1413393984.505833148956299,32,2,26,3,11
1413393984.555833339691162,38,3,27,10,11
1413393984.605833530426025,36,5,34,2,11
1413393984.655833482742310,33,8,31,0,11
1413393984.705833435058594,29,0,27,0,11
1413393984.755833864212036,31,6,25,5,11
1413393984.805833816528320,29,3,26,3,11
1413393984.855834245681763,30,6,28,2,11
1413393984.905834197998047,28,5,25,3,11
1413393984.955834150314331,24,2,23,0,11
1413393985.005834579467773,28,5,21,7,11
1413393985.055834531784058,31,6,27,3,11
1413393985.105834722518921,29,2,27,0,11
1413393985.155834674835205,29,2,24,3,11
1413393985.205834627151489,29,2,27,1,11
1413393985.255834579467773,29,5,28,1,11
1413393985.305834531784058,28,6,27,0,11
1413393985.355834960937500,26,5,26,0,11
1413393985.405834674835205,31,3,26,5,11
1413393985.455834865570068,33,3,29,2,11
1413393985.505835056304932,33,5,30,1,11
1413393985.555835247039795,32,2,29,1,11
1413393985.605835676193237,30,2,24,3,11
1413393985.655835866928101,31,5,24,3,11
1413393985.705836534500122,29,1,24,2,11
1413393985.755836486816406,29,6,26,2,11
1413393985.805837154388428,31,4,26,3,11
1413393985.855837821960449,34,5,28,3,11
1413393985.905838012695312,34,6,30,3,11
1413393985.955838203430176,33,8,31,1,11
1413393986.005837917327881,40,1,28,7,11
1413393986.055837392807007,40,3,31,3,11
1413393986.105836868286133,38,3,31,2,11
1413393986.155835628509521,37,3,31,4,11
1413393986.205833911895752,33,3,30,0,11
1413393986.255832195281982,38,4,23,8,11
1413393986.305831432342529,37,1,25,1,11
1413393986.355831146240234,34,2,21,3,11
1413393986.405830860137939,30,5,21,3,11
1413393986.455830574035645,30,4,23,3,11
1413393986.505830526351929,28,5,23,1,11
1413393986.555830240249634,33,1,22,6,11
1413393986.605830669403076,29,1,25,0,11
1413393986.655831336975098,29,0,21,2,11
1413393986.705831766128540,29,0,18,6,11
1413393986.755832195281982,30,1,20,4,11
1413393986.805832624435425,31,0,24,4,11
1413393986.855833053588867,32,2,25,4,11
1413393986.905834197998047,32,0,25,2,11
1413393986.955835342407227,28,1,24,2,11
1413393987.005837202072144,34,3,26,8,11
1413393987.055838823318481,39,0,34,5,11
1413393987.105840444564819,41,0,38,3,11
1413393987.155840873718262,41,0,40,1,11
1413393987.205841541290283,45,0,40,4,11
1413393987.255841493606567,48,2,43,3,11
1413393987.305841922760010,49,8,46,2,11
1413393987.355842351913452,48,4,48,0,11
1413393987.405842781066895,49,1,47,1,11
1413393987.455842971801758,49,12,46,1,11
1413393987.505843400955200,47,1,45,0,11
1413393987.555843830108643,48,0,42,3,11
1413393987.605845451354980,48,8,43,2,11
1413393987.655846118927002,47,1,43,0,11
1413393987.705846309661865,46,1,41,1,11
1413393987.755846500396729,44,1,42,1,11
1413393987.805846691131592,44,1,40,1,11
1413393987.855846881866455,47,1,42,3,11
1413393987.905846595764160,47,7,43,2,11
1413393987.955846548080444,48,2,43,2,11
1413393988.005846261978149,44,6,41,1,11
1413393988.055845975875854,45,0,40,4,11
1413393988.105846166610718,46,1,43,2,11
1413393988.155846357345581,45,0,44,0,11
1413393988.205846071243286,48,7,44,4,11
1413393988.255846023559570,47,0,44,1,11
1413393988.305845499038696,48,2,43,1,11
1413393988.355844974517822,45,1,44,0,11
1413393988.405844449996948,43,3,41,0,11
1413393988.455843687057495,43,3,41,1,11
1413393988.505843162536621,43,7,39,4,11
1413393988.555842638015747,43,2,42,1,11
1413393988.605842828750610,47,2,41,5,11
1413393988.655842781066895,49,1,45,2,11
1413393988.705843210220337,48,1,48,0,11
1413393988.755843400955200,44,6,43,0,11
1413393988.805843830108643,44,4,39,4,11
1413393988.855844259262085,44,5,39,2,11
1413393988.905844688415527,39,1,35,1,11
1413393988.955845117568970,37,2,34,0,11
1413393989.005845308303833,34,3,31,3,11
1413393989.055845499038696,40,4,34,6,11
1413393989.105845689773560,45,1,38,6,11
1413393989.155845642089844,42,1,42,0,11
1413393989.205845594406128,38,1,37,0,11
1413393989.255844593048096,45,0,36,8,11
1413393989.305842876434326,42,2,40,0,11
1413393989.355842590332031,39,5,35,0,11
1413393989.405841827392578,41,5,29,8,11
1413393989.455841779708862,36,6,32,0,11
1413393989.505840063095093,35,6,27,6,11
1413393989.555839538574219,32,2,30,1,11
1413393989.605839252471924,31,3,30,1,11
1413393989.655839443206787,31,2,30,0,11
1413393989.705838203430176,33,0,25,7,11
1413393989.755838155746460,32,0,32,0,11
1413393989.805837631225586,32,2,31,0,11
1413393989.855838537216187,32,1,29,1,11
1413393989.905838966369629,31,2,29,0,11
1413393989.955839395523071,39,3,28,10,11
1413393990.005839347839355,41,0,36,4,11
1413393990.055839061737061,43,1,38,4,11
1413393990.105839490890503,48,6,42,6,11
1413393990.155839443206787,46,1,44,0,11
1413393990.205839157104492,44,4,38,3,11
1413393990.255839347839355,40,1,36,0,11
1413393990.305839300155640,34,1,32,0,11
1413393990.355839252471924,35,1,29,5,11
1413393990.405839204788208,34,3,34,0,11
1413393990.455839395523071,37,1,33,3,11
1413393990.505839347839355,35,0,33,0,11
1413393990.555839061737061,37,0,32,5,11
1413393990.605839014053345,37,0,32,0,11
1413393990.655838727951050,33,2,26,0,11
1413393990.705838203430176,30,1,24,3,11
1413393990.755837678909302,30,4,24,2,11
1413393990.805837631225586,25,4,23,0,11
1413393990.855838060379028,28,2,22,4,11
1413393990.905838251113892,26,2,25,0,11
1413393990.955838918685913,35,0,24,11,11
1413393991.005839347839355,33,3,31,0,11
1413393991.055838823318481,32,3,29,0,11
1413393991.105838775634766,33,7,28,4,11
1413393991.155838727951050,36,11,29,6,11
1413393991.205837726593018,31,7,30,0,11
1413393991.255837440490723,29,1,24,0,11
1413393991.305838823318481,26,4,19,0,11
1413393991.355839729309082,22,3,18,0,11
1413393991.405838966369629,16,2,13,0,11
1413393991.455839633941650,16,1,14,1,11
1413393991.505843162536621,18,2,15,3,11
1413393991.555845737457275,18,0,18,0,11
1413393991.605848073959351,18,1,16,0,11
1413393991.655850410461426,23,0,16,5,11
1413393991.705851078033447,22,0,20,1,11
1413393991.755850791931152,28,0,20,6,11
1413393991.805849313735962,26,0,24,0,11
1413393991.855847358703613,23,0,23,0,11
1413393991.905844449996948,23,0,21,1,11
1413393991.955842733383179,23,1,18,0,11
1413393992.005841016769409,28,5,20,7,11
1413393992.055839776992798,27,5,27,0,11
1413393992.105839252471924,32,4,23,8,11
1413393992.155838966369629,39,1,31,7,11
1413393992.205837488174438,37,0,36,0,11
1413393992.255834341049194,42,1,36,5,11
1413393992.305831193923950,42,0,40,1,11
1413393992.355831146240234,41,1,38,1,11
1413393992.405830860137939,40,0,39,0,11
1413393992.455831289291382,39,0,39,0,11
1413393992.505832433700562,46,0,39,7,11
1413393992.555833578109741,46,1,46,0,11
1413393992.605835199356079,47,4,45,2,11
1413393992.655836820602417,48,1,47,1,11
1413393992.705837726593018,49,2,47,1,11
1413393992.755836248397827,48,1,47,0,11
1413393992.805835723876953,49,1,46,2,11
1413393992.855834007263184,48,3,45,1,11
1413393992.905831336975098,45,4,43,0,11
1413393992.955827474594116,47,0,43,3,11
1413393993.005824565887451,46,0,46,0,11
1413393993.055823087692261,46,0,46,0,11
1413393993.105823516845703,46,0,46,0,11
1413393993.155822992324829,46,1,46,0,11
1413393993.205821514129639,48,5,46,2,11
1413393993.255821466445923,48,0,46,0,11
1413393993.305820941925049,47,4,46,0,11
1413393993.355821609497070,41,0,41,0,11
1413393993.405823707580566,41,2,41,0,11
1413393993.455826759338379,41,0,41,0,11
1413393993.505829572677612,42,1,39,1,11
1413393993.555834054946899,42,3,39,0,11
1413393993.605837583541870,41,14,36,1,11
1413393993.655838966369629,38,5,35,0,11
1413393993.705840587615967,39,6,32,4,11
1413393993.755841732025146,38,9,32,0,11
1413393993.805842876434326,38,4,29,6,11
1413393993.855844020843506,26,1,26,0,11
1413393993.905845403671265,25,0,23,1,11
1413393993.955845594406128,23,0,22,0,11
1413393994.005846023559570,19,1,19,0,11
1413393994.055846452713013,19,1,19,0,11
1413393994.105847597122192,17,2,17,0,11
1413393994.155848026275635,17,0,16,0,11
1413393994.205849409103394,18,0,16,1,11
1413393994.255849599838257,18,1,17,1,11
1413393994.305850505828857,22,4,18,4,11
1413393994.355850696563721,22,2,22,0,11
1413393994.405850410461426,25,6,21,3,11
1413393994.455850839614868,24,4,21,0,11
1413393994.505851268768311,22,2,19,1,11
1413393994.555851459503174,21,1,20,1,11
1413393994.605851650238037,21,3,20,0,11
1413393994.655851840972900,18,4,17,0,11
1413393994.705851316452026,14,7,14,0,11
1413393994.755851268768311,13,0,12,0,11
1413393994.805849790573120,15,3,11,2,11
1413393994.855848312377930,14,1,12,0,11
1413393994.905841350555420,22,0,11,9,11
1413393994.955838441848755,20,3,20,0,11
1413393995.005833148956299,33,2,20,13,11
1413393995.055832862854004,33,2,33,0,11
1413393995.105831861495972,48,1,32,15,11
1413393995.155833959579468,47,2,47,0,11
1413393995.205835580825806,47,4,47,0,11
1413393995.255836725234985,48,2,46,2,11
1413393995.305836677551270,47,4,47,0,11
1413393995.355836868286133,47,0,46,0,11
1413393995.405836582183838,48,0,44,1,11
1413393995.455835819244385,47,4,44,1,11
1413393995.505835056304932,46,3,42,2,11
1413393995.555834531784058,46,6,39,2,11
1413393995.605834960937500,47,9,38,3,11
1413393995.655835151672363,44,2,37,2,11
1413393995.705835103988647,39,0,35,1,11
1413393995.755835056304932,36,0,29,1,11
1413393995.805834770202637,32,2,26,0,11
1413393995.855834722518921,29,0,23,1,11
1413393995.905834674835205,33,1,21,8,11
1413393995.955834627151489,33,0,27,2,11
1413393996.005834579467773,32,0,26,1,11
1413393996.055834531784058,29,2,28,0,11
1413393996.105834484100342,36,2,26,10,11
1413393996.155834913253784,40,1,33,4,11
1413393996.205835103988647,45,1,33,7,11
1413393996.255835533142090,41,0,39,0,11
1413393996.305835723876953,42,14,38,4,11
1413393996.355836153030396,40,1,39,0,11
1413393996.405836343765259,41,0,39,1,11
1413393996.455836534500122,38,0,38,0,11
1413393996.505836725234985,37,2,35,1,11
1413393996.555837154388428,35,0,34,0,11
1413393996.605837583541870,46,4,30,13,11
1413393996.655838012695312,46,2,43,0,11
1413393996.705838918685913,43,2,43,0,11
1413393996.755839347839355,42,3,41,0,11
1413393996.805840015411377,40,0,38,0,11
1413393996.855840682983398,42,4,37,4,11
1413393996.905840635299683,48,10,41,7,11
1413393996.955840587615967,48,2,48,0,11
1413393997.005840778350830,49,3,47,2,11
1413393997.055841207504272,49,15,47,1,11
1413393997.105841159820557,47,0,46,0,11
1413393997.155841350555420,46,1,44,1,11
1413393997.205841302871704,50,0,44,4,11
1413393997.255841016769409,49,4,48,0,11
1413393997.305840969085693,48,12,48,0,11
1413393997.355841159820557,47,9,45,2,11
1413393997.405841112136841,47,0,46,0,11
1413393997.455841302871704,45,3,43,0,11
1413393997.505841255187988,46,6,43,2,11
1413393997.555841445922852,45,1,45,0,11
1413393997.605841636657715,47,3,42,2,11
1413393997.655841588973999,50,14,44,3,11
1413393997.705841541290283,46,3,46,0,11
1413393997.755841493606567,46,1,46,0,11
1413393997.805841445922852,46,3,46,0,11
1413393997.855841636657715,50,14,45,4,11
1413393997.905841827392578,50,13,47,0,11
1413393997.955841779708862,47,7,46,0,11
1413393998.005841732025146,46,0,45,1,11
1413393998.055841684341431,46,1,46,0,11
1413393998.105841875076294,46,5,43,2,11
1413393998.155841827392578,45,1,44,0,11
1413393998.205841779708862,43,1,43,0,11
1413393998.255841732025146,46,1,40,5,11
1413393998.305841684341431,43,3,41,2,11
1413393998.355841875076294,41,1,41,0,11
1413393998.405842065811157,41,2,40,0,11
1413393998.455841779708862,40,3,39,1,11
1413393998.505841732025146,41,3,39,1,11
1413393998.555841445922852,43,5,40,2,11
1413393998.605841636657715,43,1,42,1,11
1413393998.655841350555420,43,1,43,0,11
1413393998.705841302871704,43,0,41,1,11
1413393998.755841255187988,42,0,38,1,11
1413393998.805841207504272,41,1,39,0,11
1413393998.855841159820557,39,2,39,0,11
1413393998.905839443206787,45,7,38,6,11
1413393998.955839157104492,45,0,43,0,11
1413393999.005838871002197,44,0,42,0,11
1413393999.055838584899902,44,1,42,1,11
1413393999.105838775634766,43,2,41,0,11
1413393999.155838489532471,44,3,41,1,11
1413393999.205838203430176,44,0,39,2,11
1413393999.255838155746460,40,0,37,0,11
1413393999.305838108062744,36,2,32,0,11
1413393999.355838298797607,34,1,30,1,11
1413393999.405838489532471,30,2,28,2,11
1413393999.455838680267334,29,2,27,0,11
1413393999.505839109420776,35,0,26,6,11
1413393999.555839061737061,33,1,31,0,11
1413393999.605839490890503,34,0,30,1,11
1413393999.655839681625366,33,8,30,1,11
1413393999.705839633941650,32,2,30,0,11
1413393999.755839824676514,34,4,30,3,11
1413393999.805840253829956,35,8,29,4,11
1413393999.855840444564819,31,2,29,0,11
1413393999.905840635299683,26,4,19,1,11
1413393999.955840587615967,24,5,18,0,11
1413394000.005840539932251,13,6,5,2,11
1413394000.055840730667114,12,2,6,1,11
1413394000.105842351913452,12,1,5,4,11
1413394000.155842304229736,10,1,6,0,11
1413394000.205842256546021,9,0,5,1,11
1413394000.255841970443726,4,0,3,0,11
1413394000.305841684341431,3,0,3,0,11
1413394000.355841636657715,3,4,0,0,11
1413394000.405841588973999,3,0,0,0,11
1413394000.455841541290283,1,1,0,1,11
1413394000.505841493606567,1,0,1,0,11
1413394000.555841445922852,1,0,1,0,11
1413394000.605841636657715,1,0,1,0,11
1413394000.655841588973999,1,0,1,0,11
1413394000.705841541290283,2,0,1,1,11
1413394000.755841255187988,2,0,2,0,11
1413394000.805841445922852,3,0,2,1,11
1413394000.855841636657715,3,0,2,0,11
1413394000.905841588973999,3,0,2,0,11
1413394000.955841541290283,7,0,2,5,11
1413394001.005841493606567,7,0,7,0,11
1413394001.055841445922852,7,0,7,0,11
1413394001.105841398239136,7,0,7,0,11
1413394001.155841350555420,7,0,7,0,11
1413394001.205841302871704,7,0,7,0,11
1413394001.255841255187988,7,0,7,0,11
1413394001.305841207504272,7,0,7,0,11
1413394001.355841398239136,7,0,7,0,11
1413394001.405841350555420,7,0,7,0,11
1413394001.455841302871704,7,0,7,0,11
1413394001.505841255187988,8,0,7,1,11
1413394001.555841207504272,12,0,8,4,11
1413394001.605841398239136,12,0,12,0,11
1413394001.655841350555420,12,0,12,0,11
1413394001.705841302871704,12,0,12,0,11
1413394001.755841255187988,12,0,12,0,11
1413394001.805841207504272,12,0,12,0,11
1413394001.855841398239136,12,0,12,0,11
1413394001.905841350555420,12,0,12,0,11
1413394001.955841302871704,12,0,12,0,11
1413394002.005841255187988,12,0,12,0,11
1413394002.055841207504272,12,0,12,0,11
1413394002.105841398239136,12,0,12,0,11
1413394002.155841350555420,12,0,12,0,11
1413394002.205841302871704,12,0,12,0,11
1413394002.255841255187988,12,0,12,0,11
1413394002.305841207504272,12,0,12,0,11
1413394002.355841398239136,12,0,12,0,11
1413394002.405841350555420,13,0,12,1,11
1413394002.455841302871704,13,0,13,0,11
1413394002.505841255187988,13,0,13,0,11
1413394002.555841207504272,15,0,13,2,11
1413394002.605841398239136,15,0,15,0,11
1413394002.655841350555420,15,0,15,0,11
1413394002.705841302871704,15,0,15,0,11
1413394002.755841255187988,15,0,15,0,11
1413394002.805841207504272,15,0,15,0,11
1413394002.855841398239136,15,0,15,0,11
1413394002.905841350555420,15,0,15,0,11
1413394002.955841302871704,15,0,15,0,11
1413394003.005841255187988,15,0,15,0,11
1413394003.055841207504272,15,0,15,0,11
1413394003.105841398239136,13,1,13,0,11
1413394003.155841350555420,13,0,13,0,11
1413394003.205841302871704,12,0,12,0,11
1413394003.255841255187988,12,0,12,0,11
1413394003.305841207504272,12,0,12,0,11
1413394003.355841398239136,12,0,12,0,11
