# timestamp (sec),slam_feats_in_state,msckf_feats_used,slam_feats_updated,slam_feats_delayed_init,clones
1413393890.058773994445801,0,13,0,0,5
1413393890.105317354202271,17,16,0,17,6
1413393890.155255556106567,17,0,17,0,7
1413393890.204990386962891,17,3,17,0,8
1413393890.255263328552246,17,1,17,0,9
1413393890.305896520614624,17,2,17,0,10
1413393890.356243610382080,17,0,17,0,11
1413393890.406295299530029,17,2,16,0,11
1413393890.456084728240967,18,2,15,2,11
1413393890.505953311920166,18,1,17,1,11
1413393890.555812358856201,30,1,18,12,11
1413393890.606287479400635,35,1,26,8,11
1413393890.657186746597290,38,0,34,3,11
1413393890.708068609237671,48,7,37,11,11
1413393890.758246183395386,49,3,48,1,11
1413393890.808215618133545,50,0,49,1,11
1413393890.858108520507812,50,4,50,0,11
1413393890.907866954803467,50,2,50,0,11
1413393890.957696676254272,50,3,50,0,11
1413393891.007654190063477,50,0,50,0,11
1413393891.057594776153564,50,4,50,0,11
1413393891.107582330703735,50,1,49,0,11
1413393891.157584428787231,50,3,48,0,11
1413393891.207606792449951,49,1,48,0,11
1413393891.257635831832886,50,1,48,2,11
1413393891.307620763778687,50,7,50,0,11
1413393891.357663154602051,46,3,44,0,11
1413393891.407574892044067,40,4,37,0,11
1413393891.457537174224854,41,2,37,2,11
1413393891.507363080978394,38,3,35,2,11
1413393891.557075500488281,39,0,35,2,11
1413393891.606706380844116,40,0,37,2,11
1413393891.656306266784668,44,0,34,5,11
1413393891.706190824508667,44,1,32,0,11
1413393891.756031751632690,44,1,31,5,11
1413393891.805907964706421,41,0,30,5,11
1413393891.855840444564819,40,0,35,1,11
1413393891.905680894851685,43,2,35,6,11
1413393891.955548048019409,45,3,35,3,11
1413393892.005480289459229,42,17,35,3,11
1413393892.055528163909912,42,1,35,4,11
1413393892.105747222900391,46,5,36,7,11
1413393892.155807018280029,46,0,41,2,11
1413393892.205830335617065,44,1,41,0,11
1413393892.255890846252441,42,0,42,0,11
1413393892.305919885635376,41,3,40,0,11
1413393892.355925083160400,41,3,40,1,11
1413393892.405887842178345,40,3,39,0,11
1413393892.455806016921997,40,2,38,0,11
1413393892.505780696868896,41,4,37,4,11
1413393892.555774211883545,40,9,39,0,11
1413393892.605783224105835,41,2,38,2,11
1413393892.655796289443970,43,2,39,4,11
1413393892.705789327621460,46,6,40,6,11
1413393892.755766630172729,46,1,45,0,11
1413393892.805741786956787,48,3,42,4,11
1413393892.855721712112427,48,3,42,2,11
1413393892.905719280242920,46,3,41,2,11
1413393892.955741882324219,45,4,39,3,11
1413393893.005766391754150,39,0,34,0,11
1413393893.055811405181885,36,1,31,1,11
1413393893.105853080749512,33,1,32,0,11
1413393893.155888319015503,42,0,32,10,11
1413393893.205874681472778,43,0,42,1,11
1413393893.255861759185791,44,1,43,1,11
1413393893.305875778198242,47,17,42,5,11
1413393893.355873823165894,47,2,47,0,11
1413393893.405892848968506,46,2,44,0,11
1413393893.455931425094604,46,1,44,1,11
1413393893.506002426147461,48,15,44,4,11
1413393893.556016445159912,50,3,47,2,11
1413393893.606034994125366,49,0,45,0,11
1413393893.656050205230713,47,1,42,2,11
1413393893.706053018569946,45,2,40,3,11
1413393893.756056785583496,48,2,41,3,11
1413393893.806058883666992,45,2,40,1,11
1413393893.856064558029175,43,11,40,1,11
1413393893.906076908111572,48,10,38,8,11
1413393893.956090927124023,46,5,43,0,11
1413393894.006109476089478,44,10,33,5,11
1413393894.056146383285522,40,4,34,0,11
1413393894.106174230575562,34,6,28,1,11
1413393894.156213283538818,41,2,26,10,11
1413393894.206257104873657,35,2,31,1,11
1413393894.256282091140747,33,4,29,1,11
1413393894.306309700012207,34,3,27,6,11
1413393894.356323719024658,33,8,28,1,11
1413393894.406329870223999,34,2,29,1,11
1413393894.456339120864868,37,0,30,7,11
1413393894.506343126296997,41,4,36,4,11
1413393894.556349754333496,40,2,39,0,11
1413393894.606348037719727,45,3,38,7,11
1413393894.656341075897217,46,2,44,1,11
1413393894.706337451934814,48,7,43,2,11
1413393894.756339550018311,47,6,43,1,11
1413393894.806340217590332,49,2,43,4,11
1413393894.856341838836670,50,5,45,2,11
1413393894.906340360641479,48,2,44,1,11
1413393894.956335544586182,48,4,45,2,11
1413393895.006333112716675,48,0,43,2,11
1413393895.056323528289795,50,3,44,2,11
1413393895.106326103210449,46,0,44,1,11
1413393895.156326055526733,48,4,44,3,11
1413393895.206329584121704,48,2,45,2,11
1413393895.256328821182251,47,2,43,3,11
1413393895.306323528289795,46,2,41,2,11
1413393895.356319904327393,46,2,41,4,11
1413393895.406316518783569,44,1,42,2,11
1413393895.456317186355591,48,4,42,5,11
1413393895.506318092346191,47,3,45,0,11
1413393895.556317806243896,47,4,43,3,11
1413393895.606320381164551,47,1,45,2,11
1413393895.656321763992310,48,6,43,2,11
1413393895.706331014633179,44,3,40,1,11
1413393895.756344079971313,43,4,36,3,11
1413393895.806349515914917,37,4,34,0,11
1413393895.856353521347046,33,5,27,2,11
1413393895.906350851058960,30,6,26,1,11
1413393895.956346988677979,30,0,21,4,11
1413393896.006346940994263,29,3,21,1,11
1413393896.056346654891968,26,3,20,2,11
1413393896.106355905532837,26,1,21,2,11
1413393896.156369447708130,23,6,18,0,11
1413393896.206380844116211,23,2,15,1,11
1413393896.256395578384399,21,2,14,2,11
1413393896.306406736373901,20,0,14,2,11
1413393896.356420516967773,21,0,16,3,11
1413393896.406435489654541,21,2,17,2,11
1413393896.456464767456055,24,0,16,4,11
1413393896.506486654281616,25,0,18,4,11
1413393896.556513547897339,24,4,15,2,11
1413393896.606549024581909,31,4,15,7,11
1413393896.656558990478516,30,1,19,6,11
1413393896.706551313400269,31,0,15,3,11
1413393896.756546735763550,30,1,16,2,11
1413393896.806534290313721,25,1,17,5,11
1413393896.856534242630005,29,0,16,6,11
1413393896.906543731689453,31,0,22,3,11
1413393896.956544160842896,29,1,23,2,11
1413393897.006532907485962,30,1,25,3,11
1413393897.056514501571655,28,1,25,0,11
1413393897.106503486633301,26,4,24,1,11
1413393897.156492710113525,28,5,22,5,11
1413393897.206488370895386,29,1,25,3,11
1413393897.256485700607300,32,2,27,4,11
1413393897.306445121765137,35,2,31,3,11
1413393897.356438636779785,38,5,33,4,11
1413393897.406441450119019,43,2,36,5,11
1413393897.456429958343506,44,4,39,5,11
1413393897.506422042846680,42,0,41,1,11
1413393897.556430816650391,42,0,41,0,11
1413393897.606433629989624,42,1,40,1,11
1413393897.656430959701538,46,0,41,5,11
1413393897.706428050994873,46,0,45,1,11
1413393897.756415605545044,50,1,46,4,11
1413393897.806425094604492,49,6,48,0,11
1413393897.856438159942627,49,2,47,1,11
1413393897.906446456909180,47,0,46,1,11
1413393897.956468820571899,48,4,47,1,11
1413393898.006480455398560,47,1,47,0,11
1413393898.056490182876587,45,4,43,1,11
1413393898.106495857238770,46,3,41,3,11
1413393898.156468152999878,44,2,41,0,11
1413393898.206461668014526,36,8,35,0,11
1413393898.256455898284912,37,5,34,2,11
1413393898.306466102600098,38,7,34,2,11
1413393898.356467247009277,40,2,30,3,11
1413393898.406470298767090,35,0,26,1,11
1413393898.456470012664795,25,5,16,2,11
1413393898.506494522094727,22,1,17,1,11
1413393898.556553363800049,25,1,16,7,11
1413393898.606593370437622,25,8,22,0,11
1413393898.656615972518921,22,1,19,1,11
1413393898.706645011901855,21,3,20,0,11
1413393898.756685256958008,24,3,19,4,11
1413393898.806694030761719,23,4,21,0,11
1413393898.856696128845215,20,1,17,0,11
1413393898.906695365905762,15,4,12,0,11
1413393898.956686735153198,14,5,9,1,11
1413393899.006690502166748,14,2,9,1,11
1413393899.056693553924561,11,3,9,2,11
1413393899.106673717498779,13,2,11,2,11
1413393899.156675577163696,14,1,13,1,11
1413393899.206672668457031,16,13,9,2,11
1413393899.256637096405029,28,6,10,13,11
1413393899.306631326675415,26,12,15,5,11
1413393899.356604099273682,27,5,20,3,11
1413393899.406607627868652,20,5,18,0,11
1413393899.456608533859253,19,0,18,1,11
1413393899.506605625152588,13,3,13,0,11
1413393899.556588649749756,11,1,10,0,11
1413393899.606574773788452,8,1,6,0,11
1413393899.656563520431519,6,1,6,0,11
1413393899.706571340560913,6,1,6,0,11
1413393899.756594181060791,6,0,6,0,11
1413393899.806639671325684,9,5,2,4,11
1413393899.856650352478027,8,15,1,0,11
1413393899.906655550003052,5,0,1,0,11
1413393899.956659555435181,3,1,1,2,11
1413393900.006660699844360,3,2,2,0,11
1413393900.056663751602173,3,3,2,0,11
1413393900.106664419174194,2,0,2,0,11
1413393900.156662940979004,0,3,0,0,11
1413393900.206653356552124,1,1,0,1,11
1413393900.256677627563477,3,1,0,2,11
1413393900.306686401367188,4,4,2,1,11
1413393900.356696367263794,4,11,3,1,11
1413393900.406718015670776,5,12,2,1,11
1413393900.456723451614380,7,8,2,3,11
1413393900.506738424301147,14,8,4,10,11
1413393900.556740283966064,13,10,12,0,11
1413393900.606742620468140,15,6,10,2,11
1413393900.656746625900269,13,5,10,2,11
1413393900.706742286682129,13,2,11,1,11
1413393900.756734609603882,17,2,12,4,11
1413393900.806729316711426,15,2,15,0,11
1413393900.856716394424438,14,0,14,0,11
1413393900.906701803207397,16,1,14,2,11
1413393900.956690073013306,17,4,16,1,11
1413393901.006697177886963,24,6,16,8,11
1413393901.056701421737671,26,11,21,4,11
1413393901.106697320938110,27,5,24,2,11
1413393901.156705141067505,28,4,24,4,11
1413393901.206707715988159,28,4,26,2,11
1413393901.256710767745972,27,0,27,0,11
1413393901.306715011596680,23,3,22,1,11
1413393901.356716871261597,19,11,18,0,11
1413393901.406718730926514,19,5,18,0,11
1413393901.456721544265747,17,2,15,0,11
1413393901.506719350814819,15,3,12,1,11
1413393901.556722640991211,14,8,12,1,11
1413393901.606713771820068,19,1,13,5,11
1413393901.656715154647827,25,2,17,8,11
1413393901.706701040267944,30,3,25,5,11
1413393901.756716966629028,36,7,28,6,11
1413393901.806720733642578,44,8,32,10,11
1413393901.856716632843018,40,6,35,0,11
1413393901.906714916229248,38,2,33,4,11
1413393901.956715345382690,39,0,36,1,11
1413393902.006712198257446,41,0,36,4,11
1413393902.056711196899414,47,1,39,7,11
1413393902.106715679168701,47,0,45,0,11
1413393902.156716823577881,48,1,45,2,11
1413393902.206718444824219,47,3,46,1,11
1413393902.256718873977661,48,0,46,1,11
1413393902.306722879409790,46,5,44,1,11
1413393902.356722831726074,46,3,43,1,11
1413393902.406724929809570,45,7,39,3,11
1413393902.456726312637329,46,14,40,5,11
1413393902.506726503372192,45,0,43,1,11
1413393902.556723356246948,44,1,43,0,11
1413393902.606723070144653,44,2,43,0,11
1413393902.656722545623779,43,1,40,2,11
1413393902.706722736358643,42,2,42,0,11
1413393902.756722688674927,41,4,40,0,11
1413393902.806720972061157,50,3,40,9,11
1413393902.856715440750122,47,6,47,0,11
1413393902.906706809997559,46,11,42,1,11
1413393902.956697940826416,48,3,39,2,11
1413393903.006691932678223,45,3,38,2,11
1413393903.056688547134399,46,3,39,5,11
1413393903.106686830520630,45,2,41,1,11
1413393903.156688451766968,43,2,40,2,11
1413393903.206687211990356,43,1,42,1,11
1413393903.256680488586426,40,5,39,0,11
1413393903.306671857833862,38,1,37,0,11
1413393903.356656312942505,37,1,35,1,11
1413393903.406640291213989,39,4,35,3,11
1413393903.456626415252686,39,1,39,0,11
1413393903.506609916687012,44,2,37,6,11
1413393903.556606054306030,45,1,43,1,11
1413393903.606600522994995,43,1,37,4,11
1413393903.656591653823853,44,1,37,2,11
1413393903.706591844558716,43,0,38,1,11
1413393903.756589412689209,39,2,36,2,11
1413393903.806589603424072,42,3,36,5,11
1413393903.856591701507568,46,2,41,5,11
1413393903.906594991683960,47,1,44,3,11
1413393903.956599235534668,45,0,44,0,11
1413393904.006601333618164,45,3,44,0,11
1413393904.056599140167236,46,3,42,4,11
1413393904.106598138809204,49,0,46,3,11
1413393904.156596660614014,49,3,49,0,11
1413393904.206588745117188,50,0,49,1,11
1413393904.256577491760254,50,2,50,0,11
1413393904.306569576263428,50,1,50,0,11
1413393904.356565237045288,50,8,50,0,11
1413393904.406561851501465,50,5,49,0,11
1413393904.456560373306274,50,3,49,0,11
1413393904.506561756134033,49,4,48,0,11
1413393904.556566476821899,48,5,42,1,11
1413393904.606571435928345,48,3,43,1,11
1413393904.656574010848999,48,7,42,5,11
1413393904.706572294235229,48,0,46,1,11
1413393904.756569147109985,45,3,43,0,11
1413393904.806567192077637,44,2,43,0,11
1413393904.856564283370972,44,4,43,1,11
1413393904.906560659408569,42,0,40,0,11
1413393904.956548929214478,42,3,36,4,11
1413393905.006538152694702,40,1,35,3,11
1413393905.056533813476562,34,5,28,3,11
1413393905.106527090072632,32,3,26,2,11
1413393905.156524896621704,34,1,25,6,11
1413393905.206524848937988,31,1,27,1,11
1413393905.256525039672852,35,0,28,7,11
1413393905.306525707244873,35,0,34,1,11
1413393905.356525897979736,33,6,30,2,11
1413393905.406524181365967,37,1,31,5,11
1413393905.456521987915039,39,2,36,3,11
1413393905.506522417068481,38,1,37,0,11
1413393905.556524038314819,38,2,35,0,11
1413393905.606524467468262,41,3,32,5,11
1413393905.656523227691650,45,2,36,8,11
1413393905.706520318984985,44,1,43,1,11
1413393905.756519317626953,43,2,41,0,11
1413393905.806518554687500,42,1,40,1,11
1413393905.856518030166626,48,7,39,7,11
1413393905.906517982482910,47,0,43,0,11
1413393905.956517934799194,45,2,42,1,11
1413393906.006515264511108,48,5,43,5,11
1413393906.056511402130127,47,3,44,1,11
1413393906.106505632400513,49,1,43,3,11
1413393906.156499385833740,46,0,40,0,11
1413393906.206485509872437,50,9,38,4,11
1413393906.256478548049927,46,5,39,4,11
1413393906.306478738784790,45,1,43,0,11
1413393906.356484413146973,42,2,37,1,11
1413393906.406493186950684,42,1,38,0,11
1413393906.456507444381714,44,4,33,8,11
1413393906.506515026092529,43,2,40,0,11
1413393906.556520700454712,41,0,39,1,11
1413393906.606522321701050,44,1,40,4,11
1413393906.656520843505859,48,1,44,4,11
1413393906.706521749496460,47,1,44,1,11
1413393906.756523847579956,49,3,43,3,11
1413393906.806520223617554,49,3,46,2,11
1413393906.856515407562256,49,7,47,1,11
1413393906.906513214111328,49,2,48,0,11
1413393906.956514120101929,50,1,46,2,11
1413393907.006515502929688,50,3,47,0,11
1413393907.056507825851440,50,3,45,2,11
1413393907.106494426727295,48,4,43,1,11
1413393907.156475782394409,49,0,42,2,11
1413393907.206460237503052,49,1,43,3,11
1413393907.256445407867432,48,2,45,2,11
1413393907.306429624557495,47,2,45,0,11
1413393907.356415271759033,48,0,45,1,11
1413393907.406399726867676,48,1,44,2,11
1413393907.456390619277954,49,7,46,1,11
1413393907.506394386291504,49,0,47,2,11
1413393907.556392192840576,49,0,49,0,11
1413393907.606382846832275,50,1,49,1,11
1413393907.656368732452393,50,4,50,0,11
1413393907.706353425979614,50,5,50,0,11
1413393907.756343603134155,50,0,48,0,11
1413393907.806326389312744,50,4,47,0,11
1413393907.856318712234497,50,0,45,2,11
1413393907.906307697296143,48,0,44,0,11
1413393907.956306934356689,46,0,44,0,11
1413393908.006307363510132,48,0,43,3,11
1413393908.056306362152100,49,4,45,2,11
1413393908.106308937072754,49,0,47,2,11
1413393908.156312465667725,50,0,49,1,11
1413393908.206310510635376,50,2,49,0,11
1413393908.256309747695923,49,4,47,0,11
1413393908.306310892105103,49,6,46,1,11
1413393908.356314897537231,49,0,47,1,11
1413393908.406317472457886,50,15,48,2,11
1413393908.456308364868164,50,0,50,0,11
1413393908.506302833557129,50,5,50,0,11
1413393908.556299448013306,50,2,49,0,11
1413393908.606297254562378,50,1,48,0,11
1413393908.656295776367188,50,4,48,1,11
1413393908.706299543380737,50,1,49,1,11
1413393908.756299972534180,49,0,49,0,11
1413393908.806296348571777,49,0,49,0,11
1413393908.856284856796265,49,3,49,0,11
1413393908.906279087066650,49,4,49,0,11
1413393908.956280708312988,49,2,49,0,11
1413393909.006289482116699,50,11,49,1,11
1413393909.056296586990356,50,2,49,0,11
1413393909.106301307678223,50,2,49,0,11
1413393909.156304597854614,49,2,49,0,11
1413393909.206306695938110,49,0,49,0,11
1413393909.256306648254395,49,3,47,0,11
1413393909.306306838989258,49,0,46,0,11
1413393909.356315851211548,47,6,45,1,11
1413393909.406315326690674,48,0,46,2,11
1413393909.456316232681274,50,1,48,2,11
1413393909.506315708160400,49,5,49,0,11
1413393909.556313991546631,48,0,48,0,11
1413393909.606311321258545,49,10,48,1,11
1413393909.656308174133301,49,1,48,0,11
1413393909.706305265426636,49,2,46,1,11
1413393909.756303548812866,50,2,45,2,11
1413393909.806301593780518,46,1,43,0,11
1413393909.856300115585327,42,3,38,2,11
1413393909.906299114227295,41,0,38,1,11
1413393909.956298589706421,45,1,37,5,11
1413393910.006298780441284,41,0,39,0,11
1413393910.056295156478882,45,1,37,6,11
1413393910.106295824050903,49,1,42,4,11
1413393910.156298160552979,46,0,44,0,11
1413393910.206301927566528,50,17,42,5,11
1413393910.256304979324341,48,1,45,1,11
1413393910.306306362152100,48,2,45,2,11
1413393910.356310367584229,50,9,46,2,11
1413393910.406310558319092,48,2,47,0,11
1413393910.456310510635376,46,3,45,1,11
1413393910.506309509277344,42,4,41,0,11
1413393910.556308269500732,42,1,40,1,11
1413393910.606307268142700,43,2,41,2,11
1413393910.656303882598877,47,4,42,4,11
1413393910.706300020217896,50,6,46,3,11
1413393910.756297111511230,49,5,46,1,11
1413393910.806291818618774,49,19,44,1,11
1413393910.856287479400635,48,3,44,1,11
1413393910.906283140182495,49,5,44,3,11
1413393910.956273317337036,48,9,43,2,11
1413393911.006269693374634,46,3,42,1,11
1413393911.056266784667969,47,3,41,3,11
1413393911.106267929077148,44,7,40,0,11
1413393911.156270742416382,41,2,38,1,11
1413393911.206275939941406,39,4,38,0,11
1413393911.256277799606323,40,1,37,3,11
1413393911.306278944015503,41,3,39,2,11
1413393911.356279134750366,42,2,39,1,11
1413393911.406275272369385,47,4,35,7,11
1413393911.456270694732666,49,15,40,4,11
1413393911.506270408630371,46,4,39,3,11
1413393911.556266546249390,43,11,42,0,11
1413393911.606265544891357,47,8,39,7,11
1413393911.656267404556274,44,3,43,0,11
1413393911.706264495849609,42,1,40,1,11
1413393911.756257295608521,42,1,40,0,11
1413393911.806250095367432,42,1,37,1,11
1413393911.856248855590820,44,0,35,3,11
1413393911.906244039535522,42,6,32,3,11
1413393911.956242799758911,41,11,31,3,11
1413393912.006245136260986,37,2,32,0,11
1413393912.056246280670166,39,5,29,8,11
1413393912.106247663497925,39,2,37,2,11
1413393912.156246423721313,35,4,33,0,11
1413393912.206228494644165,45,3,29,12,11
1413393912.256226062774658,42,4,37,1,11
1413393912.306223392486572,39,1,32,1,11
1413393912.356220722198486,34,7,32,1,11
1413393912.406216382980347,31,1,29,1,11
1413393912.456214189529419,31,4,27,1,11
1413393912.506212949752808,29,5,23,2,11
1413393912.556214332580566,25,8,19,3,11
1413393912.606216907501221,21,5,17,1,11
1413393912.656217575073242,21,5,12,2,11
1413393912.706219434738159,19,4,15,2,11
1413393912.756221771240234,15,5,14,0,11
1413393912.806221961975098,13,3,12,0,11
1413393912.856223344802856,14,6,12,1,11
1413393912.906223773956299,14,3,13,1,11
1413393912.956225395202637,14,3,14,0,11
1413393913.006226062774658,19,4,13,6,11
1413393913.056227445602417,20,3,18,2,11
1413393913.106225728988647,27,4,20,7,11
1413393913.156222343444824,32,1,23,7,11
1413393913.206220149993896,39,2,29,7,11
1413393913.256215810775757,42,5,34,6,11
1413393913.306212425231934,40,4,39,0,11
1413393913.356211423873901,43,8,38,4,11
1413393913.406209468841553,45,3,40,4,11
1413393913.456205844879150,47,10,40,5,11
1413393913.506200551986694,46,2,43,0,11
1413393913.556196212768555,43,4,38,3,11
1413393913.606192588806152,37,7,35,0,11
1413393913.656189203262329,33,4,29,2,11
1413393913.706188201904297,37,2,21,5,11
1413393913.756191968917847,36,7,16,1,11
1413393913.806193113327026,33,1,7,6,11
1413393913.856193542480469,29,4,10,7,11
1413393913.906196832656860,23,6,15,4,11
1413393913.956205606460571,30,2,16,10,11
1413393914.006214618682861,30,13,24,1,11
1413393914.056224822998047,31,3,21,7,11
1413393914.106230735778809,31,3,25,2,11
1413393914.156240701675415,29,3,21,2,11
1413393914.206245660781860,30,4,20,2,11
1413393914.256248712539673,26,1,18,3,11
1413393914.306251764297485,27,3,21,5,11
1413393914.356254339218140,32,1,24,8,11
1413393914.406252622604370,32,3,30,2,11
1413393914.456250190734863,41,5,28,10,11
1413393914.506247043609619,39,2,37,0,11
1413393914.556246519088745,36,0,36,0,11
1413393914.606244802474976,44,1,34,9,11
1413393914.656246900558472,43,2,39,0,11
1413393914.706250429153442,45,0,38,6,11
1413393914.756250143051147,45,2,44,1,11
1413393914.806251049041748,49,1,44,4,11
1413393914.856251478195190,50,4,47,1,11
1413393914.906250715255737,46,13,45,0,11
1413393914.956248283386230,45,0,44,0,11
1413393915.006245374679565,47,7,43,4,11
1413393915.056244134902954,44,0,44,0,11
1413393915.106245040893555,44,1,44,0,11
1413393915.156244993209839,44,1,42,0,11
1413393915.206246852874756,44,2,42,0,11
1413393915.256248235702515,47,6,41,6,11
1413393915.306251525878906,49,11,46,3,11
1413393915.356253385543823,45,0,44,0,11
1413393915.406254529953003,45,4,41,1,11
1413393915.456254482269287,43,4,41,0,11
1413393915.506253957748413,47,5,41,6,11
1413393915.556251287460327,46,3,45,0,11
1413393915.606249809265137,50,12,45,4,11
1413393915.656249284744263,49,0,48,0,11
1413393915.706248760223389,48,2,46,0,11
1413393915.756247758865356,45,3,43,0,11
1413393915.806246042251587,44,1,43,0,11
1413393915.856242895126343,47,4,41,6,11
1413393915.906241893768311,50,3,47,3,11
1413393915.956241130828857,50,1,50,0,11
1413393916.006241083145142,50,1,50,0,11
1413393916.056240558624268,50,5,50,0,11
1413393916.106240749359131,50,7,50,0,11
1413393916.156241416931152,48,0,47,0,11
1413393916.206241607666016,50,6,48,2,11
1413393916.256240367889404,46,2,45,0,11
1413393916.306239366531372,50,5,44,4,11
1413393916.356236457824707,48,0,47,0,11
1413393916.406235218048096,46,2,38,2,11
1413393916.456233978271484,47,3,34,2,11
1413393916.506233215332031,45,2,33,7,11
1413393916.556232213973999,43,0,34,2,11
1413393916.606231927871704,41,1,37,0,11
1413393916.656234264373779,42,0,36,6,11
1413393916.706233024597168,44,0,33,2,11
1413393916.756230831146240,43,1,31,1,11
1413393916.806227922439575,46,4,32,11,11
1413393916.856225490570068,43,0,41,1,11
1413393916.906225442886353,43,2,40,2,11
1413393916.956225872039795,43,3,40,2,11
1413393917.006225585937500,41,0,41,0,11
1413393917.056224584579468,43,0,41,2,11
1413393917.106225252151489,45,1,43,2,11
1413393917.156224489212036,46,3,44,1,11
1413393917.206224441528320,47,0,44,2,11
1413393917.256222963333130,45,2,45,0,11
1413393917.306220054626465,45,0,42,2,11
1413393917.356217861175537,47,2,43,2,11
1413393917.406216382980347,48,3,40,3,11
1413393917.456213474273682,45,0,38,3,11
1413393917.506211042404175,48,3,40,5,11
1413393917.556210041046143,47,2,42,2,11
1413393917.606209039688110,45,2,38,0,11
1413393917.656208515167236,38,1,33,0,11
1413393917.706208229064941,32,0,28,1,11
1413393917.756210803985596,30,0,24,3,11
1413393917.806213378906250,28,0,24,0,11
1413393917.856213808059692,26,2,20,0,11
1413393917.906213760375977,23,3,16,0,11
1413393917.956212759017944,24,0,14,4,11
1413393918.006211996078491,22,2,17,2,11
1413393918.056210756301880,20,1,16,0,11
1413393918.106209278106689,21,1,15,3,11
1413393918.156207084655762,20,2,13,4,11
1413393918.206206321716309,22,0,18,3,11
1413393918.256207704544067,24,0,18,3,11
1413393918.306208610534668,25,0,19,2,11
1413393918.356209516525269,27,0,20,5,11
1413393918.406208992004395,27,0,25,2,11
1413393918.456209659576416,27,1,23,3,11
1413393918.506211519241333,27,3,18,7,11
1413393918.556212425231934,30,0,23,3,11
1413393918.606215000152588,25,1,21,0,11
1413393918.656214952468872,20,3,18,0,11
1413393918.706215381622314,16,4,13,2,11
1413393918.756215810775757,23,5,13,8,11
1413393918.806216716766357,20,3,17,1,11
1413393918.856218576431274,18,2,13,2,11
1413393918.906219482421875,13,1,10,1,11
1413393918.956219434738159,10,2,7,1,11
1413393919.006217718124390,14,3,5,5,11
1413393919.056213378906250,17,2,6,4,11
1413393919.106207609176636,15,2,5,5,11
1413393919.156202554702759,16,4,6,4,11
1413393919.206199884414673,13,5,6,1,11
1413393919.256197452545166,14,3,6,7,11
1413393919.306194067001343,14,7,9,4,11
1413393919.356193065643311,12,6,11,0,11
1413393919.406191349029541,15,1,11,3,11
1413393919.456189632415771,16,5,13,3,11
1413393919.506186485290527,21,6,15,6,11
1413393919.556184530258179,21,11,18,2,11
1413393919.606184720993042,18,2,17,0,11
1413393919.656184196472168,16,2,15,1,11
1413393919.706184148788452,21,1,15,6,11
1413393919.756183147430420,25,1,19,4,11
1413393919.806181669235229,28,3,23,4,11
1413393919.856179475784302,42,1,27,15,11
1413393919.906179428100586,45,2,39,4,11
1413393919.956177949905396,46,0,40,3,11
1413393920.006179332733154,42,4,36,4,11
1413393920.056181430816650,42,5,34,6,11
1413393920.106183290481567,43,1,36,5,11
1413393920.156182527542114,41,2,39,0,11
1413393920.206184148788452,45,0,39,6,11
1413393920.256180763244629,45,1,43,0,11
1413393920.306177854537964,46,0,43,1,11
1413393920.356177806854248,44,5,40,3,11
1413393920.406177520751953,45,0,41,2,11
1413393920.456176519393921,45,0,42,2,11
1413393920.506173372268677,47,1,44,3,11
1413393920.556169986724854,47,1,45,1,11
1413393920.606163024902344,49,4,44,3,11
1413393920.656156778335571,49,11,46,1,11
1413393920.706152677536011,49,4,45,2,11
1413393920.756147623062134,50,17,47,2,11
1413393920.806146144866943,49,2,48,0,11
1413393920.856145620346069,50,1,48,1,11
1413393920.906144857406616,48,1,47,0,11
1413393920.956144809722900,47,4,45,0,11
1413393921.006144762039185,45,2,42,0,11
1413393921.056144237518311,45,3,38,5,11
1413393921.106143951416016,43,2,42,1,11
1413393921.156143188476562,40,4,39,0,11
1413393921.206140279769897,48,1,38,10,11
1413393921.256137371063232,49,5,46,2,11
1413393921.306135654449463,47,3,45,1,11
1413393921.356132507324219,46,10,43,3,11
1413393921.406129360198975,47,0,46,1,11
1413393921.456122875213623,48,11,45,2,11
1413393921.506121158599854,48,0,47,0,11
1413393921.556119203567505,49,3,47,2,11
1413393921.606119871139526,48,0,46,1,11
1413393921.656122922897339,48,0,46,0,11
1413393921.706126451492310,48,1,45,2,11
1413393921.756132841110229,50,17,47,3,11
1413393921.806133985519409,50,2,49,0,11
1413393921.856135129928589,50,3,49,0,11
1413393921.906135559082031,49,0,49,0,11
1413393921.956137418746948,49,7,47,1,11
1413393922.006141901016235,48,9,47,0,11
1413393922.056145906448364,48,7,44,3,11
1413393922.106148719787598,47,2,46,0,11
1413393922.156152725219727,49,3,46,3,11
1413393922.206154108047485,49,3,48,0,11
1413393922.256155490875244,48,8,43,0,11
1413393922.306154251098633,45,5,42,2,11
1413393922.356152772903442,47,12,41,5,11
1413393922.406153202056885,46,2,44,0,11
1413393922.456155776977539,40,3,35,3,11
1413393922.506160736083984,50,3,36,10,11
1413393922.556157827377319,47,8,45,1,11
1413393922.606153964996338,45,0,44,1,11
1413393922.656152725219727,50,1,43,5,11
1413393922.706151485443115,50,0,47,0,11
1413393922.756151437759399,49,5,46,1,11
1413393922.806149005889893,49,3,47,1,11
1413393922.856146097183228,50,10,48,1,11
1413393922.906142950057983,48,3,47,0,11
1413393922.956136703491211,49,6,45,2,11
1413393923.006132841110229,49,6,46,0,11
1413393923.056129455566406,48,9,43,2,11
1413393923.106130361557007,47,4,44,1,11
1413393923.156130790710449,48,7,44,4,11
1413393923.206133365631104,47,12,46,0,11
1413393923.256135225296021,45,7,44,0,11
1413393923.306135416030884,44,7,42,1,11
1413393923.356134176254272,44,4,43,0,11
1413393923.406131505966187,46,3,43,3,11
1413393923.456127643585205,45,11,44,0,11
1413393923.506125211715698,45,6,43,1,11
1413393923.556120872497559,42,8,36,3,11
1413393923.606120586395264,37,3,33,0,11
1413393923.656120300292969,37,6,30,5,11
1413393923.706122398376465,36,9,32,0,11
1413393923.756124496459961,33,11,30,0,11
1413393923.806127071380615,31,7,27,1,11
1413393923.856130123138428,27,1,21,2,11
1413393923.906132221221924,26,9,19,1,11
1413393923.956136941909790,25,1,17,5,11
1413393924.006137609481812,26,1,22,3,11
1413393924.056137561798096,22,7,22,0,11
1413393924.106138706207275,22,3,21,1,11
1413393924.156138896942139,20,12,20,0,11
1413393924.206139564514160,21,7,19,2,11
1413393924.256140470504761,21,7,19,0,11
1413393924.306142091751099,22,10,19,1,11
1413393924.356142044067383,26,10,15,6,11
1413393924.406142473220825,23,3,18,1,11
1413393924.456141948699951,24,8,17,4,11
1413393924.506142616271973,24,4,18,2,11
1413393924.556144952774048,26,5,17,6,11
1413393924.606145381927490,23,5,19,2,11
1413393924.656145095825195,22,13,18,1,11
1413393924.706145048141479,19,6,16,0,11
1413393924.756147861480713,21,8,13,4,11
1413393924.806146621704102,18,6,13,2,11
1413393924.856146097183228,18,8,13,1,11
1413393924.906144380569458,15,6,9,1,11
1413393924.956140995025635,15,11,10,2,11
1413393925.006140708923340,14,6,10,2,11
1413393925.056139230728149,12,8,9,0,11
1413393925.106138229370117,9,7,7,0,11
1413393925.156138420104980,8,6,4,2,11
1413393925.206135272979736,13,7,3,5,11
1413393925.256134271621704,13,4,4,3,11
1413393925.306133985519409,12,2,5,3,11
1413393925.356132030487061,10,3,5,3,11
1413393925.406131982803345,8,3,7,0,11
1413393925.456132888793945,9,14,6,1,11
1413393925.506132841110229,10,3,5,2,11
1413393925.556133031845093,9,11,6,0,11
1413393925.606133460998535,9,8,6,2,11
1413393925.656134128570557,8,4,6,1,11
1413393925.706135272979736,8,8,5,1,11
1413393925.756135702133179,7,3,6,0,11
1413393925.806137800216675,7,12,5,2,11
1413393925.856139659881592,15,1,6,8,11
1413393925.906139373779297,12,12,11,0,11
1413393925.956139087677002,12,6,9,2,11
1413393926.006138324737549,15,7,11,4,11
1413393926.056137084960938,23,4,14,8,11
1413393926.106137990951538,24,4,21,2,11
1413393926.156137943267822,27,6,22,5,11
1413393926.206139087677002,30,0,26,3,11
1413393926.256140470504761,36,2,29,6,11
1413393926.306140899658203,36,2,35,1,11
1413393926.356140851974487,38,0,36,2,11
1413393926.406140804290771,38,6,36,1,11
1413393926.456141233444214,41,2,37,3,11
1413393926.506142377853394,47,2,40,7,11
1413393926.556142568588257,44,2,42,1,11
1413393926.606142044067383,42,2,40,0,11
1413393926.656142950057983,43,1,40,3,11
1413393926.706143379211426,43,3,39,3,11
1413393926.756143808364868,44,2,40,2,11
1413393926.806144475936890,45,3,39,2,11
1413393926.856145381927490,45,1,37,2,11
1413393926.906145811080933,42,2,35,2,11
1413393926.956146001815796,41,1,34,2,11
1413393927.006145000457764,40,0,27,4,11
1413393927.056144237518311,39,1,28,2,11
1413393927.106145858764648,37,0,25,6,11
1413393927.156150102615356,40,0,30,5,11
1413393927.206155538558960,40,0,31,4,11
1413393927.256157159805298,43,3,33,4,11
1413393927.306160449981689,47,2,35,7,11
1413393927.356163024902344,45,0,42,2,11
1413393927.406169414520264,50,4,41,6,11
1413393927.456171035766602,46,6,43,0,11
1413393927.506170034408569,40,3,36,3,11
1413393927.556170940399170,42,0,34,5,11
1413393927.606169700622559,36,3,32,1,11
1413393927.656168222427368,36,3,31,4,11
1413393927.706167459487915,38,1,30,5,11
1413393927.756166696548462,36,1,31,0,11
1413393927.806166172027588,34,3,28,1,11
1413393927.856165409088135,33,3,25,6,11
1413393927.906165361404419,30,0,27,0,11
1413393927.956165075302124,28,0,27,1,11
1413393928.006165027618408,27,7,26,0,11
1413393928.056164026260376,29,4,21,6,11
1413393928.106163740158081,26,3,24,0,11
1413393928.156162500381470,27,4,22,2,11
1413393928.206161975860596,30,2,24,4,11
1413393928.256160736083984,31,4,27,4,11
1413393928.306159257888794,29,9,28,0,11
1413393928.356156587600708,27,2,25,0,11
1413393928.406153917312622,30,6,25,3,11
1413393928.456155300140381,29,5,27,2,11
1413393928.506156682968140,32,4,27,3,11
1413393928.556156635284424,30,2,26,0,11
1413393928.606157541275024,26,5,21,0,11
1413393928.656159877777100,24,4,19,1,11
1413393928.706161737442017,24,1,15,3,11
1413393928.756165981292725,29,0,19,7,11
1413393928.806166648864746,25,1,25,0,11
1413393928.856166124343872,28,2,25,3,11
1413393928.906165361404419,27,2,26,0,11
1413393928.956164121627808,28,0,23,1,11
1413393929.006163358688354,30,6,22,4,11
1413393929.056160688400269,30,3,24,3,11
1413393929.106160402297974,28,3,24,0,11
1413393929.156159877777100,31,0,24,4,11
1413393929.206158638000488,30,2,25,3,11
1413393929.256157398223877,33,2,28,3,11
1413393929.306157112121582,35,3,30,4,11
1413393929.356156826019287,38,1,30,4,11
1413393929.406157255172729,38,0,31,2,11
1413393929.456157922744751,37,0,32,1,11
1413393929.506158113479614,34,3,29,2,11
1413393929.556159496307373,33,2,30,0,11
1413393929.606160163879395,29,2,25,1,11
1413393929.656160831451416,27,0,21,1,11
1413393929.706162214279175,28,5,21,3,11
1413393929.756162405014038,26,0,23,2,11
1413393929.806163072586060,24,3,23,0,11
1413393929.856164216995239,25,2,21,1,11
1413393929.906165361404419,19,3,18,0,11
1413393929.956166028976440,22,3,18,4,11
1413393930.006166219711304,23,1,20,1,11
1413393930.056166172027588,21,4,18,0,11
1413393930.106166362762451,22,2,16,3,11
1413393930.156166553497314,21,1,14,2,11
1413393930.206166505813599,20,3,13,3,11
1413393930.256166696548462,23,0,15,6,11
1413393930.306166410446167,22,2,18,0,11
1413393930.356166601181030,24,1,17,3,11
1413393930.406164884567261,21,4,17,0,11
1413393930.456163644790649,22,1,16,2,11
1413393930.506161451339722,29,3,15,10,11
1413393930.556160449981689,28,0,22,0,11
1413393930.606159210205078,27,8,22,3,11
1413393930.656158447265625,25,3,24,0,11
1413393930.706158638000488,28,2,23,3,11
1413393930.756158351898193,33,13,26,6,11
1413393930.806157827377319,34,5,29,3,11
1413393930.856158256530762,37,1,30,5,11
1413393930.906159400939941,42,5,33,7,11
1413393930.956160306930542,40,1,38,0,11
1413393931.006160020828247,41,1,36,3,11
1413393931.056159496307373,40,1,38,1,11
1413393931.106158494949341,47,10,37,7,11
1413393931.156157016754150,47,7,41,1,11
1413393931.206156015396118,48,3,43,3,11
1413393931.256156682968140,46,1,42,0,11
1413393931.306155204772949,43,2,40,0,11
1413393931.356154680252075,42,4,39,2,11
1413393931.406153917312622,40,5,39,0,11
1413393931.456153392791748,39,1,39,0,11
1413393931.506152153015137,43,0,36,6,11
1413393931.556151628494263,46,1,40,3,11
1413393931.606151342391968,49,3,41,4,11
1413393931.656151056289673,43,0,41,1,11
1413393931.706151247024536,47,3,40,5,11
1413393931.756151199340820,48,4,41,2,11
1413393931.806150436401367,44,7,39,1,11
1413393931.856150627136230,40,1,36,1,11
1413393931.906150579452515,36,4,33,1,11
1413393931.956150293350220,34,1,29,4,11
1413393932.006150245666504,33,1,29,4,11
1413393932.056149959564209,33,2,30,2,11
1413393932.106149673461914,35,0,31,4,11
1413393932.156149864196777,34,3,31,0,11
1413393932.206149816513062,41,8,30,8,11
1413393932.256149768829346,39,5,36,2,11
1413393932.306150197982788,39,11,36,2,11
1413393932.356150388717651,42,3,36,5,11
1413393932.406149864196777,41,3,38,3,11
1413393932.456149339675903,40,1,36,1,11
1413393932.506148576736450,45,4,36,8,11
1413393932.556147575378418,43,3,42,0,11
1413393932.606147527694702,46,1,40,5,11
1413393932.656147003173828,49,3,45,3,11
1413393932.706146001815796,48,3,45,1,11
1413393932.756146430969238,48,1,45,1,11
1413393932.806146860122681,44,13,42,2,11
1413393932.856147527694702,48,6,44,4,11
1413393932.906148672103882,48,3,47,1,11
1413393932.956150054931641,48,4,45,2,11
1413393933.006150722503662,43,3,41,1,11
1413393933.056150913238525,41,0,39,2,11
1413393933.106151103973389,38,2,37,0,11
1413393933.156151056289673,42,2,36,4,11
1413393933.206151485443115,42,3,39,2,11
1413393933.256153106689453,48,4,38,9,11
1413393933.306154727935791,50,6,47,2,11
1413393933.356154918670654,48,1,48,0,11
1413393933.406156539916992,50,3,45,2,11
1413393933.456157922744751,49,3,46,0,11
1413393933.506158828735352,48,1,45,2,11
1413393933.556158781051636,48,8,45,2,11
1413393933.606160163879395,50,10,45,2,11
1413393933.656158447265625,48,4,44,0,11
1413393933.706157684326172,49,2,43,3,11
1413393933.756157636642456,47,0,43,1,11
1413393933.806157827377319,46,1,40,2,11
1413393933.856158733367920,44,2,41,0,11
1413393933.906157970428467,48,6,38,6,11
1413393933.956156730651855,47,2,43,1,11
1413393934.006152629852295,47,0,41,4,11
1413393934.056147813796997,45,8,41,3,11
1413393934.106147050857544,44,3,43,0,11
1413393934.156147003173828,49,5,41,5,11
1413393934.206148147583008,49,6,44,1,11
1413393934.256146669387817,48,9,43,2,11
1413393934.306146860122681,46,2,42,2,11
1413393934.356147289276123,45,1,43,1,11
1413393934.406147241592407,45,0,43,2,11
1413393934.456147432327271,46,3,45,1,11
1413393934.506144523620605,46,10,45,1,11
1413393934.556145191192627,45,4,45,0,11
1413393934.606146097183228,46,1,45,1,11
1413393934.656146526336670,49,1,45,3,11
1413393934.706147909164429,48,9,45,1,11
1413393934.756148338317871,48,4,46,1,11
1413393934.806147336959839,49,3,46,3,11
1413393934.856146574020386,50,7,45,1,11
1413393934.906146287918091,48,6,46,0,11
1413393934.956145048141479,46,1,42,3,11
1413393935.006144523620605,41,5,34,0,11
1413393935.056144237518311,33,6,29,0,11
1413393935.106144428253174,36,1,26,8,11
1413393935.156145334243774,39,3,27,8,11
1413393935.206145763397217,34,1,33,0,11
1413393935.256145715713501,33,2,29,2,11
1413393935.306144714355469,35,6,26,7,11
1413393935.356144428253174,32,3,29,0,11
1413393935.406141519546509,30,6,24,2,11
1413393935.456139326095581,37,1,25,9,11
1413393935.506135940551758,46,14,32,12,11
1413393935.556135177612305,45,5,41,0,11
1413393935.606134176254272,43,0,39,0,11
1413393935.656132459640503,40,0,39,0,11
1413393935.706126451492310,47,11,37,10,11
1413393935.756125450134277,49,2,46,2,11
1413393935.806123971939087,48,9,47,0,11
1413393935.856123447418213,47,1,46,0,11
1413393935.906123876571655,50,14,45,3,11
1413393935.956122159957886,50,2,47,1,11
1413393936.006119966506958,47,5,44,0,11
1413393936.056119441986084,45,4,41,1,11
1413393936.106116533279419,47,7,36,5,11
1413393936.156117200851440,45,5,35,2,11
1413393936.206116437911987,38,2,29,1,11
1413393936.256114959716797,32,1,27,1,11
1413393936.306104660034180,43,5,26,15,11
1413393936.356102943420410,40,3,38,0,11
1413393936.406100034713745,38,2,36,0,11
1413393936.456096887588501,33,4,30,0,11
1413393936.506091594696045,31,3,24,6,11
1413393936.556088924407959,29,1,26,0,11
1413393936.606088638305664,28,2,25,0,11
1413393936.656088352203369,25,3,22,0,11
1413393936.706087589263916,17,4,13,0,11
1413393936.756088495254517,22,2,10,10,11
1413393936.806089162826538,20,2,18,0,11
1413393936.856089591979980,20,5,16,2,11
1413393936.906089782714844,30,2,17,11,11
1413393936.956090450286865,25,3,24,0,11
1413393937.006091356277466,24,2,22,0,11
1413393937.056092023849487,25,4,20,5,11
1413393937.106094598770142,30,1,24,5,11
1413393937.156095504760742,27,1,26,0,11
1413393937.206098318099976,27,6,23,4,11
1413393937.256099700927734,28,2,27,1,11
1413393937.306100368499756,32,1,28,4,11
1413393937.356102228164673,31,2,30,1,11
1413393937.406102418899536,33,2,31,2,11
1413393937.456103324890137,35,1,32,2,11
1413393937.506104230880737,36,0,34,1,11
1413393937.556105375289917,38,2,35,3,11
1413393937.606107711791992,42,2,37,4,11
1413393937.656108617782593,50,4,41,8,11
1413393937.706109285354614,49,5,48,1,11
1413393937.756110906600952,50,4,49,1,11
1413393937.806112289428711,48,5,48,0,11
1413393937.856113433837891,48,2,48,0,11
1413393937.906112670898438,49,0,48,1,11
1413393937.956110000610352,49,7,49,0,11
1413393938.006109714508057,49,0,49,0,11
1413393938.056109905242920,49,0,49,0,11
1413393938.106110811233521,48,0,48,0,11
1413393938.156111001968384,49,2,48,1,11
1413393938.206111431121826,49,1,49,0,11
1413393938.256110906600952,49,0,49,0,11
1413393938.306109666824341,49,3,49,0,11
1413393938.356107711791992,49,14,47,1,11
1413393938.406106233596802,50,1,45,1,11
1413393938.456106185913086,49,0,45,1,11
1413393938.506106376647949,47,0,45,1,11
1413393938.556104898452759,49,3,45,2,11
1413393938.606105566024780,48,0,47,0,11
1413393938.656106710433960,45,0,45,0,11
1413393938.706106901168823,45,1,43,0,11
1413393938.756106376647949,48,2,41,5,11
1413393938.806107759475708,47,1,45,2,11
1413393938.856111049652100,47,0,47,0,11
1413393938.906113147735596,47,2,41,1,11
1413393938.956116437911987,49,9,40,3,11
1413393939.006117343902588,47,1,38,3,11
1413393939.056122779846191,46,1,30,3,11
1413393939.106128692626953,42,2,17,2,11
1413393939.156131029129028,43,1,4,9,11
1413393939.206126928329468,39,8,10,13,11
1413393939.256123781204224,33,0,18,8,11
1413393939.306119680404663,32,0,24,1,11
1413393939.356113195419312,30,1,24,3,11
1413393939.406107902526855,27,2,22,0,11
1413393939.456103086471558,24,4,19,1,11
1413393939.506102085113525,24,3,19,2,11
1413393939.556090593338013,24,6,19,3,11
1413393939.606082677841187,35,4,19,13,11
1413393939.656082868576050,29,8,27,1,11
1413393939.706079483032227,30,7,26,3,11
1413393939.756073474884033,30,1,30,0,11
1413393939.806051731109619,37,1,26,7,11
1413393939.856038570404053,34,9,18,0,11
1413393939.906024217605591,32,8,14,2,11
1413393939.956005334854126,34,14,14,15,11
1413393940.006001472473145,31,7,16,3,11
1413393940.056003093719482,28,0,13,0,11
1413393940.106006622314453,21,4,9,3,11
1413393940.156012296676636,19,1,10,4,11
1413393940.206013917922974,16,3,14,0,11
1413393940.256016731262207,17,1,14,3,11
1413393940.306023836135864,17,1,17,0,11
1413393940.356025457382202,17,0,17,0,11
1413393940.406024456024170,17,0,16,0,11
1413393940.456030130386353,21,1,13,4,11
1413393940.506046533584595,32,4,17,13,11
1413393940.556049823760986,37,3,27,7,11
1413393940.606051206588745,38,3,32,1,11
1413393940.656051158905029,29,0,26,1,11
1413393940.706054687500000,25,1,22,3,11
1413393940.756053209304810,25,0,24,1,11
1413393940.806048870086670,24,0,23,1,11
1413393940.856048822402954,26,0,22,2,11
1413393940.906046628952026,26,3,26,0,11
1413393940.956043720245361,26,13,24,0,11
1413393941.006041288375854,33,10,24,7,11
1413393941.056039810180664,29,12,26,0,11
1413393941.106039762496948,27,7,24,0,11
1413393941.156040906906128,26,1,22,3,11
1413393941.206042051315308,25,6,22,0,11
1413393941.256046056747437,26,3,21,2,11
1413393941.306050539016724,29,4,21,6,11
1413393941.356056451797485,31,2,26,4,11
1413393941.406060457229614,29,5,27,0,11
1413393941.456065893173218,27,1,25,0,11
1413393941.506069421768188,27,2,24,2,11
1413393941.556075096130371,41,4,24,15,11
1413393941.606075525283813,42,4,35,4,11
1413393941.656074047088623,44,2,35,5,11
1413393941.706072807312012,43,1,35,3,11
1413393941.756071329116821,40,3,32,5,11
1413393941.806070327758789,38,2,36,2,11
1413393941.856065750122070,39,1,34,3,11
1413393941.906043052673340,43,4,32,7,11
1413393941.956035137176514,47,5,37,7,11
1413393942.006030559539795,43,12,35,2,11
1413393942.056026458740234,37,16,29,0,11
1413393942.106024980545044,34,5,23,2,11
1413393942.156024456024170,33,7,25,5,11
1413393942.206025838851929,31,5,29,1,11
1413393942.256027460098267,30,0,29,0,11
1413393942.306030750274658,30,2,29,1,11
1413393942.356039047241211,33,2,28,3,11
1413393942.406043529510498,32,1,29,0,11
1413393942.456049919128418,31,1,30,1,11
1413393942.506055593490601,32,3,31,1,11
1413393942.556063413619995,40,4,30,8,11
1413393942.606066942214966,39,0,36,2,11
1413393942.656073331832886,50,4,36,11,11
1413393942.706071138381958,48,2,46,0,11
1413393942.756066083908081,48,5,43,3,11
1413393942.806059598922729,46,3,36,2,11
1413393942.856054544448853,44,1,33,3,11
1413393942.906049489974976,41,1,36,4,11
1413393942.956044435501099,39,0,39,0,11
1413393943.006040096282959,36,0,35,0,11
1413393943.056034088134766,37,1,34,2,11
1413393943.106030464172363,41,6,35,5,11
1413393943.156024932861328,42,12,38,3,11
1413393943.206021547317505,44,5,39,2,11
1413393943.256020545959473,46,1,37,3,11
1413393943.306018114089966,47,4,40,3,11
1413393943.356015443801880,48,6,42,6,11
1413393943.406010389328003,48,0,45,1,11
1413393943.456004619598389,49,0,45,1,11
1413393943.505996227264404,47,1,44,2,11
1413393943.555988311767578,49,1,47,2,11
1413393943.605980634689331,49,2,49,0,11
1413393943.655974626541138,50,2,46,1,11
1413393943.705973386764526,50,3,49,0,11
1413393943.755972385406494,49,9,48,1,11
1413393943.805973052978516,49,3,47,1,11
1413393943.855972528457642,50,2,47,1,11
1413393943.905971527099609,50,1,48,1,11
1413393943.955971479415894,48,5,48,0,11
1413393944.005969762802124,48,1,47,1,11
1413393944.055970907211304,49,3,48,1,11
1413393944.105968952178955,49,5,48,1,11
1413393944.155969142913818,48,0,48,0,11
1413393944.205967903137207,49,3,48,1,11
1413393944.255968332290649,49,6,48,0,11
1413393944.305968046188354,48,0,45,0,11
1413393944.355967283248901,49,8,43,3,11
1413393944.405968904495239,45,4,42,0,11
1413393944.455969095230103,39,1,35,1,11
1413393944.505966663360596,37,0,29,2,11
1413393944.555960655212402,39,1,30,4,11
1413393944.605955123901367,37,0,31,1,11
1413393944.655952215194702,38,0,31,4,11
1413393944.705950498580933,37,1,33,2,11
1413393944.755948305130005,41,0,35,5,11
1413393944.805946826934814,46,1,39,7,11
1413393944.855947017669678,45,0,45,0,11
1413393944.905946493148804,41,2,40,0,11
1413393944.955945014953613,43,0,39,2,11
1413393945.005943775177002,45,5,41,3,11
1413393945.055940628051758,47,6,42,3,11
1413393945.105938673019409,48,3,42,1,11
1413393945.155937433242798,42,4,38,2,11
1413393945.205935239791870,45,0,38,6,11
1413393945.255934715270996,45,3,43,2,11
1413393945.305933952331543,46,3,42,4,11
1413393945.355935096740723,44,3,38,4,11
1413393945.405935764312744,40,1,36,0,11
1413393945.455938100814819,40,1,37,2,11
1413393945.505938053131104,35,0,34,0,11
1413393945.555937528610229,32,1,31,0,11
1413393945.605935811996460,30,5,28,0,11
1413393945.655936241149902,29,3,26,0,11
1413393945.705933809280396,27,3,24,2,11
1413393945.755932569503784,27,1,24,2,11
1413393945.805932283401489,28,0,25,1,11
1413393945.855932950973511,28,2,23,1,11
1413393945.905934810638428,28,1,21,3,11
1413393945.955937623977661,29,1,22,4,11
1413393946.005941152572632,28,2,25,2,11
1413393946.055943727493286,28,1,27,1,11
1413393946.105946302413940,28,0,28,0,11
1413393946.155947446823120,31,1,27,4,11
1413393946.205949068069458,30,1,26,2,11
1413393946.255950212478638,33,0,26,5,11
1413393946.305949211120605,33,0,30,2,11
1413393946.355948925018311,32,0,31,0,11
1413393946.405947446823120,33,0,29,3,11
1413393946.455945253372192,35,2,31,2,11
1413393946.505944728851318,34,0,30,0,11
1413393946.555944442749023,34,0,28,1,11
1413393946.605944156646729,30,0,23,1,11
1413393946.655945062637329,29,1,23,1,11
1413393946.705944299697876,27,1,20,3,11
1413393946.755943298339844,30,1,21,4,11
1413393946.805940628051758,33,0,24,6,11
1413393946.855937004089355,32,2,26,2,11
1413393946.905931711196899,31,1,26,1,11
1413393946.955926895141602,30,1,25,2,11
1413393947.005924463272095,27,0,24,1,11
1413393947.055921077728271,29,1,25,3,11
1413393947.105919837951660,35,4,26,9,11
1413393947.155921459197998,35,2,35,0,11
1413393947.205923557281494,34,0,34,0,11
1413393947.255924701690674,36,1,32,4,11
1413393947.305926084518433,34,0,34,0,11
1413393947.355927228927612,34,1,32,0,11
1413393947.405926942825317,32,1,29,0,11
1413393947.455926895141602,32,2,27,1,11
1413393947.505927085876465,30,2,25,1,11
1413393947.555927515029907,30,1,22,3,11
1413393947.605927228927612,30,4,23,2,11
1413393947.655927419662476,31,3,21,4,11
1413393947.705927133560181,30,1,22,2,11
1413393947.755927562713623,26,7,22,0,11
1413393947.805927753448486,24,3,18,3,11
1413393947.855926752090454,23,4,16,6,11
1413393947.905927181243896,18,3,14,0,11
1413393947.955928564071655,17,3,12,2,11
1413393948.005930423736572,19,2,13,6,11
1413393948.055931091308594,19,8,18,0,11
1413393948.105931282043457,20,3,15,2,11
1413393948.155931472778320,22,4,16,3,11
1413393948.205932140350342,23,2,19,3,11
1413393948.255930662155151,31,5,22,9,11
1413393948.305930376052856,30,6,28,0,11
1413393948.355928897857666,38,2,26,11,11
1413393948.405928611755371,35,6,33,0,11
1413393948.455928564071655,39,1,33,4,11
1413393948.505927085876465,45,2,34,11,11
1413393948.555926561355591,44,2,41,0,11
1413393948.605923652648926,46,6,39,2,11
1413393948.655922174453735,43,1,40,1,11
1413393948.705921888351440,44,1,40,2,11
1413393948.755921602249146,43,3,41,1,11
1413393948.805922508239746,46,3,41,5,11
1413393948.855922937393188,46,3,42,3,11
1413393948.905921459197998,47,4,43,1,11
1413393948.955920219421387,45,1,41,1,11
1413393949.005921363830566,42,0,39,0,11
1413393949.055923223495483,43,3,39,3,11
1413393949.105923891067505,43,1,41,2,11
1413393949.155923604965210,43,2,42,0,11
1413393949.205922365188599,45,16,42,2,11
1413393949.255922079086304,44,7,44,0,11
1413393949.305922031402588,44,12,44,0,11
1413393949.355923891067505,48,7,43,5,11
1413393949.405925273895264,47,0,46,0,11
1413393949.455927371978760,47,2,46,0,11
1413393949.505931377410889,45,0,42,2,11
1413393949.555935621261597,45,0,42,1,11
1413393949.605940103530884,48,2,40,5,11
1413393949.655941963195801,48,1,44,1,11
1413393949.705942630767822,47,1,45,1,11
1413393949.755942344665527,46,3,46,0,11
1413393949.805941104888916,44,7,43,0,11
1413393949.855941057205200,47,8,43,3,11
1413393949.905940532684326,47,3,44,1,11
1413393949.955940485000610,49,1,44,2,11
1413393950.005939006805420,50,6,45,3,11
1413393950.055938243865967,49,1,46,1,11
1413393950.105937004089355,48,4,44,0,11
1413393950.155935049057007,45,3,39,0,11
1413393950.205934762954712,44,1,36,4,11
1413393950.255934000015259,44,2,38,3,11
1413393950.305933713912964,41,1,37,1,11
1413393950.355934143066406,39,1,35,1,11
1413393950.405934333801270,46,12,34,7,11
1413393950.455934286117554,44,2,37,2,11
1413393950.505934715270996,48,0,37,7,11
1413393950.555935144424438,45,11,43,1,11
1413393950.605935573577881,46,2,38,4,11
1413393950.655935287475586,45,3,41,0,11
1413393950.705935478210449,48,16,38,7,11
1413393950.755935430526733,45,0,43,0,11
1413393950.805935382843018,42,3,39,1,11
1413393950.855934858322144,40,4,39,0,11
1413393950.905934333801270,48,4,35,11,11
1413393950.955933570861816,45,1,40,0,11
1413393951.005932807922363,38,7,31,4,11
1413393951.055932044982910,41,8,31,8,11
1413393951.105931997299194,39,1,37,1,11
1413393951.155931949615479,40,0,37,2,11
1413393951.205931901931763,38,3,38,0,11
1413393951.255931854248047,37,4,36,0,11
1413393951.305931806564331,45,0,34,10,11
1413393951.355932235717773,49,5,43,5,11
1413393951.405931949615479,49,4,48,1,11
1413393951.455931901931763,48,0,46,1,11
1413393951.505931615829468,48,4,47,0,11
1413393951.555931568145752,49,11,45,3,11
1413393951.605932235717773,46,5,45,0,11
1413393951.655933618545532,48,12,45,2,11
1413393951.705934047698975,48,1,46,2,11
1413393951.755934715270996,47,0,44,0,11
1413393951.805935382843018,49,4,43,3,11
1413393951.855935811996460,45,0,41,0,11
1413393951.905936002731323,43,6,40,1,11
1413393951.955935955047607,43,4,40,2,11
1413393952.005935668945312,44,2,41,2,11
1413393952.055935621261597,42,0,41,0,11
1413393952.105936050415039,42,4,40,0,11
1413393952.155936002731323,48,0,39,8,11
1413393952.205935955047607,49,1,46,2,11
1413393952.255935907363892,49,9,45,1,11
1413393952.305935859680176,47,1,43,1,11
1413393952.355935811996460,45,2,43,1,11
1413393952.405935764312744,45,4,43,2,11
1413393952.455935478210449,49,1,44,4,11
1413393952.505935430526733,49,1,48,0,11
1413393952.555935382843018,47,3,47,0,11
1413393952.605935573577881,46,3,43,0,11
1413393952.655936002731323,46,5,40,1,11
1413393952.705936431884766,45,4,40,2,11
1413393952.755936384201050,45,2,41,3,11
1413393952.805936574935913,44,3,41,2,11
1413393952.855936527252197,48,2,43,4,11
1413393952.905936479568481,50,1,46,3,11
1413393952.955936193466187,47,2,45,0,11
1413393953.005935668945312,46,3,44,0,11
1413393953.055935382843018,45,0,41,1,11
1413393953.105934858322144,47,0,42,3,11
1413393953.155933856964111,46,1,44,2,11
1413393953.205932855606079,48,1,45,3,11
1413393953.255932807922363,49,1,48,1,11
1413393953.305932521820068,50,6,49,1,11
1413393953.355931758880615,50,3,50,0,11
1413393953.405930995941162,50,4,50,0,11
1413393953.455930233001709,47,3,45,0,11
1413393953.505929470062256,49,1,44,3,11
1413393953.555927991867065,46,3,43,3,11
1413393953.605928182601929,47,0,46,1,11
1413393953.655928611755371,48,8,45,3,11
1413393953.705929040908813,48,2,48,0,11
1413393953.755929231643677,48,6,45,2,11
1413393953.805929422378540,46,0,45,0,11
1413393953.855929374694824,45,0,43,1,11
1413393953.905929327011108,48,1,44,3,11
1413393953.955929279327393,48,0,47,1,11
1413393954.005929231643677,49,5,48,1,11
1413393954.055929660797119,49,7,49,0,11
1413393954.105929851531982,50,3,49,1,11
1413393954.155929803848267,49,3,49,0,11
1413393954.205930471420288,50,5,49,1,11
1413393954.255930423736572,50,6,50,0,11
1413393954.305930137634277,50,5,49,0,11
1413393954.355929613113403,50,2,48,0,11
1413393954.405928611755371,49,1,48,0,11
1413393954.455928087234497,48,8,47,1,11
1413393954.505928039550781,46,2,45,0,11
1413393954.555927753448486,45,2,43,1,11
1413393954.605927944183350,46,2,44,2,11
1413393954.655927896499634,49,0,44,3,11
1413393954.705928325653076,49,0,47,0,11
1413393954.755928516387939,46,4,43,1,11
1413393954.805928468704224,45,2,43,2,11
1413393954.855928659439087,48,5,41,5,11
1413393954.905928611755371,48,4,43,2,11
1413393954.955928325653076,48,1,40,2,11
1413393955.005928516387939,48,12,38,3,11
1413393955.055928707122803,47,9,39,7,11
1413393955.105928659439087,46,2,44,1,11
1413393955.155928373336792,47,0,40,3,11
1413393955.205927610397339,46,4,38,2,11
1413393955.255926609039307,46,7,36,5,11
1413393955.305925369262695,44,3,39,2,11
1413393955.355924606323242,39,5,36,2,11
1413393955.405923843383789,39,1,32,4,11
1413393955.455923557281494,32,3,28,1,11
1413393955.505923271179199,27,2,24,1,11
1413393955.555922746658325,24,9,22,1,11
1413393955.605921983718872,28,2,20,6,11
1413393955.655921936035156,27,0,24,0,11
1413393955.705921888351440,26,0,23,1,11
1413393955.755921602249146,23,4,20,1,11
1413393955.805921554565430,26,2,18,5,11
1413393955.855921268463135,33,3,21,7,11
1413393955.905920743942261,31,4,28,1,11
1413393955.955920457839966,30,2,29,1,11
1413393956.005919456481934,33,0,28,4,11
1413393956.055918931961060,41,2,30,8,11
1413393956.105918645858765,42,1,35,4,11
1413393956.155918598175049,41,3,33,2,11
1413393956.205918312072754,42,0,34,3,11
1413393956.255918264389038,37,0,34,0,11
1413393956.305918216705322,38,4,31,4,11
1413393956.355918645858765,37,2,33,1,11
1413393956.405919075012207,35,0,30,2,11
1413393956.455918788909912,39,4,29,6,11
1413393956.505918979644775,37,3,34,2,11
1413393956.555918693542480,43,4,36,7,11
1413393956.605918407440186,44,1,41,3,11
1413393956.655917882919312,44,0,42,0,11
1413393956.705917835235596,43,0,39,0,11
1413393956.755917549133301,44,1,39,3,11
1413393956.805917501449585,44,0,42,2,11
1413393956.855917453765869,43,1,41,1,11
1413393956.905916690826416,41,1,33,2,11
1413393956.955916404724121,41,4,31,4,11
1413393957.005916357040405,37,2,31,4,11
1413393957.055916070938110,35,0,35,0,11
1413393957.105916500091553,43,3,34,9,11
1413393957.155916452407837,43,1,42,1,11
1413393957.205916166305542,42,1,39,3,11
1413393957.255915880203247,44,3,41,3,11
1413393957.305915832519531,44,3,43,0,11
1413393957.355916023254395,41,0,39,1,11
1413393957.405916213989258,40,1,35,1,11
1413393957.455915927886963,42,3,32,6,11
1413393957.505915880203247,46,2,35,8,11
1413393957.555916070938110,44,1,40,1,11
1413393957.605916500091553,42,1,38,2,11
1413393957.655916213989258,41,3,38,1,11
1413393957.705916404724121,47,2,39,7,11
1413393957.755916357040405,44,1,43,0,11
1413393957.805916309356689,40,2,37,0,11
1413393957.855916738510132,34,1,31,0,11
1413393957.905916452407837,34,0,29,3,11
1413393957.955916166305542,29,3,26,0,11
1413393958.005915641784668,34,1,24,6,11
1413393958.055914878845215,38,1,26,8,11
1413393958.105915307998657,38,2,35,2,11
1413393958.155915498733521,44,2,36,8,11
1413393958.205915689468384,46,2,41,2,11
1413393958.255915164947510,47,0,40,1,11
1413393958.305914402008057,46,5,36,3,11
1413393958.355914115905762,47,4,35,5,11
1413393958.405913591384888,46,0,36,2,11
1413393958.455913066864014,44,2,34,2,11
1413393958.505912065505981,45,1,34,5,11
1413393958.555910825729370,47,10,38,6,11
1413393958.605910539627075,46,1,43,3,11
1413393958.655910015106201,46,2,44,1,11
1413393958.705909490585327,50,2,45,4,11
1413393958.755909442901611,48,2,47,0,11
1413393958.805910110473633,48,0,47,0,11
1413393958.855910778045654,47,0,45,0,11
1413393958.905911207199097,46,2,38,2,11
1413393958.955911159515381,45,13,39,1,11
1413393959.005910873413086,41,1,38,1,11
1413393959.055910110473633,40,2,34,1,11
1413393959.105910062789917,39,0,32,2,11
1413393959.155909538269043,43,5,33,7,11
1413393959.205909013748169,42,2,37,3,11
1413393959.255907535552979,43,2,39,3,11
1413393959.305905818939209,43,3,37,2,11
1413393959.355904579162598,42,2,37,1,11
1413393959.405903577804565,39,1,36,0,11
1413393959.455903291702271,37,1,35,1,11
1413393959.505903005599976,41,0,36,4,11
1413393959.555903196334839,47,2,39,8,11
1413393959.605902910232544,43,1,41,1,11
1413393959.655902385711670,40,5,37,1,11
1413393959.705901622772217,39,2,37,2,11
1413393959.755901813507080,39,1,38,0,11
1413393959.805903196334839,39,1,36,3,11
1413393959.855904102325439,40,1,38,1,11
1413393959.905905246734619,39,5,38,0,11
1413393959.955905675888062,37,1,36,1,11
1413393960.005906105041504,38,1,34,2,11
1413393960.055905580520630,36,1,34,0,11
1413393960.105905294418335,39,0,33,5,11
1413393960.155904531478882,39,1,34,1,11
1413393960.205904006958008,40,0,35,3,11
1413393960.255903482437134,41,0,37,3,11
1413393960.305902719497681,42,0,41,1,11
1413393960.355902194976807,44,2,42,2,11
1413393960.405901193618774,44,0,44,0,11
1413393960.455900669097900,46,0,44,2,11
1413393960.505901098251343,49,11,46,3,11
1413393960.555901527404785,50,4,49,1,11
1413393960.605902910232544,50,0,49,0,11
1413393960.655905008316040,49,3,49,0,11
1413393960.705906391143799,45,0,43,0,11
1413393960.755908012390137,46,1,42,2,11
1413393960.805908918380737,48,5,42,5,11
1413393960.855910062789917,48,1,46,0,11
1413393960.905910015106201,46,5,44,0,11
1413393960.955910444259644,42,2,40,0,11
1413393961.005910634994507,41,5,35,4,11
1413393961.055911540985107,42,0,38,2,11
1413393961.105916738510132,49,1,40,8,11
1413393961.155922412872314,49,6,41,1,11
1413393961.205929040908813,47,11,22,1,11
1413393961.255931377410889,44,4,13,2,11
1413393961.305936336517334,35,10,11,10,11
1413393961.355942249298096,39,1,18,14,11
1413393961.405940771102905,35,0,17,2,11
1413393961.455939292907715,36,0,17,3,11
1413393961.505934953689575,33,1,14,12,11
1413393961.555929899215698,32,1,25,1,11
1413393961.605927705764771,31,0,18,4,11
1413393961.655926227569580,31,0,17,1,11
1413393961.705926179885864,32,0,11,9,11
1413393961.755925893783569,32,2,19,5,11
1413393961.805926322937012,31,0,23,6,11
1413393961.855926275253296,30,0,29,0,11
1413393961.905923366546631,34,2,29,5,11
1413393961.955923080444336,37,0,33,3,11
1413393962.005923032760620,41,2,36,4,11
1413393962.055923700332642,43,3,39,3,11
1413393962.105924129486084,45,2,42,2,11
1413393962.155924081802368,44,4,42,1,11
1413393962.205924510955811,48,5,42,4,11
1413393962.255924224853516,43,10,37,1,11
1413393962.305923223495483,43,7,32,4,11
1413393962.355924606323242,39,1,30,4,11
1413393962.405925989151001,33,1,23,3,11
1413393962.455926895141602,34,3,22,2,11
1413393962.505927324295044,37,2,22,12,11
1413393962.555927038192749,34,3,33,1,11
1413393962.605926752090454,32,2,30,0,11
1413393962.655925989151001,30,6,30,0,11
1413393962.705925464630127,27,5,27,0,11
1413393962.755925416946411,36,8,25,11,11
1413393962.805925369262695,27,12,23,1,11
1413393962.855926036834717,28,2,21,5,11
1413393962.905925989151001,26,2,19,5,11
1413393962.955925464630127,22,0,17,4,11
1413393963.005925178527832,16,2,16,0,11
1413393963.055924892425537,11,4,10,0,11
1413393963.105925083160400,8,3,8,0,11
1413393963.155925035476685,10,1,4,6,11
1413393963.205925464630127,10,6,9,0,11
1413393963.255925655364990,11,5,8,2,11
1413393963.305926084518433,22,2,9,13,11
1413393963.355926513671875,19,3,17,0,11
1413393963.405926942825317,24,11,17,5,11
1413393963.455927133560181,23,3,18,3,11
1413393963.505927085876465,29,1,18,6,11
1413393963.555926799774170,29,1,20,2,11
1413393963.605926752090454,28,3,14,2,11
1413393963.655926704406738,26,3,14,3,11
1413393963.705926418304443,26,1,14,7,11
1413393963.755926132202148,33,3,19,9,11
1413393963.805926084518433,35,2,28,5,11
1413393963.855926275253296,34,6,31,2,11
1413393963.905926704406738,34,6,32,2,11
1413393963.955926656723022,35,5,32,2,11
1413393964.005926370620728,39,4,31,7,11
1413393964.055926322937012,38,5,37,0,11
1413393964.105926275253296,34,3,31,1,11
1413393964.155925989151001,34,8,29,3,11
1413393964.205925464630127,34,6,30,4,11
1413393964.255924940109253,35,4,32,1,11
1413393964.305924654006958,37,2,31,4,11
1413393964.355924844741821,33,2,27,4,11
1413393964.405924558639526,33,3,28,1,11
1413393964.455924510955811,35,2,28,5,11
1413393964.505924463272095,35,4,26,5,11
1413393964.555924177169800,40,5,26,6,11
1413393964.605924367904663,36,5,33,0,11
1413393964.655924320220947,34,3,30,3,11
1413393964.705924510955811,36,4,28,4,11
1413393964.755924463272095,33,5,27,1,11
1413393964.805924654006958,36,3,26,8,11
1413393964.855925083160400,37,1,28,6,11
1413393964.905925512313843,42,13,29,9,11
1413393964.955925703048706,40,2,33,1,11
1413393965.005925655364990,35,2,31,2,11
1413393965.055926084518433,39,5,29,10,11
1413393965.105926036834717,37,1,31,1,11
1413393965.155925989151001,38,7,30,3,11
1413393965.205925941467285,35,8,30,4,11
1413393965.255925655364990,39,5,31,6,11
1413393965.305925607681274,37,4,35,0,11
1413393965.355925321578979,39,6,31,7,11
1413393965.405924558639526,49,17,37,12,11
1413393965.455924034118652,43,2,42,0,11
1413393965.505923748016357,39,0,35,1,11
1413393965.555923461914062,39,4,33,1,11
1413393965.605923891067505,39,13,31,7,11
1413393965.655924081802368,36,4,32,0,11
1413393965.705925226211548,44,5,29,11,11
1413393965.755925655364990,40,7,38,0,11
1413393965.805925846099854,38,5,36,1,11
1413393965.855925083160400,38,11,35,2,11
1413393965.905925989151001,39,1,35,1,11
1413393965.955926418304443,36,0,35,0,11
1413393966.005927801132202,44,6,33,11,11
1413393966.055928707122803,43,0,41,0,11
1413393966.105929613113403,39,0,35,0,11
1413393966.155930042266846,36,1,33,0,11
1413393966.205930233001709,38,3,32,5,11
1413393966.255929946899414,38,2,33,2,11
1413393966.305929660797119,46,3,32,9,11
1413393966.355929613113403,43,1,37,3,11
1413393966.405929088592529,47,6,38,6,11
1413393966.455929517745972,47,8,39,3,11
1413393966.505929708480835,45,9,41,2,11
1413393966.555929422378540,43,1,39,2,11
1413393966.605929613113403,46,6,38,4,11
1413393966.655929327011108,45,2,38,2,11
1413393966.705928802490234,44,3,35,3,11
1413393966.755928277969360,40,2,36,2,11
1413393966.805926799774170,39,2,37,0,11
1413393966.855925559997559,37,1,33,1,11
1413393966.905923843383789,36,2,33,0,11
1413393966.955922365188599,34,3,29,2,11
1413393967.005921602249146,38,4,30,7,11
1413393967.055921554565430,36,2,34,1,11
1413393967.105921745300293,36,3,33,1,11
1413393967.155921220779419,42,1,33,7,11
1413393967.205920696258545,43,1,39,3,11
1413393967.255920171737671,41,5,38,2,11
1413393967.305920124053955,41,3,38,1,11
1413393967.355920314788818,42,1,37,2,11
1413393967.405920505523682,41,1,39,2,11
1413393967.455920219421387,44,1,40,4,11
1413393967.505920410156250,44,3,41,3,11
1413393967.555921077728271,49,4,44,5,11
1413393967.605921506881714,48,4,46,1,11
1413393967.655921697616577,48,5,46,2,11
1413393967.705921649932861,46,1,43,1,11
1413393967.755921602249146,45,0,42,1,11
1413393967.805921554565430,48,3,43,4,11
1413393967.855921030044556,49,3,44,3,11
1413393967.905920028686523,47,4,42,1,11
1413393967.955919265747070,47,4,41,3,11
1413393968.005918979644775,44,1,41,0,11
1413393968.055919408798218,45,2,40,4,11
1413393968.105920076370239,47,1,43,3,11
1413393968.155920028686523,46,0,45,0,11
1413393968.205919981002808,45,0,43,2,11
1413393968.255919694900513,49,2,45,4,11
1413393968.305919647216797,50,2,49,1,11
1413393968.355920076370239,50,9,50,0,11
1413393968.405920028686523,50,7,50,0,11
1413393968.455919981002808,50,5,49,0,11
1413393968.505919218063354,50,4,49,0,11
1413393968.555918931961060,49,9,47,0,11
1413393968.605920076370239,49,0,46,0,11
1413393968.655920267105103,49,18,45,2,11
1413393968.705920934677124,48,0,46,0,11
1413393968.755921125411987,48,1,46,1,11
1413393968.805920124053955,48,1,46,1,11
1413393968.855918884277344,49,2,44,2,11
1413393968.905917882919312,49,2,46,2,11
1413393968.955917358398438,48,10,46,1,11
1413393969.005916595458984,49,9,47,1,11
1413393969.055916547775269,49,3,45,1,11
1413393969.105916738510132,49,4,45,2,11
1413393969.155915975570679,48,4,46,1,11
1413393969.205915212631226,48,0,43,0,11
1413393969.255914211273193,49,8,41,2,11
1413393969.305913686752319,47,3,43,2,11
1413393969.355913877487183,45,1,43,1,11
1413393969.405914068222046,44,3,43,0,11
1413393969.455914497375488,44,0,43,1,11
1413393969.505914926528931,48,4,40,5,11
1413393969.555914878845215,50,3,45,2,11
1413393969.605915069580078,48,8,46,1,11
1413393969.655915021896362,49,4,44,1,11
1413393969.705914974212646,48,9,42,1,11
1413393969.755914688110352,49,4,43,4,11
1413393969.805914402008057,49,7,44,2,11
1413393969.855914115905762,49,7,45,1,11
1413393969.905913829803467,47,0,45,2,11
1413393969.955914258956909,47,0,45,0,11
1413393970.005913734436035,50,6,45,3,11
1413393970.055914163589478,47,4,46,0,11
1413393970.105915069580078,49,4,44,2,11
1413393970.155915260314941,49,3,45,1,11
1413393970.205914974212646,49,6,46,2,11
1413393970.255914926528931,47,1,46,0,11
1413393970.305914640426636,50,1,45,3,11
1413393970.355914592742920,48,18,44,1,11
1413393970.405914306640625,50,5,45,3,11
1413393970.455914497375488,50,6,47,2,11
1413393970.505914449691772,50,0,48,0,11
1413393970.555914402008057,49,0,47,0,11
1413393970.605915069580078,49,7,46,1,11
1413393970.655915021896362,49,3,46,1,11
1413393970.705915451049805,48,4,46,1,11
1413393970.755914926528931,50,1,45,3,11
1413393970.805913448333740,49,12,46,0,11
1413393970.855912208557129,46,1,43,1,11
1413393970.905911445617676,47,0,43,2,11
1413393970.955910682678223,49,7,41,3,11
1413393971.005912303924561,49,3,42,1,11
1413393971.055914878845215,48,4,42,3,11
1413393971.105917453765869,46,8,44,2,11
1413393971.155921936035156,46,1,44,0,11
1413393971.205924987792969,47,4,41,5,11
1413393971.255926132202148,47,2,43,1,11
1413393971.305926561355591,44,3,39,2,11
1413393971.355926752090454,41,2,38,2,11
1413393971.405926704406738,41,6,38,2,11
1413393971.455926179885864,39,0,39,0,11
1413393971.505925178527832,37,0,37,0,11
1413393971.555924892425537,46,0,37,9,11
1413393971.605924606323242,46,5,42,2,11
1413393971.655925035476685,48,9,41,4,11
1413393971.705924749374390,45,7,39,1,11
1413393971.755923986434937,41,1,36,0,11
1413393971.805922269821167,45,1,33,6,11
1413393971.855921268463135,43,7,38,2,11
1413393971.905920028686523,42,0,39,2,11
1413393971.955918550491333,42,1,41,0,11
1413393972.005917787551880,46,0,40,6,11
1413393972.055917501449585,45,1,45,0,11
1413393972.105917930603027,44,0,44,0,11
1413393972.155918836593628,47,5,42,4,11
1413393972.205918550491333,48,9,44,2,11
1413393972.255918264389038,45,2,43,0,11
1413393972.305917739868164,49,17,41,6,11
1413393972.355917453765869,50,3,46,2,11
1413393972.405917406082153,49,4,48,0,11
1413393972.455916643142700,49,3,47,1,11
1413393972.505915641784668,50,0,45,1,11
1413393972.555914163589478,48,1,44,0,11
1413393972.605913400650024,46,2,43,2,11
1413393972.655913591384888,45,0,44,0,11
1413393972.705914258956909,44,2,43,0,11
1413393972.755914211273193,45,13,40,5,11
1413393972.805916547775269,47,10,43,4,11
1413393972.855917930603027,47,0,47,0,11
1413393972.905919075012207,50,11,47,3,11
1413393972.955918788909912,50,2,49,0,11
1413393973.005919218063354,50,0,49,0,11
1413393973.055919647216797,49,0,49,0,11
1413393973.105920314788818,49,0,48,0,11
1413393973.155920743942261,50,0,48,1,11
1413393973.205920457839966,49,24,49,0,11
1413393973.255920410156250,50,1,48,1,11
1413393973.305920362472534,50,0,49,0,11
1413393973.355920553207397,49,9,48,0,11
1413393973.405920743942261,50,13,48,1,11
1413393973.455920934677124,50,1,48,0,11
1413393973.505921602249146,49,9,46,0,11
1413393973.555922269821167,48,0,43,1,11
1413393973.605923175811768,45,3,41,0,11
1413393973.655924081802368,42,0,40,0,11
1413393973.705924749374390,37,1,35,1,11
1413393973.755925416946411,36,3,35,0,11
1413393973.805926084518433,42,2,35,7,11
1413393973.855926036834717,40,2,37,0,11
1413393973.905925750732422,40,0,35,0,11
1413393973.955924987792969,42,1,33,5,11
1413393974.005924701690674,45,4,31,6,11
1413393974.055924654006958,42,3,24,5,11
1413393974.105925083160400,42,1,25,8,11
1413393974.155925750732422,34,2,26,5,11
1413393974.205927133560181,29,3,24,0,11
1413393974.255929231643677,28,1,20,2,11
1413393974.305930614471436,23,1,20,0,11
1413393974.355932235717773,22,0,18,0,11
1413393974.405936479568481,27,4,14,8,11
1413393974.455936908721924,24,3,18,0,11
1413393974.505937814712524,27,9,16,7,11
1413393974.555938243865967,24,9,19,2,11
1413393974.605939388275146,29,9,18,6,11
1413393974.655940055847168,37,2,22,10,11
1413393974.705940246582031,34,3,24,1,11
1413393974.755940437316895,33,11,19,4,11
1413393974.805940389633179,25,2,20,1,11
1413393974.855940818786621,22,6,19,1,11
1413393974.905940055847168,19,4,15,2,11
1413393974.955939531326294,16,3,13,1,11
1413393975.005938768386841,17,1,13,4,11
1413393975.055938005447388,19,6,15,3,11
1413393975.105938196182251,21,3,18,2,11
1413393975.155936956405640,24,2,15,8,11
1413393975.205936193466187,23,4,21,0,11
1413393975.255935430526733,26,3,21,4,11
1413393975.305935144424438,29,2,24,5,11
1413393975.355936050415039,36,6,29,7,11
1413393975.405935525894165,44,6,35,8,11
1413393975.455935478210449,45,4,41,2,11
1413393975.505934476852417,48,8,42,5,11
1413393975.555934190750122,48,1,43,1,11
1413393975.605934381484985,49,5,40,1,11
1413393975.655933856964111,45,5,38,2,11
1413393975.705933570861816,45,0,39,5,11
1413393975.755933284759521,44,2,41,1,11
1413393975.805932998657227,42,1,38,0,11
1413393975.855932474136353,40,0,36,1,11
1413393975.905932188034058,40,0,34,3,11
1413393975.955932140350342,38,2,33,0,11
1413393976.005931854248047,38,4,33,3,11
1413393976.055931806564331,37,0,35,1,11
1413393976.105931758880615,42,1,35,6,11
1413393976.155931472778320,43,3,39,3,11
1413393976.205931425094604,40,5,38,0,11
1413393976.255931138992310,44,1,37,6,11
1413393976.305930852890015,44,3,41,3,11
1413393976.355930805206299,43,1,40,0,11
1413393976.405930757522583,45,6,40,2,11
1413393976.455930709838867,46,0,42,4,11
1413393976.505930662155151,43,0,42,0,11
1413393976.555930614471436,43,0,42,0,11
1413393976.605930566787720,49,3,42,7,11
1413393976.655930519104004,48,2,47,1,11
1413393976.705930471420288,49,2,48,1,11
1413393976.755930423736572,48,0,47,0,11
1413393976.805930376052856,48,6,45,2,11
1413393976.855930805206299,47,0,44,0,11
1413393976.905931234359741,46,3,42,1,11
1413393976.955931425094604,45,2,41,4,11
1413393977.005931377410889,47,0,44,2,11
1413393977.055930852890015,46,1,44,1,11
1413393977.105930328369141,49,2,45,4,11
1413393977.155929565429688,49,1,45,1,11
1413393977.205928087234497,48,1,46,0,11
1413393977.255926609039307,48,0,44,2,11
1413393977.305925607681274,48,2,43,0,11
1413393977.355925321578979,46,0,39,0,11
1413393977.405925512313843,50,0,35,7,11
1413393977.455925941467285,50,4,40,4,11
1413393977.505926609039307,47,8,43,1,11
1413393977.555927753448486,48,0,43,3,11
1413393977.605928659439087,48,5,44,2,11
1413393977.655929088592529,50,1,46,3,11
1413393977.705929279327393,50,2,48,1,11
1413393977.755929470062256,49,2,46,0,11
1413393977.805929660797119,49,1,45,1,11
1413393977.855929851531982,48,0,46,1,11
1413393977.905929803848267,48,1,47,1,11
1413393977.955929994583130,50,1,48,2,11
1413393978.005929708480835,50,6,49,0,11
1413393978.055929899215698,49,3,48,0,11
1413393978.105930089950562,50,4,47,2,11
1413393978.155930042266846,50,1,49,0,11
1413393978.205930233001709,50,12,48,0,11
1413393978.255930662155151,50,2,48,1,11
1413393978.305930614471436,49,2,47,1,11
1413393978.355931043624878,48,2,47,1,11
1413393978.405931234359741,49,2,47,1,11
1413393978.455931186676025,48,1,46,0,11
1413393978.505931138992310,47,0,44,1,11
1413393978.555931091308594,45,1,43,1,11
1413393978.605930805206299,46,1,39,5,11
1413393978.655930042266846,49,2,43,3,11
1413393978.705929040908813,44,16,42,1,11
1413393978.755928754806519,43,0,41,0,11
1413393978.805928468704224,46,0,40,4,11
1413393978.855928421020508,45,2,41,3,11
1413393978.905928611755371,46,0,44,1,11
1413393978.955928564071655,47,4,44,3,11
1413393979.005928754806519,44,0,42,0,11
1413393979.055928468704224,40,0,36,0,11
1413393979.105928659439087,37,0,34,1,11
1413393979.155928611755371,35,0,34,0,11
1413393979.205928564071655,33,1,29,3,11
1413393979.255928516387939,34,0,30,2,11
1413393979.305928468704224,44,0,29,13,11
1413393979.355928421020508,46,1,41,3,11
1413393979.405928373336792,45,1,40,1,11
1413393979.455928087234497,43,2,35,0,11
1413393979.505927801132202,38,0,31,0,11
1413393979.555927515029907,39,1,29,6,11
1413393979.605927467346191,39,3,32,6,11
1413393979.655927181243896,39,4,37,0,11
1413393979.705926895141602,37,0,35,1,11
1413393979.755926847457886,34,0,32,0,11
1413393979.805926799774170,45,5,29,13,11
1413393979.855926990509033,42,2,40,1,11
1413393979.905926942825317,39,2,38,1,11
1413393979.955927133560181,43,0,38,4,11
1413393980.005927085876465,42,1,41,0,11
1413393980.055927515029907,47,4,39,6,11
1413393980.105927705764771,45,2,45,0,11
1413393980.155927658081055,41,2,38,1,11
1413393980.205927848815918,49,2,38,9,11
1413393980.255928039550781,48,0,46,1,11
1413393980.305927991867065,48,11,45,2,11
1413393980.355927944183350,40,1,40,0,11
1413393980.405927419662476,48,1,39,8,11
1413393980.455926418304443,47,7,46,0,11
1413393980.505925893783569,41,7,38,0,11
1413393980.555924892425537,39,5,36,0,11
1413393980.605924606323242,41,3,36,5,11
1413393980.655924320220947,38,1,36,0,11
1413393980.705924272537231,37,2,34,1,11
1413393980.755924224853516,42,6,35,6,11
1413393980.805924654006958,49,1,40,8,11
1413393980.855924606323242,47,1,45,0,11
1413393980.905924797058105,50,6,45,4,11
1413393980.955924987792969,49,3,49,0,11
1413393981.005925178527832,49,4,47,1,11
1413393981.055925607681274,50,3,46,1,11
1413393981.105926752090454,48,0,46,1,11
1413393981.155927896499634,50,9,46,3,11
1413393981.205928564071655,50,5,49,0,11
1413393981.255928993225098,49,1,48,1,11
1413393981.305929183959961,49,1,47,0,11
1413393981.355929851531982,46,8,44,0,11
1413393981.405929803848267,45,2,44,1,11
1413393981.455929994583130,44,1,43,0,11
1413393981.505929946899414,48,1,42,5,11
1413393981.555929899215698,47,0,46,1,11
1413393981.605930328369141,45,4,44,1,11
1413393981.655930519104004,45,4,39,4,11
1413393981.705930709838867,43,1,41,0,11
1413393981.755930900573730,46,2,39,5,11
1413393981.805930614471436,48,8,44,4,11
1413393981.855931043624878,47,2,46,0,11
1413393981.905931234359741,47,1,46,0,11
1413393981.955931425094604,48,5,46,2,11
1413393982.005931377410889,48,3,48,0,11
1413393982.055931329727173,47,1,46,0,11
1413393982.105931520462036,49,4,45,3,11
1413393982.155931472778320,47,2,46,1,11
1413393982.205931425094604,45,2,45,0,11
1413393982.255930662155151,45,10,40,5,11
1413393982.305930614471436,43,2,40,0,11
1413393982.355930805206299,41,1,37,0,11
1413393982.405930995941162,40,2,37,2,11
1413393982.455930948257446,46,1,38,7,11
1413393982.505931138992310,46,0,44,0,11
1413393982.555931329727173,45,3,41,1,11
1413393982.605931758880615,42,9,38,0,11
1413393982.655931949615479,39,7,33,2,11
1413393982.705932140350342,35,1,31,1,11
1413393982.755931854248047,41,3,27,9,11
1413393982.805932283401489,39,1,33,1,11
1413393982.855932474136353,36,4,32,2,11
1413393982.905932664871216,35,4,26,4,11
1413393982.955932855606079,36,7,24,3,11
1413393983.005932331085205,29,2,21,1,11
1413393983.055932283401489,25,3,19,3,11
1413393983.105932474136353,23,4,20,1,11
1413393983.155931949615479,30,4,19,9,11
1413393983.205931901931763,29,8,23,3,11
1413393983.255931615829468,25,1,23,0,11
1413393983.305931568145752,21,3,18,1,11
1413393983.355931758880615,28,4,18,8,11
1413393983.405931711196899,25,2,24,0,11
1413393983.455931663513184,22,3,18,0,11
1413393983.505931854248047,22,1,15,5,11
1413393983.555932044982910,22,0,18,3,11
1413393983.605932235717773,24,3,19,4,11
1413393983.655932426452637,22,1,20,2,11
1413393983.705932378768921,24,2,20,2,11
1413393983.755932331085205,22,6,19,0,11
1413393983.805932283401489,26,2,18,7,11
1413393983.855932712554932,26,2,22,2,11
1413393983.905932664871216,28,5,23,5,11
1413393983.955932378768921,26,2,22,4,11
1413393984.005932331085205,27,2,25,1,11
1413393984.055932044982910,32,1,24,6,11
1413393984.105932235717773,36,1,27,6,11
1413393984.155932188034058,35,4,31,1,11
1413393984.205932140350342,29,3,29,0,11
1413393984.255931854248047,26,1,25,0,11
1413393984.305931806564331,31,2,22,7,11
1413393984.355931997299194,31,0,27,4,11
1413393984.405931711196899,31,1,26,3,11
1413393984.455931663513184,31,1,28,0,11
1413393984.505931615829468,29,2,23,3,11
1413393984.555931568145752,34,6,25,8,11
1413393984.605931758880615,31,6,28,3,11
1413393984.655931711196899,30,5,27,1,11
1413393984.705931663513184,27,0,24,0,11
1413393984.755931854248047,28,6,22,4,11
1413393984.805932044982910,25,4,22,3,11
1413393984.855932474136353,27,3,25,2,11
1413393984.905932426452637,26,6,22,4,11
1413393984.955932378768921,26,1,22,3,11
1413393985.005932569503784,26,2,23,3,11
1413393985.055932283401489,27,4,24,2,11
1413393985.105932474136353,28,1,25,1,11
1413393985.155932426452637,30,4,25,3,11
1413393985.205932140350342,30,6,28,1,11
1413393985.255932331085205,29,0,28,1,11
1413393985.305932283401489,27,4,27,0,11
1413393985.355932712554932,34,8,26,7,11
1413393985.405932664871216,37,2,31,4,11
1413393985.455932855606079,36,2,32,2,11
1413393985.505933046340942,35,5,33,0,11
1413393985.555932998657227,35,1,30,3,11
1413393985.605933427810669,31,3,26,2,11
1413393985.655933618545532,29,6,24,1,11
1413393985.705934524536133,27,5,20,2,11
1413393985.755934476852417,24,4,21,1,11
1413393985.805934667587280,24,4,21,2,11
1413393985.855935096740723,26,3,22,2,11
1413393985.905935525894165,28,8,24,3,11
1413393985.955935239791870,27,5,26,1,11
1413393986.005934715270996,32,2,23,5,11
1413393986.055933713912964,35,5,26,3,11
1413393986.105932474136353,35,2,26,5,11
1413393986.155930757522583,37,4,29,5,11
1413393986.205929756164551,34,1,25,1,11
1413393986.255927562713623,38,2,22,7,11
1413393986.305926799774170,32,2,23,1,11
1413393986.355926275253296,33,3,18,4,11
1413393986.405925750732422,32,3,20,5,11
1413393986.455925464630127,29,3,22,3,11
1413393986.505925178527832,29,4,24,1,11
1413393986.555925369262695,29,1,20,3,11
1413393986.605925798416138,27,2,22,0,11
1413393986.655926227569580,27,1,18,5,11
1413393986.705926656723022,29,1,19,4,11
1413393986.755926370620728,31,0,19,7,11
1413393986.805926799774170,31,1,25,3,11
1413393986.855927705764771,30,2,26,1,11
1413393986.905928850173950,31,2,23,4,11
1413393986.955930471420288,32,1,24,5,11
1413393987.005931854248047,34,1,28,4,11
1413393987.055933475494385,38,0,32,5,11
1413393987.105934381484985,38,0,37,1,11
1413393987.155935049057007,42,1,38,4,11
1413393987.205935478210449,45,0,42,3,11
1413393987.255935668945312,47,2,44,3,11
1413393987.305936336517334,48,12,47,1,11
1413393987.355937004089355,50,1,48,2,11
1413393987.405937433242798,50,11,49,0,11
1413393987.455937862396240,49,1,47,1,11
1413393987.505938291549683,49,4,43,1,11
1413393987.555938720703125,47,1,42,0,11
1413393987.605939388275146,44,0,40,3,11
1413393987.655940055847168,45,2,41,1,11
1413393987.705940008163452,45,1,40,1,11
1413393987.755940437316895,46,6,39,3,11
1413393987.805940628051758,44,0,41,1,11
1413393987.855940580368042,44,2,37,5,11
1413393987.905940055847168,46,8,38,4,11
1413393987.955939769744873,46,1,38,2,11
1413393988.005939483642578,46,6,36,4,11
1413393988.055939197540283,44,2,36,3,11
1413393988.105939626693726,42,3,39,2,11
1413393988.155939817428589,42,3,40,1,11
1413393988.205939769744873,43,1,38,1,11
1413393988.255939722061157,42,4,39,0,11
1413393988.305939435958862,42,2,37,3,11
1413393988.355939388275146,45,4,40,4,11
1413393988.405938863754272,48,3,43,5,11
1413393988.455938577651978,47,3,45,0,11
1413393988.505938291549683,46,7,44,1,11
1413393988.555938005447388,46,8,41,4,11
1413393988.605937957763672,48,1,43,4,11
1413393988.655937910079956,47,4,46,0,11
1413393988.705937862396240,47,2,42,2,11
1413393988.755937814712524,46,2,43,0,11
1413393988.805938005447388,42,3,38,1,11
1413393988.855937957763672,37,3,34,1,11
1413393988.905938148498535,35,5,29,4,11
1413393988.955937862396240,39,1,32,5,11
1413393989.005938053131104,38,2,35,1,11
1413393989.055937767028809,39,1,35,3,11
1413393989.105937719345093,38,0,36,2,11
1413393989.155937433242798,39,3,37,1,11
1413393989.205937147140503,37,7,35,0,11
1413393989.255936145782471,37,1,33,2,11
1413393989.305934667587280,44,3,33,8,11
1413393989.355934381484985,40,9,36,1,11
1413393989.405932426452637,39,7,32,5,11
1413393989.455932378768921,40,5,30,5,11
1413393989.505931138992310,42,8,32,9,11
1413393989.555931568145752,34,0,33,0,11
1413393989.605932474136353,35,5,32,1,11
1413393989.655933141708374,33,3,31,0,11
1413393989.705931663513184,39,2,30,6,11
1413393989.755931377410889,38,0,37,1,11
1413393989.805930852890015,37,2,35,0,11
1413393989.855931282043457,38,2,33,1,11
1413393989.905931711196899,38,0,33,3,11
1413393989.955930709838867,45,3,35,9,11
1413393990.005931138992310,46,4,40,4,11
1413393990.055931329727173,47,2,41,3,11
1413393990.105931758880615,49,11,44,4,11
1413393990.155931472778320,46,3,40,1,11
1413393990.205931425094604,45,3,37,1,11
1413393990.255931377410889,38,0,34,1,11
1413393990.305931091308594,35,2,33,0,11
1413393990.355931282043457,37,0,30,6,11
1413393990.405931472778320,37,0,35,1,11
1413393990.455931663513184,35,0,34,0,11
1413393990.505932092666626,35,1,33,1,11
1413393990.555931806564331,35,0,31,1,11
1413393990.605931758880615,39,1,31,5,11
1413393990.655930995941162,39,1,26,4,11
1413393990.705929994583130,40,0,25,8,11
1413393990.755928993225098,35,7,28,1,11
1413393990.805928945541382,32,2,26,2,11
1413393990.855929851531982,33,3,26,2,11
1413393990.905930757522583,34,1,25,4,11
1413393990.955932378768921,28,1,26,0,11
1413393991.005934953689575,36,1,18,11,11
1413393991.055935621261597,34,2,28,0,11
1413393991.105936050415039,31,6,26,3,11
1413393991.155935287475586,27,12,25,1,11
1413393991.205934762954712,26,4,23,0,11
1413393991.255934238433838,23,4,18,0,11
1413393991.305936098098755,24,3,11,4,11
1413393991.355937004089355,19,2,14,1,11
1413393991.405937433242798,14,3,10,0,11
1413393991.455937862396240,13,1,12,0,11
1413393991.505939483642578,12,4,12,0,11
1413393991.555940866470337,13,2,12,1,11
1413393991.605942487716675,12,0,12,0,11
1413393991.655943393707275,11,0,10,0,11
1413393991.705945730209351,19,0,10,8,11
1413393991.755945444107056,19,0,17,1,11
1413393991.805944919586182,19,0,18,0,11
1413393991.855944156646729,24,0,18,6,11
1413393991.905944108963013,26,1,23,2,11
1413393991.955943584442139,24,4,22,1,11
1413393992.005943059921265,23,5,22,0,11
1413393992.055942296981812,19,5,18,1,11
1413393992.105942726135254,19,2,18,0,11
1413393992.155943870544434,26,1,17,7,11
1413393992.205944299697876,29,0,24,5,11
1413393992.255943059921265,29,1,28,0,11
1413393992.305941104888916,34,0,28,5,11
1413393992.355940580368042,32,1,32,0,11
1413393992.405940532684326,31,0,31,0,11
1413393992.455940723419189,31,0,31,0,11
1413393992.505940675735474,34,0,31,3,11
1413393992.555940389633179,38,0,34,4,11
1413393992.605942010879517,41,0,38,3,11
1413393992.655942440032959,45,1,40,4,11
1413393992.705942153930664,45,1,43,0,11
1413393992.755940198898315,43,2,41,1,11
1413393992.805938959121704,44,0,41,2,11
1413393992.855937957763672,41,3,39,0,11
1413393992.905936717987061,41,0,36,2,11
1413393992.955934524536133,43,0,37,4,11
1413393993.005933046340942,42,1,41,0,11
1413393993.055932283401489,42,1,41,1,11
1413393993.105932474136353,42,0,42,0,11
1413393993.155931711196899,43,0,42,1,11
1413393993.205929756164551,44,1,40,1,11
1413393993.255928993225098,44,1,41,2,11
1413393993.305928707122803,43,0,43,0,11
1413393993.355928421020508,40,0,38,2,11
1413393993.405928373336792,39,0,37,2,11
1413393993.455929040908813,42,0,38,4,11
1413393993.505928039550781,42,0,42,0,11
1413393993.555928945541382,42,3,40,0,11
1413393993.605930089950562,42,9,37,0,11
1413393993.655929327011108,37,8,35,1,11
1413393993.705927610397339,42,6,31,6,11
1413393993.755927324295044,38,2,29,0,11
1413393993.805927515029907,34,4,28,3,11
1413393993.855928659439087,27,4,22,1,11
1413393993.905929327011108,27,1,24,1,11
1413393993.955930233001709,24,0,23,0,11
1413393994.005931138992310,25,5,20,4,11
1413393994.055932044982910,23,2,20,0,11
1413393994.105932950973511,21,1,18,0,11
1413393994.155934333801270,19,0,18,1,11
1413393994.205936431884766,20,1,17,1,11
1413393994.255938053131104,18,1,16,0,11
1413393994.305939435958862,18,3,16,1,11
1413393994.355940818786621,17,3,17,0,11
1413393994.405941724777222,19,6,14,2,11
1413393994.455943346023560,21,3,13,2,11
1413393994.505943775177002,20,2,11,4,11
1413393994.555943727493286,18,1,12,1,11
1413393994.605943918228149,16,4,14,0,11
1413393994.655943870544434,17,7,11,5,11
1413393994.705943584442139,15,7,12,0,11
1413393994.755942821502686,13,2,10,1,11
1413393994.805941581726074,13,1,11,2,11
1413393994.855940103530884,14,1,12,1,11
1413393994.905938625335693,15,2,13,1,11
1413393994.955934047698975,28,4,14,14,11
1413393995.005933284759521,28,3,28,0,11
1413393995.055930376052856,39,3,28,11,11
1413393995.105930566787720,40,0,39,1,11
1413393995.155930995941162,40,2,39,0,11
1413393995.205930233001709,46,10,39,6,11
1413393995.255930185317993,47,2,44,2,11
1413393995.305929660797119,50,4,46,3,11
1413393995.355929136276245,50,1,47,1,11
1413393995.405928373336792,47,2,46,0,11
1413393995.455927371978760,46,9,44,2,11
1413393995.505926847457886,46,4,45,1,11
1413393995.555926084518433,45,9,42,2,11
1413393995.605925798416138,45,0,42,0,11
1413393995.655925512313843,44,3,35,3,11
1413393995.705924987792969,38,2,30,1,11
1413393995.755925178527832,35,3,27,1,11
1413393995.805924892425537,32,2,26,2,11
1413393995.855924844741821,28,0,24,2,11
1413393995.905924797058105,30,0,24,4,11
1413393995.955924272537231,28,1,24,0,11
1413393996.005924224853516,28,0,20,2,11
1413393996.055924177169800,29,1,20,5,11
1413393996.105923891067505,39,1,23,14,11
1413393996.155923604965210,38,3,31,4,11
1413393996.205923557281494,36,1,27,0,11
1413393996.255923748016357,32,2,25,2,11
1413393996.305923700332642,31,2,26,3,11
1413393996.355923891067505,44,4,28,14,11
1413393996.405923843383789,44,5,40,2,11
1413393996.455923795700073,45,1,42,2,11
1413393996.505923748016357,42,1,41,0,11
1413393996.555923938751221,42,1,40,1,11
1413393996.605924367904663,48,6,38,8,11
1413393996.655924558639526,48,8,44,2,11
1413393996.705924987792969,45,0,44,0,11
1413393996.755925416946411,45,2,40,2,11
1413393996.805926084518433,46,7,38,5,11
1413393996.855926752090454,44,4,43,0,11
1413393996.905927181243896,44,0,42,1,11
1413393996.955927371978760,46,11,41,3,11
1413393997.005927562713623,48,8,42,3,11
1413393997.055927515029907,45,0,42,1,11
1413393997.105927705764771,43,0,43,0,11
1413393997.155927896499634,43,0,43,0,11
1413393997.205928087234497,48,0,42,5,11
1413393997.255928277969360,50,4,47,2,11
1413393997.305927991867065,50,18,49,1,11
1413393997.355928182601929,50,3,49,0,11
1413393997.405928134918213,50,7,48,0,11
1413393997.455928087234497,44,4,43,0,11
1413393997.505928039550781,43,2,42,1,11
1413393997.555927991867065,47,2,42,4,11
1413393997.605928182601929,48,6,44,2,11
1413393997.655928134918213,48,0,46,1,11
1413393997.705928325653076,48,2,46,2,11
1413393997.755928277969360,50,7,48,2,11
1413393997.805928230285645,50,2,50,0,11
1413393997.855928421020508,50,12,49,0,11
1413393997.905928373336792,48,11,45,0,11
1413393997.955928325653076,48,0,45,1,11
1413393998.005928277969360,47,5,45,2,11
1413393998.055928468704224,48,7,46,2,11
1413393998.105928659439087,48,2,48,0,11
1413393998.155928611755371,47,2,47,0,11
1413393998.205928564071655,48,3,44,3,11
1413393998.255928754806519,46,0,44,0,11
1413393998.305928707122803,44,0,42,0,11
1413393998.355928659439087,48,3,42,5,11
1413393998.405928611755371,46,1,44,0,11
1413393998.455928564071655,46,2,44,0,11
1413393998.505928516387939,45,1,44,1,11
1413393998.555928468704224,45,1,45,0,11
1413393998.605928659439087,46,0,45,1,11
1413393998.655928373336792,48,0,46,2,11
1413393998.705928325653076,48,0,48,0,11
1413393998.755928039550781,49,1,47,1,11
1413393998.805927038192749,50,10,48,1,11
1413393998.855926990509033,49,0,49,0,11
1413393998.905926704406738,50,0,48,1,11
1413393998.955926179885864,50,5,49,0,11
1413393999.005925893783569,49,1,48,0,11
1413393999.055925846099854,48,0,47,0,11
1413393999.105926036834717,48,2,47,1,11
1413393999.155925750732422,46,0,45,0,11
1413393999.205925703048706,42,1,40,0,11
1413393999.255925416946411,38,0,34,0,11
1413393999.305925369262695,33,2,30,0,11
1413393999.355925559997559,30,3,28,0,11
1413393999.405925989151001,38,1,28,10,11
1413393999.455926656723022,47,10,35,11,11
1413393999.505926847457886,46,1,44,0,11
1413393999.555927038192749,49,0,42,4,11
1413393999.605927228927612,48,1,45,1,11
1413393999.655927181243896,47,0,28,0,11
1413393999.705926895141602,47,4,20,1,11
1413393999.755926847457886,28,0,20,0,11
1413393999.805926561355591,18,0,15,0,11
1413393999.855926990509033,17,0,14,0,11
1413393999.905926942825317,12,0,11,0,11
1413393999.955926895141602,7,2,7,0,11
1413394000.005926847457886,2,1,2,0,11
1413394000.055926799774170,2,0,2,0,11
1413394000.105927228927612,1,3,1,0,11
1413394000.155927181243896,1,0,1,0,11
1413394000.205927371978760,1,1,1,0,11
1413394000.255927324295044,1,0,1,0,11
1413394000.305927276611328,1,1,1,0,11
1413394000.355927705764771,1,3,1,0,11
1413394000.405927658081055,1,1,1,0,11
1413394000.455927848815918,3,0,1,2,11
1413394000.505927801132202,3,0,3,0,11
1413394000.555927753448486,3,0,3,0,11
1413394000.605927944183350,3,0,3,0,11
1413394000.655928134918213,3,0,3,0,11
1413394000.705928087234497,5,0,3,2,11
1413394000.755928039550781,5,0,5,0,11
1413394000.805927991867065,5,0,5,0,11
1413394000.855928182601929,5,0,5,0,11
1413394000.905928134918213,6,0,5,1,11
1413394000.955928087234497,6,0,6,0,11
1413394001.005928039550781,6,0,6,0,11
1413394001.055927991867065,6,0,6,0,11
1413394001.105928421020508,6,0,6,0,11
1413394001.155928373336792,6,0,6,0,11
1413394001.205928325653076,6,0,6,0,11
1413394001.255928277969360,6,0,6,0,11
1413394001.305928230285645,7,0,6,1,11
1413394001.355928421020508,7,0,7,0,11
1413394001.405928373336792,7,0,7,0,11
1413394001.455928325653076,7,0,7,0,11
1413394001.505928277969360,9,0,7,2,11
1413394001.555928230285645,12,0,9,3,11
1413394001.605928421020508,12,0,12,0,11
1413394001.655928373336792,12,0,12,0,11
1413394001.705928325653076,12,0,12,0,11
1413394001.755928277969360,12,0,12,0,11
1413394001.805928230285645,13,0,12,1,11
1413394001.855928421020508,13,0,13,0,11
1413394001.905928373336792,13,0,13,0,11
1413394001.955928325653076,13,0,12,0,11
1413394002.005928277969360,13,0,12,0,11
1413394002.055928230285645,12,0,12,0,11
1413394002.105928421020508,12,0,12,0,11
1413394002.155928373336792,12,0,12,0,11
1413394002.205928325653076,12,0,12,0,11
1413394002.255928277969360,12,0,12,0,11
1413394002.305928230285645,12,0,12,0,11
1413394002.355928421020508,12,0,12,0,11
1413394002.405928373336792,12,0,12,0,11
1413394002.455928325653076,12,0,12,0,11
1413394002.505928277969360,12,0,12,0,11
1413394002.555928230285645,12,0,12,0,11
1413394002.605928421020508,13,0,12,1,11
1413394002.655928373336792,13,0,13,0,11
1413394002.705928325653076,13,0,13,0,11
1413394002.755928277969360,13,0,13,0,11
1413394002.805928230285645,13,0,13,0,11
1413394002.855928421020508,13,0,13,0,11
1413394002.905928373336792,13,0,13,0,11
1413394002.955928325653076,13,0,13,0,11
1413394003.005928277969360,13,0,13,0,11
1413394003.055928230285645,13,0,13,0,11
1413394003.105928421020508,13,1,13,0,11
1413394003.155928373336792,13,1,13,0,11
1413394003.205928325653076,12,0,12,0,11
1413394003.255928277969360,12,0,12,0,11
1413394003.305928230285645,12,0,12,0,11
1413394003.355928421020508,12,0,12,0,11
