# timestamp (sec),slam_feats_in_state,msckf_feats_used,slam_feats_updated,slam_feats_delayed_init,clones
1403637149.987318277359009,0,8,0,0,5
1403637150.037062406539917,10,14,0,10,6
1403637150.086689233779907,9,22,5,0,7
1403637150.136629343032837,8,1,2,0,8
1403637150.186588048934937,3,6,0,0,9
1403637150.236633300781250,1,8,0,0,10
1403637150.286654233932495,0,5,0,0,11
1403637150.336658000946045,0,6,0,0,11
1403637150.386743783950806,0,5,0,0,11
1403637150.436763286590576,0,1,0,0,11
1403637150.487125635147095,0,5,0,0,11
1403637150.537092924118042,0,2,0,0,11
1403637150.587572097778320,0,2,0,0,11
1403637150.637572526931763,12,6,0,12,11
1403637150.687538385391235,12,3,11,0,11
1403637150.737505674362183,11,0,10,0,11
1403637150.787691593170166,11,2,10,1,11
1403637150.837824106216431,12,1,10,1,11
1403637150.887967109680176,12,6,10,1,11
1403637150.937939643859863,12,0,11,1,11
1403637150.987987279891968,15,1,12,3,11
1403637151.037968397140503,14,2,14,0,11
1403637151.087985277175903,19,1,13,5,11
1403637151.138187408447266,22,0,18,3,11
1403637151.188198566436768,23,3,21,2,11
1403637151.238260030746460,26,1,23,3,11
1403637151.288334846496582,26,2,25,0,11
1403637151.338424682617188,26,2,25,0,11
1403637151.388471603393555,24,1,24,0,11
1403637151.438369750976562,24,5,24,0,11
1403637151.488432645797729,23,1,23,0,11
1403637151.538351535797119,27,1,23,4,11
1403637151.588346481323242,27,3,27,0,11
1403637151.638204813003540,32,1,27,5,11
1403637151.688179016113281,31,4,30,0,11
1403637151.738190889358521,30,0,29,0,11
1403637151.788222074508667,29,1,29,0,11
1403637151.838306188583374,31,0,28,3,11
1403637151.888353347778320,29,0,29,0,11
1403637151.938358068466187,30,0,29,1,11
1403637151.988361358642578,34,1,30,4,11
1403637152.038399696350098,34,0,34,0,11
1403637152.088413715362549,34,0,33,1,11
1403637152.138427019119263,38,0,34,4,11
1403637152.188400506973267,38,0,38,0,11
1403637152.238494873046875,41,0,38,3,11
1403637152.288468837738037,41,0,40,0,11
1403637152.338525772094727,39,0,39,0,11
1403637152.388571739196777,39,0,39,0,11
1403637152.438501834869385,39,0,39,0,11
1403637152.488543748855591,39,0,38,0,11
1403637152.538500547409058,39,0,36,0,11
1403637152.588466167449951,38,0,36,0,11
1403637152.638543605804443,37,0,35,2,11
1403637152.688516139984131,38,0,37,1,11
1403637152.738561630249023,39,1,38,1,11
1403637152.788558483123779,39,0,38,0,11
1403637152.838565349578857,40,2,37,2,11
1403637152.888594627380371,39,0,39,0,11
1403637152.938591957092285,37,0,36,0,11
1403637152.988599538803101,37,0,35,0,11
1403637153.038587808609009,35,0,35,0,11
1403637153.088677883148193,36,0,35,1,11
1403637153.138695240020752,35,0,33,0,11
1403637153.188762664794922,35,0,33,0,11
1403637153.238758325576782,35,0,31,3,11
1403637153.288762807846069,32,0,32,0,11
1403637153.338787317276001,32,0,32,0,11
1403637153.388844013214111,32,0,31,0,11
1403637153.438848972320557,38,1,31,6,11
1403637153.488910436630249,37,0,37,0,11
1403637153.538951873779297,36,0,36,0,11
1403637153.588871002197266,36,0,36,0,11
1403637153.638740539550781,35,0,35,0,11
1403637153.688644647598267,34,1,34,0,11
1403637153.738582134246826,34,0,34,0,11
1403637153.788513898849487,34,3,33,1,11
1403637153.838478326797485,37,2,34,3,11
1403637153.888535022735596,37,0,34,0,11
1403637153.938529968261719,37,0,33,0,11
1403637153.988648176193237,34,0,32,0,11
1403637154.038743257522583,36,0,31,4,11
1403637154.088880777359009,36,0,35,1,11
1403637154.138957977294922,36,0,36,0,11
1403637154.189006805419922,36,0,36,0,11
1403637154.239004135131836,36,0,36,0,11
1403637154.288996696472168,36,0,36,0,11
1403637154.338933706283569,36,0,36,0,11
1403637154.388868093490601,35,0,35,0,11
1403637154.438800573348999,35,1,34,1,11
1403637154.488780736923218,35,0,35,0,11
1403637154.538748502731323,35,2,34,0,11
1403637154.588737487792969,37,1,33,2,11
1403637154.638692140579224,36,0,34,1,11
1403637154.688603162765503,39,0,32,7,11
1403637154.738610029220581,38,0,35,0,11
1403637154.788611888885498,37,0,33,1,11
1403637154.838661193847656,36,0,33,2,11
1403637154.888687849044800,34,0,33,0,11
1403637154.938748836517334,34,0,33,0,11
1403637154.988811492919922,33,0,33,0,11
1403637155.038829565048218,32,1,29,1,11
1403637155.088873624801636,30,0,26,0,11
1403637155.138913631439209,28,0,24,0,11
1403637155.188932180404663,26,0,24,0,11
1403637155.238948106765747,27,0,24,3,11
1403637155.288907051086426,31,1,26,5,11
1403637155.338890314102173,30,1,29,0,11
1403637155.388893365859985,29,0,27,0,11
1403637155.438882350921631,27,2,26,0,11
1403637155.488876104354858,26,1,26,0,11
1403637155.538846492767334,25,0,25,0,11
1403637155.588822126388550,28,0,25,3,11
1403637155.638776302337646,29,1,27,2,11
1403637155.688759088516235,28,0,28,0,11
1403637155.738729476928711,30,0,27,2,11
1403637155.788737297058105,31,0,29,1,11
1403637155.838785171508789,31,0,28,2,11
1403637155.888773679733276,36,5,26,7,11
1403637155.938764333724976,33,1,30,0,11
1403637155.988749027252197,30,0,28,0,11
1403637156.038749217987061,25,1,22,0,11
1403637156.088755369186401,20,0,19,0,11
1403637156.138762712478638,18,0,17,0,11
1403637156.188766956329346,18,0,15,0,11
1403637156.238769769668579,17,0,15,0,11
1403637156.288780927658081,14,1,14,0,11
1403637156.338792562484741,14,0,14,0,11
1403637156.388799190521240,14,0,14,0,11
1403637156.438800811767578,14,0,14,0,11
1403637156.488804817199707,18,3,13,5,11
1403637156.538786411285400,16,4,16,0,11
1403637156.588790178298950,16,0,16,0,11
1403637156.638770818710327,16,4,15,1,11
1403637156.688773632049561,16,0,16,0,11
1403637156.738765954971313,16,1,16,0,11
1403637156.788722515106201,15,0,15,0,11
1403637156.838671207427979,16,0,14,2,11
1403637156.888626813888550,16,0,16,0,11
1403637156.938598871231079,16,0,16,0,11
1403637156.988564968109131,16,0,15,0,11
1403637157.038563728332520,19,1,15,3,11
1403637157.088517665863037,23,0,17,5,11
1403637157.138530492782593,23,0,22,0,11
1403637157.188530683517456,22,0,22,0,11
1403637157.238529920578003,24,0,22,2,11
1403637157.288522005081177,24,0,23,0,11
1403637157.338520526885986,24,0,23,0,11
1403637157.388501882553101,25,0,23,2,11
1403637157.438484907150269,27,0,25,2,11
1403637157.488477945327759,27,1,27,0,11
1403637157.538460731506348,34,0,27,7,11
1403637157.588447570800781,35,2,34,1,11
1403637157.638444423675537,36,0,35,1,11
1403637157.688463211059570,42,13,35,6,11
1403637157.738462924957275,42,0,41,0,11
1403637157.788456201553345,40,0,40,0,11
1403637157.838444232940674,46,1,39,6,11
1403637157.888431549072266,45,0,44,0,11
1403637157.938417911529541,45,0,43,0,11
1403637157.988408803939819,44,0,41,1,11
1403637158.038412332534790,42,1,39,2,11
1403637158.088409423828125,40,0,39,0,11
1403637158.138417959213257,49,0,39,9,11
1403637158.188411951065063,49,0,46,1,11
1403637158.238396167755127,48,1,47,0,11
1403637158.288428544998169,48,21,47,1,11
1403637158.338388442993164,47,0,45,0,11
1403637158.388367891311646,46,1,44,0,11
1403637158.438378095626831,45,10,43,2,11
1403637158.488374233245850,44,0,44,0,11
1403637158.538372993469238,43,0,41,0,11
1403637158.588386297225952,41,0,39,0,11
1403637158.638386964797974,41,0,37,2,11
1403637158.688395977020264,42,1,39,1,11
1403637158.738395929336548,40,0,38,1,11
1403637158.788396596908569,36,2,35,0,11
1403637158.838399171829224,46,3,34,11,11
1403637158.888392210006714,45,16,39,4,11
1403637158.938367366790771,44,0,42,0,11
1403637158.988342761993408,40,1,40,0,11
1403637159.038330078125000,48,0,39,8,11
1403637159.088331937789917,47,1,46,0,11
1403637159.138334751129150,45,0,44,0,11
1403637159.188338518142700,42,0,42,0,11
1403637159.238348245620728,44,0,42,2,11
1403637159.288350105285645,48,4,44,4,11
1403637159.338356971740723,48,1,47,0,11
1403637159.388362884521484,48,1,47,0,11
1403637159.438358783721924,47,8,46,0,11
1403637159.488383769989014,47,12,44,1,11
1403637159.538383960723877,46,0,45,0,11
1403637159.588393688201904,44,0,43,0,11
1403637159.638408660888672,41,0,40,0,11
1403637159.688410282135010,37,0,37,0,11
1403637159.738392829895020,41,0,32,7,11
1403637159.788391828536987,40,1,37,0,11
1403637159.838388919830322,37,1,35,0,11
1403637159.888397216796875,39,1,34,4,11
1403637159.938391208648682,38,0,35,0,11
1403637159.988375902175903,31,0,29,0,11
1403637160.038378477096558,38,3,27,9,11
1403637160.088378429412842,46,0,36,10,11
1403637160.138368129730225,43,2,42,0,11
1403637160.188360929489136,49,2,40,7,11
1403637160.238364219665527,47,0,44,0,11
1403637160.288370609283447,46,3,43,0,11
1403637160.338383674621582,45,1,42,3,11
1403637160.388391017913818,47,4,42,4,11
1403637160.438391923904419,50,2,46,3,11
1403637160.488404035568237,43,1,42,0,11
1403637160.538401842117310,42,4,39,2,11
1403637160.588407278060913,40,3,36,3,11
1403637160.638410329818726,45,0,37,7,11
1403637160.688447713851929,43,0,41,0,11
1403637160.738495111465454,46,0,36,6,11
1403637160.788539886474609,41,2,39,0,11
1403637160.838591814041138,40,0,39,0,11
1403637160.888637304306030,45,0,38,6,11
1403637160.938693523406982,48,2,43,3,11
1403637160.988727569580078,46,1,45,1,11
1403637161.038747549057007,45,0,44,1,11
1403637161.088840961456299,49,3,44,5,11
1403637161.138881683349609,47,1,47,0,11
1403637161.188911199569702,50,6,47,3,11
1403637161.238917827606201,50,1,48,0,11
1403637161.288916110992432,50,1,48,0,11
1403637161.338903903961182,48,6,48,0,11
1403637161.388888597488403,48,0,47,1,11
1403637161.438874006271362,47,2,46,0,11
1403637161.488894224166870,48,2,45,2,11
1403637161.538877248764038,48,4,45,2,11
1403637161.588852405548096,49,12,45,2,11
1403637161.638838052749634,46,1,45,0,11
1403637161.688823461532593,43,3,42,1,11
1403637161.738817691802979,38,2,38,0,11
1403637161.788821697235107,44,2,35,8,11
1403637161.838812112808228,43,1,40,0,11
1403637161.888799428939819,38,4,34,0,11
1403637161.938800334930420,39,2,34,3,11
1403637161.988799571990967,36,1,34,0,11
1403637162.038795709609985,47,1,32,12,11
1403637162.088806152343750,43,1,39,0,11
1403637162.138823270797729,43,1,38,3,11
1403637162.188862085342407,48,1,40,7,11
1403637162.238878965377808,47,0,47,0,11
1403637162.288896560668945,47,0,46,0,11
1403637162.338907957077026,48,0,46,1,11
1403637162.388902664184570,48,1,46,2,11
1403637162.438899517059326,49,3,47,2,11
1403637162.488912343978882,50,6,49,1,11
1403637162.538895130157471,50,2,48,0,11
1403637162.588870525360107,48,4,45,0,11
1403637162.638848543167114,48,8,43,2,11
1403637162.688830375671387,47,1,45,1,11
1403637162.738830089569092,47,1,45,1,11
1403637162.788827657699585,45,0,42,1,11
1403637162.838833093643188,45,1,42,1,11
1403637162.888840198516846,43,1,40,0,11
1403637162.938848495483398,40,2,39,0,11
1403637162.988848209381104,41,1,36,3,11
1403637163.038841485977173,46,2,37,5,11
1403637163.088840484619141,44,0,38,3,11
1403637163.138857364654541,46,1,39,6,11
1403637163.188844919204712,43,3,40,3,11
1403637163.238830089569092,46,1,40,5,11
1403637163.288812875747681,48,9,42,3,11
1403637163.338802576065063,47,1,44,1,11
1403637163.388798475265503,44,3,42,0,11
1403637163.438795566558838,44,2,39,0,11
1403637163.488796949386597,41,0,37,0,11
1403637163.538816452026367,46,5,36,9,11
1403637163.588823080062866,46,4,43,1,11
1403637163.638830184936523,44,0,40,0,11
1403637163.688831806182861,41,0,36,0,11
1403637163.738843441009521,41,2,36,3,11
1403637163.788854598999023,46,3,37,8,11
1403637163.838847398757935,44,1,43,0,11
1403637163.888839244842529,49,0,42,5,11
1403637163.938838243484497,49,2,47,1,11
1403637163.988837957382202,46,1,44,1,11
1403637164.038812398910522,50,6,45,4,11
1403637164.088814735412598,49,2,49,0,11
1403637164.138811111450195,49,2,49,0,11
1403637164.188796281814575,49,8,48,1,11
1403637164.238791465759277,48,0,48,0,11
1403637164.288789749145508,49,2,46,2,11
1403637164.338780164718628,48,9,46,0,11
1403637164.388773441314697,47,3,43,1,11
1403637164.438765764236450,45,0,43,1,11
1403637164.488760471343994,43,0,42,0,11
1403637164.538758516311646,43,1,41,0,11
1403637164.588762760162354,43,3,40,1,11
1403637164.638748407363892,46,13,41,4,11
1403637164.688746929168701,46,1,42,2,11
1403637164.738745212554932,44,3,39,3,11
1403637164.788745641708374,41,0,35,3,11
1403637164.838743925094604,35,3,34,0,11
1403637164.888738632202148,30,4,30,0,11
1403637164.938746690750122,36,4,28,8,11
1403637164.988748550415039,39,7,32,6,11
1403637165.038747310638428,35,0,31,0,11
1403637165.088754892349243,32,1,28,0,11
1403637165.138761758804321,31,1,29,1,11
1403637165.188761949539185,30,7,30,0,11
1403637165.238757610321045,34,2,26,8,11
1403637165.288743734359741,36,2,26,6,11
1403637165.338719129562378,30,3,26,0,11
1403637165.388706922531128,33,9,23,7,11
1403637165.438705444335938,28,1,25,0,11
1403637165.488697290420532,28,3,23,4,11
1403637165.538686752319336,30,5,24,4,11
1403637165.588671684265137,29,7,22,5,11
1403637165.638658761978149,31,3,24,4,11
1403637165.688648939132690,30,3,25,2,11
1403637165.738648176193237,30,1,24,3,11
1403637165.788638591766357,31,2,23,3,11
1403637165.838634014129639,33,3,25,4,11
1403637165.888627529144287,31,3,29,1,11
1403637165.938626527786255,32,3,29,2,11
1403637165.988622903823853,32,4,28,2,11
1403637166.038618803024292,37,1,29,7,11
1403637166.088617801666260,40,1,35,5,11
1403637166.138619899749756,43,2,39,4,11
1403637166.188625574111938,43,0,40,2,11
1403637166.238623619079590,44,3,38,4,11
1403637166.288621425628662,48,2,39,5,11
1403637166.338598489761353,44,7,40,1,11
1403637166.388588666915894,45,7,40,5,11
1403637166.438583135604858,44,1,42,0,11
1403637166.488579034805298,46,0,41,3,11
1403637166.538578748703003,46,1,42,2,11
1403637166.588560581207275,48,0,45,2,11
1403637166.638521671295166,45,1,43,0,11
1403637166.688494443893433,42,0,40,0,11
1403637166.738465547561646,45,1,37,5,11
1403637166.788469791412354,42,1,39,0,11
1403637166.838481426239014,41,1,38,2,11
1403637166.888500213623047,43,2,40,3,11
1403637166.938530683517456,48,1,43,5,11
1403637166.988552808761597,48,6,48,0,11
1403637167.038567781448364,49,5,48,1,11
1403637167.088573455810547,49,6,47,0,11
1403637167.138580560684204,49,0,46,0,11
1403637167.188587188720703,49,0,46,2,11
1403637167.238580942153931,50,4,48,2,11
1403637167.288575649261475,50,3,50,0,11
1403637167.338572025299072,50,1,49,0,11
1403637167.388558864593506,50,6,49,0,11
1403637167.438556909561157,49,2,48,0,11
1403637167.488555192947388,49,1,48,0,11
1403637167.538551092147827,49,2,47,1,11
1403637167.588544368743896,49,7,45,1,11
1403637167.638529062271118,47,9,42,0,11
1403637167.688521385192871,47,8,41,2,11
1403637167.738514661788940,43,0,41,1,11
1403637167.788510560989380,40,2,39,0,11
1403637167.838510751724243,41,3,38,2,11
1403637167.888509035110474,45,0,39,4,11
1403637167.938505172729492,43,2,41,1,11
1403637167.988500118255615,43,0,40,2,11
1403637168.038495779037476,47,1,41,4,11
1403637168.088494300842285,45,2,43,1,11
1403637168.138491630554199,44,1,44,0,11
1403637168.188489198684692,49,13,41,5,11
1403637168.238490104675293,48,7,41,0,11
1403637168.288489341735840,46,4,39,2,11
1403637168.338493108749390,41,6,36,4,11
1403637168.388494968414307,40,2,38,0,11
1403637168.438492536544800,44,2,35,6,11
1403637168.488492488861084,42,0,35,0,11
1403637168.538487672805786,46,10,33,6,11
1403637168.588482141494751,44,3,36,4,11
1403637168.638479709625244,43,0,38,0,11
1403637168.688477039337158,39,0,36,0,11
1403637168.738475322723389,38,2,34,3,11
1403637168.788477182388306,42,1,30,6,11
1403637168.838474035263062,47,13,33,8,11
1403637168.888474464416504,45,0,39,2,11
1403637168.938479423522949,49,2,38,6,11
1403637168.988478660583496,47,0,42,1,11
1403637169.038476705551147,46,2,41,2,11
1403637169.088476419448853,42,0,35,2,11
1403637169.138471364974976,47,5,34,8,11
1403637169.188470602035522,45,7,40,2,11
1403637169.238469600677490,46,1,38,4,11
1403637169.288465976715088,45,3,35,1,11
1403637169.338464021682739,41,7,33,0,11
1403637169.388463973999023,35,5,32,0,11
1403637169.438465833663940,45,1,30,12,11
1403637169.488466739654541,42,0,39,1,11
1403637169.538466930389404,38,6,33,2,11
1403637169.588469505310059,35,3,31,1,11
1403637169.638473987579346,33,4,27,1,11
1403637169.688482046127319,34,1,26,4,11
1403637169.738492727279663,32,2,27,2,11
1403637169.788509368896484,35,3,25,6,11
1403637169.838520288467407,38,3,27,7,11
1403637169.888519048690796,33,4,29,0,11
1403637169.938521623611450,33,2,26,5,11
1403637169.988521814346313,29,1,27,0,11
1403637170.038523197174072,26,7,24,0,11
1403637170.088523626327515,24,6,22,0,11
1403637170.138525724411011,34,2,21,13,11
1403637170.188525676727295,32,4,31,0,11
1403637170.238526344299316,32,2,28,0,11
1403637170.288527965545654,30,3,25,1,11
1403637170.338528633117676,35,3,23,8,11
1403637170.388530731201172,31,4,28,0,11
1403637170.438532352447510,29,1,23,2,11
1403637170.488534927368164,25,1,23,0,11
1403637170.538542509078979,31,5,20,10,11
1403637170.588546037673950,28,3,25,0,11
1403637170.638545989990234,25,2,18,0,11
1403637170.688545703887939,30,3,17,9,11
1403637170.738538742065430,26,12,25,0,11
1403637170.788529157638550,21,5,19,2,11
1403637170.838522911071777,22,2,19,2,11
1403637170.888516664505005,31,1,20,10,11
1403637170.938514471054077,27,0,27,0,11
1403637170.988511323928833,27,1,26,0,11
1403637171.038509130477905,32,5,25,5,11
1403637171.088508844375610,33,4,26,2,11
1403637171.138503313064575,36,2,25,6,11
1403637171.188500642776489,43,1,30,11,11
1403637171.238499402999878,41,1,40,0,11
1403637171.288496494293213,41,5,40,1,11
1403637171.338490486145020,46,6,39,7,11
1403637171.388483762741089,49,6,44,4,11
1403637171.438481092453003,50,4,47,1,11
1403637171.488489627838135,49,7,48,0,11
1403637171.538490772247314,49,2,48,1,11
1403637171.588486671447754,44,1,43,0,11
1403637171.638483762741089,43,0,41,1,11
1403637171.688477754592896,49,4,42,7,11
1403637171.738475561141968,49,2,49,0,11
1403637171.788474798202515,49,6,47,1,11
1403637171.838476896286011,50,11,47,1,11
1403637171.888477802276611,49,2,48,0,11
1403637171.938482046127319,48,5,47,1,11
1403637171.988484859466553,46,2,45,1,11
1403637172.038486480712891,49,7,44,4,11
1403637172.088485479354858,50,2,47,1,11
1403637172.138483524322510,49,3,46,0,11
1403637172.188461542129517,48,2,46,0,11
1403637172.238428592681885,47,7,44,2,11
1403637172.288423061370850,48,2,45,2,11
1403637172.338431596755981,47,2,45,2,11
1403637172.388437271118164,44,0,43,0,11
1403637172.438441038131714,47,1,42,4,11
1403637172.488457918167114,47,2,45,2,11
1403637172.538467168807983,47,2,46,1,11
1403637172.588478326797485,47,1,47,0,11
1403637172.638484477996826,49,3,46,2,11
1403637172.688487768173218,50,1,48,1,11
1403637172.738486766815186,48,3,47,1,11
1403637172.788475990295410,48,4,46,1,11
1403637172.838459253311157,49,4,46,2,11
1403637172.888437747955322,49,5,46,2,11
1403637172.938429117202759,50,2,47,1,11
1403637172.988425493240356,46,2,46,0,11
1403637173.038423061370850,49,9,46,3,11
1403637173.088420867919922,48,1,48,0,11
1403637173.138419151306152,49,2,48,1,11
1403637173.188408613204956,48,2,48,0,11
1403637173.238386154174805,48,3,44,2,11
1403637173.288361787796021,48,0,42,1,11
1403637173.338337659835815,46,1,41,1,11
1403637173.388313531875610,47,13,40,4,11
1403637173.438298702239990,46,1,43,1,11
1403637173.488306999206543,46,10,42,2,11
1403637173.538316011428833,46,0,44,1,11
1403637173.588330745697021,45,1,44,0,11
1403637173.638344526290894,47,4,42,4,11
1403637173.688361406326294,45,1,45,0,11
1403637173.738376855850220,45,0,45,0,11
1403637173.788388490676880,43,0,43,0,11
1403637173.838400602340698,46,3,41,5,11
1403637173.888411760330200,42,0,39,0,11
1403637173.938418865203857,42,0,36,2,11
1403637173.988418817520142,46,2,37,7,11
1403637174.038412094116211,46,0,42,1,11
1403637174.088400125503540,47,7,43,2,11
1403637174.138380527496338,45,8,44,0,11
1403637174.188369750976562,46,7,42,1,11
1403637174.238367080688477,45,3,42,0,11
1403637174.288367986679077,41,1,39,1,11
1403637174.338370800018311,39,1,38,0,11
1403637174.388373851776123,38,0,36,0,11
1403637174.438380718231201,37,2,35,1,11
1403637174.488381147384644,38,1,35,3,11
1403637174.538379907608032,39,1,34,1,11
1403637174.588371515274048,42,0,34,3,11
1403637174.638366222381592,37,1,34,0,11
1403637174.688360691070557,42,6,32,8,11
1403637174.738343238830566,45,4,37,6,11
1403637174.788340330123901,32,2,31,0,11
1403637174.838335275650024,30,0,27,1,11
1403637174.888333082199097,46,2,27,18,11
1403637174.938329696655273,46,0,44,1,11
1403637174.988327264785767,43,0,42,0,11
1403637175.038328647613525,42,1,41,1,11
1403637175.088330984115601,42,5,41,0,11
1403637175.138331174850464,40,3,39,0,11
1403637175.188332080841064,38,1,37,0,11
1403637175.238332509994507,39,1,36,2,11
1403637175.288336038589478,43,0,36,6,11
1403637175.338334083557129,49,10,41,7,11
1403637175.388328552246094,47,0,46,0,11
1403637175.438323736190796,47,1,46,0,11
1403637175.488317728042603,44,0,43,1,11
1403637175.538314819335938,43,1,42,1,11
1403637175.588315963745117,45,0,42,3,11
1403637175.638317584991455,45,0,45,0,11
1403637175.688313722610474,47,6,44,2,11
1403637175.738314151763916,46,2,45,0,11
1403637175.788313865661621,46,3,45,0,11
1403637175.838310718536377,49,7,44,4,11
1403637175.888309717178345,47,2,44,0,11
1403637175.938304901123047,48,6,43,3,11
1403637175.988303184509277,45,1,44,0,11
1403637176.038300991058350,45,9,44,1,11
1403637176.088298320770264,43,4,42,0,11
1403637176.138296604156494,43,1,41,0,11
1403637176.188295602798462,42,0,41,0,11
1403637176.238294839859009,40,4,39,0,11
1403637176.288299083709717,46,0,37,7,11
1403637176.338299512863159,45,0,42,0,11
1403637176.388305902481079,44,2,42,0,11
1403637176.438310623168945,44,1,38,3,11
1403637176.488320350646973,48,12,39,6,11
1403637176.538323879241943,46,5,45,1,11
1403637176.588320255279541,47,2,46,1,11
1403637176.638322114944458,47,6,43,3,11
1403637176.688322067260742,44,4,42,0,11
1403637176.738322734832764,43,3,42,0,11
1403637176.788328647613525,49,23,41,7,11
1403637176.838328599929810,46,1,45,0,11
1403637176.888329505920410,44,2,43,0,11
1403637176.938330650329590,41,0,40,1,11
1403637176.988331079483032,39,1,39,0,11
1403637177.038331270217896,38,2,35,2,11
1403637177.088331699371338,47,2,35,11,11
1403637177.138331413269043,49,2,46,3,11
1403637177.188330888748169,49,0,49,0,11
1403637177.238332271575928,49,1,49,0,11
1403637177.288333415985107,48,1,48,0,11
1403637177.338337182998657,48,3,47,1,11
1403637177.388345241546631,48,16,45,2,11
1403637177.438356876373291,50,21,45,2,11
1403637177.488358020782471,49,0,46,0,11
1403637177.538360595703125,47,0,44,0,11
1403637177.588360548019409,46,0,43,1,11
1403637177.638361215591431,43,0,42,0,11
1403637177.688362836837769,42,1,40,0,11
1403637177.738365173339844,43,0,39,2,11
1403637177.788367509841919,42,7,41,0,11
1403637177.838367223739624,43,2,40,2,11
1403637177.888368606567383,42,2,41,0,11
1403637177.938368082046509,39,1,39,0,11
1403637177.988369226455688,50,3,37,11,11
1403637178.038370132446289,48,16,44,0,11
1403637178.088370084762573,46,0,41,1,11
1403637178.138365983963013,44,23,38,4,11
1403637178.188363790512085,37,0,35,1,11
1403637178.238365650177002,33,1,31,0,11
1403637178.288367986679077,33,1,28,0,11
1403637178.338369846343994,31,1,26,0,11
1403637178.388371229171753,27,2,25,0,11
1403637178.438369750976562,26,1,23,1,11
1403637178.488368034362793,26,2,22,0,11
1403637178.538367986679077,23,2,18,1,11
1403637178.588376522064209,24,3,18,3,11
1403637178.638394594192505,30,0,21,8,11
1403637178.688408136367798,33,0,28,4,11
1403637178.738415956497192,41,1,30,10,11
1403637178.788420677185059,42,1,39,2,11
1403637178.838425159454346,45,2,41,3,11
1403637178.888426542282104,44,0,44,0,11
1403637178.938426971435547,41,2,41,0,11
1403637178.988427877426147,43,0,41,2,11
1403637179.038428783416748,47,5,41,5,11
1403637179.088428735733032,46,0,44,0,11
1403637179.138436555862427,45,1,43,0,11
1403637179.188449859619141,44,1,43,0,11
1403637179.238449811935425,48,5,41,5,11
1403637179.288452863693237,50,1,45,2,11
1403637179.338451147079468,48,7,47,0,11
1403637179.388449430465698,47,2,47,0,11
1403637179.438446760177612,48,0,45,1,11
1403637179.488438606262207,49,4,46,1,11
1403637179.538434743881226,48,1,46,1,11
1403637179.588434696197510,48,0,47,0,11
1403637179.638432502746582,49,7,47,2,11
1403637179.688432455062866,48,0,46,0,11
1403637179.738431930541992,47,0,45,0,11
1403637179.788430690765381,46,1,42,0,11
1403637179.838425636291504,45,8,41,1,11
1403637179.888423204421997,46,2,42,4,11
1403637179.938425302505493,50,2,43,4,11
1403637179.988422870635986,49,3,43,0,11
1403637180.038422584533691,47,0,41,1,11
1403637180.088420867919922,46,0,42,3,11
1403637180.138425111770630,45,4,43,1,11
1403637180.188424110412598,43,2,38,0,11
1403637180.238423109054565,46,1,35,5,11
1403637180.288428068161011,39,3,35,2,11
1403637180.338430166244507,36,1,35,1,11
1403637180.388427734375000,36,2,33,3,11
1403637180.438425064086914,37,1,32,4,11
1403637180.488421201705933,37,3,33,2,11
1403637180.538423299789429,39,3,31,5,11
1403637180.588431119918823,38,1,34,2,11
1403637180.638438940048218,38,2,33,3,11
1403637180.688441038131714,38,1,36,0,11
1403637180.738441705703735,39,0,35,4,11
1403637180.788441896438599,39,1,36,1,11
1403637180.838439702987671,44,2,36,5,11
1403637180.888441801071167,48,2,38,7,11
1403637180.938445568084717,48,7,41,2,11
1403637180.988452196121216,47,4,40,2,11
1403637181.038460016250610,49,7,41,5,11
1403637181.088464498519897,45,2,43,0,11
1403637181.138464450836182,48,5,41,4,11
1403637181.188467025756836,47,3,40,1,11
1403637181.238464832305908,43,7,35,1,11
1403637181.288460731506348,43,2,35,5,11
1403637181.338459491729736,41,4,37,2,11
1403637181.388458728790283,38,5,36,0,11
1403637181.438460350036621,42,5,34,6,11
1403637181.488463640213013,39,6,37,1,11
1403637181.538469076156616,38,2,37,0,11
1403637181.588469743728638,38,0,33,3,11
1403637181.638478994369507,48,5,35,10,11
1403637181.688480615615845,48,1,43,2,11
1403637181.738482713699341,44,1,43,0,11
1403637181.788481473922729,41,0,38,1,11
1403637181.838477134704590,47,5,37,8,11
1403637181.888478279113770,44,2,41,1,11
1403637181.938478469848633,44,4,41,0,11
1403637181.988477230072021,47,4,36,7,11
1403637182.038474082946777,47,1,41,1,11
1403637182.088470697402954,45,16,41,0,11
1403637182.138471126556396,41,3,35,1,11
1403637182.188470125198364,40,1,35,2,11
1403637182.238470792770386,41,1,36,4,11
1403637182.288470745086670,47,3,34,8,11
1403637182.338470458984375,45,1,40,1,11
1403637182.388468980789185,39,1,38,0,11
1403637182.438466548919678,38,5,36,1,11
1403637182.488463401794434,44,1,34,6,11
1403637182.538462162017822,43,1,40,0,11
1403637182.588458061218262,47,15,39,7,11
1403637182.638454437255859,46,0,43,0,11
1403637182.688451766967773,44,0,41,1,11
1403637182.738450288772583,42,0,41,1,11
1403637182.788449525833130,42,0,41,1,11
1403637182.838449954986572,44,0,40,3,11
1403637182.888446569442749,48,15,43,4,11
1403637182.938446521759033,47,0,47,0,11
1403637182.988445281982422,49,0,47,2,11
1403637183.038444280624390,48,1,47,1,11
1403637183.088444471359253,50,2,46,2,11
1403637183.138444423675537,50,1,46,0,11
1403637183.188443899154663,48,14,45,0,11
1403637183.238444566726685,49,11,45,3,11
1403637183.288444757461548,49,1,46,1,11
1403637183.338446140289307,49,4,46,0,11
1403637183.388446569442749,47,0,43,0,11
1403637183.438446521759033,45,0,41,0,11
1403637183.488445758819580,43,10,40,2,11
1403637183.538445234298706,42,0,40,1,11
1403637183.588445901870728,49,15,40,8,11
1403637183.638444900512695,49,1,47,1,11
1403637183.688445806503296,49,0,48,0,11
1403637183.738446474075317,47,0,47,0,11
1403637183.788446664810181,50,9,47,3,11
1403637183.838446140289307,50,4,50,0,11
1403637183.888446092605591,50,1,50,0,11
1403637183.938446521759033,50,3,50,0,11
1403637183.988446474075317,49,2,49,0,11
1403637184.038449048995972,50,1,49,1,11
1403637184.088450193405151,50,9,48,0,11
1403637184.138451576232910,50,1,47,0,11
1403637184.188454389572144,47,12,45,0,11
1403637184.238456249237061,46,0,44,1,11
1403637184.288457393646240,44,0,42,0,11
1403637184.338457345962524,44,0,42,0,11
1403637184.388462781906128,47,4,39,6,11
1403637184.438468694686890,47,3,41,3,11
1403637184.488476991653442,45,0,40,1,11
1403637184.538481950759888,42,2,34,1,11
1403637184.588488101959229,42,0,33,2,11
1403637184.638492584228516,38,1,32,1,11
1403637184.688496112823486,47,3,33,11,11
1403637184.738494157791138,44,1,40,1,11
1403637184.788497924804688,48,7,39,6,11
1403637184.838498592376709,47,0,43,1,11
1403637184.888493299484253,46,0,43,1,11
1403637184.938488721847534,44,5,44,0,11
1403637184.988486528396606,47,1,43,3,11
1403637185.038480758666992,49,18,44,3,11
1403637185.088479518890381,49,0,46,0,11
1403637185.138477087020874,47,3,43,0,11
1403637185.188473939895630,48,0,42,2,11
1403637185.238472461700439,47,3,43,2,11
1403637185.288471937179565,48,0,44,2,11
1403637185.338472127914429,49,2,44,2,11
1403637185.388473749160767,49,3,45,1,11
1403637185.438473463058472,47,1,45,0,11
1403637185.488470554351807,44,2,42,0,11
1403637185.538465976715088,44,12,42,1,11
1403637185.588462591171265,44,3,43,1,11
1403637185.638460397720337,48,28,39,6,11
1403637185.688458919525146,48,8,43,0,11
1403637185.738453149795532,47,6,41,2,11
1403637185.788453102111816,46,1,41,1,11
1403637185.838452100753784,48,0,41,4,11
1403637185.888451099395752,47,3,45,1,11
1403637185.938447952270508,48,2,45,2,11
1403637185.988446712493896,49,0,47,1,11
1403637186.038425207138062,49,19,48,1,11
1403637186.088418006896973,49,11,49,0,11
1403637186.138418436050415,50,0,49,1,11
1403637186.188418865203857,50,1,50,0,11
1403637186.238412618637085,48,24,48,0,11
1403637186.288413047790527,48,0,48,0,11
1403637186.338413000106812,49,4,48,1,11
1403637186.388412714004517,50,1,49,1,11
1403637186.438412666320801,50,1,50,0,11
1403637186.488413572311401,50,6,50,0,11
1403637186.538413286209106,49,2,49,0,11
1403637186.588413000106812,49,0,48,0,11
1403637186.638417482376099,50,35,47,1,11
1403637186.688416004180908,50,12,48,0,11
1403637186.738414049148560,48,0,47,0,11
1403637186.788412809371948,48,0,47,1,11
1403637186.838411092758179,50,19,48,2,11
1403637186.888410806655884,50,0,50,0,11
1403637186.938411951065063,50,5,49,0,11
1403637186.988413572311401,50,1,48,0,11
1403637187.038415670394897,48,4,48,0,11
1403637187.088417291641235,50,1,48,2,11
1403637187.138417243957520,50,1,49,0,11
1403637187.188416719436646,50,1,49,0,11
1403637187.238412618637085,50,24,47,1,11
1403637187.288412094116211,49,12,47,0,11
1403637187.338413000106812,46,1,45,1,11
1403637187.388413429260254,46,0,46,0,11
1403637187.438416242599487,49,12,46,3,11
1403637187.488416194915771,49,1,48,0,11
1403637187.538418054580688,49,4,47,1,11
1403637187.588419198989868,49,1,48,1,11
1403637187.638419628143311,49,3,48,1,11
1403637187.688420295715332,48,0,48,0,11
1403637187.738420724868774,48,0,48,0,11
1403637187.788421154022217,47,0,47,0,11
1403637187.838420152664185,50,17,47,3,11
1403637187.888419151306152,50,11,50,0,11
1403637187.938419580459595,48,11,48,0,11
1403637187.988419771194458,47,1,46,0,11
1403637188.038420438766479,48,8,46,1,11
1403637188.088420629501343,47,5,47,0,11
1403637188.138421058654785,49,4,46,2,11
1403637188.188421726226807,47,20,46,0,11
1403637188.238422632217407,47,3,46,1,11
1403637188.288423061370850,47,4,47,0,11
1403637188.338423967361450,46,4,44,0,11
1403637188.388425588607788,46,4,43,0,11
1403637188.438423395156860,45,37,42,2,11
1403637188.488423109054565,48,3,44,4,11
1403637188.538423299789429,49,1,47,2,11
1403637188.588422775268555,48,0,48,0,11
1403637188.638422727584839,49,4,48,1,11
1403637188.688422679901123,48,0,47,1,11
1403637188.738423109054565,47,0,46,1,11
1403637188.788423538208008,48,9,45,2,11
1403637188.838424444198608,48,0,46,1,11
1403637188.888423681259155,46,0,44,0,11
1403637188.938421964645386,45,1,43,0,11
1403637188.988419055938721,43,0,43,0,11
1403637189.038417339324951,46,25,39,5,11
1403637189.088415622711182,48,0,43,3,11
1403637189.138414382934570,46,0,44,1,11
1403637189.188412427902222,46,0,44,0,11
1403637189.238410711288452,48,2,43,4,11
1403637189.288409948348999,46,0,45,0,11
1403637189.338409185409546,45,1,42,1,11
1403637189.388407230377197,48,2,42,5,11
1403637189.438405752182007,44,0,44,0,11
1403637189.488403797149658,43,1,42,0,11
1403637189.538403511047363,42,0,42,0,11
1403637189.588404655456543,42,2,41,1,11
1403637189.638405799865723,47,30,42,5,11
1403637189.688408851623535,46,1,45,0,11
1403637189.738414287567139,48,3,44,2,11
1403637189.788418054580688,45,1,44,0,11
1403637189.838418960571289,45,0,42,1,11
1403637189.888418674468994,45,1,43,1,11
1403637189.938415527343750,44,0,44,0,11
1403637189.988415002822876,44,1,41,2,11
1403637190.038417100906372,47,9,41,4,11
1403637190.088416814804077,44,1,42,0,11
1403637190.138416528701782,42,0,40,0,11
1403637190.188416004180908,40,2,40,0,11
1403637190.238412380218506,45,14,38,7,11
1403637190.288412809371948,44,0,44,0,11
1403637190.338414192199707,43,2,41,0,11
1403637190.388418197631836,41,1,40,0,11
1403637190.438418388366699,39,3,39,0,11
1403637190.488417148590088,39,4,36,0,11
1403637190.538415670394897,40,1,36,1,11
1403637190.588413000106812,47,1,36,10,11
1403637190.638408184051514,48,5,44,2,11
1403637190.688406229019165,47,1,43,0,11
1403637190.738405704498291,47,1,42,1,11
1403637190.788405656814575,44,0,42,0,11
1403637190.838405609130859,48,5,42,5,11
1403637190.888404369354248,49,7,47,2,11
1403637190.938405275344849,49,0,48,0,11
1403637190.988405227661133,49,0,47,0,11
1403637191.038405418395996,49,0,47,1,11
1403637191.088404417037964,47,7,47,0,11
1403637191.138403892517090,47,0,47,0,11
1403637191.188401699066162,50,8,46,3,11
1403637191.238400220870972,50,4,46,0,11
1403637191.288400411605835,49,1,46,0,11
1403637191.338399887084961,47,0,46,1,11
1403637191.388399124145508,50,1,46,3,11
1403637191.438399314880371,50,6,47,0,11
1403637191.488399267196655,49,6,46,0,11
1403637191.538398742675781,47,0,46,0,11
1403637191.588397979736328,46,1,45,0,11
1403637191.638398170471191,45,0,44,0,11
1403637191.688398122787476,48,2,43,4,11
1403637191.738398551940918,47,1,45,0,11
1403637191.788399457931519,49,5,44,3,11
1403637191.838397502899170,48,3,47,0,11
1403637191.888396263122559,45,0,44,1,11
1403637191.938394069671631,44,0,43,1,11
1403637191.988392353057861,42,0,42,0,11
1403637192.038393497467041,44,1,40,3,11
1403637192.088393211364746,49,1,41,6,11
1403637192.138392448425293,49,2,47,1,11
1403637192.188390731811523,48,0,48,0,11
1403637192.238389253616333,47,0,47,0,11
1403637192.288388967514038,48,10,46,1,11
1403637192.338387966156006,48,0,47,0,11
1403637192.388388872146606,48,6,46,1,11
1403637192.438389062881470,50,0,46,2,11
1403637192.488388538360596,49,0,47,0,11
1403637192.538388252258301,48,0,47,1,11
1403637192.588387250900269,48,0,48,0,11
1403637192.638387203216553,48,1,48,0,11
1403637192.688387632369995,49,2,48,1,11
1403637192.738392114639282,50,7,49,1,11
1403637192.788393497467041,50,1,50,0,11
1403637192.838394165039062,50,0,49,0,11
1403637192.888394594192505,50,11,50,0,11
1403637192.938395023345947,50,0,49,0,11
1403637192.988395929336548,50,8,48,0,11
1403637193.038395881652832,49,0,48,0,11
1403637193.088394880294800,49,0,48,1,11
1403637193.138394117355347,49,0,49,0,11
1403637193.188394308090210,49,0,47,0,11
1403637193.238394975662231,48,2,45,0,11
1403637193.288396835327148,47,1,45,0,11
1403637193.338398933410645,45,3,44,1,11
1403637193.388398647308350,46,1,44,1,11
1403637193.438396930694580,46,1,44,0,11
1403637193.488391637802124,48,8,44,3,11
1403637193.538390636444092,42,2,42,0,11
1403637193.588387727737427,47,0,39,7,11
1403637193.638386964797974,47,1,45,1,11
1403637193.688387155532837,46,1,45,1,11
1403637193.738387107849121,47,0,45,2,11
1403637193.788384199142456,47,13,45,0,11
1403637193.838383436203003,46,3,44,0,11
1403637193.888383626937866,44,0,42,1,11
1403637193.938385963439941,46,0,40,2,11
1403637193.988387823104858,44,0,39,0,11
1403637194.038389921188354,39,0,38,0,11
1403637194.088389635086060,39,0,35,4,11
1403637194.138389587402344,40,6,33,3,11
1403637194.188391208648682,39,0,35,0,11
1403637194.238391876220703,35,0,34,0,11
1403637194.288392543792725,34,0,33,0,11
1403637194.338393211364746,32,1,32,0,11
1403637194.388394117355347,40,0,30,10,11
1403637194.438394784927368,41,0,39,1,11
1403637194.488394975662231,39,0,36,1,11
1403637194.538395643234253,37,0,36,0,11
1403637194.588396072387695,36,0,35,1,11
1403637194.638396501541138,38,0,35,3,11
1403637194.688396453857422,38,1,37,1,11
1403637194.738395929336548,40,1,37,3,11
1403637194.788396358489990,38,0,37,0,11
1403637194.838396549224854,47,0,36,10,11
1403637194.888396501541138,46,1,44,0,11
1403637194.938395977020264,47,0,44,1,11
1403637194.988395929336548,44,3,42,0,11
1403637195.038395404815674,45,1,41,2,11
1403637195.088394165039062,43,0,40,0,11
1403637195.138392210006714,43,2,35,1,11
1403637195.188392639160156,39,1,35,0,11
1403637195.238392829895020,36,0,33,2,11
1403637195.288393020629883,34,1,34,0,11
1403637195.338393926620483,38,0,34,4,11
1403637195.388394355773926,39,1,38,1,11
1403637195.438394308090210,39,0,39,0,11
1403637195.488394737243652,39,2,36,1,11
1403637195.538395166397095,38,0,36,0,11
1403637195.588395118713379,43,0,36,7,11
1403637195.638395309448242,44,0,41,1,11
1403637195.688394546508789,44,0,39,1,11
1403637195.738394737243652,46,0,40,3,11
1403637195.788394689559937,44,0,41,3,11
1403637195.838394403457642,46,4,42,3,11
1403637195.888394832611084,46,0,44,1,11
1403637195.938394546508789,47,1,43,2,11
1403637195.988395214080811,48,1,44,1,11
1403637196.038392543792725,49,2,45,2,11
1403637196.088391304016113,48,3,47,1,11
1403637196.138389825820923,47,2,45,0,11
1403637196.188388824462891,49,1,41,3,11
1403637196.238389968872070,46,0,41,1,11
1403637196.288390159606934,47,0,41,3,11
1403637196.338391304016113,45,0,42,0,11
1403637196.388392686843872,46,0,41,2,11
1403637196.438393354415894,45,7,40,2,11
1403637196.488394021987915,47,2,41,2,11
1403637196.538395643234253,44,2,40,2,11
1403637196.588396787643433,44,0,41,1,11
1403637196.638398647308350,48,3,39,5,11
1403637196.688399314880371,48,3,42,2,11
1403637196.738399505615234,46,2,41,3,11
1403637196.788400411605835,46,2,41,1,11
1403637196.838400125503540,44,2,41,0,11
1403637196.888401985168457,42,0,40,1,11
1403637196.938402891159058,41,2,39,2,11
1403637196.988405466079712,40,1,34,1,11
1403637197.038408756256104,47,9,33,7,11
1403637197.088409185409546,44,1,36,4,11
1403637197.138411045074463,42,2,36,3,11
1403637197.188412189483643,39,2,36,0,11
1403637197.238414525985718,34,2,28,2,11
1403637197.288414239883423,33,4,23,3,11
1403637197.338414192199707,33,1,19,4,11
1403637197.388415336608887,33,5,19,6,11
1403637197.438415765762329,30,3,20,3,11
1403637197.488416433334351,28,8,20,1,11
1403637197.538419961929321,24,4,17,4,11
1403637197.588420391082764,22,1,18,1,11
1403637197.638419866561890,23,3,12,4,11
1403637197.688423156738281,18,5,11,1,11
1403637197.738420724868774,23,3,9,11,11
1403637197.788424730300903,25,4,14,4,11
1403637197.838427543640137,23,3,14,1,11
1403637197.888426065444946,20,3,14,3,11
1403637197.938427686691284,23,4,16,5,11
1403637197.988426685333252,28,5,16,8,11
1403637198.038423538208008,25,5,18,0,11
1403637198.088421106338501,24,5,18,4,11
1403637198.138419389724731,21,5,21,0,11
1403637198.188417673110962,20,2,18,2,11
1403637198.238417387008667,19,2,18,0,11
1403637198.288417100906372,33,3,14,16,11
1403637198.338417530059814,31,3,27,0,11
1403637198.388417959213257,33,1,27,4,11
1403637198.438418149948120,34,2,30,4,11
1403637198.488419055938721,37,2,32,4,11
1403637198.538418769836426,37,1,35,1,11
1403637198.588419914245605,36,3,30,3,11
1403637198.638419628143311,41,3,32,6,11
1403637198.688417911529541,37,2,37,0,11
1403637198.738416910171509,34,1,33,0,11
1403637198.788415193557739,44,2,31,11,11
1403637198.838415861129761,40,0,34,0,11
1403637198.888416051864624,39,0,34,0,11
1403637198.938411235809326,44,12,32,11,11
1403637198.988409757614136,43,3,38,1,11
1403637199.038408279418945,45,1,39,3,11
1403637199.088407993316650,43,1,40,2,11
1403637199.138408899307251,42,1,41,0,11
1403637199.188409328460693,43,2,40,1,11
1403637199.238405704498291,46,18,37,6,11
1403637199.288404703140259,42,2,39,0,11
1403637199.338402986526489,41,6,38,0,11
1403637199.388401508331299,37,2,36,0,11
1403637199.438397645950317,37,2,34,0,11
1403637199.488395929336548,34,3,34,0,11
1403637199.538396358489990,41,2,32,7,11
1403637199.588395357131958,38,1,37,0,11
1403637199.638393878936768,48,5,32,12,11
1403637199.688392877578735,45,14,41,2,11
1403637199.738391160964966,42,1,41,0,11
1403637199.788388967514038,41,2,34,0,11
1403637199.838387489318848,36,5,25,4,11
1403637199.888387203216553,26,4,26,0,11
1403637199.938387632369995,25,6,23,0,11
1403637199.988385438919067,46,4,22,22,11
1403637200.038386106491089,38,6,33,0,11
1403637200.088385581970215,32,5,30,0,11
1403637200.138386487960815,24,2,21,0,11
1403637200.188388347625732,17,3,16,0,11
1403637200.238396883010864,27,3,12,14,11
1403637200.288403749465942,30,3,26,4,11
1403637200.338412284851074,26,1,26,0,11
1403637200.388416767120361,24,0,23,0,11
1403637200.438418626785278,31,1,22,8,11
1403637200.488418579101562,26,5,26,0,11
1403637200.538411855697632,38,1,26,12,11
1403637200.588402032852173,37,2,34,1,11
1403637200.638393878936768,34,4,31,0,11
1403637200.688377141952515,42,1,26,11,11
1403637200.738372325897217,39,1,32,0,11
1403637200.788352966308594,47,7,32,12,11
1403637200.838345050811768,44,0,43,0,11
1403637200.888340473175049,44,3,40,0,11
1403637200.938335657119751,49,10,40,6,11
1403637200.988334417343140,47,25,45,1,11
1403637201.038333892822266,47,1,46,0,11
1403637201.088335514068604,46,0,45,0,11
1403637201.138337373733521,46,1,44,1,11
1403637201.188338518142700,45,0,45,0,11
1403637201.238341093063354,44,0,42,0,11
1403637201.288345098495483,45,0,41,1,11
1403637201.338354825973511,48,19,42,5,11
1403637201.388360023498535,50,5,47,3,11
1403637201.438363790512085,50,1,50,0,11
1403637201.488365888595581,50,0,50,0,11
1403637201.538370132446289,50,6,50,0,11
1403637201.588371753692627,49,23,49,0,11
1403637201.638373136520386,49,0,49,0,11
1403637201.688374519348145,50,0,48,1,11
1403637201.738375425338745,49,0,48,0,11
1403637201.788376569747925,49,0,46,1,11
1403637201.838377714157104,49,0,46,0,11
1403637201.888378858566284,48,0,46,1,11
1403637201.938378572463989,49,14,47,2,11
1403637201.988376617431641,48,3,48,0,11
1403637202.038374662399292,49,0,48,1,11
1403637202.088371992111206,49,0,49,0,11
1403637202.138369321823120,49,3,49,0,11
1403637202.188366174697876,49,13,47,1,11
1403637202.238366127014160,48,0,46,0,11
1403637202.288366556167603,47,0,46,0,11
1403637202.338367700576782,44,1,44,0,11
1403637202.388368129730225,44,0,43,0,11
1403637202.438378334045410,44,12,42,2,11
1403637202.488380193710327,44,0,43,1,11
1403637202.538383483886719,45,6,44,1,11
1403637202.588384389877319,47,0,44,3,11
1403637202.638384342193604,47,0,46,0,11
1403637202.688384294509888,47,0,46,0,11
1403637202.738384485244751,47,2,46,1,11
1403637202.788386821746826,49,11,46,2,11
1403637202.838387727737427,49,0,48,0,11
1403637202.888388156890869,48,0,48,0,11
1403637202.938389062881470,48,0,48,0,11
1403637202.988389492034912,49,0,48,1,11
1403637203.038389205932617,47,12,47,0,11
1403637203.088389158248901,47,0,47,0,11
1403637203.138389587402344,48,7,47,1,11
1403637203.188389539718628,49,0,48,1,11
1403637203.238389730453491,49,0,49,0,11
1403637203.288389921188354,49,0,49,0,11
1403637203.338390111923218,49,2,48,1,11
1403637203.388389825820923,49,11,49,0,11
1403637203.438389778137207,49,0,49,0,11
1403637203.488389492034912,50,0,49,1,11
1403637203.538390636444092,50,0,50,0,11
1403637203.588389873504639,50,0,49,0,11
1403637203.638390302658081,49,10,49,0,11
1403637203.688390254974365,48,0,48,0,11
1403637203.738390207290649,48,7,48,0,11
1403637203.788390636444092,48,0,48,0,11
1403637203.838390350341797,48,0,48,0,11
1403637203.888390779495239,48,0,48,0,11
1403637203.938390493392944,48,2,48,0,11
1403637203.988391160964966,49,10,48,1,11
1403637204.038391590118408,49,0,48,0,11
1403637204.088391542434692,49,0,48,0,11
1403637204.138391494750977,48,0,48,0,11
1403637204.188391685485840,48,0,48,0,11
1403637204.238391876220703,49,8,48,1,11
1403637204.288392066955566,49,0,49,0,11
1403637204.338392257690430,49,6,49,0,11
1403637204.388392210006714,49,0,49,0,11
1403637204.438392877578735,49,0,49,0,11
1403637204.488392829895020,49,0,49,0,11
1403637204.538393020629883,48,0,48,0,11
1403637204.588393211364746,48,3,48,0,11
1403637204.638392925262451,48,0,48,0,11
1403637204.688392877578735,48,0,48,0,11
1403637204.738392591476440,48,0,48,0,11
1403637204.788393259048462,48,0,48,0,11
1403637204.838393926620483,48,5,48,0,11
1403637204.888393640518188,48,0,48,0,11
1403637204.938394784927368,48,4,48,0,11
1403637204.988395214080811,48,0,48,0,11
1403637205.038396120071411,48,0,48,0,11
1403637205.088395595550537,48,0,48,0,11
1403637205.138395071029663,48,2,48,0,11
1403637205.188394546508789,48,3,48,0,11
1403637205.238394498825073,48,0,48,0,11
1403637205.288394212722778,48,0,48,0,11
1403637205.338393449783325,48,0,48,0,11
1403637205.388393163681030,48,0,48,0,11
1403637205.438393115997314,48,5,48,0,11
1403637205.488392591476440,48,0,48,0,11
1403637205.538392782211304,48,3,48,0,11
1403637205.588392496109009,48,0,48,0,11
1403637205.638392448425293,48,0,48,0,11
1403637205.688392162322998,48,0,48,0,11
1403637205.738391637802124,48,0,48,0,11
1403637205.788391590118408,48,0,48,0,11
1403637205.838391304016113,48,0,48,0,11
1403637205.888391017913818,48,0,48,0,11
1403637205.938390731811523,48,0,48,0,11
1403637205.988390445709229,48,0,48,0,11
1403637206.038390398025513,48,0,48,0,11
1403637206.088389873504639,48,0,48,0,11
1403637206.138389587402344,48,1,48,0,11
1403637206.188389778137207,48,0,48,0,11
1403637206.238389968872070,48,0,48,0,11
1403637206.288390636444092,48,0,48,0,11
1403637206.338390827178955,50,0,48,2,11
1403637206.388390541076660,50,0,50,0,11
1403637206.438390493392944,50,0,50,0,11
1403637206.488390207290649,50,0,50,0,11
1403637206.538390398025513,50,0,50,0,11
1403637206.588390588760376,50,0,50,0,11
1403637206.638391256332397,50,0,50,0,11
1403637206.688390970230103,50,0,50,0,11
1403637206.738391399383545,50,1,50,0,11
1403637206.788391351699829,50,0,50,0,11
1403637206.838391542434692,50,0,50,0,11
1403637206.888392210006714,50,0,50,0,11
1403637206.938390493392944,50,0,50,0,11
1403637206.988389968872070,50,0,50,0,11
1403637207.038391113281250,50,0,50,0,11
1403637207.088391065597534,50,0,50,0,11
1403637207.138391971588135,50,0,50,0,11
1403637207.188391447067261,50,0,50,0,11
1403637207.238392114639282,50,0,49,0,11
1403637207.288393259048462,50,0,50,0,11
1403637207.338393926620483,50,0,49,0,11
1403637207.388393640518188,49,0,49,0,11
1403637207.438393592834473,49,0,49,0,11
1403637207.488394021987915,49,0,49,0,11
1403637207.538394212722778,49,1,49,0,11
1403637207.588393926620483,49,0,49,0,11
1403637207.638393402099609,49,0,49,0,11
1403637207.688393592834473,49,0,49,0,11
1403637207.738394021987915,49,0,49,0,11
1403637207.788397312164307,49,0,49,0,11
1403637207.838400602340698,49,1,49,0,11
1403637207.888405084609985,49,0,49,0,11
1403637207.938407659530640,49,0,49,0,11
1403637207.988408088684082,49,0,49,0,11
1403637208.038408517837524,49,0,49,0,11
1403637208.088408946990967,49,0,49,0,11
1403637208.138408184051514,49,0,49,0,11
1403637208.188408851623535,49,1,49,0,11
1403637208.238408803939819,49,0,49,0,11
1403637208.288408994674683,49,0,49,0,11
1403637208.338408946990967,49,0,49,0,11
1403637208.388408899307251,49,0,49,0,11
1403637208.438409090042114,49,1,49,0,11
1403637208.488409280776978,49,0,49,0,11
1403637208.538409709930420,49,3,49,0,11
1403637208.588409662246704,49,0,49,0,11
1403637208.638409614562988,49,0,49,0,11
1403637208.688409566879272,49,0,49,0,11
1403637208.738409757614136,49,0,49,0,11
1403637208.788409948348999,49,1,49,0,11
1403637208.838410139083862,49,0,49,0,11
1403637208.888410091400146,49,0,49,0,11
1403637208.938409805297852,49,0,49,0,11
1403637208.988409519195557,49,0,49,0,11
1403637209.038409471511841,49,1,49,0,11
1403637209.088407754898071,49,0,49,0,11
1403637209.138408660888672,49,2,49,0,11
1403637209.188409090042114,49,0,49,0,11
1403637209.238408803939819,49,0,49,0,11
1403637209.288408517837524,48,0,48,0,11
1403637209.338408708572388,48,2,48,0,11
1403637209.388408422470093,48,0,48,0,11
1403637209.438408374786377,48,0,48,0,11
1403637209.488408327102661,48,0,48,0,11
1403637209.538408756256104,48,0,48,0,11
1403637209.588408946990967,48,0,48,0,11
1403637209.638409137725830,45,0,45,0,11
1403637209.688409090042114,45,0,45,0,11
1403637209.738408803939819,45,0,45,0,11
1403637209.788408994674683,45,0,45,0,11
1403637209.838409185409546,45,0,45,0,11
1403637209.888409137725830,45,0,45,0,11
1403637209.938408374786377,45,0,44,1,11
1403637209.988408327102661,45,2,45,0,11
1403637210.038408279418945,45,0,45,0,11
1403637210.088408231735229,43,0,43,0,11
1403637210.138408660888672,42,0,42,0,11
1403637210.188408613204956,42,0,42,0,11
1403637210.238409042358398,42,3,41,1,11
1403637210.288409471511841,42,0,42,0,11
1403637210.338409900665283,45,1,41,4,11
1403637210.388411998748779,43,0,43,0,11
1403637210.438414096832275,42,1,42,0,11
1403637210.488419055938721,42,0,42,0,11
1403637210.538425922393799,50,8,42,8,11
1403637210.588429212570190,50,7,50,0,11
1403637210.638430118560791,50,2,50,0,11
1403637210.688429117202759,50,2,50,0,11
1403637210.738427162170410,50,3,49,0,11
1403637210.788426160812378,50,1,49,0,11
1403637210.838427066802979,49,7,49,0,11
1403637210.888427019119263,49,14,48,1,11
1403637210.938427686691284,49,1,48,0,11
1403637210.988427877426147,49,0,47,0,11
1403637211.038428306579590,47,1,46,0,11
1403637211.088428735733032,46,2,44,0,11
1403637211.138429164886475,48,2,44,2,11
1403637211.188429594039917,48,7,46,2,11
1403637211.238430023193359,48,1,48,0,11
1403637211.288430690765381,46,0,44,0,11
1403637211.338430881500244,44,2,41,0,11
1403637211.388431310653687,43,0,41,1,11
1403637211.438433170318604,45,4,39,5,11
1403637211.488435745239258,49,1,44,4,11
1403637211.538439273834229,48,2,44,0,11
1403637211.588442802429199,46,7,39,2,11
1403637211.638443708419800,43,2,40,1,11
1403637211.688444375991821,40,1,36,0,11
1403637211.738444328308105,39,1,36,0,11
1403637211.788443088531494,42,2,35,7,11
1403637211.838441371917725,41,1,39,0,11
1403637211.888440608978271,41,1,37,1,11
1403637211.938439846038818,40,1,37,1,11
1403637211.988438129425049,38,0,34,1,11
1403637212.038438796997070,40,3,32,4,11
1403637212.088438034057617,38,2,34,0,11
1403637212.138438940048218,34,3,32,2,11
1403637212.188436508178711,41,5,29,11,11
1403637212.238436460494995,36,2,33,0,11
1403637212.288436412811279,36,1,32,1,11
1403637212.338437080383301,36,1,29,3,11
1403637212.388437747955322,42,3,29,9,11
1403637212.438438177108765,38,3,37,0,11
1403637212.488438367843628,34,2,33,0,11
1403637212.538439512252808,41,1,31,7,11
1403637212.588438510894775,40,0,35,1,11
1403637212.638437986373901,37,2,34,1,11
1403637212.688438653945923,36,4,32,3,11
1403637212.738439798355103,44,1,34,8,11
1403637212.788439035415649,42,2,39,0,11
1403637212.838439226150513,38,1,35,1,11
1403637212.888438701629639,34,3,30,0,11
1403637212.938437700271606,32,1,25,2,11
1403637212.988437175750732,30,4,27,2,11
1403637213.038436174392700,28,1,27,0,11
1403637213.088435888290405,28,0,24,1,11
1403637213.138435125350952,27,1,21,3,11
1403637213.188435316085815,37,1,23,11,11
1403637213.238435745239258,37,0,34,2,11
1403637213.288435697555542,35,6,34,0,11
1403637213.338435888290405,32,1,26,1,11
1403637213.388435602188110,34,1,26,3,11
1403637213.438435792922974,30,0,27,1,11
1403637213.488435029983521,33,1,27,4,11
1403637213.538435459136963,38,4,28,8,11
1403637213.588433980941772,34,2,31,3,11
1403637213.638431787490845,35,1,31,3,11
1403637213.688429355621338,32,5,30,0,11
1403637213.738428354263306,31,0,30,0,11
1403637213.788427591323853,29,2,29,0,11
1403637213.838425159454346,29,2,25,1,11
1403637213.888425588607788,30,2,26,1,11
1403637213.938426017761230,28,2,27,1,11
1403637213.988427639007568,30,0,27,2,11
1403637214.038428544998169,33,1,29,3,11
1403637214.088428974151611,33,0,31,1,11
1403637214.138430118560791,35,2,30,3,11
1403637214.188429594039917,33,2,31,1,11
1403637214.238429069519043,32,1,31,0,11
1403637214.288428306579590,37,1,31,5,11
1403637214.338428020477295,42,0,33,7,11
1403637214.388428211212158,41,2,36,1,11
1403637214.438427448272705,41,7,36,4,11
1403637214.488427162170410,40,4,38,0,11
1403637214.538429021835327,41,1,35,3,11
1403637214.588429212570190,40,1,37,0,11
1403637214.638429641723633,37,1,35,0,11
1403637214.688430070877075,35,0,33,0,11
1403637214.738429307937622,36,0,30,4,11
1403637214.788430929183960,34,0,31,0,11
1403637214.838431119918823,34,0,30,0,11
1403637214.888431072235107,39,8,27,9,11
1403637214.938430786132812,39,0,35,1,11
1403637214.988430738449097,37,0,36,0,11
1403637215.038429975509644,40,0,36,4,11
1403637215.088428258895874,47,2,38,7,11
1403637215.138428449630737,47,0,44,0,11
1403637215.188428640365601,45,0,44,0,11
1403637215.238430261611938,48,8,43,4,11
1403637215.288432598114014,48,1,47,0,11
1403637215.338434219360352,47,2,44,1,11
1403637215.388435840606689,47,1,44,2,11
1403637215.438438177108765,45,1,44,0,11
1403637215.488438129425049,48,8,41,4,11
1403637215.538438558578491,45,1,42,0,11
1403637215.588439226150513,41,2,38,0,11
1403637215.638440132141113,41,1,37,1,11
1403637215.688441038131714,39,0,37,0,11
1403637215.738443613052368,37,1,35,0,11
1403637215.788446426391602,47,6,34,12,11
1403637215.838448762893677,44,6,40,2,11
1403637215.888448715209961,45,2,40,1,11
1403637215.938447952270508,40,1,36,1,11
1403637215.988446712493896,39,1,37,0,11
1403637216.038445711135864,37,0,37,0,11
1403637216.088443994522095,49,2,37,12,11
1403637216.138444185256958,46,0,44,1,11
1403637216.188443899154663,43,1,41,0,11
1403637216.238444089889526,41,1,38,0,11
1403637216.288444042205811,39,0,35,0,11
1403637216.338437080383301,46,7,34,11,11
1403637216.388434410095215,46,1,43,1,11
1403637216.438432216644287,48,1,42,3,11
1403637216.488431453704834,46,1,44,0,11
1403637216.538431167602539,46,1,43,2,11
1403637216.588431596755981,46,2,44,0,11
1403637216.638432025909424,46,0,43,1,11
1403637216.688433885574341,48,14,43,3,11
1403637216.738434076309204,47,1,46,0,11
1403637216.788434505462646,46,0,46,0,11
1403637216.838434696197510,47,0,45,1,11
1403637216.888435602188110,47,0,44,0,11
1403637216.938435792922974,49,3,44,3,11
1403637216.988439321517944,47,16,47,0,11
1403637217.038439750671387,48,0,47,1,11
1403637217.088438510894775,48,0,46,0,11
1403637217.138437509536743,49,0,46,1,11
1403637217.188436985015869,48,0,47,1,11
1403637217.238435983657837,49,0,48,1,11
1403637217.288436412811279,49,9,49,0,11
1403637217.338435888290405,49,0,47,1,11
1403637217.388436079025269,50,0,48,1,11
1403637217.438435792922974,49,0,49,0,11
1403637217.488435983657837,49,1,49,0,11
1403637217.538435935974121,49,0,48,0,11
1403637217.588433504104614,49,19,47,0,11
1403637217.638432264328003,48,1,47,0,11
1403637217.688431024551392,47,0,46,0,11
1403637217.738429307937622,48,0,46,1,11
1403637217.788428306579590,47,0,45,0,11
1403637217.838426351547241,47,0,45,0,11
1403637217.888422489166260,45,31,42,2,11
1403637217.938421249389648,44,1,42,0,11
1403637217.988421201705933,43,0,42,0,11
1403637218.038422107696533,42,1,42,0,11
1403637218.088423013687134,41,0,41,0,11
1403637218.138423442840576,43,5,40,2,11
1403637218.188421726226807,48,14,41,6,11
1403637218.238420486450195,45,1,44,0,11
1403637218.288419485092163,43,0,41,0,11
1403637218.338417530059814,42,5,41,0,11
1403637218.388415813446045,41,2,39,1,11
1403637218.438414335250854,41,2,37,1,11
1403637218.488413333892822,45,20,36,5,11
1403637218.538413047790527,47,20,40,5,11
1403637218.588412761688232,47,0,45,2,11
1403637218.638412237167358,47,0,46,1,11
1403637218.688411951065063,47,0,47,0,11
1403637218.738411903381348,48,1,47,1,11
1403637218.788411855697632,50,6,48,2,11
1403637218.838412046432495,50,4,48,0,11
1403637218.888411998748779,50,0,46,0,11
1403637218.938411712646484,47,0,41,0,11
1403637218.988411903381348,46,0,40,2,11
1403637219.038411855697632,42,3,41,0,11
1403637219.088412523269653,45,5,38,4,11
1403637219.138414859771729,48,8,41,4,11
1403637219.188416242599487,46,1,45,0,11
1403637219.238416433334351,45,1,45,0,11
1403637219.288417100906372,45,2,43,0,11
1403637219.338417530059814,44,1,42,0,11
1403637219.388417959213257,44,1,41,2,11
1403637219.438415288925171,44,0,42,1,11
1403637219.488410234451294,44,10,37,4,11
1403637219.538404941558838,43,0,41,0,11
1403637219.588400125503540,41,0,39,0,11
1403637219.638399839401245,44,0,39,3,11
1403637219.688401937484741,44,11,41,3,11
1403637219.738402128219604,46,9,44,2,11
1403637219.788401842117310,44,3,44,0,11
1403637219.838408470153809,45,4,44,1,11
1403637219.888411998748779,45,2,45,0,11
1403637219.938412189483643,45,1,45,0,11
1403637219.988416910171509,45,2,45,0,11
1403637220.038419961929321,45,0,44,0,11
1403637220.088429927825928,49,17,43,4,11
1403637220.138430833816528,48,1,47,0,11
1403637220.188433885574341,48,34,47,1,11
1403637220.238433599472046,49,5,48,1,11
1403637220.288434267044067,48,0,46,1,11
1403637220.338434696197510,48,2,47,0,11
1403637220.388435125350952,47,1,47,0,11
1403637220.438435554504395,47,0,46,0,11
1403637220.488435506820679,47,0,44,0,11
1403637220.538435697555542,46,0,43,0,11
1403637220.588435649871826,45,0,42,1,11
1403637220.638435602188110,42,0,40,0,11
1403637220.688434600830078,47,8,40,6,11
1403637220.738434314727783,49,0,46,3,11
1403637220.788431644439697,50,29,48,1,11
1403637220.838431835174561,50,4,49,0,11
1403637220.888432025909424,49,0,49,0,11
1403637220.938432455062866,49,0,49,0,11
1403637220.988432645797729,50,0,49,1,11
1403637221.038433551788330,49,0,49,0,11
1403637221.088435173034668,49,1,48,0,11
1403637221.138436317443848,49,1,47,1,11
1403637221.188437938690186,45,1,45,0,11
1403637221.238438129425049,46,1,45,1,11
1403637221.288438320159912,47,7,45,2,11
1403637221.338438272476196,46,1,45,1,11
1403637221.388435363769531,48,22,45,2,11
1403637221.438435554504395,49,3,46,1,11
1403637221.488434791564941,48,0,46,0,11
1403637221.538436412811279,47,0,46,0,11
1403637221.588434696197510,46,0,45,0,11
1403637221.638435125350952,46,0,45,0,11
1403637221.688435554504395,45,0,45,0,11
1403637221.738435268402100,45,0,45,0,11
1403637221.788435459136963,45,0,45,0,11
1403637221.838434934616089,45,0,44,0,11
1403637221.888435363769531,45,4,43,0,11
1403637221.938435316085815,44,0,43,0,11
1403637221.988435029983521,46,15,43,3,11
1403637222.038434505462646,48,2,45,2,11
1403637222.088435173034668,47,0,47,0,11
1403637222.138434410095215,48,0,47,1,11
1403637222.188433170318604,47,0,46,0,11
1403637222.238430500030518,47,0,45,0,11
1403637222.288429021835327,45,0,44,0,11
1403637222.338425397872925,44,0,43,0,11
1403637222.388422727584839,44,2,42,0,11
1403637222.438418626785278,48,28,41,5,11
1403637222.488419055938721,47,1,45,1,11
1403637222.538420200347900,46,0,46,0,11
1403637222.588420629501343,47,11,46,1,11
1403637222.638422966003418,47,0,47,0,11
1403637222.688423633575439,46,0,46,0,11
1403637222.738426208496094,46,0,46,0,11
1403637222.788428544998169,46,0,46,0,11
1403637222.838429927825928,46,0,46,0,11
1403637222.888431549072266,46,0,46,0,11
1403637222.938433647155762,46,0,46,0,11
1403637222.988433837890625,46,0,46,0,11
1403637223.038433074951172,47,9,46,1,11
1403637223.088433027267456,46,0,46,0,11
1403637223.138432741165161,46,0,46,0,11
1403637223.188431739807129,46,0,46,0,11
1403637223.238431215286255,45,0,45,0,11
1403637223.288431167602539,45,0,45,0,11
1403637223.338431119918823,45,0,45,0,11
1403637223.388430595397949,45,0,45,0,11
1403637223.438430309295654,45,0,45,0,11
1403637223.488429784774780,45,0,45,0,11
1403637223.538429498672485,45,1,45,0,11
1403637223.588428974151611,45,0,45,0,11
1403637223.638427257537842,47,17,45,2,11
1403637223.688427209854126,47,0,47,0,11
1403637223.738426923751831,47,0,47,0,11
1403637223.788426637649536,47,9,47,0,11
1403637223.838426589965820,47,0,47,0,11
1403637223.888426303863525,47,0,47,0,11
1403637223.938426256179810,47,0,47,0,11
1403637223.988425970077515,47,0,47,0,11
1403637224.038426160812378,47,0,47,0,11
1403637224.088425874710083,47,0,47,0,11
1403637224.138426065444946,47,0,47,0,11
1403637224.188426017761230,46,0,46,0,11
1403637224.238426208496094,46,6,46,0,11
1403637224.288426160812378,46,0,46,0,11
1403637224.338426113128662,46,0,46,0,11
1403637224.388426065444946,46,0,46,0,11
1403637224.438426256179810,46,0,46,0,11
1403637224.488426208496094,46,0,46,0,11
1403637224.538426399230957,46,0,46,0,11
1403637224.588426113128662,46,0,46,0,11
1403637224.638425827026367,46,0,46,0,11
1403637224.688425540924072,46,0,46,0,11
1403637224.738425016403198,46,0,46,0,11
1403637224.788425445556641,46,0,46,0,11
1403637224.838425874710083,46,6,46,0,11
1403637224.888426065444946,46,0,46,0,11
1403637224.938425779342651,46,0,46,0,11
1403637224.988425731658936,46,0,46,0,11
1403637225.038425922393799,46,0,46,0,11
1403637225.088425874710083,46,0,46,0,11
1403637225.138426065444946,46,0,46,0,11
1403637225.188425779342651,46,0,46,0,11
1403637225.238426208496094,46,0,46,0,11
1403637225.288427114486694,46,0,46,0,11
1403637225.338426828384399,46,0,46,0,11
1403637225.388426303863525,46,0,46,0,11
1403637225.438426017761230,46,6,46,0,11
1403637225.488425970077515,46,0,46,0,11
1403637225.538426160812378,46,0,46,0,11
1403637225.588426113128662,46,1,46,0,11
1403637225.638426303863525,46,0,46,0,11
1403637225.688426494598389,46,0,46,0,11
1403637225.738426446914673,46,0,46,0,11
1403637225.788426399230957,46,0,46,0,11
1403637225.838426351547241,46,0,46,0,11
1403637225.888422727584839,46,0,45,0,11
1403637225.938418149948120,46,0,45,0,11
1403637225.988414049148560,45,0,45,0,11
1403637226.038409948348999,46,7,45,1,11
1403637226.088408708572388,46,0,46,0,11
1403637226.138409376144409,46,0,45,0,11
1403637226.188409090042114,46,1,44,0,11
1403637226.238413333892822,46,0,42,1,11
1403637226.288417339324951,45,0,42,0,11
1403637226.338423252105713,45,1,42,2,11
1403637226.388426065444946,45,0,43,1,11
1403637226.438427925109863,45,0,44,0,11
1403637226.488430023193359,44,0,44,0,11
1403637226.538431406021118,44,0,44,0,11
1403637226.588431596755981,44,0,44,0,11
1403637226.638435125350952,47,9,44,3,11
1403637226.688435792922974,47,2,46,0,11
1403637226.738435745239258,47,0,46,0,11
1403637226.788435935974121,47,2,45,1,11
1403637226.838436841964722,47,0,46,0,11
1403637226.888437747955322,46,1,46,0,11
1403637226.938438653945923,46,0,46,0,11
1403637226.988440275192261,46,0,46,0,11
1403637227.038441181182861,46,0,46,0,11
1403637227.088442325592041,46,0,46,0,11
1403637227.138444185256958,46,0,46,0,11
1403637227.188444375991821,45,0,45,0,11
1403637227.238444328308105,47,11,45,2,11
1403637227.288444280624390,46,1,46,0,11
1403637227.338444232940674,46,0,46,0,11
1403637227.388444662094116,46,7,46,0,11
1403637227.438444137573242,46,0,46,0,11
1403637227.488443613052368,46,1,46,0,11
1403637227.538442850112915,46,0,46,0,11
1403637227.588443279266357,46,0,46,0,11
1403637227.638442754745483,46,0,46,0,11
1403637227.688442945480347,46,0,45,1,11
1403637227.738442182540894,46,0,46,0,11
1403637227.788442373275757,46,0,44,0,11
1403637227.838442564010620,47,6,44,1,11
1403637227.888443946838379,46,0,46,0,11
1403637227.938444137573242,46,0,45,0,11
1403637227.988445043563843,45,5,45,0,11
1403637228.038444995880127,43,0,42,0,11
1403637228.088444948196411,43,0,43,0,11
1403637228.138444900512695,43,0,43,0,11
1403637228.188444137573242,43,0,42,0,11
1403637228.238443851470947,43,0,42,0,11
1403637228.288443565368652,42,0,42,0,11
1403637228.338443517684937,42,0,41,0,11
1403637228.388443231582642,42,0,42,0,11
1403637228.438441276550293,47,2,41,5,11
1403637228.488441228866577,45,0,45,0,11
1403637228.538441419601440,45,0,45,0,11
1403637228.588441133499146,46,2,45,1,11
1403637228.638441324234009,46,0,46,0,11
1403637228.688441276550293,46,0,46,0,11
1403637228.738441705703735,45,0,44,0,11
1403637228.788442134857178,45,0,44,0,11
1403637228.838442325592041,44,0,44,0,11
1403637228.888442277908325,44,0,44,0,11
1403637228.938442230224609,44,0,44,0,11
1403637228.988441944122314,44,0,44,0,11
1403637229.038442134857178,46,0,44,2,11
1403637229.088443517684937,46,0,46,0,11
1403637229.138443946838379,46,0,46,0,11
1403637229.188443660736084,46,2,45,0,11
1403637229.238443374633789,46,0,44,0,11
1403637229.288442850112915,47,1,44,2,11
1403637229.338442325592041,45,0,44,0,11
1403637229.388442039489746,45,0,43,0,11
1403637229.438441753387451,44,0,43,1,11
1403637229.488441467285156,44,0,43,0,11
1403637229.538441658020020,44,0,43,0,11
1403637229.588441848754883,44,0,40,1,11
1403637229.638442039489746,44,1,38,0,11
1403637229.688441991806030,43,0,37,3,11
1403637229.738442182540894,41,1,39,1,11
1403637229.788442611694336,42,0,38,1,11
1403637229.838442564010620,42,0,37,1,11
1403637229.888442277908325,42,0,37,2,11
1403637229.938441991806030,41,0,38,1,11
1403637229.988441228866577,41,0,37,1,11
1403637230.038440465927124,40,0,38,0,11
1403637230.088439941406250,39,0,37,1,11
1403637230.138439655303955,39,1,37,0,11
1403637230.188440561294556,37,5,37,0,11
1403637230.238441944122314,37,2,37,0,11
1403637230.288444280624390,38,0,35,1,11
1403637230.338446378707886,35,1,34,0,11
1403637230.388448953628540,33,1,33,0,11
1403637230.438451290130615,33,1,33,0,11
1403637230.488453388214111,34,2,33,1,11
1403637230.538454294204712,37,2,34,3,11
1403637230.588454961776733,37,0,36,0,11
1403637230.638455390930176,37,1,36,0,11
1403637230.688455104827881,37,0,33,1,11
1403637230.738455533981323,36,0,31,1,11
1403637230.788456678390503,35,0,32,0,11
1403637230.838457584381104,35,0,31,3,11
1403637230.888458490371704,31,0,29,0,11
1403637230.938458442687988,31,0,29,1,11
1403637230.988457918167114,30,0,29,0,11
1403637231.038457632064819,27,0,26,0,11
1403637231.088458061218262,25,0,21,0,11
1403637231.138458728790283,21,0,20,0,11
1403637231.188460350036621,19,0,18,0,11
1403637231.238461971282959,14,0,14,0,11
1403637231.288463115692139,13,1,13,0,11
1403637231.338463783264160,8,0,7,0,11
1403637231.388463735580444,2,0,2,0,11
1403637231.438463926315308,1,1,1,0,11
1403637231.488463878631592,1,0,1,0,11
1403637231.538464307785034,1,0,1,0,11
1403637231.588464260101318,1,1,1,0,11
1403637231.638463973999023,0,1,0,0,11
1403637231.688462972640991,16,2,0,16,11
1403637231.738462448120117,32,0,14,17,11
1403637231.788462162017822,31,0,30,0,11
1403637231.838461160659790,29,0,28,0,11
1403637231.888459205627441,28,0,28,0,11
1403637231.938458919525146,24,2,23,0,11
1403637231.988460063934326,28,0,18,9,11
1403637232.038460016250610,23,0,21,0,11
1403637232.088458776473999,22,0,21,0,11
1403637232.138458490371704,20,0,19,0,11
1403637232.188457727432251,22,0,18,3,11
1403637232.238459348678589,18,0,18,0,11
1403637232.288459539413452,32,1,17,15,11
1403637232.338460206985474,34,0,29,4,11
1403637232.388460636138916,33,1,31,1,11
1403637232.438461780548096,33,0,31,1,11
1403637232.488462448120117,29,1,29,0,11
1403637232.538462638854980,27,0,27,0,11
1403637232.588461875915527,32,1,27,5,11
1403637232.638461589813232,30,0,30,0,11
1403637232.688461065292358,35,1,29,6,11
1403637232.738460779190063,35,1,35,0,11
1403637232.788459777832031,38,2,35,3,11
1403637232.838459253311157,38,0,37,0,11
1403637232.888458967208862,40,0,36,3,11
1403637232.938458919525146,47,0,37,9,11
1403637232.988457918167114,49,19,44,3,11
1403637233.038458108901978,46,0,45,0,11
1403637233.088458061218262,46,0,45,0,11
1403637233.138458251953125,43,1,42,0,11
1403637233.188458681106567,46,0,42,3,11
1403637233.238459587097168,44,0,44,0,11
1403637233.288460254669189,45,0,42,2,11
1403637233.338460922241211,45,3,44,0,11
1403637233.388461828231812,47,8,44,3,11
1403637233.438462495803833,44,2,42,0,11
1403637233.488462686538696,42,2,40,0,11
1403637233.538462877273560,39,1,38,0,11
1403637233.588454246520996,47,21,34,11,11
1403637233.638452291488647,42,2,38,0,11
1403637233.688451051712036,44,1,37,3,11
1403637233.738450050354004,40,3,38,0,11
1403637233.788453340530396,39,2,36,0,11
1403637233.838453292846680,40,4,34,4,11
1403637233.888454914093018,37,4,35,0,11
1403637233.938457489013672,35,1,32,0,11
1403637233.988460302352905,35,0,30,2,11
1403637234.038461685180664,34,2,32,0,11
1403637234.088464021682739,33,4,32,1,11
1403637234.138463735580444,34,1,32,1,11
1403637234.188468217849731,44,4,32,10,11
1403637234.238469123840332,46,3,42,3,11
1403637234.288469552993774,41,4,41,0,11
1403637234.338468074798584,42,0,41,1,11
1403637234.388466596603394,43,1,38,5,11
1403637234.438466548919678,50,7,41,7,11
1403637234.488465309143066,47,2,44,0,11
1403637234.538465261459351,44,1,43,0,11
1403637234.588464498519897,46,2,43,3,11
1403637234.638464689254761,44,2,44,0,11
1403637234.688464164733887,44,0,41,2,11
1403637234.738464117050171,45,2,42,2,11
1403637234.788464307785034,43,2,39,3,11
1403637234.838464736938477,44,0,38,3,11
1403637234.888464450836182,42,2,38,1,11
1403637234.938463687896729,40,1,33,2,11
1403637234.988462924957275,42,1,32,6,11
1403637235.038461923599243,42,2,35,4,11
1403637235.088460683822632,47,2,36,8,11
1403637235.138461112976074,44,0,43,0,11
1403637235.188461065292358,48,2,42,5,11
1403637235.238460779190063,46,0,44,0,11
1403637235.288459777832031,45,4,42,0,11
1403637235.338458538055420,49,8,40,5,11
1403637235.388458967208862,47,3,44,0,11
1403637235.438460350036621,47,1,43,2,11
1403637235.488460540771484,43,5,43,0,11
1403637235.538459777832031,43,0,41,0,11
1403637235.588459491729736,49,10,40,7,11
1403637235.638459920883179,48,2,44,1,11
1403637235.688460826873779,48,1,44,1,11
1403637235.738462209701538,46,1,42,0,11
1403637235.788465023040771,43,4,39,1,11
1403637235.838465929031372,37,3,34,0,11
1403637235.888467550277710,35,1,32,0,11
1403637235.938469409942627,38,2,25,7,11
1403637235.988466262817383,47,11,30,13,11
1403637236.038464069366455,42,2,40,2,11
1403637236.088462829589844,41,0,41,0,11
1403637236.138462066650391,38,0,37,0,11
1403637236.188461303710938,40,7,32,5,11
1403637236.238461017608643,36,3,34,0,11
1403637236.288460969924927,32,5,31,0,11
1403637236.338460683822632,31,2,28,1,11
1403637236.388459920883179,31,0,26,2,11
1403637236.438459396362305,28,2,26,1,11
1403637236.488459110260010,30,4,23,4,11
1403637236.538460493087769,29,2,25,2,11
1403637236.588460683822632,33,1,24,9,11
1403637236.638461828231812,33,6,30,1,11
1403637236.688462495803833,40,9,31,7,11
1403637236.738464117050171,37,3,35,0,11
1403637236.788465261459351,39,5,32,6,11
1403637236.838465929031372,36,4,35,1,11
1403637236.888468265533447,43,5,32,9,11
1403637236.938469886779785,42,5,38,0,11
1403637236.988471269607544,36,2,34,0,11
1403637237.038471221923828,39,1,29,8,11
1403637237.088470697402954,35,1,31,1,11
1403637237.138469696044922,35,4,27,5,11
1403637237.188468456268311,31,3,29,1,11
1403637237.238466262817383,28,0,24,0,11
1403637237.288463354110718,33,0,22,6,11
1403637237.338461875915527,29,2,28,0,11
1403637237.388460874557495,41,1,26,12,11
1403637237.438461303710938,40,3,35,0,11
1403637237.488462924957275,48,5,35,10,11
1403637237.538463354110718,44,3,40,0,11
1403637237.588463068008423,43,0,37,0,11
1403637237.638461828231812,39,2,36,1,11
1403637237.688458442687988,43,3,36,6,11
1403637237.738456964492798,48,1,41,6,11
1403637237.788454532623291,48,8,46,2,11
1403637237.838457345962524,48,1,46,0,11
1403637237.888458013534546,46,2,45,0,11
1403637237.938460588455200,48,0,45,3,11
1403637237.988461017608643,46,0,46,0,11
1403637238.038461446762085,47,0,46,1,11
1403637238.088461399078369,49,2,46,2,11
1403637238.138460159301758,50,21,48,1,11
1403637238.188459873199463,48,0,47,0,11
1403637238.238459825515747,50,1,47,2,11
1403637238.288459539413452,49,2,47,0,11
1403637238.338459968566895,50,0,47,1,11
1403637238.388459682464600,47,9,44,0,11
1403637238.438460350036621,46,1,42,0,11
1403637238.488460540771484,42,0,39,0,11
1403637238.538461685180664,42,1,38,1,11
1403637238.588460922241211,40,0,39,0,11
1403637238.638458490371704,38,0,37,0,11
1403637238.688450574874878,48,9,33,10,11
1403637238.738440513610840,48,19,44,1,11
1403637238.788438558578491,45,0,43,1,11
1403637238.838434457778931,46,0,43,1,11
1403637238.888434648513794,45,1,42,1,11
1403637238.938434600830078,43,1,39,0,11
1403637238.988433599472046,45,0,37,5,11
1403637239.038433790206909,43,5,40,0,11
1403637239.088433265686035,42,4,39,2,11
1403637239.138433456420898,40,3,40,0,11
1403637239.188431978225708,41,1,39,2,11
1403637239.238430023193359,41,5,40,1,11
1403637239.288437366485596,47,2,41,6,11
1403637239.338434219360352,49,14,44,3,11
1403637239.388434171676636,48,3,45,1,11
1403637239.438434362411499,45,5,44,1,11
1403637239.488436937332153,49,8,44,5,11
1403637239.538448095321655,46,37,45,1,11
1403637239.588447570800781,43,1,42,0,11
1403637239.638446569442749,43,6,40,1,11
1403637239.688446044921875,38,4,36,0,11
1403637239.738445520401001,34,3,32,0,11
1403637239.788445234298706,27,2,27,0,11
1403637239.838444948196411,25,3,25,0,11
1403637239.888445138931274,23,5,20,1,11
1403637239.938444614410400,20,4,16,0,11
1403637239.988443851470947,17,2,16,0,11
1403637240.038443803787231,14,1,13,1,11
1403637240.088443279266357,13,2,9,1,11
1403637240.138441562652588,22,4,8,11,11
1403637240.188439846038818,47,2,18,28,11
1403637240.238440513610840,44,0,43,0,11
1403637240.288442611694336,41,6,39,0,11
1403637240.338444709777832,39,2,37,0,11
1403637240.388446569442749,36,1,35,0,11
1403637240.438447952270508,43,7,34,8,11
1403637240.488447904586792,39,1,36,0,11
1403637240.538446187973022,37,1,34,0,11
1403637240.588442802429199,48,1,34,13,11
1403637240.638439416885376,46,3,45,0,11
1403637240.688437700271606,43,2,43,0,11
1403637240.738435745239258,39,1,38,0,11
1403637240.788434982299805,38,4,37,0,11
1403637240.838432073593140,37,3,34,2,11
1403637240.888429880142212,35,0,34,1,11
1403637240.938427686691284,41,2,32,9,11
1403637240.988430738449097,45,3,38,5,11
1403637241.038434028625488,44,1,38,1,11
1403637241.088436841964722,45,4,38,4,11
1403637241.138441324234009,45,11,40,5,11
1403637241.188443660736084,44,0,41,0,11
1403637241.238445043563843,44,0,40,0,11
1403637241.288445949554443,35,0,33,0,11
1403637241.338446855545044,33,1,30,0,11
1403637241.388446331024170,36,2,29,5,11
1403637241.438446760177612,35,2,33,1,11
1403637241.488447189331055,41,0,32,6,11
1403637241.538447856903076,38,1,35,0,11
1403637241.588448524475098,35,1,31,2,11
1403637241.638449430465698,43,1,28,11,11
1403637241.688450098037720,41,2,38,0,11
1403637241.738451004028320,41,1,35,6,11
1403637241.788451910018921,42,0,41,1,11
1403637241.838454961776733,43,2,38,3,11
1403637241.888456821441650,42,1,39,0,11
1403637241.938457250595093,39,0,37,0,11
1403637241.988457441329956,38,2,36,1,11
1403637242.038457393646240,36,1,35,0,11
1403637242.088455438613892,36,0,34,2,11
1403637242.138453006744385,43,0,33,8,11
1403637242.188450336456299,43,0,39,0,11
1403637242.238449573516846,43,0,37,2,11
1403637242.288449287414551,40,0,38,1,11
1403637242.338447809219360,42,0,38,4,11
1403637242.388449668884277,44,2,40,2,11
1403637242.438449859619141,42,0,39,0,11
1403637242.488451957702637,44,0,39,4,11
1403637242.538453817367554,46,3,43,3,11
1403637242.588455677032471,44,0,43,1,11
1403637242.638456583023071,44,0,44,0,11
1403637242.688457727432251,43,1,42,0,11
1403637242.738458395004272,43,1,42,0,11
1403637242.788459300994873,42,0,41,0,11
1403637242.838459730148315,42,1,38,2,11
1403637242.888460159301758,40,1,36,0,11
1403637242.938460350036621,41,1,36,2,11
1403637242.988460063934326,38,0,36,2,11
1403637243.038460016250610,40,0,36,3,11
1403637243.088459253311157,43,1,38,3,11
1403637243.138458967208862,49,0,41,7,11
1403637243.188459873199463,49,2,45,1,11
1403637243.238459587097168,48,1,45,0,11
1403637243.288459300994873,46,2,44,1,11
1403637243.338460445404053,50,3,45,4,11
1403637243.388460874557495,49,6,48,0,11
1403637243.438460350036621,50,1,47,1,11
1403637243.488460779190063,50,6,48,1,11
1403637243.538460969924927,48,3,48,0,11
1403637243.588459491729736,50,8,46,2,11
1403637243.638459682464600,49,0,44,0,11
1403637243.688459873199463,45,1,40,1,11
1403637243.738459587097168,42,0,41,0,11
1403637243.788458824157715,38,1,38,0,11
1403637243.838458061218262,33,1,32,0,11
1403637243.888458013534546,35,1,31,2,11
1403637243.938458442687988,44,2,31,10,11
1403637243.988459587097168,48,2,40,5,11
1403637244.038460493087769,46,2,45,0,11
1403637244.088461160659790,49,2,43,4,11
1403637244.138461351394653,50,2,44,1,11
1403637244.188461542129517,48,13,45,0,11
1403637244.238461732864380,48,3,45,3,11
1403637244.288461446762085,49,1,47,1,11
1403637244.338460206985474,50,0,48,1,11
1403637244.388458967208862,49,7,48,0,11
1403637244.438459157943726,48,0,46,0,11
1403637244.488458633422852,47,4,45,1,11
1403637244.538459777832031,48,8,43,2,11
1403637244.588459968566895,48,1,43,0,11
1403637244.638458728790283,46,7,42,2,11
1403637244.688458681106567,44,0,43,1,11
1403637244.738457918167114,44,0,42,1,11
1403637244.788456916809082,48,6,41,5,11
1403637244.838456630706787,48,1,46,1,11
1403637244.888456344604492,44,0,44,0,11
1403637244.938456296920776,45,0,41,1,11
1403637244.988456964492798,47,23,40,4,11
1403637245.038455009460449,44,0,43,0,11
1403637245.088453531265259,44,0,43,0,11
1403637245.138452529907227,46,1,42,4,11
1403637245.188453912734985,46,0,46,0,11
1403637245.238454818725586,49,3,46,3,11
1403637245.288456201553345,50,2,48,1,11
1403637245.338456153869629,50,1,49,0,11
1403637245.388455629348755,49,15,45,0,11
1403637245.438456058502197,49,3,43,0,11
1403637245.488456487655640,46,0,43,0,11
1403637245.538456678390503,42,0,41,0,11
1403637245.588458538055420,50,11,39,8,11
1403637245.638458967208862,50,2,47,0,11
1403637245.688459396362305,46,1,44,0,11
1403637245.738459348678589,45,0,39,2,11
1403637245.788458108901978,42,1,40,0,11
1403637245.838456869125366,37,2,37,0,11
1403637245.888457536697388,38,3,32,1,11
1403637245.938458681106567,34,4,31,0,11
1403637245.988458871841431,40,1,29,10,11
1403637246.038459777832031,43,2,32,3,11
1403637246.088460206985474,33,1,29,0,11
1403637246.138460159301758,43,1,24,17,11
1403637246.188460588455200,45,2,39,4,11
1403637246.238460779190063,42,2,41,0,11
1403637246.288460254669189,41,1,39,0,11
1403637246.338459491729736,38,1,34,0,11
1403637246.388459444046021,36,2,34,0,11
1403637246.438459396362305,34,1,31,1,11
1403637246.488458871841431,42,2,28,11,11
1403637246.538457632064819,40,0,35,0,11
1403637246.588457584381104,38,2,30,0,11
1403637246.638457059860229,28,1,26,0,11
1403637246.688455581665039,40,4,20,18,11
1403637246.738455057144165,40,1,33,1,11
1403637246.788456201553345,32,0,29,1,11
1403637246.838456630706787,30,0,29,0,11
1403637246.888457775115967,36,1,25,8,11
1403637246.938458919525146,33,2,32,0,11
1403637246.988459825515747,31,1,30,0,11
1403637247.038461208343506,30,0,30,0,11
1403637247.088463783264160,38,0,29,9,11
1403637247.138463973999023,37,1,36,0,11
1403637247.188463687896729,37,0,36,0,11
1403637247.238464355468750,37,1,35,1,11
1403637247.288464784622192,43,1,36,6,11
1403637247.338466405868530,47,1,41,5,11
1403637247.388468980789185,49,3,45,2,11
1403637247.438470363616943,48,3,46,1,11
1403637247.488471269607544,48,4,45,2,11
1403637247.538471221923828,49,1,47,2,11
1403637247.588471651077271,49,0,49,0,11
1403637247.638472080230713,50,7,49,1,11
1403637247.688472270965576,50,0,49,0,11
1403637247.738471984863281,50,1,49,0,11
1403637247.788471698760986,49,1,47,0,11
1403637247.838471412658691,47,0,45,0,11
1403637247.888471603393555,45,0,43,1,11
1403637247.938472032546997,47,7,44,3,11
1403637247.988471746444702,49,0,45,3,11
1403637248.038470745086670,49,8,46,1,11
1403637248.088467597961426,47,3,45,1,11
1403637248.138466596603394,38,1,36,0,11
1403637248.188465833663940,38,0,35,0,11
1403637248.238465070724487,43,1,35,7,11
1403637248.288465499877930,42,0,42,0,11
1403637248.338466167449951,42,1,42,0,11
1403637248.388466596603394,41,1,40,0,11
1403637248.438467025756836,48,0,40,7,11
1403637248.488468408584595,46,1,45,0,11
1403637248.538471221923828,50,1,45,4,11
1403637248.588471412658691,48,0,48,0,11
1403637248.638470172882080,50,13,48,2,11
1403637248.688468456268311,50,4,50,0,11
1403637248.738467216491699,50,2,50,0,11
1403637248.788466930389404,50,9,50,0,11
1403637248.838466644287109,49,0,49,0,11
1403637248.888467073440552,50,1,48,1,11
1403637248.938467025756836,49,0,47,0,11
1403637248.988467216491699,49,7,47,1,11
1403637249.038468122482300,47,10,47,0,11
1403637249.088468313217163,48,0,47,1,11
1403637249.138468503952026,49,0,48,1,11
1403637249.188468456268311,48,0,47,0,11
1403637249.238468647003174,50,8,46,2,11
1403637249.288468360900879,49,4,48,1,11
1403637249.338468551635742,49,12,48,1,11
1403637249.388467788696289,50,7,49,1,11
1403637249.438467741012573,49,4,48,0,11
1403637249.488467454910278,47,0,46,0,11
1403637249.538467645645142,45,0,45,0,11
1403637249.588467121124268,48,1,44,3,11
1403637249.638466835021973,48,4,46,1,11
1403637249.688466787338257,47,1,47,0,11
1403637249.738466024398804,47,0,46,0,11
1403637249.788465738296509,47,0,46,0,11
1403637249.838465690612793,49,1,46,3,11
1403637249.888466596603394,49,2,46,1,11
1403637249.938467979431152,50,30,48,1,11
1403637249.988468647003174,48,8,48,0,11
1403637250.038470268249512,45,0,44,0,11
1403637250.088470935821533,43,1,40,0,11
1403637250.138471603393555,39,1,37,1,11
1403637250.188471317291260,37,0,37,0,11
1403637250.238471269607544,39,2,34,4,11
1403637250.288471460342407,37,0,36,0,11
1403637250.338470935821533,34,0,32,0,11
1403637250.388470411300659,32,2,30,0,11
1403637250.438469886779785,29,0,29,0,11
1403637250.488469123840332,29,5,27,2,11
1403637250.538468360900879,48,2,27,21,11
1403637250.588468313217163,50,1,48,2,11
1403637250.638467550277710,50,24,50,0,11
1403637250.688467264175415,49,1,49,0,11
1403637250.738466501235962,48,0,48,0,11
1403637250.788466215133667,48,0,46,1,11
1403637250.838465929031372,48,0,45,1,11
1403637250.888466358184814,45,1,44,0,11
1403637250.938466310501099,44,0,44,0,11
1403637250.988466739654541,50,19,43,6,11
1403637251.038467645645142,50,0,49,0,11
1403637251.088467121124268,48,0,48,0,11
1403637251.138465881347656,49,0,47,2,11
1403637251.188465833663940,48,0,48,0,11
1403637251.238466262817383,49,20,46,2,11
1403637251.288466453552246,48,0,47,0,11
1403637251.338466644287109,48,0,47,0,11
1403637251.388465881347656,47,0,46,0,11
1403637251.438465833663940,46,0,43,0,11
1403637251.488466024398804,43,3,41,0,11
1403637251.538466691970825,42,2,40,1,11
1403637251.588467121124268,46,8,38,7,11
1403637251.638467311859131,45,0,43,0,11
1403637251.688467741012573,44,0,41,0,11
1403637251.738468170166016,39,0,39,0,11
1403637251.788468837738037,41,10,38,3,11
1403637251.838468074798584,45,6,40,5,11
1403637251.888467311859131,45,1,44,0,11
1403637251.938466787338257,45,0,44,0,11
1403637251.988466262817383,42,0,42,0,11
1403637252.038466453552246,42,0,42,0,11
1403637252.088466405868530,42,0,42,0,11
1403637252.138466596603394,43,0,42,1,11
1403637252.188467025756836,46,3,43,3,11
1403637252.238467693328857,45,0,45,0,11
1403637252.288468837738037,45,0,44,1,11
1403637252.338469505310059,46,0,45,1,11
1403637252.388470649719238,46,5,46,0,11
1403637252.438470840454102,44,1,44,0,11
1403637252.488470792770386,44,0,44,0,11
1403637252.538470506668091,44,0,44,0,11
1403637252.588470220565796,44,0,43,0,11
1403637252.638469934463501,43,0,42,0,11
1403637252.688469886779785,42,0,41,0,11
1403637252.738469839096069,41,0,40,0,11
1403637252.788469314575195,42,0,40,2,11
1403637252.838467597961426,43,12,42,1,11
1403637252.888467311859131,43,0,42,0,11
1403637252.938466787338257,44,0,42,1,11
1403637252.988466739654541,43,4,43,0,11
1403637253.038466930389404,43,0,43,0,11
1403637253.088467121124268,43,0,43,0,11
1403637253.138466835021973,43,0,43,0,11
1403637253.188467025756836,43,0,43,0,11
1403637253.238466501235962,43,0,43,0,11
1403637253.288466453552246,43,0,43,0,11
1403637253.338465929031372,43,0,43,0,11
1403637253.388465642929077,43,0,43,0,11
1403637253.438465118408203,43,1,43,0,11
1403637253.488465070724487,43,0,43,0,11
1403637253.538464784622192,43,0,42,0,11
1403637253.588464736938477,44,3,42,1,11
1403637253.638464450836182,43,0,43,0,11
1403637253.688464641571045,43,0,43,0,11
1403637253.738464355468750,43,0,43,0,11
1403637253.788464069366455,43,0,43,0,11
1403637253.838463783264160,43,0,43,0,11
1403637253.888463973999023,43,0,43,0,11
1403637253.938464403152466,43,0,43,0,11
1403637253.988464832305908,43,0,43,0,11
1403637254.038464069366455,43,3,43,0,11
1403637254.088464260101318,43,0,43,0,11
1403637254.138464689254761,43,0,43,0,11
1403637254.188465356826782,43,5,43,0,11
1403637254.238465785980225,43,0,43,0,11
1403637254.288466453552246,43,0,43,0,11
1403637254.338466644287109,43,0,43,0,11
1403637254.388466835021973,43,0,43,0,11
1403637254.438466787338257,43,0,43,0,11
1403637254.488466978073120,43,0,43,0,11
1403637254.538467168807983,43,0,43,0,11
1403637254.588467359542847,43,0,43,0,11
1403637254.638467550277710,42,8,42,0,11
1403637254.688467741012573,42,0,42,0,11
1403637254.738467693328857,42,0,42,0,11
1403637254.788467645645142,42,4,42,0,11
1403637254.838467836380005,42,0,42,0,11
1403637254.888467788696289,42,0,42,0,11
1403637254.938467741012573,42,0,42,0,11
1403637254.988467693328857,42,0,42,0,11
1403637255.038468122482300,42,0,42,0,11
1403637255.088467836380005,43,0,42,1,11
1403637255.138467788696289,42,0,42,0,11
1403637255.188467502593994,42,0,42,0,11
1403637255.238467454910278,44,9,42,2,11
1403637255.288467407226562,42,0,42,0,11
1403637255.338467359542847,42,0,42,0,11
1403637255.388467311859131,41,1,41,0,11
1403637255.438467264175415,41,1,41,0,11
1403637255.488467454910278,40,0,40,0,11
1403637255.538467645645142,39,0,38,0,11
1403637255.588467836380005,38,0,36,0,11
1403637255.638468027114868,37,0,36,0,11
1403637255.688467979431152,36,0,34,0,11
1403637255.738468170166016,34,0,33,0,11
1403637255.788468599319458,33,0,32,1,11
1403637255.838468790054321,42,0,31,10,11
1403637255.888468742370605,41,0,40,0,11
1403637255.938468694686890,41,0,40,0,11
1403637255.988468170166016,40,0,40,0,11
1403637256.038468122482300,41,0,40,1,11
1403637256.088467359542847,40,0,40,0,11
1403637256.138466596603394,40,0,40,0,11
1403637256.188465833663940,40,0,39,0,11
1403637256.238465547561646,40,0,39,0,11
1403637256.288465499877930,39,0,39,0,11
1403637256.338465213775635,38,0,38,0,11
1403637256.388464689254761,44,36,38,6,11
1403637256.438464641571045,48,0,43,4,11
1403637256.488464832305908,48,0,47,0,11
1403637256.538464546203613,47,0,47,0,11
1403637256.588464260101318,47,0,47,0,11
1403637256.638464212417603,47,0,46,0,11
1403637256.688464403152466,47,0,43,0,11
1403637256.738464117050171,46,0,42,0,11
1403637256.788463830947876,43,1,41,0,11
1403637256.838463783264160,40,0,39,0,11
1403637256.888463497161865,40,1,39,1,11
1403637256.938463926315308,40,1,38,0,11
1403637256.988465070724487,45,25,38,5,11
1403637257.038465738296509,43,1,43,0,11
1403637257.088466167449951,43,0,43,0,11
1403637257.138465642929077,44,0,43,1,11
1403637257.188465833663940,44,0,44,0,11
1403637257.238465070724487,44,0,43,0,11
1403637257.288464546203613,44,0,42,0,11
1403637257.338464498519897,44,0,42,1,11
1403637257.388463973999023,43,0,42,0,11
1403637257.438463687896729,44,0,41,1,11
1403637257.488463640213013,43,0,42,0,11
1403637257.538463592529297,43,0,42,0,11
1403637257.588462829589844,43,14,41,2,11
1403637257.638462305068970,42,0,42,0,11
1403637257.688461780548096,42,0,41,0,11
1403637257.738461732864380,41,0,39,0,11
1403637257.788461685180664,40,0,38,0,11
1403637257.838461637496948,38,1,38,0,11
1403637257.888461351394653,38,0,34,0,11
1403637257.938460826873779,37,0,35,0,11
1403637257.988460540771484,35,0,30,1,11
1403637258.038460254669189,34,0,31,0,11
1403637258.088460206985474,34,0,29,2,11
1403637258.138459920883179,31,0,29,0,11
1403637258.188460111618042,41,0,28,11,11
1403637258.238460063934326,40,1,40,0,11
1403637258.288460254669189,39,1,38,0,11
1403637258.338461160659790,50,12,36,11,11
1403637258.388461589813232,47,2,45,1,11
1403637258.438462018966675,48,0,45,2,11
1403637258.488462924957275,47,0,45,0,11
1403637258.538463830947876,44,0,43,0,11
1403637258.588463544845581,42,0,41,0,11
1403637258.638463258743286,42,0,39,0,11
1403637258.688462495803833,42,2,38,1,11
1403637258.738462924957275,47,0,39,8,11
1403637258.788462877273560,46,1,45,0,11
1403637258.838462829589844,44,0,42,0,11
1403637258.888462305068970,50,6,42,6,11
1403637258.938461542129517,50,7,47,2,11
1403637258.988461256027222,50,1,50,0,11
1403637259.038461208343506,50,1,50,0,11
1403637259.088462114334106,50,0,50,0,11
1403637259.138462066650391,50,13,50,0,11
1403637259.188461542129517,49,0,49,0,11
1403637259.238462209701538,49,0,47,0,11
1403637259.288462162017822,49,1,46,0,11
1403637259.338462114334106,50,5,46,3,11
1403637259.388461828231812,49,1,49,0,11
1403637259.438461780548096,49,0,49,0,11
1403637259.488461971282959,49,6,48,1,11
1403637259.538461923599243,49,4,48,1,11
1403637259.588462114334106,49,0,49,0,11
1403637259.638461828231812,49,0,49,0,11
1403637259.688461780548096,49,1,49,0,11
1403637259.738461256027222,49,30,49,0,11
1403637259.788461446762085,49,1,49,0,11
1403637259.838461399078369,49,0,49,0,11
1403637259.888461589813232,49,0,49,0,11
1403637259.938461780548096,48,3,48,0,11
1403637259.988461732864380,49,0,48,1,11
1403637260.038461923599243,49,0,47,0,11
1403637260.088461875915527,49,1,46,0,11
1403637260.138461589813232,49,6,45,3,11
1403637260.188461303710938,48,0,48,0,11
1403637260.238461017608643,47,0,46,0,11
1403637260.288460969924927,47,1,45,0,11
1403637260.338461399078369,46,18,45,1,11
1403637260.388461351394653,47,0,46,1,11
1403637260.438461303710938,47,2,47,0,11
1403637260.488460063934326,47,2,46,0,11
1403637260.538459777832031,50,0,46,3,11
1403637260.588459491729736,50,1,47,1,11
1403637260.638459205627441,50,0,46,0,11
1403637260.688459157943726,48,3,44,0,11
1403637260.738459110260010,46,0,43,1,11
1403637260.788459062576294,44,7,41,0,11
1403637260.838459014892578,44,0,41,0,11
1403637260.888458967208862,41,0,41,0,11
1403637260.938458919525146,47,9,41,6,11
1403637260.988458871841431,45,2,44,0,11
1403637261.038459539413452,45,1,41,0,11
1403637261.088459968566895,44,3,40,0,11
1403637261.138460636138916,40,1,39,0,11
1403637261.188461303710938,39,1,35,1,11
1403637261.238461256027222,35,1,31,0,11
1403637261.288461685180664,35,2,31,2,11
1403637261.338461399078369,31,1,30,0,11
1403637261.388461351394653,37,0,28,6,11
1403637261.438461542129517,36,4,34,0,11
1403637261.488461256027222,34,4,32,1,11
1403637261.538461685180664,37,1,31,5,11
1403637261.588462114334106,36,0,32,0,11
1403637261.638462543487549,34,0,31,0,11
1403637261.688461780548096,35,0,30,3,11
1403637261.738461732864380,38,3,33,4,11
1403637261.788460016250610,48,10,34,11,11
1403637261.838459253311157,47,1,41,0,11
1403637261.888458967208862,47,5,41,3,11
1403637261.938459634780884,43,4,42,0,11
1403637261.988460779190063,42,0,41,0,11
1403637262.038461923599243,41,1,41,0,11
1403637262.088463306427002,42,1,38,1,11
1403637262.138464450836182,44,4,39,2,11
1403637262.188464403152466,40,4,39,0,11
1403637262.238464832305908,41,5,39,1,11
1403637262.288460731506348,35,8,26,0,11
1403637262.338463783264160,31,7,15,0,11
1403637262.388458251953125,25,1,9,2,11
1403637262.438456535339355,14,0,6,0,11
1403637262.488456249237061,10,0,7,0,11
1403637262.538457393646240,8,0,8,0,11
1403637262.588457584381104,8,0,6,0,11
1403637262.638456583023071,6,0,6,0,11
1403637262.688455820083618,7,0,3,1,11
1403637262.738456010818481,6,0,3,0,11
1403637262.788456678390503,4,0,3,0,11
1403637262.838456153869629,3,0,3,0,11
1403637262.888456106185913,3,0,2,0,11
1403637262.938457489013672,3,0,1,1,11
1403637262.988459110260010,5,0,2,2,11
1403637263.038459777832031,4,0,4,0,11
1403637263.088459968566895,4,0,4,0,11
1403637263.138460159301758,4,0,3,0,11
1403637263.188461303710938,7,0,3,3,11
1403637263.238461494445801,6,0,5,0,11
1403637263.288461923599243,6,0,5,0,11
1403637263.338461875915527,5,0,5,0,11
1403637263.388461828231812,5,0,5,0,11
1403637263.438461780548096,5,0,5,0,11
1403637263.488461494445801,6,0,5,1,11
1403637263.538461685180664,6,0,5,0,11
1403637263.588461637496948,7,0,5,1,11
1403637263.638461589813232,7,0,5,1,11
1403637263.688461542129517,7,0,5,0,11
1403637263.738461494445801,7,0,5,1,11
1403637263.788461685180664,7,0,6,1,11
1403637263.838461637496948,7,0,5,0,11
1403637263.888461589813232,7,0,5,0,11
1403637263.938461542129517,7,0,5,2,11
1403637263.988461494445801,7,0,6,0,11
1403637264.038461685180664,7,0,5,0,11
1403637264.088461637496948,7,0,5,1,11
1403637264.138461589813232,7,0,5,1,11
1403637264.188461542129517,7,0,6,0,11
1403637264.238461494445801,7,0,5,1,11
1403637264.288461685180664,7,0,5,0,11
1403637264.338461875915527,7,0,5,1,11
1403637264.388461828231812,7,0,6,1,11
1403637264.438461780548096,7,0,5,0,11
1403637264.488461732864380,7,0,5,0,11
1403637264.538461923599243,7,0,5,2,11
1403637264.588461875915527,7,0,6,0,11
1403637264.638461828231812,7,0,5,0,11
1403637264.688461780548096,7,0,5,1,11
1403637264.738461732864380,7,0,5,1,11
1403637264.788462162017822,7,0,6,0,11
1403637264.838462114334106,7,0,6,1,11
1403637264.888462066650391,7,0,5,0,11
1403637264.938462018966675,7,0,5,0,11
1403637264.988461971282959,7,0,5,2,11
1403637265.038462162017822,7,0,6,0,11
1403637265.088462114334106,7,0,6,0,11
1403637265.138462066650391,7,0,6,1,11
1403637265.188462018966675,7,0,7,0,11
1403637265.238461971282959,7,0,6,0,11
1403637265.288462162017822,7,0,6,0,11
1403637265.338462114334106,7,0,6,1,11
1403637265.388462066650391,7,0,7,0,11
1403637265.438462018966675,7,0,7,0,11
1403637265.488461971282959,7,0,7,0,11
