# timestamp (sec),slam_feats_in_state,msckf_feats_used,slam_feats_updated,slam_feats_delayed_init,clones
1403637149.987318277359009,0,8,0,0,5
1403637150.036755084991455,15,14,0,15,6
1403637150.086406707763672,13,29,12,0,7
1403637150.136349201202393,10,1,8,0,8
1403637150.186404228210449,9,2,6,0,9
1403637150.236432313919067,5,10,5,0,10
1403637150.286446809768677,5,7,4,0,11
1403637150.336531877517700,3,4,3,0,11
1403637150.386538743972778,2,10,2,0,11
1403637150.436788082122803,1,7,1,0,11
1403637150.486697196960449,1,7,1,0,11
1403637150.536769390106201,0,5,0,0,11
1403637150.586838245391846,0,2,0,0,11
1403637150.637249231338501,12,7,0,12,11
1403637150.687317132949829,11,4,10,0,11
1403637150.737396240234375,10,0,9,0,11
1403637150.787371158599854,9,2,9,0,11
1403637150.837417840957642,10,2,9,1,11
1403637150.887588500976562,12,6,9,3,11
1403637150.937628746032715,12,1,11,0,11
1403637150.987830877304077,17,2,12,5,11
1403637151.037876605987549,18,2,16,1,11
1403637151.087860107421875,17,2,17,0,11
1403637151.137880563735962,20,2,17,3,11
1403637151.187987565994263,20,2,20,0,11
1403637151.238192319869995,26,3,20,6,11
1403637151.288264036178589,26,0,26,0,11
1403637151.338331222534180,26,1,25,1,11
1403637151.388304710388184,26,0,26,0,11
1403637151.438240289688110,26,5,26,0,11
1403637151.488261461257935,27,0,26,1,11
1403637151.538219690322876,29,0,27,2,11
1403637151.588171720504761,30,1,28,1,11
1403637151.638129949569702,30,1,29,0,11
1403637151.688076257705688,30,8,29,1,11
1403637151.738070487976074,30,0,29,0,11
1403637151.788089036941528,32,0,27,2,11
1403637151.838083028793335,31,0,29,0,11
1403637151.888107776641846,28,1,27,0,11
1403637151.938163995742798,35,1,26,7,11
1403637151.988175868988037,35,0,33,1,11
1403637152.038182735443115,35,1,34,1,11
1403637152.088199138641357,35,0,34,1,11
1403637152.138231039047241,37,0,35,2,11
1403637152.188216209411621,39,0,37,2,11
1403637152.238258838653564,39,1,38,1,11
1403637152.288244485855103,39,0,37,1,11
1403637152.338279724121094,37,0,37,0,11
1403637152.388313770294189,37,0,36,1,11
1403637152.438262224197388,37,0,34,1,11
1403637152.488287925720215,34,0,32,0,11
1403637152.538264989852905,32,0,32,0,11
1403637152.588241338729858,32,0,32,0,11
1403637152.638288021087646,32,0,31,1,11
1403637152.688300848007202,32,0,32,0,11
1403637152.738349437713623,32,0,32,0,11
1403637152.788391590118408,33,0,32,1,11
1403637152.838438034057617,33,0,33,0,11
1403637152.888478279113770,32,0,32,0,11
1403637152.938455581665039,35,0,31,4,11
1403637152.988423824310303,35,0,34,1,11
1403637153.038432598114014,35,1,35,0,11
1403637153.088435173034668,36,0,35,1,11
1403637153.138422966003418,37,1,32,2,11
1403637153.188435077667236,37,0,34,0,11
1403637153.238425016403198,35,1,34,1,11
1403637153.288406610488892,33,0,33,0,11
1403637153.338410139083862,33,1,33,0,11
1403637153.388434171676636,31,0,31,0,11
1403637153.438418865203857,31,0,31,0,11
1403637153.488466739654541,34,0,31,3,11
1403637153.538499593734741,36,0,33,2,11
1403637153.588496685028076,40,1,35,4,11
1403637153.638439893722534,39,0,39,0,11
1403637153.688398599624634,39,0,38,0,11
1403637153.738368511199951,40,0,38,1,11
1403637153.788322925567627,38,0,38,0,11
1403637153.838334798812866,40,2,38,2,11
1403637153.888333320617676,39,1,37,0,11
1403637153.938336849212646,39,1,35,0,11
1403637153.988370180130005,37,0,35,0,11
1403637154.038407325744629,35,0,35,0,11
1403637154.088509559631348,35,0,34,0,11
1403637154.138581991195679,35,0,34,0,11
1403637154.188662052154541,35,0,34,1,11
1403637154.238663434982300,39,0,35,4,11
1403637154.288620233535767,39,0,39,0,11
1403637154.338594913482666,38,0,36,0,11
1403637154.388552427291870,38,0,35,1,11
1403637154.438461065292358,36,0,34,0,11
1403637154.488438129425049,36,0,33,0,11
1403637154.538435935974121,33,0,31,0,11
1403637154.588408946990967,33,0,30,1,11
1403637154.638439178466797,34,0,31,2,11
1403637154.688449144363403,31,0,30,0,11
1403637154.738450765609741,33,0,26,3,11
1403637154.788485288619995,33,0,26,2,11
1403637154.838506937026978,31,1,27,1,11
1403637154.888511180877686,28,0,25,0,11
1403637154.938546895980835,27,0,24,0,11
1403637154.988575696945190,25,0,24,0,11
1403637155.038610219955444,23,0,22,0,11
1403637155.088632583618164,21,0,20,0,11
1403637155.138629198074341,21,0,19,1,11
1403637155.188663482666016,26,0,19,5,11
1403637155.238704442977905,24,1,22,1,11
1403637155.288706541061401,23,0,22,1,11
1403637155.338689565658569,24,1,22,1,11
1403637155.388706684112549,26,0,20,3,11
1403637155.438695192337036,30,1,21,7,11
1403637155.488691806793213,28,2,28,0,11
1403637155.538672208786011,35,0,28,7,11
1403637155.588650226593018,35,0,33,0,11
1403637155.638637304306030,35,1,32,1,11
1403637155.688619613647461,32,0,32,0,11
1403637155.738612174987793,32,0,32,0,11
1403637155.788596391677856,33,0,32,1,11
1403637155.838655233383179,39,3,32,6,11
1403637155.888612747192383,39,0,38,1,11
1403637155.938596248626709,37,0,34,0,11
1403637155.988599300384521,34,0,31,0,11
1403637156.038607835769653,31,0,26,0,11
1403637156.088612556457520,24,0,23,0,11
1403637156.138621330261230,21,0,21,0,11
1403637156.188624382019043,20,0,20,0,11
1403637156.238633155822754,19,0,19,0,11
1403637156.288628816604614,18,0,18,0,11
1403637156.338624238967896,18,0,18,0,11
1403637156.388635158538818,18,0,18,0,11
1403637156.438626050949097,17,0,17,0,11
1403637156.488613843917847,17,2,17,0,11
1403637156.538605213165283,16,1,16,0,11
1403637156.588603973388672,16,0,15,0,11
1403637156.638588190078735,15,2,14,1,11
1403637156.688591957092285,14,0,14,0,11
1403637156.738592147827148,14,0,14,0,11
1403637156.788582324981689,14,1,13,1,11
1403637156.838571071624756,15,0,14,1,11
1403637156.888540506362915,15,0,15,0,11
1403637156.938524723052979,15,0,15,0,11
1403637156.988499641418457,15,0,15,0,11
1403637157.038477182388306,16,1,15,1,11
1403637157.088482379913330,17,0,16,1,11
1403637157.138489961624146,17,0,17,0,11
1403637157.188482999801636,17,0,17,0,11
1403637157.238451480865479,22,0,15,5,11
1403637157.288451194763184,23,0,20,1,11
1403637157.338442087173462,21,0,21,0,11
1403637157.388424873352051,22,1,21,1,11
1403637157.438416719436646,22,0,21,0,11
1403637157.488418817520142,31,1,21,9,11
1403637157.538417100906372,30,0,30,0,11
1403637157.588414669036865,30,0,30,0,11
1403637157.638421297073364,39,0,30,9,11
1403637157.688427925109863,41,0,37,3,11
1403637157.738438129425049,43,1,40,2,11
1403637157.788446903228760,41,1,41,0,11
1403637157.838452577590942,41,0,39,2,11
1403637157.888476848602295,43,1,39,3,11
1403637157.938465595245361,46,0,41,3,11
1403637157.988464117050171,44,0,43,0,11
1403637158.038464307785034,43,4,39,4,11
1403637158.088485717773438,45,0,41,2,11
1403637158.138514757156372,48,4,42,3,11
1403637158.188525915145874,47,6,44,1,11
1403637158.238521575927734,45,0,44,1,11
1403637158.288505554199219,46,0,44,1,11
1403637158.338471651077271,47,2,44,1,11
1403637158.388451814651489,46,1,45,0,11
1403637158.438423871994019,47,2,43,4,11
1403637158.488368034362793,48,3,45,2,11
1403637158.538345098495483,47,2,44,1,11
1403637158.588336467742920,46,1,44,0,11
1403637158.638252735137939,46,4,42,3,11
1403637158.688245296478271,46,1,44,0,11
1403637158.738242626190186,43,2,40,1,11
1403637158.788230657577515,44,4,37,5,11
1403637158.838230609893799,41,0,39,0,11
1403637158.888224363327026,41,0,37,3,11
1403637158.938201427459717,39,0,38,0,11
1403637158.988184690475464,43,1,35,5,11
1403637159.038172245025635,44,1,40,3,11
1403637159.088166952133179,47,4,38,6,11
1403637159.138155460357666,49,6,43,3,11
1403637159.188133716583252,44,0,44,0,11
1403637159.238130092620850,47,1,43,3,11
1403637159.288129806518555,47,0,45,0,11
1403637159.338138103485107,47,0,42,2,11
1403637159.388122081756592,47,14,43,2,11
1403637159.438114404678345,47,2,44,1,11
1403637159.488120794296265,45,0,43,0,11
1403637159.538122653961182,45,2,42,1,11
1403637159.588142633438110,44,3,43,0,11
1403637159.638154983520508,41,1,39,0,11
1403637159.688160657882690,41,0,35,1,11
1403637159.738156318664551,44,1,34,6,11
1403637159.788149833679199,43,10,40,2,11
1403637159.838143825531006,42,1,39,0,11
1403637159.888133287429810,39,3,38,0,11
1403637159.938121795654297,38,1,34,1,11
1403637159.988127231597900,44,5,28,11,11
1403637160.038126230239868,42,2,37,0,11
1403637160.088134288787842,37,1,35,0,11
1403637160.138132333755493,33,1,31,0,11
1403637160.188128471374512,29,3,27,0,11
1403637160.238127470016479,37,2,27,10,11
1403637160.288185596466064,46,1,34,11,11
1403637160.338200569152832,46,3,43,0,11
1403637160.388222217559814,46,8,41,4,11
1403637160.438227653503418,45,0,44,1,11
1403637160.488231658935547,43,5,42,0,11
1403637160.538235425949097,38,1,37,0,11
1403637160.588232040405273,41,3,34,6,11
1403637160.638235330581665,44,1,40,4,11
1403637160.688277482986450,49,3,42,6,11
1403637160.738320112228394,47,2,45,0,11
1403637160.788370609283447,43,1,43,0,11
1403637160.838437795639038,47,0,42,5,11
1403637160.888492584228516,47,0,45,0,11
1403637160.938549757003784,47,0,44,0,11
1403637160.988630533218384,47,4,43,3,11
1403637161.038653135299683,48,0,46,1,11
1403637161.088752031326294,47,3,46,1,11
1403637161.138788223266602,48,0,45,3,11
1403637161.188802480697632,47,2,47,0,11
1403637161.238801956176758,47,1,46,1,11
1403637161.288796663284302,49,5,47,2,11
1403637161.338788270950317,49,8,48,1,11
1403637161.388770580291748,49,0,49,0,11
1403637161.438745021820068,47,2,46,1,11
1403637161.488749980926514,48,3,45,2,11
1403637161.538715839385986,46,2,45,0,11
1403637161.588710546493530,48,14,45,3,11
1403637161.638697385787964,47,1,45,0,11
1403637161.688689231872559,47,2,42,2,11
1403637161.738686084747314,43,3,40,1,11
1403637161.788663625717163,41,2,36,5,11
1403637161.838643789291382,45,5,40,5,11
1403637161.888620853424072,43,7,42,0,11
1403637161.938606262207031,44,1,42,1,11
1403637161.988606214523315,43,3,42,0,11
1403637162.038602113723755,41,3,38,0,11
1403637162.088622808456421,38,2,35,1,11
1403637162.138651371002197,35,1,33,0,11
1403637162.188695669174194,47,4,33,13,11
1403637162.238704442977905,46,8,42,3,11
1403637162.288712739944458,46,0,44,0,11
1403637162.338719129562378,46,0,44,1,11
1403637162.388713359832764,47,0,45,2,11
1403637162.438716888427734,47,0,46,0,11
1403637162.488727569580078,49,2,44,3,11
1403637162.538726329803467,48,9,46,1,11
1403637162.588723659515381,45,2,45,0,11
1403637162.638739585876465,46,2,44,1,11
1403637162.688734769821167,49,2,44,4,11
1403637162.738742828369141,49,3,47,1,11
1403637162.788736581802368,48,16,45,1,11
1403637162.838752985000610,50,5,45,2,11
1403637162.888753414154053,46,1,45,0,11
1403637162.938750982284546,44,1,44,0,11
1403637162.988739490509033,44,0,41,2,11
1403637163.038746356964111,44,2,42,1,11
1403637163.088746786117554,44,2,40,3,11
1403637163.138757944107056,50,1,43,6,11
1403637163.188757419586182,42,0,40,0,11
1403637163.238745450973511,48,3,38,7,11
1403637163.288736343383789,47,2,42,2,11
1403637163.338731527328491,46,3,40,0,11
1403637163.388716697692871,44,10,37,3,11
1403637163.438705921173096,48,7,38,7,11
1403637163.488706350326538,48,1,44,1,11
1403637163.538707017898560,46,1,42,2,11
1403637163.588705062866211,44,5,42,0,11
1403637163.638703823089600,41,0,38,0,11
1403637163.688703775405884,46,1,38,6,11
1403637163.738712072372437,44,1,43,0,11
1403637163.788720130920410,46,0,40,4,11
1403637163.838730573654175,46,2,41,1,11
1403637163.888736248016357,45,2,42,0,11
1403637163.938731431961060,46,6,42,4,11
1403637163.988732337951660,48,2,40,4,11
1403637164.038733482360840,49,7,43,2,11
1403637164.088734388351440,45,0,44,1,11
1403637164.138727426528931,50,13,43,5,11
1403637164.188722372055054,49,5,47,0,11
1403637164.238710880279541,47,0,46,1,11
1403637164.288704395294189,48,2,45,2,11
1403637164.338697195053101,47,1,45,0,11
1403637164.388681650161743,46,4,43,0,11
1403637164.438664436340332,48,12,42,4,11
1403637164.488665819168091,46,1,44,1,11
1403637164.538641691207886,49,9,44,3,11
1403637164.588640928268433,47,4,45,0,11
1403637164.638636827468872,48,2,43,3,11
1403637164.688636541366577,48,6,44,2,11
1403637164.738635063171387,45,3,41,2,11
1403637164.788639068603516,47,9,38,5,11
1403637164.838637113571167,40,2,36,0,11
1403637164.888631820678711,33,3,30,0,11
1403637164.938629627227783,31,3,28,1,11
1403637164.988624572753906,29,4,27,1,11
1403637165.038622856140137,32,1,25,7,11
1403637165.088625431060791,32,0,29,2,11
1403637165.138623237609863,40,8,30,8,11
1403637165.188621282577515,36,5,32,1,11
1403637165.238612890243530,34,2,31,1,11
1403637165.288606882095337,27,4,25,0,11
1403637165.338582515716553,25,5,19,3,11
1403637165.388579607009888,29,7,20,8,11
1403637165.438580274581909,25,3,23,1,11
1403637165.488577842712402,24,4,22,0,11
1403637165.538572072982788,26,5,18,4,11
1403637165.588569402694702,25,5,18,6,11
1403637165.638562202453613,26,5,23,2,11
1403637165.688553810119629,27,3,24,2,11
1403637165.738537788391113,28,2,23,3,11
1403637165.788535594940186,28,3,21,3,11
1403637165.838533401489258,30,5,24,3,11
1403637165.888529539108276,33,2,26,7,11
1403637165.938527822494507,39,2,30,7,11
1403637165.988522768020630,44,8,34,6,11
1403637166.038517713546753,42,4,37,3,11
1403637166.088519573211670,48,4,40,8,11
1403637166.138521909713745,48,1,46,1,11
1403637166.188530921936035,49,2,46,2,11
1403637166.238524436950684,46,3,43,1,11
1403637166.288522243499756,49,3,39,4,11
1403637166.338489055633545,46,6,41,1,11
1403637166.388460397720337,44,8,38,4,11
1403637166.438460111618042,40,1,40,0,11
1403637166.488456010818481,45,0,40,5,11
1403637166.538462638854980,45,4,43,0,11
1403637166.588446617126465,49,0,43,5,11
1403637166.638407468795776,47,0,46,0,11
1403637166.688376903533936,44,2,42,1,11
1403637166.738357782363892,45,2,41,2,11
1403637166.788352012634277,44,1,40,2,11
1403637166.838360309600830,42,1,40,1,11
1403637166.888370513916016,46,1,40,4,11
1403637166.938391447067261,47,1,42,4,11
1403637166.988426446914673,48,8,46,2,11
1403637167.038440942764282,49,2,48,1,11
1403637167.088447332382202,49,0,48,0,11
1403637167.138453722000122,48,0,46,0,11
1403637167.188462257385254,49,0,46,2,11
1403637167.238454818725586,48,0,47,1,11
1403637167.288454771041870,48,6,48,0,11
1403637167.338452816009521,48,0,48,0,11
1403637167.388448476791382,49,0,48,1,11
1403637167.438447713851929,50,5,47,1,11
1403637167.488448858261108,50,0,48,0,11
1403637167.538450956344604,48,2,48,0,11
1403637167.588448286056519,49,13,45,2,11
1403637167.638440132141113,50,5,44,1,11
1403637167.688428163528442,47,9,42,0,11
1403637167.738425016403198,43,2,40,0,11
1403637167.788421392440796,41,1,39,0,11
1403637167.838419914245605,41,2,39,1,11
1403637167.888407707214355,49,1,39,9,11
1403637167.938401937484741,48,4,44,0,11
1403637167.988394975662231,47,2,35,2,11
1403637168.038377285003662,44,2,34,3,11
1403637168.088377714157104,39,1,36,2,11
1403637168.138391017913818,47,6,37,8,11
1403637168.188394784927368,49,3,40,4,11
1403637168.238398551940918,47,5,42,1,11
1403637168.288400650024414,45,6,39,3,11
1403637168.338401556015015,45,1,39,2,11
1403637168.388403177261353,43,5,38,2,11
1403637168.438402414321899,45,10,35,8,11
1403637168.488403558731079,44,2,39,0,11
1403637168.538405895233154,42,6,37,0,11
1403637168.588409423828125,38,2,34,1,11
1403637168.638412475585938,35,2,30,1,11
1403637168.688417434692383,38,1,30,7,11
1403637168.738424301147461,44,2,36,7,11
1403637168.788420677185059,47,7,37,5,11
1403637168.838421344757080,45,2,41,0,11
1403637168.888423919677734,44,2,39,3,11
1403637168.938422679901123,42,2,35,2,11
1403637168.988425254821777,39,3,34,1,11
1403637169.038429737091064,47,2,33,10,11
1403637169.088432788848877,45,5,40,1,11
1403637169.138435602188110,46,8,36,4,11
1403637169.188434839248657,45,5,38,3,11
1403637169.238433122634888,42,1,37,1,11
1403637169.288426399230957,46,14,35,6,11
1403637169.338423490524292,43,3,38,0,11
1403637169.388423681259155,43,2,35,5,11
1403637169.438420534133911,41,5,40,1,11
1403637169.488419532775879,43,1,39,4,11
1403637169.538423538208008,48,8,38,6,11
1403637169.588422536849976,46,4,41,1,11
1403637169.638422250747681,43,3,34,4,11
1403637169.688428163528442,38,2,34,0,11
1403637169.738434314727783,35,2,27,2,11
1403637169.788441419601440,41,5,24,9,11
1403637169.838440656661987,32,2,25,0,11
1403637169.888437271118164,26,3,20,2,11
1403637169.938434839248657,30,6,21,8,11
1403637169.988430738449097,30,6,28,0,11
1403637170.038429498672485,29,3,27,1,11
1403637170.088428735733032,28,3,28,0,11
1403637170.138430595397949,35,3,23,12,11
1403637170.188430547714233,35,5,34,0,11
1403637170.238430500030518,35,0,30,1,11
1403637170.288429737091064,35,2,27,5,11
1403637170.338427782058716,39,6,27,8,11
1403637170.388427495956421,34,1,32,0,11
1403637170.438433885574341,36,2,29,4,11
1403637170.488441705703735,38,2,28,7,11
1403637170.538442373275757,36,3,32,2,11
1403637170.588447570800781,29,7,25,1,11
1403637170.638450622558594,25,2,21,0,11
1403637170.688451766967773,28,5,20,6,11
1403637170.738451719284058,26,6,24,2,11
1403637170.788453578948975,22,9,21,0,11
1403637170.838454961776733,25,6,19,3,11
1403637170.888458251953125,22,2,19,0,11
1403637170.938458681106567,25,4,19,4,11
1403637170.988456487655640,23,1,23,0,11
1403637171.038458347320557,29,1,23,6,11
1403637171.088461160659790,33,4,27,4,11
1403637171.138460636138916,37,6,29,5,11
1403637171.188467264175415,42,0,34,7,11
1403637171.238474845886230,38,2,36,1,11
1403637171.288488626480103,44,2,35,7,11
1403637171.338502407073975,46,5,39,6,11
1403637171.388504743576050,49,6,43,4,11
1403637171.438504695892334,47,0,47,0,11
1403637171.488507270812988,47,0,46,1,11
1403637171.538511514663696,48,3,44,3,11
1403637171.588510513305664,46,2,45,0,11
1403637171.638510227203369,47,8,45,2,11
1403637171.688510894775391,46,0,46,0,11
1403637171.738508939743042,50,4,46,4,11
1403637171.788509368896484,49,2,49,0,11
1403637171.838513374328613,49,7,48,1,11
1403637171.888515949249268,50,0,49,1,11
1403637171.938519001007080,49,3,48,0,11
1403637171.988523483276367,47,8,46,0,11
1403637172.038524389266968,47,1,44,1,11
1403637172.088526248931885,49,1,45,3,11
1403637172.138522624969482,48,6,47,1,11
1403637172.188509941101074,48,1,48,0,11
1403637172.238493204116821,47,6,45,2,11
1403637172.288487672805786,47,3,47,0,11
1403637172.338488101959229,46,0,45,1,11
1403637172.388487339019775,41,1,41,0,11
1403637172.438484430313110,48,2,40,8,11
1403637172.488491773605347,48,2,47,0,11
1403637172.538502216339111,48,0,46,2,11
1403637172.588514804840088,50,6,48,2,11
1403637172.638520956039429,50,1,49,0,11
1403637172.688525676727295,50,2,49,0,11
1403637172.738524913787842,49,11,48,1,11
1403637172.788515329360962,49,2,47,0,11
1403637172.838496446609497,49,4,46,1,11
1403637172.888473510742188,44,4,42,1,11
1403637172.938457250595093,48,6,41,6,11
1403637172.988452196121216,47,3,47,0,11
1403637173.038450479507446,46,1,46,0,11
1403637173.088448524475098,46,2,46,0,11
1403637173.138443470001221,47,9,44,3,11
1403637173.188427448272705,50,2,46,3,11
1403637173.238413572311401,50,2,47,0,11
1403637173.288394927978516,48,2,43,0,11
1403637173.338372230529785,48,7,40,2,11
1403637173.388358116149902,45,0,42,0,11
1403637173.438343524932861,45,0,39,4,11
1403637173.488344192504883,47,1,42,3,11
1403637173.538349151611328,49,14,45,4,11
1403637173.588374853134155,49,20,48,0,11
1403637173.638384580612183,49,0,47,0,11
1403637173.688397645950317,48,0,46,0,11
1403637173.738411188125610,49,4,45,2,11
1403637173.788424491882324,48,0,46,1,11
1403637173.838433027267456,44,1,41,0,11
1403637173.888443946838379,40,0,35,1,11
1403637173.938449144363403,40,2,34,5,11
1403637173.988453626632690,42,1,39,3,11
1403637174.038451910018921,45,1,40,3,11
1403637174.088445901870728,45,2,40,0,11
1403637174.138435363769531,44,3,37,4,11
1403637174.188426971435547,46,11,39,6,11
1403637174.238424301147461,43,0,41,0,11
1403637174.288424015045166,42,0,39,1,11
1403637174.338433504104614,47,6,40,7,11
1403637174.388434648513794,48,2,45,1,11
1403637174.438436031341553,48,2,44,0,11
1403637174.488435268402100,44,1,38,0,11
1403637174.538430690765381,42,3,35,1,11
1403637174.588424444198608,38,1,35,1,11
1403637174.638419628143311,36,0,33,1,11
1403637174.688409328460693,42,6,33,9,11
1403637174.738398790359497,44,2,38,3,11
1403637174.788390636444092,40,6,32,4,11
1403637174.838387727737427,46,2,32,10,11
1403637174.888386487960815,45,13,40,2,11
1403637174.938384056091309,49,5,42,6,11
1403637174.988383769989014,49,0,48,0,11
1403637175.038386821746826,46,4,46,0,11
1403637175.088390350341797,46,6,43,1,11
1403637175.138396501541138,45,1,42,2,11
1403637175.188400506973267,46,2,43,2,11
1403637175.238405704498291,44,3,41,1,11
1403637175.288405418395996,40,5,37,0,11
1403637175.338406324386597,37,0,34,0,11
1403637175.388404607772827,40,2,33,5,11
1403637175.438401460647583,36,0,35,1,11
1403637175.488396644592285,48,2,35,13,11
1403637175.538394212722778,49,2,48,1,11
1403637175.588391780853271,48,10,46,1,11
1403637175.638391256332397,48,0,46,0,11
1403637175.688390254974365,45,0,43,0,11
1403637175.738380670547485,49,4,41,5,11
1403637175.788379669189453,47,1,43,1,11
1403637175.838380098342896,45,2,43,0,11
1403637175.888380289077759,48,4,42,5,11
1403637175.938381195068359,49,5,46,1,11
1403637175.988381624221802,48,5,45,1,11
1403637176.038378477096558,49,3,45,2,11
1403637176.088376283645630,46,6,45,0,11
1403637176.138375759124756,44,5,44,0,11
1403637176.188377380371094,50,9,44,6,11
1403637176.238377809524536,49,2,48,0,11
1403637176.288380861282349,49,2,48,0,11
1403637176.338380575180054,49,1,47,1,11
1403637176.388383865356445,46,1,43,0,11
1403637176.438387870788574,44,1,43,0,11
1403637176.488389730453491,49,4,42,7,11
1403637176.538391113281250,47,7,45,1,11
1403637176.588387966156006,48,4,45,2,11
1403637176.638389587402344,46,6,44,0,11
1403637176.688392400741577,49,15,43,4,11
1403637176.738392114639282,47,0,47,0,11
1403637176.788392305374146,50,0,46,3,11
1403637176.838392019271851,47,1,46,0,11
1403637176.888392925262451,47,1,46,1,11
1403637176.938394784927368,46,1,44,2,11
1403637176.988395214080811,46,0,46,0,11
1403637177.038394451141357,47,20,43,4,11
1403637177.088393688201904,46,3,43,3,11
1403637177.138391733169556,49,4,45,4,11
1403637177.188391208648682,50,0,49,1,11
1403637177.238392591476440,50,3,49,0,11
1403637177.288393259048462,50,10,49,0,11
1403637177.338396310806274,47,3,45,0,11
1403637177.388398408889771,44,0,39,0,11
1403637177.438400745391846,42,0,40,0,11
1403637177.488403558731079,39,2,39,0,11
1403637177.538406848907471,39,3,37,0,11
1403637177.588410615921021,49,14,36,10,11
1403637177.638417482376099,48,15,45,1,11
1403637177.688418149948120,47,0,45,0,11
1403637177.738418340682983,46,0,42,1,11
1403637177.788417339324951,41,0,39,0,11
1403637177.838415384292603,40,0,37,2,11
1403637177.888414382934570,49,2,39,9,11
1403637177.938410758972168,47,7,43,1,11
1403637177.988408327102661,47,0,44,0,11
1403637178.038403272628784,45,0,42,2,11
1403637178.088399648666382,44,2,42,1,11
1403637178.138396739959717,41,0,40,0,11
1403637178.188389778137207,47,8,36,9,11
1403637178.238391637802124,46,12,41,3,11
1403637178.288403034210205,48,10,42,4,11
1403637178.338407039642334,47,1,45,1,11
1403637178.388410806655884,46,0,45,0,11
1403637178.438410520553589,47,1,44,1,11
1403637178.488412857055664,45,1,42,0,11
1403637178.538414955139160,45,2,42,2,11
1403637178.588418006896973,43,1,42,0,11
1403637178.638424873352051,42,2,39,0,11
1403637178.688435554504395,41,2,39,1,11
1403637178.738442182540894,39,0,39,0,11
1403637178.788447856903076,42,0,38,3,11
1403637178.838456392288208,46,10,40,4,11
1403637178.888460636138916,48,8,44,3,11
1403637178.938463449478149,46,0,46,0,11
1403637178.988467454910278,47,0,43,1,11
1403637179.038469076156616,49,7,44,2,11
1403637179.088469743728638,47,1,45,1,11
1403637179.138470888137817,47,0,46,0,11
1403637179.188475131988525,46,0,46,0,11
1403637179.238474607467651,46,1,46,0,11
1403637179.288474321365356,47,0,44,1,11
1403637179.338473558425903,47,0,44,1,11
1403637179.388472080230713,48,0,43,2,11
1403637179.438472509384155,49,16,44,2,11
1403637179.488472223281860,49,5,45,2,11
1403637179.538471698760986,50,0,46,2,11
1403637179.588471174240112,47,0,44,0,11
1403637179.638470411300659,49,5,44,3,11
1403637179.688469886779785,48,2,47,1,11
1403637179.738470315933228,48,1,47,0,11
1403637179.788469314575195,48,0,46,0,11
1403637179.838468074798584,45,3,45,0,11
1403637179.888465881347656,49,7,44,4,11
1403637179.938467264175415,48,1,45,0,11
1403637179.988468408584595,48,4,40,1,11
1403637180.038469791412354,47,15,38,2,11
1403637180.088471174240112,44,1,39,3,11
1403637180.138475418090820,44,0,41,2,11
1403637180.188475847244263,47,1,39,3,11
1403637180.238472700119019,48,7,40,2,11
1403637180.288475990295410,43,1,36,4,11
1403637180.338477849960327,41,1,37,0,11
1403637180.388477325439453,40,1,36,1,11
1403637180.438474655151367,42,4,36,4,11
1403637180.488475084304810,44,5,36,4,11
1403637180.538476705551147,41,3,37,1,11
1403637180.588479518890381,39,2,34,2,11
1403637180.638476610183716,43,0,36,5,11
1403637180.688468217849731,42,2,38,4,11
1403637180.738464593887329,44,1,41,2,11
1403637180.788460254669189,45,1,41,2,11
1403637180.838463544845581,45,2,42,2,11
1403637180.888467550277710,43,3,35,5,11
1403637180.938468217849731,43,2,37,1,11
1403637180.988472461700439,46,5,37,8,11
1403637181.038479804992676,45,2,44,0,11
1403637181.088485956192017,49,4,42,5,11
1403637181.138483762741089,48,1,44,0,11
1403637181.188485145568848,44,1,39,0,11
1403637181.238484859466553,40,5,35,0,11
1403637181.288485288619995,46,1,33,10,11
1403637181.338485002517700,41,4,35,0,11
1403637181.388483524322510,40,0,32,1,11
1403637181.438484430313110,36,4,31,3,11
1403637181.488486766815186,47,3,32,13,11
1403637181.538489341735840,44,3,41,1,11
1403637181.588490962982178,46,0,41,3,11
1403637181.638492822647095,45,0,43,1,11
1403637181.688493967056274,47,1,42,2,11
1403637181.738493442535400,44,17,38,4,11
1403637181.788491725921631,41,1,36,1,11
1403637181.838491201400757,40,1,35,0,11
1403637181.888491868972778,35,1,32,2,11
1403637181.938490867614746,39,0,29,6,11
1403637181.988490104675293,39,2,34,1,11
1403637182.038486242294312,45,3,33,9,11
1403637182.088484764099121,44,3,40,2,11
1403637182.138483762741089,46,3,40,4,11
1403637182.188481807708740,49,6,42,4,11
1403637182.238481760025024,46,0,43,1,11
1403637182.288482427597046,43,2,40,0,11
1403637182.338481903076172,43,7,35,4,11
1403637182.388481378555298,41,0,37,1,11
1403637182.438479900360107,48,8,33,11,11
1403637182.488477230072021,48,2,42,1,11
1403637182.538474559783936,44,4,42,1,11
1403637182.588472843170166,43,0,41,1,11
1403637182.638467788696289,44,1,41,1,11
1403637182.688464164733887,40,2,39,0,11
1403637182.738455057144165,49,5,38,10,11
1403637182.788454294204712,49,1,46,1,11
1403637182.838453531265259,48,1,44,0,11
1403637182.888453006744385,46,0,43,1,11
1403637182.938451290130615,46,4,41,4,11
1403637182.988450288772583,46,1,44,1,11
1403637183.038443326950073,45,35,44,1,11
1403637183.088443040847778,45,0,45,0,11
1403637183.138442993164062,45,0,43,0,11
1403637183.188443183898926,45,1,43,0,11
1403637183.238444328308105,43,0,43,0,11
1403637183.288444995880127,44,0,41,1,11
1403637183.338445901870728,49,1,41,5,11
1403637183.388446807861328,48,0,42,1,11
1403637183.438446998596191,45,0,42,0,11
1403637183.488446712493896,43,0,43,0,11
1403637183.538445472717285,45,1,40,2,11
1403637183.588445663452148,44,1,40,0,11
1403637183.638442754745483,44,35,40,2,11
1403637183.688444137573242,42,2,41,0,11
1403637183.738445043563843,41,0,38,0,11
1403637183.788445711135864,40,1,38,0,11
1403637183.838446378707886,39,2,37,2,11
1403637183.888446331024170,39,0,37,0,11
1403637183.938446044921875,50,5,37,11,11
1403637183.988445520401001,48,2,46,0,11
1403637184.038447856903076,49,2,45,1,11
1403637184.088448762893677,48,1,45,0,11
1403637184.138450860977173,48,36,45,2,11
1403637184.188453435897827,47,0,47,0,11
1403637184.238456964492798,47,27,46,1,11
1403637184.288458585739136,48,0,45,2,11
1403637184.338459730148315,47,0,46,0,11
1403637184.388465881347656,46,0,40,1,11
1403637184.438472986221313,44,0,34,2,11
1403637184.488482952117920,39,1,34,0,11
1403637184.538492202758789,39,1,28,4,11
1403637184.588500976562500,38,0,30,1,11
1403637184.638507843017578,33,1,28,1,11
1403637184.688510894775391,30,0,27,1,11
1403637184.738530874252319,44,6,25,16,11
1403637184.788532257080078,46,2,41,2,11
1403637184.838537693023682,45,13,40,3,11
1403637184.888531208038330,45,0,43,0,11
1403637184.938527584075928,43,1,43,0,11
1403637184.988525629043579,44,1,43,1,11
1403637185.038521528244019,43,6,43,0,11
1403637185.088517427444458,46,0,41,4,11
1403637185.138510465621948,46,3,44,1,11
1403637185.188504219055176,47,3,43,3,11
1403637185.238502025604248,49,5,45,3,11
1403637185.288500070571899,49,3,48,1,11
1403637185.338498830795288,49,5,49,0,11
1403637185.388498783111572,50,12,47,1,11
1403637185.438498258590698,49,15,47,0,11
1403637185.488495349884033,47,0,45,0,11
1403637185.538488626480103,49,23,44,2,11
1403637185.588484525680542,47,0,43,0,11
1403637185.638477563858032,44,3,40,0,11
1403637185.688473463058472,41,0,40,0,11
1403637185.738470554351807,40,0,39,0,11
1403637185.788470506668091,40,0,38,1,11
1403637185.838471174240112,40,0,37,1,11
1403637185.888469934463501,39,1,38,0,11
1403637185.938467025756836,48,0,38,10,11
1403637185.988460302352905,50,7,47,2,11
1403637186.038455724716187,49,16,48,0,11
1403637186.088452100753784,49,1,47,1,11
1403637186.138435840606689,50,10,48,1,11
1403637186.188435316085815,49,2,48,0,11
1403637186.238433122634888,49,0,46,1,11
1403637186.288430213928223,50,2,47,2,11
1403637186.338431119918823,49,1,49,0,11
1403637186.388432025909424,49,1,49,0,11
1403637186.438432693481445,49,0,48,0,11
1403637186.488434314727783,50,1,48,1,11
1403637186.538432836532593,49,2,49,0,11
1403637186.588434219360352,49,8,48,1,11
1403637186.638433218002319,50,16,48,1,11
1403637186.688432931900024,50,3,49,0,11
1403637186.738430976867676,49,20,48,0,11
1403637186.788429498672485,50,2,48,1,11
1403637186.838429927825928,49,0,48,0,11
1403637186.888431072235107,50,2,48,1,11
1403637186.938434362411499,49,2,49,0,11
1403637186.988438367843628,49,1,49,0,11
1403637187.038442611694336,49,0,48,0,11
1403637187.088446617126465,50,0,48,1,11
1403637187.138446569442749,49,4,49,0,11
1403637187.188445568084717,50,7,48,1,11
1403637187.238441467285156,50,18,49,0,11
1403637187.288439989089966,49,4,49,0,11
1403637187.338439226150513,50,19,48,1,11
1403637187.388439893722534,50,3,50,0,11
1403637187.438442230224609,49,28,48,0,11
1403637187.488442659378052,47,4,45,1,11
1403637187.538443088531494,48,0,45,3,11
1403637187.588443756103516,48,1,47,1,11
1403637187.638444423675537,47,0,47,0,11
1403637187.688445568084717,45,0,45,0,11
1403637187.738446474075317,49,0,45,4,11
1403637187.788446426391602,48,6,47,1,11
1403637187.838448524475098,50,14,48,2,11
1403637187.888448476791382,50,2,50,0,11
1403637187.938448429107666,50,11,49,0,11
1403637187.988449096679688,49,2,48,0,11
1403637188.038448810577393,49,24,48,1,11
1403637188.088449239730835,50,1,49,1,11
1403637188.138449907302856,48,1,48,0,11
1403637188.188450098037720,47,1,46,0,11
1403637188.238450765609741,46,3,44,0,11
1403637188.288451194763184,43,1,42,0,11
1403637188.338451385498047,43,1,42,0,11
1403637188.388451099395752,44,0,39,4,11
1403637188.438451051712036,49,9,43,5,11
1403637188.488450765609741,49,1,48,1,11
1403637188.538450956344604,50,5,49,1,11
1403637188.588449716567993,49,6,49,0,11
1403637188.638448953628540,49,19,48,1,11
1403637188.688448429107666,46,3,45,0,11
1403637188.738448143005371,45,1,42,1,11
1403637188.788448333740234,43,0,42,0,11
1403637188.838448524475098,47,3,39,6,11
1403637188.888447523117065,47,1,44,1,11
1403637188.938446998596191,45,1,44,0,11
1403637188.988446235656738,46,0,42,1,11
1403637189.038444757461548,46,2,42,3,11
1403637189.088442325592041,47,25,41,4,11
1403637189.138439893722534,48,0,43,3,11
1403637189.188437461853027,49,0,45,2,11
1403637189.238438367843628,47,14,45,1,11
1403637189.288441658020020,45,0,45,0,11
1403637189.338445425033569,44,1,44,0,11
1403637189.388447046279907,44,1,44,0,11
1403637189.438447237014771,45,1,44,1,11
1403637189.488447189331055,43,1,43,0,11
1403637189.538446903228760,45,1,41,2,11
1403637189.588448524475098,44,2,42,0,11
1403637189.638450622558594,44,2,42,2,11
1403637189.688454389572144,45,12,41,3,11
1403637189.738457918167114,45,0,44,0,11
1403637189.788461923599243,44,0,43,1,11
1403637189.838469028472900,47,12,43,3,11
1403637189.888467550277710,46,1,43,1,11
1403637189.938464879989624,42,0,39,0,11
1403637189.988463401794434,41,3,39,0,11
1403637190.038462638854980,39,3,38,0,11
1403637190.088462829589844,38,1,37,0,11
1403637190.138462781906128,37,2,37,0,11
1403637190.188461303710938,44,7,37,7,11
1403637190.238460779190063,43,1,42,1,11
1403637190.288460016250610,48,3,41,5,11
1403637190.338460206985474,48,0,46,0,11
1403637190.388462781906128,46,1,45,1,11
1403637190.438462495803833,48,14,46,2,11
1403637190.488461017608643,47,0,46,0,11
1403637190.538459539413452,48,0,45,1,11
1403637190.588457107543945,47,1,45,0,11
1403637190.638452053070068,45,1,42,2,11
1403637190.688449859619141,43,2,43,0,11
1403637190.738447904586792,49,2,42,7,11
1403637190.788448333740234,50,2,48,1,11
1403637190.838450193405151,50,1,49,0,11
1403637190.888451337814331,49,3,48,0,11
1403637190.938452720642090,49,0,47,0,11
1403637190.988452434539795,49,0,47,1,11
1403637191.038452625274658,48,8,47,0,11
1403637191.088452339172363,48,0,47,0,11
1403637191.138448476791382,48,17,47,1,11
1403637191.188447475433350,49,0,47,1,11
1403637191.238446712493896,50,0,47,1,11
1403637191.288447141647339,49,1,47,0,11
1403637191.338446617126465,49,2,47,1,11
1403637191.388446331024170,48,2,48,0,11
1403637191.438446760177612,47,0,47,0,11
1403637191.488446712493896,49,1,46,2,11
1403637191.538446426391602,49,0,46,0,11
1403637191.588446378707886,49,0,46,1,11
1403637191.638447046279907,48,6,47,1,11
1403637191.688446998596191,48,1,48,0,11
1403637191.738448619842529,49,12,47,1,11
1403637191.788448333740234,48,0,43,0,11
1403637191.838445425033569,45,3,40,0,11
1403637191.888442754745483,42,1,38,2,11
1403637191.938439130783081,43,1,40,2,11
1403637191.988436937332153,42,0,40,1,11
1403637192.038438320159912,40,1,39,0,11
1403637192.088438987731934,39,0,37,0,11
1403637192.138438224792480,38,1,35,0,11
1403637192.188435316085815,43,1,33,9,11
1403637192.238434076309204,46,3,42,4,11
1403637192.288433790206909,46,0,45,0,11
1403637192.338432550430298,48,7,43,2,11
1403637192.388432025909424,47,1,45,0,11
1403637192.438432455062866,45,1,44,1,11
1403637192.488432407379150,47,3,44,2,11
1403637192.538431882858276,48,0,46,1,11
1403637192.588431358337402,49,3,47,2,11
1403637192.638433218002319,50,10,48,1,11
1403637192.688433170318604,50,1,49,0,11
1403637192.738432884216309,48,0,48,0,11
1403637192.788432836532593,49,1,47,1,11
1403637192.838432788848877,49,3,48,0,11
1403637192.888432502746582,48,1,48,0,11
1403637192.938433170318604,48,7,47,0,11
1403637192.988432407379150,49,1,46,1,11
1403637193.038431882858276,49,1,47,1,11
1403637193.088432788848877,47,6,47,0,11
1403637193.138432979583740,48,4,47,1,11
1403637193.188434362411499,48,5,48,0,11
1403637193.238435983657837,50,6,48,2,11
1403637193.288436651229858,50,2,49,0,11
1403637193.338436603546143,50,2,49,0,11
1403637193.388435363769531,48,4,48,0,11
1403637193.438433647155762,46,5,46,0,11
1403637193.488432645797729,46,1,45,1,11
1403637193.538432121276855,46,3,44,2,11
1403637193.588428497314453,46,6,42,2,11
1403637193.638428688049316,45,1,41,1,11
1403637193.688429594039917,44,0,41,1,11
1403637193.738429546356201,42,0,41,1,11
1403637193.788430213928223,43,0,41,2,11
1403637193.838429212570190,44,0,41,2,11
1403637193.888429880142212,44,0,41,1,11
1403637193.938429117202759,43,5,39,2,11
1403637193.988431692123413,44,0,39,4,11
1403637194.038433313369751,42,4,39,1,11
1403637194.088433742523193,39,0,37,0,11
1403637194.138432979583740,44,4,36,6,11
1403637194.188434839248657,42,1,40,0,11
1403637194.238435029983521,40,0,39,0,11
1403637194.288435935974121,39,0,38,1,11
1403637194.338436365127563,39,1,38,1,11
1403637194.388436317443848,38,0,38,0,11
1403637194.438436746597290,36,0,36,0,11
1403637194.488436698913574,34,1,34,0,11
1403637194.538439273834229,38,0,33,5,11
1403637194.588439702987671,37,0,37,0,11
1403637194.638439893722534,39,1,36,3,11
1403637194.688440084457397,37,1,36,1,11
1403637194.738440036773682,40,3,35,5,11
1403637194.788439989089966,41,0,40,1,11
1403637194.838440179824829,41,0,40,0,11
1403637194.888440370559692,41,2,38,1,11
1403637194.938441038131714,39,0,37,1,11
1403637194.988441228866577,41,3,35,4,11
1403637195.038441181182861,40,2,37,1,11
1403637195.088440895080566,37,0,36,0,11
1403637195.138440370559692,37,0,33,2,11
1403637195.188439369201660,36,0,33,0,11
1403637195.238437891006470,36,1,30,3,11
1403637195.288437604904175,38,2,33,3,11
1403637195.338435649871826,40,0,34,4,11
1403637195.388434886932373,41,1,37,2,11
1403637195.438436269760132,41,0,38,2,11
1403637195.488437175750732,41,2,39,1,11
1403637195.538438320159912,39,0,37,0,11
1403637195.588438987731934,44,0,37,5,11
1403637195.638439178466797,42,1,41,0,11
1403637195.688438653945923,45,1,39,4,11
1403637195.738438844680786,44,0,41,1,11
1403637195.788439035415649,44,1,42,1,11
1403637195.838438749313354,43,1,42,1,11
1403637195.888438940048218,40,0,40,0,11
1403637195.938438653945923,44,1,40,4,11
1403637195.988439321517944,45,1,42,1,11
1403637196.038438796997070,45,0,43,0,11
1403637196.088438510894775,48,3,41,5,11
1403637196.138437271118164,47,3,43,0,11
1403637196.188436746597290,43,1,41,0,11
1403637196.238437175750732,45,2,38,3,11
1403637196.288437366485596,43,1,39,0,11
1403637196.338437557220459,43,1,39,3,11
1403637196.388437747955322,42,0,41,0,11
1403637196.438437700271606,41,1,37,1,11
1403637196.488437175750732,38,2,36,1,11
1403637196.538437128067017,43,2,36,6,11
1403637196.588437318801880,43,1,42,0,11
1403637196.638437032699585,44,1,41,2,11
1403637196.688437461853027,43,1,41,0,11
1403637196.738437652587891,47,2,40,6,11
1403637196.788439035415649,48,11,44,2,11
1403637196.838438749313354,49,2,45,1,11
1403637196.888438224792480,47,2,44,0,11
1403637196.938438653945923,46,0,40,2,11
1403637196.988439083099365,47,8,42,3,11
1403637197.038440704345703,43,1,42,0,11
1403637197.088441848754883,45,10,36,6,11
1403637197.138441801071167,46,2,38,4,11
1403637197.188441753387451,42,4,36,0,11
1403637197.238442420959473,35,5,28,1,11
1403637197.288440465927124,32,6,24,1,11
1403637197.338439702987671,29,7,23,2,11
1403637197.388441801071167,33,2,21,7,11
1403637197.438441753387451,27,5,25,0,11
1403637197.488441705703735,28,7,20,2,11
1403637197.538443088531494,23,2,15,0,11
1403637197.588442564010620,18,5,12,1,11
1403637197.638440608978271,23,2,10,9,11
1403637197.688441514968872,18,5,12,1,11
1403637197.738442420959473,15,5,11,0,11
1403637197.788444995880127,20,5,10,8,11
1403637197.838448047637939,17,6,14,0,11
1403637197.888449430465698,20,2,13,4,11
1403637197.938448429107666,20,3,12,4,11
1403637197.988451004028320,32,4,16,14,11
1403637198.038450241088867,32,2,24,6,11
1403637198.088449239730835,30,3,27,0,11
1403637198.138450384140015,32,2,24,6,11
1403637198.188450336456299,30,1,28,0,11
1403637198.238448381423950,33,3,25,4,11
1403637198.288448810577393,36,3,25,7,11
1403637198.338449001312256,34,1,28,0,11
1403637198.388449192047119,39,2,28,9,11
1403637198.438450098037720,35,5,35,0,11
1403637198.488451242446899,35,1,33,1,11
1403637198.538451671600342,34,1,30,1,11
1403637198.588451862335205,32,0,26,3,11
1403637198.638451576232910,37,1,27,7,11
1403637198.688449382781982,33,1,32,0,11
1403637198.738447904586792,37,2,27,7,11
1403637198.788448333740234,35,2,33,0,11
1403637198.838447093963623,37,6,29,6,11
1403637198.888446569442749,37,0,33,1,11
1403637198.938444852828979,36,2,31,1,11
1403637198.988444089889526,38,3,28,6,11
1403637199.038445472717285,44,3,31,10,11
1403637199.088448762893677,42,3,37,2,11
1403637199.138451814651489,41,2,37,0,11
1403637199.188454389572144,39,1,32,1,11
1403637199.238448858261108,45,4,31,9,11
1403637199.288447856903076,39,3,37,0,11
1403637199.338446855545044,36,3,34,0,11
1403637199.388445854187012,35,2,32,1,11
1403637199.438447713851929,47,1,31,13,11
1403637199.488446712493896,43,4,41,0,11
1403637199.538447141647339,41,2,40,0,11
1403637199.588446855545044,49,5,39,9,11
1403637199.638445138931274,48,1,45,1,11
1403637199.688443183898926,47,1,43,0,11
1403637199.738443613052368,41,0,37,0,11
1403637199.788442373275757,47,11,35,9,11
1403637199.838441371917725,35,7,33,0,11
1403637199.888441801071167,33,3,29,0,11
1403637199.938442707061768,31,0,28,1,11
1403637199.988443613052368,37,5,26,9,11
1403637200.038444280624390,35,7,30,0,11
1403637200.088444471359253,28,4,26,0,11
1403637200.138444900512695,19,2,18,0,11
1403637200.188442945480347,25,2,15,10,11
1403637200.238441944122314,21,3,20,0,11
1403637200.288442611694336,21,2,18,0,11
1403637200.338443517684937,16,3,14,0,11
1403637200.388441324234009,25,5,14,10,11
1403637200.438439369201660,25,6,22,3,11
1403637200.488437414169312,25,1,21,3,11
1403637200.538434743881226,38,1,23,13,11
1403637200.588427782058716,37,3,35,1,11
1403637200.638421058654785,37,2,33,2,11
1403637200.688408136367798,40,1,28,6,11
1403637200.738401651382446,38,1,32,0,11
1403637200.788379907608032,46,6,32,12,11
1403637200.838373661041260,44,0,42,0,11
1403637200.888369321823120,44,2,41,0,11
1403637200.938362121582031,47,10,39,6,11
1403637200.988361835479736,47,1,45,1,11
1403637201.038359880447388,45,1,44,0,11
1403637201.088359832763672,45,0,44,0,11
1403637201.138361454010010,49,17,44,5,11
1403637201.188360691070557,49,0,48,0,11
1403637201.238362073898315,50,0,48,1,11
1403637201.288362979888916,49,0,46,0,11
1403637201.338366508483887,49,2,45,0,11
1403637201.388370990753174,48,5,45,2,11
1403637201.438377380371094,49,27,46,2,11
1403637201.488378286361694,49,1,48,0,11
1403637201.538380146026611,48,12,47,1,11
1403637201.588380336761475,47,0,47,0,11
1403637201.638381481170654,48,1,47,1,11
1403637201.688383579254150,47,0,47,0,11
1403637201.738383769989014,50,11,46,3,11
1403637201.788384914398193,50,0,48,0,11
1403637201.838386058807373,49,0,47,0,11
1403637201.888387680053711,49,0,46,2,11
1403637201.938388109207153,47,0,47,0,11
1403637201.988386154174805,50,3,47,3,11
1403637202.038383007049561,50,21,50,0,11
1403637202.088381767272949,50,0,50,0,11
1403637202.138380050659180,50,6,50,0,11
1403637202.188379287719727,50,0,50,0,11
1403637202.238379478454590,48,0,48,0,11
1403637202.288379669189453,48,0,48,0,11
1403637202.338377952575684,48,3,47,1,11
1403637202.388378620147705,48,0,47,0,11
1403637202.438380002975464,47,0,45,1,11
1403637202.488382101058960,45,0,45,0,11
1403637202.538385629653931,45,0,45,0,11
1403637202.588387727737427,47,1,44,2,11
1403637202.638390302658081,49,14,46,2,11
1403637202.688390254974365,48,1,48,0,11
1403637202.738389730453491,46,7,46,0,11
1403637202.788389921188354,46,1,46,0,11
1403637202.838388919830322,46,1,46,0,11
1403637202.888388633728027,46,0,46,0,11
1403637202.938387393951416,47,5,46,1,11
1403637202.988386869430542,46,0,46,0,11
1403637203.038386583328247,45,0,45,0,11
1403637203.088386774063110,49,8,45,4,11
1403637203.138386726379395,49,0,48,0,11
1403637203.188386440277100,50,0,48,1,11
1403637203.238386154174805,48,17,48,0,11
1403637203.288386344909668,49,0,48,1,11
1403637203.338386058807373,49,5,48,1,11
1403637203.388386249542236,49,0,49,0,11
1403637203.438385963439941,49,0,49,0,11
1403637203.488385915756226,49,0,48,0,11
1403637203.538386583328247,49,3,48,0,11
1403637203.588386535644531,48,0,47,0,11
1403637203.638386487960815,48,0,46,0,11
1403637203.688386201858521,48,6,46,1,11
1403637203.738386154174805,47,0,47,0,11
1403637203.788386106491089,47,0,46,0,11
1403637203.838386297225952,48,14,46,1,11
1403637203.888386487960815,47,0,46,0,11
1403637203.938386440277100,48,3,46,1,11
1403637203.988386392593384,47,0,46,0,11
1403637204.038386583328247,47,0,46,0,11
1403637204.088386774063110,46,0,46,0,11
1403637204.138386487960815,47,1,45,1,11
1403637204.188385963439941,48,0,46,1,11
1403637204.238385438919067,47,0,47,0,11
1403637204.288385152816772,48,5,47,1,11
1403637204.338384389877319,48,0,48,0,11
1403637204.388383865356445,48,0,48,0,11
1403637204.438383340835571,48,10,48,0,11
1403637204.488382577896118,49,0,48,1,11
1403637204.538382530212402,49,2,49,0,11
1403637204.588382959365845,49,0,49,0,11
1403637204.638382911682129,49,0,49,0,11
1403637204.688383817672729,49,12,49,0,11
1403637204.738383293151855,49,0,49,0,11
1403637204.788384199142456,49,0,49,0,11
1403637204.838384866714478,49,0,49,0,11
1403637204.888384819030762,49,1,49,0,11
1403637204.938385963439941,48,0,48,0,11
1403637204.988386392593384,48,0,48,0,11
1403637205.038387537002563,48,3,48,0,11
1403637205.088387012481689,48,0,48,0,11
1403637205.138386487960815,48,1,48,0,11
1403637205.188385963439941,48,0,48,0,11
1403637205.238385915756226,48,0,48,0,11
1403637205.288385629653931,49,6,48,1,11
1403637205.338385105133057,49,0,49,0,11
1403637205.388384819030762,49,0,49,0,11
1403637205.438384771347046,49,0,49,0,11
1403637205.488384723663330,49,0,49,0,11
1403637205.538384914398193,49,0,49,0,11
1403637205.588384628295898,49,0,49,0,11
1403637205.638384103775024,49,1,49,0,11
1403637205.688383579254150,49,0,49,0,11
1403637205.738382816314697,49,0,49,0,11
1403637205.788382530212402,49,0,49,0,11
1403637205.838382482528687,49,0,49,0,11
1403637205.888381958007812,49,1,49,0,11
1403637205.938381910324097,49,0,48,0,11
1403637205.988381862640381,48,0,47,0,11
1403637206.038381814956665,47,0,47,0,11
1403637206.088381528854370,47,0,47,0,11
1403637206.138381481170654,47,0,47,0,11
1403637206.188381671905518,47,0,47,0,11
1403637206.238381862640381,47,0,47,0,11
1403637206.288382530212402,47,0,47,0,11
1403637206.338382482528687,47,0,47,0,11
1403637206.388382196426392,47,0,47,0,11
1403637206.438381910324097,47,0,47,0,11
1403637206.488381624221802,47,0,47,0,11
1403637206.538381814956665,47,0,47,0,11
1403637206.588382005691528,47,0,47,0,11
1403637206.638382196426392,47,0,47,0,11
1403637206.688381910324097,47,0,47,0,11
1403637206.738382101058960,47,0,47,0,11
1403637206.788382291793823,47,0,47,0,11
1403637206.838382244110107,47,0,47,0,11
1403637206.888382673263550,47,0,47,0,11
1403637206.938382148742676,47,0,47,0,11
1403637206.988382101058960,47,0,47,0,11
1403637207.038382530212402,47,0,47,0,11
1403637207.088382482528687,47,0,47,0,11
1403637207.138382673263550,47,0,47,0,11
1403637207.188382625579834,47,0,47,0,11
1403637207.238383054733276,47,0,47,0,11
1403637207.288383483886719,47,0,47,0,11
1403637207.338383674621582,47,0,46,0,11
1403637207.388383626937866,47,0,46,0,11
1403637207.438383579254150,46,0,45,0,11
1403637207.488383769989014,46,0,45,0,11
1403637207.538383960723877,45,0,45,0,11
1403637207.588383197784424,44,0,43,0,11
1403637207.638382673263550,44,0,43,0,11
1403637207.688382625579834,44,0,43,1,11
1403637207.738383054733276,44,0,44,0,11
1403637207.788384914398193,44,0,44,0,11
1403637207.838386535644531,45,0,44,1,11
1403637207.888389587402344,45,0,45,0,11
1403637207.938391685485840,45,0,45,0,11
1403637207.988391876220703,45,0,45,0,11
1403637208.038392305374146,45,0,45,0,11
1403637208.088392496109009,45,0,45,0,11
1403637208.138391494750977,45,0,45,0,11
1403637208.188391923904419,45,0,45,0,11
1403637208.238391876220703,45,0,45,0,11
1403637208.288391828536987,45,2,45,0,11
1403637208.338392019271851,45,0,45,0,11
1403637208.388392210006714,45,0,45,0,11
1403637208.438392162322998,45,0,45,0,11
1403637208.488392353057861,45,0,45,0,11
1403637208.538392305374146,45,0,45,0,11
1403637208.588391780853271,45,0,45,0,11
1403637208.638391733169556,45,0,45,0,11
1403637208.688391447067261,45,0,45,0,11
1403637208.738391637802124,45,0,45,0,11
1403637208.788391828536987,45,0,45,0,11
1403637208.838391542434692,45,0,45,0,11
1403637208.888391494750977,45,0,45,0,11
1403637208.938390970230103,45,0,45,0,11
1403637208.988390684127808,45,0,45,0,11
1403637209.038390636444092,45,0,45,0,11
1403637209.088390827178955,45,0,44,0,11
1403637209.138391256332397,45,0,44,0,11
1403637209.188391685485840,44,0,44,0,11
1403637209.238391637802124,44,2,44,0,11
1403637209.288391828536987,44,0,44,0,11
1403637209.338391542434692,45,1,44,1,11
1403637209.388391256332397,45,0,45,0,11
1403637209.438391685485840,45,0,45,0,11
1403637209.488391876220703,45,0,45,0,11
1403637209.538392305374146,45,0,45,0,11
1403637209.588392734527588,45,0,45,0,11
1403637209.638392686843872,43,0,43,0,11
1403637209.688392877578735,43,0,43,0,11
1403637209.738393068313599,43,0,43,0,11
1403637209.788393259048462,43,0,43,0,11
1403637209.838393688201904,43,0,43,0,11
1403637209.888393402099609,43,0,43,0,11
1403637209.938392877578735,44,0,43,1,11
1403637209.988392829895020,44,0,44,0,11
1403637210.038392782211304,44,0,44,0,11
1403637210.088392019271851,43,3,43,0,11
1403637210.138391733169556,42,0,42,0,11
1403637210.188391685485840,42,0,42,0,11
1403637210.238391637802124,41,0,41,0,11
1403637210.288391113281250,42,0,40,2,11
1403637210.338391304016113,41,0,41,0,11
1403637210.388391256332397,42,1,41,1,11
1403637210.438390970230103,44,5,42,2,11
1403637210.488393783569336,44,2,44,0,11
1403637210.538396358489990,46,5,44,2,11
1403637210.588398218154907,47,1,46,1,11
1403637210.638399362564087,47,2,47,0,11
1403637210.688399791717529,49,12,47,2,11
1403637210.738399028778076,49,28,49,0,11
1403637210.788398981094360,49,0,47,0,11
1403637210.838399410247803,50,0,47,1,11
1403637210.888399362564087,48,5,48,0,11
1403637210.938400030136108,48,0,48,0,11
1403637210.988400459289551,48,1,48,0,11
1403637211.038401842117310,49,10,48,1,11
1403637211.088402748107910,49,4,49,0,11
1403637211.138403177261353,49,3,48,0,11
1403637211.188404321670532,49,3,47,0,11
1403637211.238404512405396,48,1,47,0,11
1403637211.288405179977417,48,2,44,1,11
1403637211.338403701782227,46,7,43,0,11
1403637211.388404130935669,43,0,42,1,11
1403637211.438404798507690,43,2,42,1,11
1403637211.488405704498291,46,1,42,3,11
1403637211.538408041000366,46,1,44,0,11
1403637211.588408470153809,43,1,41,0,11
1403637211.638410568237305,45,13,39,5,11
1403637211.688410758972168,42,3,41,0,11
1403637211.738410711288452,41,1,40,0,11
1403637211.788410902023315,39,3,37,0,11
1403637211.838410615921021,39,4,37,0,11
1403637211.888409852981567,38,2,34,2,11
1403637211.938408851623535,40,4,35,3,11
1403637211.988408565521240,38,3,37,0,11
1403637212.038407564163208,36,0,33,0,11
1403637212.088404655456543,43,3,32,9,11
1403637212.138406515121460,40,3,35,1,11
1403637212.188406944274902,39,6,34,0,11
1403637212.238405466079712,39,5,30,6,11
1403637212.288405418395996,38,2,35,0,11
1403637212.338405132293701,33,1,30,1,11
1403637212.388404130935669,34,3,29,5,11
1403637212.438404083251953,33,3,32,0,11
1403637212.488403320312500,32,1,29,1,11
1403637212.538401842117310,31,0,29,0,11
1403637212.588403224945068,34,1,27,5,11
1403637212.638401985168457,34,4,31,0,11
1403637212.688401460647583,34,4,30,2,11
1403637212.738400936126709,40,1,32,7,11
1403637212.788400173187256,39,2,36,0,11
1403637212.838399887084961,41,2,34,4,11
1403637212.888398647308350,34,3,31,0,11
1403637212.938397407531738,37,0,27,4,11
1403637212.988397121429443,33,1,30,0,11
1403637213.038396835327148,29,5,27,1,11
1403637213.088397264480591,32,6,26,4,11
1403637213.138396978378296,30,2,28,0,11
1403637213.188396692276001,31,3,25,3,11
1403637213.238396883010864,30,0,28,0,11
1403637213.288396835327148,32,2,26,5,11
1403637213.338396787643433,29,1,26,0,11
1403637213.388396501541138,33,0,26,5,11
1403637213.438396215438843,34,5,27,4,11
1403637213.488396406173706,37,0,31,3,11
1403637213.538397073745728,34,4,33,1,11
1403637213.588396549224854,34,3,32,1,11
1403637213.638394832611084,34,2,27,5,11
1403637213.688394069671631,33,3,31,1,11
1403637213.738393545150757,30,1,30,0,11
1403637213.788392543792725,29,1,29,0,11
1403637213.838391304016113,27,2,25,1,11
1403637213.888391494750977,32,1,25,6,11
1403637213.938391923904419,33,1,30,2,11
1403637213.988392353057861,33,1,31,0,11
1403637214.038392543792725,35,1,29,4,11
1403637214.088392734527588,33,0,31,0,11
1403637214.138392925262451,36,3,31,4,11
1403637214.188392639160156,36,1,35,1,11
1403637214.238393306732178,36,1,32,3,11
1403637214.288393497467041,40,2,32,6,11
1403637214.338393449783325,42,1,36,5,11
1403637214.388393163681030,41,1,37,0,11
1403637214.438393354415894,41,5,34,3,11
1403637214.488393545150757,38,2,36,1,11
1403637214.538394451141357,36,1,32,1,11
1403637214.588394641876221,36,0,33,0,11
1403637214.638395309448242,35,2,32,1,11
1403637214.688395738601685,35,5,30,3,11
1403637214.738395690917969,33,0,32,0,11
1403637214.788395404815674,35,0,30,5,11
1403637214.838395833969116,34,2,32,0,11
1403637214.888395547866821,41,1,30,7,11
1403637214.938395500183105,41,0,37,2,11
1403637214.988395929336548,38,1,38,0,11
1403637215.038396120071411,44,0,38,6,11
1403637215.088395595550537,46,2,40,3,11
1403637215.138395547866821,45,0,41,0,11
1403637215.188395977020264,42,1,40,0,11
1403637215.238395690917969,45,15,39,4,11
1403637215.288396596908569,44,1,42,1,11
1403637215.338397502899170,45,0,40,2,11
1403637215.388397932052612,48,2,41,3,11
1403637215.438399314880371,45,2,42,0,11
1403637215.488398551940918,44,3,42,0,11
1403637215.538398742675781,41,2,41,0,11
1403637215.588399171829224,41,4,39,0,11
1403637215.638400077819824,41,0,38,1,11
1403637215.688402414321899,49,8,38,9,11
1403637215.738404512405396,47,0,44,0,11
1403637215.788405656814575,43,1,39,1,11
1403637215.838405132293701,46,6,37,6,11
1403637215.888405323028564,44,3,40,2,11
1403637215.938405275344849,42,3,40,0,11
1403637215.988404989242554,40,1,38,1,11
1403637216.038404941558838,40,2,37,1,11
1403637216.088404417037964,38,0,37,0,11
1403637216.138404369354248,40,0,31,8,11
1403637216.188405990600586,46,0,38,7,11
1403637216.238407611846924,45,0,44,0,11
1403637216.288409948348999,49,3,43,5,11
1403637216.338410377502441,46,0,46,0,11
1403637216.388406515121460,50,21,43,4,11
1403637216.438406229019165,49,2,46,0,11
1403637216.488405704498291,47,2,43,1,11
1403637216.538405656814575,45,0,43,0,11
1403637216.588405847549438,45,3,43,2,11
1403637216.638406276702881,45,0,44,0,11
1403637216.688406944274902,44,0,43,1,11
1403637216.738406658172607,44,0,42,1,11
1403637216.788407802581787,48,9,42,4,11
1403637216.838407278060913,47,0,44,1,11
1403637216.888408660888672,46,1,44,0,11
1403637216.938410043716431,46,1,44,1,11
1403637216.988413810729980,49,14,45,4,11
1403637217.038414716720581,50,0,49,1,11
1403637217.088414430618286,50,2,50,0,11
1403637217.138413429260254,50,1,50,0,11
1403637217.188411474227905,50,26,50,0,11
1403637217.238411188125610,50,1,50,0,11
1403637217.288411378860474,50,0,50,0,11
1403637217.338411092758179,50,0,50,0,11
1403637217.388411283493042,50,6,48,0,11
1403637217.438411712646484,50,1,49,0,11
1403637217.488411903381348,49,1,48,0,11
1403637217.538411617279053,48,0,47,0,11
1403637217.588409900665283,50,6,47,2,11
1403637217.638407945632935,49,0,46,0,11
1403637217.688405752182007,50,1,46,1,11
1403637217.738403558731079,47,1,46,0,11
1403637217.788402318954468,49,20,46,2,11
1403637217.838399171829224,47,0,47,0,11
1403637217.888395547866821,46,0,45,0,11
1403637217.938393831253052,45,0,45,0,11
1403637217.988391876220703,47,5,45,2,11
1403637218.038392782211304,48,0,46,1,11
1403637218.088393688201904,47,1,46,1,11
1403637218.138394832611084,47,1,47,0,11
1403637218.188395738601685,48,6,47,1,11
1403637218.238395690917969,47,0,47,0,11
1403637218.288396120071411,47,0,46,1,11
1403637218.338395833969116,47,2,44,1,11
1403637218.388396024703979,48,16,45,1,11
1403637218.438395738601685,45,2,45,0,11
1403637218.488395452499390,45,1,44,0,11
1403637218.538395404815674,45,1,44,0,11
1403637218.588394880294800,47,3,44,3,11
1403637218.638394117355347,46,0,46,0,11
1403637218.688393831253052,47,0,46,1,11
1403637218.738393545150757,48,22,45,2,11
1403637218.788393497467041,48,3,48,0,11
1403637218.838393688201904,47,0,45,0,11
1403637218.888394117355347,46,0,43,0,11
1403637218.938393831253052,43,0,43,0,11
1403637218.988394975662231,47,9,42,4,11
1403637219.038394927978516,48,1,45,1,11
1403637219.088395833969116,46,1,43,0,11
1403637219.138397932052612,44,0,42,0,11
1403637219.188399076461792,45,1,39,3,11
1403637219.238399028778076,45,1,43,0,11
1403637219.288399934768677,42,2,41,0,11
1403637219.338401556015015,46,10,40,5,11
1403637219.388401508331299,47,3,44,1,11
1403637219.438399553298950,45,1,43,0,11
1403637219.488396883010864,44,2,40,0,11
1403637219.538393974304199,45,1,40,2,11
1403637219.588390827178955,45,6,41,3,11
1403637219.638391733169556,45,0,44,0,11
1403637219.688394308090210,44,1,44,0,11
1403637219.738399267196655,47,12,42,5,11
1403637219.788399457931519,48,0,45,1,11
1403637219.838403463363647,47,0,44,0,11
1403637219.888406276702881,46,0,44,2,11
1403637219.938408851623535,46,8,46,0,11
1403637219.988412857055664,47,3,45,1,11
1403637220.038414955139160,45,1,43,0,11
1403637220.088416814804077,45,2,43,0,11
1403637220.138417005538940,43,1,42,0,11
1403637220.188417196273804,45,0,42,2,11
1403637220.238416910171509,44,0,40,0,11
1403637220.288424968719482,47,38,36,5,11
1403637220.338425159454346,45,8,39,3,11
1403637220.388425111770630,43,1,42,0,11
1403637220.438424348831177,42,0,42,0,11
1403637220.488424539566040,42,1,40,0,11
1403637220.538424253463745,46,2,39,4,11
1403637220.588423967361450,44,0,42,0,11
1403637220.638423681259155,44,0,41,1,11
1403637220.688423871994019,43,1,41,0,11
1403637220.738423824310303,44,0,40,3,11
1403637220.788424253463745,43,1,43,0,11
1403637220.838424682617188,43,2,42,0,11
1403637220.888424634933472,50,27,42,7,11
1403637220.938425779342651,49,9,49,0,11
1403637220.988425970077515,48,2,48,0,11
1403637221.038426876068115,49,0,47,1,11
1403637221.088428020477295,49,0,48,0,11
1403637221.138428926467896,48,2,48,0,11
1403637221.188430547714233,47,1,46,1,11
1403637221.238430738449097,48,2,47,1,11
1403637221.288431406021118,47,3,46,0,11
1403637221.338431596755981,45,0,43,0,11
1403637221.388430595397949,46,0,42,2,11
1403637221.438431024551392,44,0,43,0,11
1403637221.488428354263306,49,14,41,6,11
1403637221.538428783416748,49,8,46,0,11
1403637221.588428020477295,47,0,46,0,11
1403637221.638428211212158,46,0,46,0,11
1403637221.688427925109863,44,0,44,0,11
1403637221.738427639007568,45,0,44,1,11
1403637221.788428068161011,45,0,45,0,11
1403637221.838427782058716,45,0,44,0,11
1403637221.888428449630737,44,0,40,0,11
1403637221.938428878784180,43,0,37,0,11
1403637221.988430261611938,41,2,37,1,11
1403637222.038431167602539,38,3,37,0,11
1403637222.088433742523193,47,4,36,11,11
1403637222.138434171676636,49,5,47,2,11
1403637222.188433647155762,49,2,49,0,11
1403637222.238431930541992,49,2,48,0,11
1403637222.288431406021118,49,4,47,0,11
1403637222.338428258895874,48,3,47,0,11
1403637222.388427019119263,47,0,46,0,11
1403637222.438425779342651,48,13,44,2,11
1403637222.488427400588989,48,25,44,2,11
1403637222.538428544998169,48,2,46,1,11
1403637222.588429450988770,47,2,46,0,11
1403637222.638431310653687,48,0,46,1,11
1403637222.688432455062866,47,1,46,0,11
1403637222.738433599472046,48,1,46,2,11
1403637222.788434743881226,48,0,48,0,11
1403637222.838435411453247,49,0,47,1,11
1403637222.888435840606689,49,0,49,0,11
1403637222.938436508178711,49,0,49,0,11
1403637222.988436937332153,49,0,49,0,11
1403637223.038438320159912,49,5,49,0,11
1403637223.088438987731934,49,18,49,0,11
1403637223.138440608978271,48,0,48,0,11
1403637223.188442468643188,48,1,48,0,11
1403637223.238445043563843,48,0,48,0,11
1403637223.288446903228760,47,0,46,0,11
1403637223.338448286056519,47,0,47,0,11
1403637223.388448715209961,47,0,47,0,11
1403637223.438449144363403,47,1,46,0,11
1403637223.488448619842529,46,0,46,0,11
1403637223.538448333740234,46,0,45,0,11
1403637223.588447093963623,46,0,45,0,11
1403637223.638446092605591,48,4,45,3,11
1403637223.688441991806030,49,15,48,1,11
1403637223.738441705703735,48,0,48,0,11
1403637223.788442134857178,48,2,48,0,11
1403637223.838441848754883,48,0,48,0,11
1403637223.888441801071167,48,0,48,0,11
1403637223.938441753387451,48,0,48,0,11
1403637223.988441705703735,48,0,48,0,11
1403637224.038441896438599,48,0,48,0,11
1403637224.088441848754883,48,0,48,0,11
1403637224.138442039489746,48,0,48,0,11
1403637224.188441991806030,48,0,48,0,11
1403637224.238442182540894,48,3,48,0,11
1403637224.288442373275757,48,11,48,0,11
1403637224.338442325592041,48,0,48,0,11
1403637224.388442516326904,48,0,48,0,11
1403637224.438442468643188,48,0,48,0,11
1403637224.488442182540894,48,0,48,0,11
1403637224.538442373275757,48,0,48,0,11
1403637224.588442087173462,48,0,48,0,11
1403637224.638441562652588,48,0,48,0,11
1403637224.688440799713135,48,0,48,0,11
1403637224.738440513610840,48,0,48,0,11
1403637224.788440942764282,48,0,48,0,11
1403637224.838441371917725,49,3,48,1,11
1403637224.888440370559692,49,11,49,0,11
1403637224.938440084457397,49,0,49,0,11
1403637224.988439798355103,49,0,49,0,11
1403637225.038439989089966,49,0,49,0,11
1403637225.088440179824829,49,0,49,0,11
1403637225.138440608978271,49,0,49,0,11
1403637225.188440322875977,49,0,49,0,11
1403637225.238440752029419,49,0,48,0,11
1403637225.288442134857178,49,0,48,0,11
1403637225.338441371917725,49,0,47,1,11
1403637225.388441324234009,49,0,48,0,11
1403637225.438441038131714,48,4,48,0,11
1403637225.488440990447998,48,11,48,0,11
1403637225.538441419601440,48,0,48,0,11
1403637225.588441610336304,48,0,48,0,11
1403637225.638441801071167,48,0,48,0,11
1403637225.688441991806030,48,0,48,0,11
1403637225.738441944122314,48,0,48,0,11
1403637225.788442134857178,48,0,48,0,11
1403637225.838441610336304,48,0,48,0,11
1403637225.888440132141113,48,0,47,0,11
1403637225.938435077667236,48,0,47,0,11
1403637225.988430976867676,48,0,47,1,11
1403637226.038429260253906,49,4,47,1,11
1403637226.088426113128662,49,13,46,0,11
1403637226.138426303863525,48,0,44,0,11
1403637226.188425540924072,47,1,44,1,11
1403637226.238427639007568,45,0,44,0,11
1403637226.288430213928223,45,0,43,0,11
1403637226.338433742523193,44,0,43,0,11
1403637226.388436079025269,43,0,43,0,11
1403637226.438437700271606,43,0,42,0,11
1403637226.488439321517944,43,0,42,0,11
1403637226.538440227508545,41,0,40,0,11
1403637226.588440418243408,41,0,39,0,11
1403637226.638440370559692,44,0,39,4,11
1403637226.688441514968872,47,13,42,4,11
1403637226.738441467285156,48,0,46,1,11
1403637226.788441658020020,47,1,46,0,11
1403637226.838442087173462,49,0,45,2,11
1403637226.888442993164062,48,0,45,0,11
1403637226.938443660736084,48,0,45,1,11
1403637226.988445043563843,46,1,45,1,11
1403637227.038445711135864,46,0,44,0,11
1403637227.088446617126465,46,0,44,0,11
1403637227.138447523117065,44,1,44,0,11
1403637227.188447475433350,44,0,44,0,11
1403637227.238447427749634,45,0,44,1,11
1403637227.288447856903076,46,13,44,1,11
1403637227.338447809219360,46,0,45,0,11
1403637227.388447284698486,45,2,45,0,11
1403637227.438446760177612,45,0,45,0,11
1403637227.488446235656738,45,0,45,0,11
1403637227.538445711135864,45,1,44,0,11
1403637227.588446140289307,47,0,44,2,11
1403637227.638445854187012,46,0,46,0,11
1403637227.688445806503296,46,0,46,0,11
1403637227.738445520401001,46,1,46,0,11
1403637227.788445711135864,46,0,46,0,11
1403637227.838446378707886,46,0,45,0,11
1403637227.888446807861328,46,10,45,0,11
1403637227.938446521759033,45,0,45,0,11
1403637227.988446712493896,45,0,45,0,11
1403637228.038446664810181,45,0,45,0,11
1403637228.088446617126465,45,0,45,0,11
1403637228.138446569442749,45,0,44,0,11
1403637228.188445806503296,45,0,44,0,11
1403637228.238445758819580,44,0,44,0,11
1403637228.288445949554443,44,1,43,0,11
1403637228.338446140289307,44,0,43,0,11
1403637228.388446092605591,43,0,43,0,11
1403637228.438445806503296,43,0,43,0,11
1403637228.488445281982422,44,8,43,1,11
1403637228.538445472717285,44,0,44,0,11
1403637228.588444948196411,44,0,44,0,11
1403637228.638445377349854,44,0,44,0,11
1403637228.688445568084717,44,0,44,0,11
1403637228.738446474075317,44,0,43,0,11
1403637228.788447141647339,43,0,42,0,11
1403637228.838447332382202,42,0,41,0,11
1403637228.888447284698486,42,0,41,0,11
1403637228.938446760177612,41,0,40,0,11
1403637228.988445281982422,41,0,40,0,11
1403637229.038444995880127,40,0,40,0,11
1403637229.088443517684937,44,5,40,4,11
1403637229.138442516326904,44,0,44,0,11
1403637229.188442707061768,44,0,44,0,11
1403637229.238442897796631,44,0,44,0,11
1403637229.288444519042969,44,0,44,0,11
1403637229.338446617126465,44,0,44,0,11
1403637229.388449192047119,44,0,44,0,11
1403637229.438451051712036,46,0,44,2,11
1403637229.488451719284058,46,0,45,0,11
1403637229.538452625274658,46,1,44,0,11
1403637229.588452816009521,45,1,41,0,11
1403637229.638453245162964,45,0,41,1,11
1403637229.688454151153564,44,5,42,2,11
1403637229.738454103469849,44,0,42,0,11
1403637229.788454055786133,43,0,40,0,11
1403637229.838453531265259,42,0,38,0,11
1403637229.888453245162964,41,0,37,1,11
1403637229.938453197479248,40,0,37,2,11
1403637229.988453149795532,40,0,39,1,11
1403637230.038453817367554,40,0,39,0,11
1403637230.088454484939575,40,0,39,0,11
1403637230.138455152511597,41,0,38,2,11
1403637230.188456058502197,42,0,39,1,11
1403637230.238457202911377,42,0,40,1,11
1403637230.288460254669189,46,1,40,5,11
1403637230.338462591171265,43,0,43,0,11
1403637230.388464927673340,44,3,43,1,11
1403637230.438469171524048,45,0,44,1,11
1403637230.488473176956177,45,1,45,0,11
1403637230.538474798202515,45,0,45,0,11
1403637230.588474988937378,45,0,45,0,11
1403637230.638474225997925,45,2,45,0,11
1403637230.688473701477051,45,1,45,0,11
1403637230.738472461700439,44,0,44,0,11
1403637230.788472414016724,44,0,43,0,11
1403637230.838471889495850,44,0,43,0,11
1403637230.888474225997925,44,2,42,2,11
1403637230.938473939895630,44,0,44,0,11
1403637230.988474369049072,43,0,41,0,11
1403637231.038475990295410,39,0,39,0,11
1403637231.088477849960327,37,0,37,0,11
1403637231.138479709625244,32,0,32,0,11
1403637231.188482284545898,27,0,27,0,11
1403637231.238484382629395,19,0,18,0,11
1403637231.288486003875732,15,0,14,0,11
1403637231.338486671447754,10,0,8,0,11
1403637231.388486862182617,7,0,5,0,11
1403637231.438487052917480,1,1,1,0,11
1403637231.488487243652344,6,0,1,5,11
1403637231.538487195968628,6,0,6,0,11
1403637231.588486909866333,6,1,6,0,11
1403637231.638486862182617,6,1,6,0,11
1403637231.688486814498901,6,1,6,0,11
1403637231.738486528396606,6,0,6,0,11
1403637231.788486719131470,25,0,6,19,11
1403637231.838486909866333,25,0,24,0,11
1403637231.888486623764038,25,1,24,0,11
1403637231.938486576080322,24,3,24,0,11
1403637231.988485574722290,29,3,24,5,11
1403637232.038482427597046,29,1,28,0,11
1403637232.088476896286011,37,1,27,9,11
1403637232.138474702835083,44,1,35,8,11
1403637232.188473939895630,43,0,41,1,11
1403637232.238477945327759,40,0,40,0,11
1403637232.288480281829834,38,0,37,0,11
1403637232.338482379913330,33,0,33,0,11
1403637232.388483762741089,36,0,30,5,11
1403637232.438484907150269,33,1,33,0,11
1403637232.488486051559448,29,1,28,0,11
1403637232.538486719131470,28,0,27,0,11
1403637232.588486909866333,27,1,27,0,11
1403637232.638487100601196,26,0,26,0,11
1403637232.688487052917480,24,1,24,0,11
1403637232.738486289978027,34,0,24,10,11
1403637232.788486719131470,35,0,34,1,11
1403637232.838486433029175,39,1,35,4,11
1403637232.888485908508301,41,7,38,2,11
1403637232.938486099243164,38,0,36,0,11
1403637232.988485574722290,41,1,33,3,11
1403637233.038485527038574,45,9,34,9,11
1403637233.088485479354858,43,2,43,0,11
1403637233.138485908508301,42,0,42,0,11
1403637233.188486099243164,46,4,42,4,11
1403637233.238485574722290,45,0,44,0,11
1403637233.288485288619995,44,1,43,0,11
1403637233.338485002517700,42,0,41,1,11
1403637233.388484716415405,46,1,41,4,11
1403637233.438485145568848,46,0,43,1,11
1403637233.488484621047974,49,12,43,4,11
1403637233.538482666015625,49,11,46,1,11
1403637233.588479280471802,43,4,42,0,11
1403637233.638474941253662,47,2,38,7,11
1403637233.688473463058472,47,2,45,2,11
1403637233.738471984863281,45,7,45,0,11
1403637233.788474321365356,46,3,44,2,11
1403637233.838476657867432,45,1,45,0,11
1403637233.888478994369507,43,4,43,0,11
1403637233.938482522964478,41,0,40,0,11
1403637233.988483905792236,41,0,37,0,11
1403637234.038484811782837,38,0,37,0,11
1403637234.088486433029175,40,1,34,4,11
1403637234.138490438461304,47,2,34,7,11
1403637234.188490390777588,45,1,39,2,11
1403637234.238489866256714,40,0,38,2,11
1403637234.288489818572998,37,0,36,0,11
1403637234.338487625122070,46,2,35,10,11
1403637234.388487577438354,46,2,42,3,11
1403637234.438488245010376,49,5,44,5,11
1403637234.488486528396606,50,8,47,1,11
1403637234.538486242294312,48,0,44,0,11
1403637234.588485479354858,44,5,40,0,11
1403637234.638485431671143,43,2,39,1,11
1403637234.688485145568848,44,1,38,5,11
1403637234.738485097885132,47,1,40,5,11
1403637234.788485288619995,44,5,38,0,11
1403637234.838487148284912,45,4,35,4,11
1403637234.888487100601196,39,3,37,0,11
1403637234.938487291336060,37,0,32,0,11
1403637234.988486766815186,33,1,29,0,11
1403637235.038486719131470,30,2,28,0,11
1403637235.088484764099121,31,0,27,3,11
1403637235.138483524322510,33,2,29,3,11
1403637235.188480377197266,35,1,29,3,11
1403637235.238478422164917,37,1,30,3,11
1403637235.288475513458252,37,3,31,2,11
1403637235.338468790054321,39,1,33,4,11
1403637235.388462781906128,44,0,37,7,11
1403637235.438457965850830,49,1,43,5,11
1403637235.488458395004272,49,8,48,1,11
1403637235.538460254669189,49,1,49,0,11
1403637235.588462352752686,49,2,48,0,11
1403637235.638466835021973,49,2,44,1,11
1403637235.688474178314209,49,10,44,1,11
1403637235.738477945327759,45,1,42,0,11
1403637235.788484573364258,42,1,39,0,11
1403637235.838488101959229,46,3,37,7,11
1403637235.888488531112671,44,0,40,1,11
1403637235.938486814498901,39,1,34,1,11
1403637235.988484382629395,36,3,31,2,11
1403637236.038483381271362,41,0,31,10,11
1403637236.088483095169067,47,1,41,6,11
1403637236.138483524322510,44,2,41,0,11
1403637236.188481807708740,43,4,38,1,11
1403637236.238481760025024,38,5,34,0,11
1403637236.288482666015625,39,7,29,5,11
1403637236.338482856750488,35,3,32,1,11
1403637236.388482570648193,32,2,28,1,11
1403637236.438482046127319,30,1,28,0,11
1403637236.488481760025024,36,4,24,9,11
1403637236.538482666015625,33,3,32,0,11
1403637236.588483095169067,33,1,30,3,11
1403637236.638484239578247,34,5,32,1,11
1403637236.688484907150269,39,5,33,5,11
1403637236.738486289978027,37,4,34,0,11
1403637236.788486719131470,37,6,31,3,11
1403637236.838487386703491,34,2,33,1,11
1403637236.888488054275513,38,1,28,7,11
1403637236.938488721847534,36,3,33,0,11
1403637236.988489866256714,33,3,28,4,11
1403637237.038490056991577,31,1,29,0,11
1403637237.088490247726440,38,5,23,12,11
1403637237.138489484786987,34,6,31,1,11
1403637237.188488721847534,32,2,31,0,11
1403637237.238488435745239,30,1,28,0,11
1403637237.288489103317261,29,2,27,0,11
1403637237.338488101959229,39,2,27,11,11
1403637237.388489484786987,40,1,36,1,11
1403637237.438490152359009,44,1,34,6,11
1403637237.488492012023926,47,11,38,5,11
1403637237.538492441177368,43,3,39,0,11
1403637237.588492631912231,39,1,37,0,11
1403637237.638491868972778,37,1,33,0,11
1403637237.688489198684692,42,4,33,7,11
1403637237.738488674163818,40,2,36,2,11
1403637237.788489580154419,44,3,35,4,11
1403637237.838492393493652,42,0,39,0,11
1403637237.888492107391357,47,3,39,8,11
1403637237.938495397567749,47,0,45,1,11
1403637237.988495826721191,47,0,45,0,11
1403637238.038496732711792,49,0,44,3,11
1403637238.088498592376709,49,7,47,1,11
1403637238.138499021530151,49,19,48,1,11
1403637238.188498497009277,50,1,49,1,11
1403637238.238498210906982,50,2,49,0,11
1403637238.288497209548950,50,5,48,0,11
1403637238.338495016098022,49,2,48,0,11
1403637238.388493299484253,48,2,43,0,11
1403637238.438492298126221,50,27,41,2,11
1403637238.488492488861084,45,4,43,0,11
1403637238.538491964340210,43,1,42,0,11
1403637238.588490724563599,43,1,41,0,11
1403637238.638484954833984,49,9,40,7,11
1403637238.688482284545898,44,4,39,0,11
1403637238.738477706909180,45,7,37,3,11
1403637238.788477659225464,42,2,40,0,11
1403637238.838475704193115,40,2,37,0,11
1403637238.888474225997925,41,1,37,2,11
1403637238.938473463058472,38,2,37,1,11
1403637238.988471984863281,36,5,36,0,11
1403637239.038468599319458,50,4,35,14,11
1403637239.088469028472900,48,11,47,0,11
1403637239.138470888137817,48,1,46,2,11
1403637239.188472509384155,46,1,46,0,11
1403637239.238484144210815,49,26,46,3,11
1403637239.288485050201416,49,5,48,1,11
1403637239.338485717773438,48,10,47,1,11
1403637239.388485431671143,47,4,44,2,11
1403637239.438485145568848,47,4,45,1,11
1403637239.488485574722290,44,7,43,0,11
1403637239.538484573364258,42,4,40,2,11
1403637239.588484048843384,39,5,39,0,11
1403637239.638485193252563,35,9,35,0,11
1403637239.688486099243164,36,7,31,5,11
1403637239.738486289978027,49,6,35,13,11
1403637239.788486719131470,40,2,36,0,11
1403637239.838486194610596,46,4,34,9,11
1403637239.888485908508301,39,3,34,0,11
1403637239.938485383987427,35,2,28,2,11
1403637239.988484621047974,34,1,31,2,11
1403637240.038484096527100,30,1,29,0,11
1403637240.088483572006226,28,1,26,0,11
1403637240.138482809066772,23,3,21,0,11
1403637240.188481569290161,20,2,19,0,11
1403637240.238484859466553,38,2,16,22,11
1403637240.288486003875732,35,7,33,0,11
1403637240.338488340377808,36,1,31,2,11
1403637240.388490438461304,31,3,28,0,11
1403637240.438492298126221,38,7,26,9,11
1403637240.488492488861084,35,1,28,2,11
1403637240.538491249084473,32,3,29,0,11
1403637240.588489294052124,40,1,29,11,11
1403637240.638486385345459,40,3,40,0,11
1403637240.688484668731689,38,3,37,0,11
1403637240.738482713699341,37,2,36,0,11
1403637240.788482904434204,35,1,33,2,11
1403637240.838479995727539,33,5,33,0,11
1403637240.888477325439453,38,2,31,7,11
1403637240.938475847244263,38,0,34,3,11
1403637240.988476514816284,43,0,36,5,11
1403637241.038478612899780,44,1,36,7,11
1403637241.088481426239014,45,3,42,2,11
1403637241.138483524322510,48,2,41,4,11
1403637241.188487529754639,46,12,43,1,11
1403637241.238488674163818,44,1,43,0,11
1403637241.288488864898682,42,0,41,0,11
1403637241.338490009307861,38,0,36,0,11
1403637241.388492345809937,42,2,35,5,11
1403637241.438493013381958,39,0,38,0,11
1403637241.488494396209717,39,2,36,0,11
1403637241.538496255874634,43,4,32,8,11
1403637241.588496923446655,42,2,37,2,11
1403637241.638497352600098,39,0,37,0,11
1403637241.688498020172119,38,0,33,2,11
1403637241.738497257232666,42,3,29,10,11
1403637241.788498401641846,43,3,32,5,11
1403637241.838500499725342,38,2,32,0,11
1403637241.888501405715942,34,2,33,0,11
1403637241.938503026962280,36,0,31,4,11
1403637241.988503456115723,35,2,33,0,11
1403637242.038503646850586,36,2,29,2,11
1403637242.088502168655396,35,0,28,4,11
1403637242.138499498367310,35,0,31,1,11
1403637242.188497304916382,33,0,30,1,11
1403637242.238495826721191,35,0,31,2,11
1403637242.288496255874634,36,0,31,4,11
1403637242.338495731353760,39,1,34,4,11
1403637242.388496398925781,38,0,37,1,11
1403637242.438496351242065,42,0,37,5,11
1403637242.488497257232666,43,0,41,1,11
1403637242.538498401641846,43,0,42,0,11
1403637242.588499784469604,44,2,41,3,11
1403637242.638501167297363,44,1,43,0,11
1403637242.688503265380859,41,0,41,0,11
1403637242.738504409790039,43,0,41,2,11
1403637242.788506269454956,43,0,41,1,11
1403637242.838509559631348,41,1,37,0,11
1403637242.888510227203369,41,0,35,2,11
1403637242.938509941101074,37,0,35,0,11
1403637242.988509416580200,39,2,35,3,11
1403637243.038508176803589,42,0,36,4,11
1403637243.088507652282715,45,0,39,3,11
1403637243.138504505157471,45,0,41,3,11
1403637243.188502788543701,46,5,42,3,11
1403637243.238500833511353,50,4,45,4,11
1403637243.288500547409058,50,2,47,1,11
1403637243.338500261306763,50,3,48,0,11
1403637243.388500690460205,49,4,45,1,11
1403637243.438500642776489,49,0,46,0,11
1403637243.488499879837036,45,10,42,2,11
1403637243.538499832153320,46,1,43,1,11
1403637243.588499546051025,47,0,43,2,11
1403637243.638499736785889,47,1,43,1,11
1403637243.688499927520752,45,6,43,0,11
1403637243.738499879837036,44,1,43,1,11
1403637243.788499355316162,48,10,42,5,11
1403637243.838499069213867,45,1,39,2,11
1403637243.888499021530151,44,1,40,1,11
1403637243.938499212265015,45,1,41,4,11
1403637243.988498926162720,47,0,45,2,11
1403637244.038498878479004,47,0,47,0,11
1403637244.088498830795288,48,8,45,2,11
1403637244.138498544692993,48,0,47,0,11
1403637244.188498497009277,49,0,46,2,11
1403637244.238498449325562,49,5,47,0,11
1403637244.288498401641846,48,0,47,0,11
1403637244.338498115539551,48,0,45,1,11
1403637244.388497352600098,49,14,46,1,11
1403637244.438497543334961,46,1,46,0,11
1403637244.488497257232666,45,0,40,0,11
1403637244.538497209548950,50,2,40,5,11
1403637244.588496685028076,43,10,40,0,11
1403637244.638496160507202,42,0,39,0,11
1403637244.688495635986328,46,1,39,7,11
1403637244.738494873046875,45,0,44,0,11
1403637244.788494586944580,45,0,43,0,11
1403637244.838494062423706,45,4,43,1,11
1403637244.888493537902832,45,0,44,1,11
1403637244.938493490219116,44,1,43,0,11
1403637244.988493442535400,47,9,41,6,11
1403637245.038492679595947,48,0,46,1,11
1403637245.088492631912231,48,3,47,0,11
1403637245.138493776321411,46,1,46,0,11
1403637245.188492774963379,49,21,44,4,11
1403637245.238491773605347,48,0,44,0,11
1403637245.288489341735840,48,2,43,1,11
1403637245.338487386703491,45,1,43,0,11
1403637245.388486146926880,44,2,41,0,11
1403637245.438485860824585,47,2,39,5,11
1403637245.488485813140869,44,2,41,0,11
1403637245.538485765457153,43,0,40,0,11
1403637245.588487148284912,48,3,39,7,11
1403637245.638487100601196,47,1,44,0,11
1403637245.688487768173218,47,10,40,2,11
1403637245.738489627838135,46,21,35,3,11
1403637245.788489103317261,45,12,34,4,11
1403637245.838487625122070,40,0,35,0,11
1403637245.888488054275513,37,1,28,2,11
1403637245.938488483428955,32,5,26,2,11
1403637245.988488674163818,29,2,27,0,11
1403637246.038488864898682,27,2,23,1,11
1403637246.088489294052124,23,2,20,0,11
1403637246.138489484786987,22,3,19,1,11
1403637246.188489913940430,17,5,17,0,11
1403637246.238489627838135,16,3,15,0,11
1403637246.288489818572998,15,1,12,1,11
1403637246.338483810424805,26,2,10,12,11
1403637246.388483762741089,37,2,21,13,11
1403637246.438482284545898,35,0,32,1,11
1403637246.488482713699341,42,2,30,9,11
1403637246.538484096527100,40,1,37,1,11
1403637246.588483572006226,42,3,34,7,11
1403637246.638484239578247,39,1,36,1,11
1403637246.688484668731689,38,4,34,0,11
1403637246.738486051559448,46,2,34,10,11
1403637246.788485765457153,39,0,36,0,11
1403637246.838486433029175,37,0,34,2,11
1403637246.888486385345459,34,0,33,0,11
1403637246.938486099243164,37,0,28,9,11
1403637246.988486766815186,35,0,35,0,11
1403637247.038488626480103,35,0,35,0,11
1403637247.088489770889282,35,0,34,0,11
1403637247.138490200042725,35,0,33,0,11
1403637247.188490152359009,48,2,33,14,11
1403637247.238488674163818,47,0,46,0,11
1403637247.288487672805786,47,0,45,0,11
1403637247.338487148284912,48,2,45,2,11
1403637247.388487339019775,48,8,45,1,11
1403637247.438486814498901,48,2,44,2,11
1403637247.488487243652344,48,4,44,3,11
1403637247.538488626480103,50,0,46,2,11
1403637247.588489294052124,48,0,46,0,11
1403637247.638490438461304,48,7,46,2,11
1403637247.688490629196167,48,0,47,0,11
1403637247.738490581512451,49,0,47,1,11
1403637247.788491487503052,49,4,44,2,11
1403637247.838491439819336,47,0,43,0,11
1403637247.888492345809937,48,7,41,3,11
1403637247.938492536544800,48,1,43,3,11
1403637247.988492488861084,47,5,43,2,11
1403637248.038491487503052,47,5,42,3,11
1403637248.088490009307861,48,0,42,4,11
1403637248.138488769531250,45,0,41,0,11
1403637248.188488245010376,43,1,39,0,11
1403637248.238488197326660,45,0,39,4,11
1403637248.288489103317261,43,1,43,0,11
1403637248.338490247726440,43,0,43,0,11
1403637248.388491392135620,45,0,43,2,11
1403637248.438492536544800,44,2,44,0,11
1403637248.488494157791138,49,2,43,6,11
1403637248.538496255874634,49,9,48,1,11
1403637248.588496208190918,50,2,49,1,11
1403637248.638494253158569,49,2,49,0,11
1403637248.688492536544800,50,8,49,1,11
1403637248.738491058349609,49,0,48,0,11
1403637248.788491010665894,50,6,47,1,11
1403637248.838490486145020,49,0,46,1,11
1403637248.888490676879883,48,2,45,1,11
1403637248.938490152359009,49,9,46,2,11
1403637248.988490343093872,48,0,48,0,11
1403637249.038490533828735,48,2,48,0,11
1403637249.088490724563599,49,0,48,1,11
1403637249.138490676879883,49,9,48,1,11
1403637249.188490390777588,49,1,48,0,11
1403637249.238490343093872,49,2,47,1,11
1403637249.288489580154419,49,6,46,2,11
1403637249.338489294052124,49,11,46,1,11
1403637249.388489246368408,50,4,47,2,11
1403637249.438488960266113,49,1,49,0,11
1403637249.488488674163818,50,0,49,1,11
1403637249.538488864898682,49,7,48,0,11
1403637249.588488101959229,50,0,48,1,11
1403637249.638487815856934,49,0,49,0,11
1403637249.688487768173218,48,3,48,0,11
1403637249.738486528396606,50,4,48,2,11
1403637249.788486480712891,50,15,49,0,11
1403637249.838486433029175,50,3,49,0,11
1403637249.888487100601196,50,4,48,1,11
1403637249.938487529754639,50,10,49,0,11
1403637249.988488435745239,47,3,46,0,11
1403637250.038490295410156,46,0,43,1,11
1403637250.088490962982178,43,0,40,0,11
1403637250.138491868972778,43,0,33,6,11
1403637250.188491582870483,40,0,38,0,11
1403637250.238491535186768,38,1,36,1,11
1403637250.288491725921631,35,0,34,0,11
1403637250.338491201400757,36,0,32,3,11
1403637250.388490438461304,49,15,34,14,11
1403637250.438489913940430,47,2,46,1,11
1403637250.488489151000977,48,0,45,3,11
1403637250.538488864898682,49,6,47,2,11
1403637250.588488340377808,50,0,48,1,11
1403637250.638487577438354,49,1,46,0,11
1403637250.688486814498901,47,0,45,0,11
1403637250.738485574722290,47,15,44,3,11
1403637250.788485288619995,48,0,47,1,11
1403637250.838484764099121,47,1,45,1,11
1403637250.888484477996826,46,0,45,0,11
1403637250.938484191894531,45,0,45,0,11
1403637250.988484144210815,50,6,45,5,11
1403637251.038484334945679,50,0,50,0,11
1403637251.088485240936279,49,1,48,0,11
1403637251.138486146926880,49,5,47,1,11
1403637251.188486576080322,47,0,47,0,11
1403637251.238486528396606,49,21,46,3,11
1403637251.288486480712891,49,0,46,0,11
1403637251.338485717773438,50,15,46,1,11
1403637251.388484477996826,46,0,44,0,11
1403637251.438484430313110,45,0,42,0,11
1403637251.488484621047974,42,0,41,0,11
1403637251.538485288619995,40,0,39,0,11
1403637251.588485479354858,44,1,38,5,11
1403637251.638485670089722,43,0,43,0,11
1403637251.688485622406006,42,1,41,0,11
1403637251.738485813140869,44,0,39,5,11
1403637251.788486003875732,44,0,43,0,11
1403637251.838485479354858,46,9,43,2,11
1403637251.888485431671143,44,1,44,0,11
1403637251.938485622406006,48,2,44,4,11
1403637251.988485813140869,46,0,46,0,11
1403637252.038485765457153,44,0,44,0,11
1403637252.088485956192017,45,0,43,1,11
1403637252.138485908508301,50,3,43,5,11
1403637252.188486099243164,49,0,48,0,11
1403637252.238486051559448,49,0,47,1,11
1403637252.288487195968628,50,21,48,1,11
1403637252.338487625122070,49,1,49,0,11
1403637252.388487815856934,49,0,49,0,11
1403637252.438488006591797,48,5,48,0,11
1403637252.488487720489502,47,0,47,0,11
1403637252.538487911224365,47,1,47,0,11
1403637252.588487863540649,47,0,47,0,11
1403637252.638487577438354,47,0,47,0,11
1403637252.688487529754639,47,0,47,0,11
1403637252.738487482070923,46,0,46,0,11
1403637252.788487434387207,46,0,46,0,11
1403637252.838487625122070,46,0,46,0,11
1403637252.888489484786987,48,16,45,3,11
1403637252.938490629196167,49,0,48,1,11
1403637252.988491773605347,49,0,49,0,11
1403637253.038492918014526,49,4,49,0,11
1403637253.088493347167969,49,0,49,0,11
1403637253.138493061065674,49,0,49,0,11
1403637253.188493490219116,49,0,49,0,11
1403637253.238492727279663,49,0,49,0,11
1403637253.288492441177368,49,0,49,0,11
1403637253.338491916656494,49,0,49,0,11
1403637253.388491630554199,49,0,49,0,11
1403637253.438491106033325,49,0,49,0,11
1403637253.488491058349609,49,0,49,0,11
1403637253.538491010665894,49,0,49,0,11
1403637253.588491201400757,49,0,49,0,11
1403637253.638490915298462,49,0,49,0,11
1403637253.688491106033325,49,0,49,0,11
1403637253.738491058349609,48,0,48,0,11
1403637253.788490772247314,48,0,48,0,11
1403637253.838490724563599,48,0,48,0,11
1403637253.888490915298462,48,0,48,0,11
1403637253.938490867614746,48,0,48,0,11
1403637253.988491058349609,48,0,48,0,11
1403637254.038490772247314,48,0,48,0,11
1403637254.088490724563599,48,2,48,0,11
1403637254.138491153717041,48,0,48,0,11
1403637254.188491821289062,48,0,48,0,11
1403637254.238492012023926,48,0,48,0,11
1403637254.288492679595947,48,0,48,0,11
1403637254.338492870330811,48,0,48,0,11
1403637254.388492822647095,48,0,48,0,11
1403637254.438492774963379,48,0,48,0,11
1403637254.488492727279663,48,0,48,0,11
1403637254.538492918014526,48,0,48,0,11
1403637254.588493108749390,48,0,48,0,11
1403637254.638493299484253,48,0,48,0,11
1403637254.688493728637695,48,12,48,0,11
1403637254.738493919372559,48,0,48,0,11
1403637254.788493871688843,48,0,48,0,11
1403637254.838493824005127,48,0,48,0,11
1403637254.888493776321411,48,0,47,0,11
1403637254.938493967056274,48,0,47,0,11
1403637254.988493919372559,47,0,47,0,11
1403637255.038494348526001,47,0,47,0,11
1403637255.088493824005127,47,0,47,0,11
1403637255.138493776321411,47,0,47,0,11
1403637255.188493967056274,46,0,46,0,11
1403637255.238493442535400,46,0,46,0,11
1403637255.288493394851685,44,13,44,0,11
1403637255.338493347167969,44,0,44,0,11
1403637255.388493299484253,44,0,44,0,11
1403637255.438493251800537,47,1,43,3,11
1403637255.488493204116821,46,0,45,0,11
1403637255.538493394851685,43,0,43,0,11
1403637255.588493585586548,44,0,43,1,11
1403637255.638493537902832,43,0,43,0,11
1403637255.688493490219116,42,0,42,0,11
1403637255.738493442535400,42,0,40,0,11
1403637255.788493633270264,41,0,39,0,11
1403637255.838493347167969,38,0,36,0,11
1403637255.888492822647095,43,4,36,6,11
1403637255.938492536544800,42,0,42,0,11
1403637255.988492488861084,42,0,42,0,11
1403637256.038492679595947,43,0,39,2,11
1403637256.088492393493652,42,0,41,0,11
1403637256.138491868972778,41,0,41,0,11
1403637256.188491344451904,41,0,39,0,11
1403637256.238491296768188,41,0,39,0,11
1403637256.288491010665894,39,0,39,0,11
1403637256.338490724563599,38,0,38,0,11
1403637256.388488769531250,47,34,38,9,11
1403637256.438488483428955,47,0,46,0,11
1403637256.488487720489502,48,6,45,1,11
1403637256.538488388061523,47,0,47,0,11
1403637256.588488817214966,47,0,46,0,11
1403637256.638489484786987,47,0,45,0,11
1403637256.688490867614746,46,0,45,1,11
1403637256.738491296768188,46,1,45,0,11
1403637256.788491725921631,46,1,42,0,11
1403637256.838492393493652,45,0,42,0,11
1403637256.888493299484253,43,0,40,2,11
1403637256.938495874404907,43,0,38,0,11
1403637256.988502740859985,45,24,38,4,11
1403637257.038504123687744,43,0,41,1,11
1403637257.088506221771240,46,3,43,3,11
1403637257.138505935668945,47,0,45,1,11
1403637257.188505887985229,46,0,44,0,11
1403637257.238505363464355,46,0,43,1,11
1403637257.288504600524902,45,0,44,0,11
1403637257.338504791259766,43,1,42,0,11
1403637257.388504266738892,43,0,42,0,11
1403637257.438503742218018,43,0,42,1,11
1403637257.488503932952881,45,0,42,2,11
1403637257.538503885269165,45,0,44,0,11
1403637257.588502407073975,46,13,43,2,11
1403637257.638501644134521,45,0,45,0,11
1403637257.688500881195068,46,2,44,1,11
1403637257.738500595092773,46,0,45,0,11
1403637257.788500785827637,45,0,45,0,11
1403637257.838500499725342,45,0,42,0,11
1403637257.888500928878784,44,0,39,1,11
1403637257.938501119613647,43,2,38,2,11
1403637257.988501071929932,41,1,38,0,11
1403637258.038501262664795,41,0,38,1,11
1403637258.088501691818237,38,1,36,0,11
1403637258.138502120971680,36,0,34,0,11
1403637258.188503265380859,45,0,34,10,11
1403637258.238503456115723,45,0,42,2,11
1403637258.288504123687744,44,0,38,2,11
1403637258.338504076004028,43,3,39,0,11
1403637258.388507127761841,47,22,37,8,11
1403637258.438507318496704,45,0,42,0,11
1403637258.488508224487305,45,0,42,0,11
1403637258.538510084152222,44,0,42,2,11
1403637258.588510036468506,44,1,42,0,11
1403637258.638509035110474,43,0,38,0,11
1403637258.688508749008179,41,2,37,1,11
1403637258.738508462905884,40,2,38,1,11
1403637258.788509845733643,38,1,35,0,11
1403637258.838510036468506,47,2,32,10,11
1403637258.888509750366211,44,2,39,0,11
1403637258.938510179519653,44,0,39,3,11
1403637258.988509893417358,47,8,40,5,11
1403637259.038508653640747,48,9,45,1,11
1403637259.088509082794189,46,0,46,0,11
1403637259.138509035110474,48,0,46,2,11
1403637259.188508987426758,48,0,46,0,11
1403637259.238508701324463,48,0,46,0,11
1403637259.288508892059326,48,0,46,2,11
1403637259.338508844375610,48,1,48,0,11
1403637259.388507366180420,48,10,48,0,11
1403637259.438507080078125,49,0,47,1,11
1403637259.488507032394409,49,2,47,0,11
1403637259.538507223129272,50,0,47,2,11
1403637259.588507413864136,50,7,49,1,11
1403637259.638506889343262,50,7,50,0,11
1403637259.688506841659546,50,0,50,0,11
1403637259.738506317138672,50,0,50,0,11
1403637259.788506269454956,50,0,50,0,11
1403637259.838506460189819,50,0,50,0,11
1403637259.888506412506104,50,0,50,0,11
1403637259.938506841659546,50,0,50,0,11
1403637259.988506793975830,50,18,50,0,11
1403637260.038507223129272,50,0,48,0,11
1403637260.088507175445557,50,0,48,0,11
1403637260.138507127761841,48,0,48,0,11
1403637260.188507080078125,47,2,47,0,11
1403637260.238506555557251,46,6,46,0,11
1403637260.288506984710693,45,0,45,0,11
1403637260.338506937026978,43,0,43,0,11
1403637260.388506650924683,43,0,42,0,11
1403637260.438506603240967,43,0,42,0,11
1403637260.488506793975830,42,0,41,0,11
1403637260.538507223129272,41,0,40,0,11
1403637260.588508605957031,45,10,37,6,11
1403637260.638508558273315,42,2,37,0,11
1403637260.688508272171021,41,0,35,2,11
1403637260.738508224487305,37,0,35,0,11
1403637260.788508415222168,37,1,34,1,11
1403637260.838508605957031,42,2,35,6,11
1403637260.888508081436157,40,0,38,0,11
1403637260.938507795333862,40,1,38,0,11
1403637260.988507509231567,39,0,35,1,11
1403637261.038506746292114,46,6,35,8,11
1403637261.088507652282715,41,3,38,0,11
1403637261.138508319854736,40,3,37,0,11
1403637261.188509225845337,45,2,34,7,11
1403637261.238509654998779,41,1,38,0,11
1403637261.288509368896484,39,3,35,0,11
1403637261.338509559631348,38,0,34,2,11
1403637261.388509750366211,37,0,34,0,11
1403637261.438509941101074,36,0,33,1,11
1403637261.488509893417358,34,2,30,0,11
1403637261.538510322570801,45,0,30,12,11
1403637261.588511228561401,42,6,39,1,11
1403637261.638511657714844,43,1,40,1,11
1403637261.688511133193970,41,2,40,0,11
1403637261.738510370254517,41,2,39,0,11
1403637261.788509130477905,40,3,39,0,11
1403637261.838508605957031,39,2,36,1,11
1403637261.888509511947632,39,2,34,2,11
1403637261.938510179519653,37,2,35,0,11
1403637261.988511323928833,35,1,33,0,11
1403637262.038512468338013,33,0,31,1,11
1403637262.088513374328613,33,1,31,1,11
1403637262.138514280319214,33,3,29,2,11
1403637262.188514232635498,31,3,28,2,11
1403637262.238514423370361,30,0,28,0,11
1403637262.288512468338013,25,6,14,1,11
1403637262.338517189025879,18,9,11,0,11
1403637262.388514995574951,14,1,8,1,11
1403637262.438512802124023,10,0,6,2,11
1403637262.488513231277466,10,0,8,0,11
1403637262.538514614105225,9,0,9,0,11
1403637262.588515281677246,9,0,7,0,11
1403637262.638514280319214,7,0,7,0,11
1403637262.688514232635498,7,0,5,0,11
1403637262.738514423370361,6,0,4,0,11
1403637262.788515329360962,5,0,4,0,11
1403637262.838511466979980,5,0,4,1,11
1403637262.888511657714844,5,0,4,0,11
1403637262.938511610031128,5,0,3,0,11
1403637262.988511562347412,4,0,2,0,11
1403637263.038511991500854,5,0,2,2,11
1403637263.088511943817139,4,0,3,0,11
1403637263.138512134552002,4,0,3,0,11
1403637263.188512086868286,3,0,3,0,11
1403637263.238512039184570,3,0,3,0,11
1403637263.288512468338013,3,0,2,0,11
1403637263.338512420654297,3,0,2,0,11
1403637263.388512372970581,2,0,2,0,11
1403637263.438512563705444,2,0,2,0,11
1403637263.488512516021729,2,0,2,0,11
1403637263.538513660430908,3,0,2,1,11
1403637263.588513851165771,3,0,3,0,11
1403637263.638513803482056,3,0,3,0,11
1403637263.688513517379761,4,0,3,1,11
1403637263.738513469696045,4,0,3,0,11
1403637263.788513660430908,4,0,3,0,11
1403637263.838513612747192,4,0,3,1,11
1403637263.888513565063477,4,0,3,0,11
1403637263.938513755798340,4,0,3,0,11
1403637263.988513708114624,4,0,3,1,11
1403637264.038514137268066,5,0,3,1,11
1403637264.088514089584351,5,0,4,0,11
1403637264.138514041900635,5,0,4,1,11
1403637264.188513994216919,5,0,4,0,11
1403637264.238514184951782,5,0,4,0,11
1403637264.288514375686646,5,0,4,1,11
1403637264.338514328002930,5,0,4,0,11
1403637264.388514280319214,5,0,4,0,11
1403637264.438514232635498,5,0,4,1,11
1403637264.488514184951782,5,0,4,0,11
1403637264.538514375686646,5,0,4,0,11
1403637264.588514328002930,5,0,4,1,11
1403637264.638514280319214,5,0,4,0,11
1403637264.688514232635498,5,0,4,0,11
1403637264.738514184951782,5,0,4,1,11
1403637264.788514375686646,5,0,4,0,11
1403637264.838514328002930,5,0,4,0,11
1403637264.888514041900635,6,0,4,2,11
1403637264.938513994216919,6,0,4,0,11
1403637264.988513946533203,6,0,4,0,11
1403637265.038514137268066,6,0,4,2,11
1403637265.088514089584351,6,0,4,0,11
1403637265.138514280319214,6,0,4,0,11
1403637265.188513994216919,6,0,4,2,11
1403637265.238514184951782,6,0,4,0,11
1403637265.288514375686646,6,0,4,0,11
1403637265.338514089584351,7,0,4,3,11
1403637265.388514041900635,7,0,4,0,11
1403637265.438513994216919,7,0,4,0,11
1403637265.488513946533203,7,0,4,3,11
