# timestamp (sec),slam_feats_in_state,msckf_feats_used,slam_feats_updated,slam_feats_delayed_init,clones
1403637149.987318277359009,0,8,0,0,5
1403637150.036755084991455,15,14,0,15,6
1403637150.086406707763672,13,29,12,0,7
1403637150.136349201202393,10,1,8,0,8
1403637150.186404228210449,9,2,6,0,9
1403637150.236432313919067,5,10,5,0,10
1403637150.286446809768677,5,7,4,0,11
1403637150.336531877517700,3,4,3,0,11
1403637150.386538743972778,2,10,2,0,11
1403637150.436788082122803,1,7,1,0,11
1403637150.486697196960449,1,7,1,0,11
1403637150.536769390106201,0,5,0,0,11
1403637150.586838245391846,0,2,0,0,11
1403637150.637249231338501,12,7,0,12,11
1403637150.687317132949829,11,4,10,0,11
1403637150.737396240234375,10,0,9,0,11
1403637150.787371158599854,9,2,9,0,11
1403637150.837417840957642,10,2,9,1,11
1403637150.887588500976562,12,6,9,3,11
1403637150.937628746032715,12,1,11,0,11
1403637150.987830877304077,17,2,12,5,11
1403637151.037876605987549,18,2,16,1,11
1403637151.087860107421875,17,2,17,0,11
1403637151.137880563735962,20,2,17,3,11
1403637151.187987565994263,20,2,20,0,11
1403637151.238192319869995,26,3,20,6,11
1403637151.288264036178589,26,0,26,0,11
1403637151.338331222534180,26,1,25,1,11
1403637151.388295888900757,26,0,26,0,11
1403637151.438240766525269,26,5,26,0,11
1403637151.488250494003296,27,0,26,1,11
1403637151.538207054138184,29,0,27,2,11
1403637151.588148832321167,30,1,28,1,11
1403637151.638135671615601,30,1,29,0,11
1403637151.688079118728638,30,8,29,1,11
1403637151.738075017929077,30,0,29,0,11
1403637151.788080453872681,32,0,27,2,11
1403637151.838066101074219,31,0,29,0,11
1403637151.888092994689941,28,1,27,0,11
1403637151.938125610351562,35,1,26,7,11
1403637151.988139152526855,35,0,33,1,11
1403637152.038161754608154,35,1,34,1,11
1403637152.088163614273071,34,0,33,1,11
1403637152.138174772262573,36,0,34,2,11
1403637152.188169002532959,38,0,36,2,11
1403637152.238195896148682,38,0,37,1,11
1403637152.288192272186279,38,0,36,1,11
1403637152.338214397430420,37,0,36,0,11
1403637152.388239622116089,36,0,35,1,11
1403637152.438188314437866,37,0,35,1,11
1403637152.488202810287476,36,0,34,0,11
1403637152.538172245025635,36,0,34,1,11
1403637152.588141441345215,35,0,35,0,11
1403637152.638180494308472,34,0,34,0,11
1403637152.688206672668457,33,0,33,0,11
1403637152.738260984420776,33,0,33,0,11
1403637152.788311004638672,34,0,33,1,11
1403637152.838369131088257,34,0,34,0,11
1403637152.888399600982666,33,0,33,0,11
1403637152.938396215438843,32,1,31,0,11
1403637152.988395452499390,33,2,31,1,11
1403637153.038378477096558,32,4,32,0,11
1403637153.088405370712280,33,3,32,1,11
1403637153.138402462005615,39,0,29,8,11
1403637153.188403129577637,43,3,33,5,11
1403637153.238407850265503,43,0,38,2,11
1403637153.288393735885620,39,0,39,0,11
1403637153.338402032852173,39,0,38,0,11
1403637153.388415813446045,37,0,36,0,11
1403637153.438404798507690,35,0,34,0,11
1403637153.488445281982422,35,1,34,0,11
1403637153.538469076156616,34,0,34,0,11
1403637153.588449478149414,34,0,34,0,11
1403637153.638403892517090,37,2,34,3,11
1403637153.688369750976562,37,0,37,0,11
1403637153.738352060317993,38,1,36,1,11
1403637153.788304328918457,39,1,36,2,11
1403637153.838292598724365,41,0,38,3,11
1403637153.888289690017700,40,0,38,0,11
1403637153.938292741775513,40,0,38,0,11
1403637153.988322973251343,38,1,36,0,11
1403637154.038357734680176,38,0,36,0,11
1403637154.088470220565796,36,0,36,0,11
1403637154.138535976409912,36,0,36,0,11
1403637154.188596487045288,36,0,36,0,11
1403637154.238608837127686,38,0,34,2,11
1403637154.288583517074585,38,0,36,0,11
1403637154.338536024093628,35,0,34,0,11
1403637154.388486862182617,34,0,33,0,11
1403637154.438389778137207,33,0,32,1,11
1403637154.488360166549683,34,1,33,1,11
1403637154.538331031799316,33,0,33,0,11
1403637154.588293790817261,33,0,30,1,11
1403637154.638305187225342,33,0,30,0,11
1403637154.688319683074951,31,0,26,2,11
1403637154.738315343856812,30,1,24,3,11
1403637154.788329124450684,27,0,24,1,11
1403637154.838387250900269,30,3,24,4,11
1403637154.888393878936768,28,0,27,0,11
1403637154.938451290130615,26,0,22,2,11
1403637154.988491296768188,26,0,22,0,11
1403637155.038514614105225,23,0,20,0,11
1403637155.088509559631348,19,0,17,0,11
1403637155.138517856597900,17,0,13,0,11
1403637155.188520908355713,16,0,13,0,11
1403637155.238511562347412,12,3,11,0,11
1403637155.288532733917236,12,0,10,1,11
1403637155.338528156280518,18,0,10,7,11
1403637155.388531684875488,19,2,17,1,11
1403637155.438575983047485,25,1,17,8,11
1403637155.488604068756104,25,0,25,0,11
1403637155.538621187210083,27,0,24,3,11
1403637155.588620424270630,31,0,26,4,11
1403637155.638497114181519,38,0,27,8,11
1403637155.688480377197266,37,0,34,1,11
1403637155.738454580307007,36,0,34,1,11
1403637155.788476467132568,37,0,35,1,11
1403637155.838513612747192,43,8,34,7,11
1403637155.888486146926880,40,0,39,0,11
1403637155.938461542129517,40,0,38,1,11
1403637155.988474369049072,36,0,33,0,11
1403637156.038490056991577,35,0,31,0,11
1403637156.088501453399658,28,1,27,0,11
1403637156.138504505157471,26,0,25,0,11
1403637156.188499450683594,24,1,24,0,11
1403637156.238495826721191,24,0,23,0,11
1403637156.288495302200317,23,0,22,0,11
1403637156.338491439819336,22,0,22,0,11
1403637156.388500213623047,22,0,22,0,11
1403637156.438481092453003,28,0,22,6,11
1403637156.488459587097168,27,2,27,0,11
1403637156.538425922393799,28,2,27,1,11
1403637156.588407754898071,28,0,28,0,11
1403637156.638384342193604,27,1,24,2,11
1403637156.688364982604980,26,0,25,0,11
1403637156.738340377807617,25,0,24,0,11
1403637156.788281202316284,25,1,22,1,11
1403637156.838213443756104,25,0,23,1,11
1403637156.888133287429810,24,0,24,0,11
1403637156.938090324401855,23,0,22,0,11
1403637156.988036155700684,23,0,22,0,11
1403637157.038032293319702,23,1,22,1,11
1403637157.088011264801025,24,0,23,1,11
1403637157.138039112091064,24,0,24,0,11
1403637157.188048839569092,24,0,22,0,11
1403637157.238041400909424,29,0,21,6,11
1403637157.288049221038818,27,0,27,0,11
1403637157.338043451309204,27,0,27,0,11
1403637157.388025999069214,28,1,27,1,11
1403637157.438016414642334,28,0,28,0,11
1403637157.488002300262451,29,0,28,1,11
1403637157.537991046905518,34,1,28,5,11
1403637157.587980031967163,33,0,32,0,11
1403637157.637962818145752,40,0,31,8,11
1403637157.687961816787720,47,4,38,7,11
1403637157.737957000732422,47,0,44,1,11
1403637157.787953376770020,45,0,44,0,11
1403637157.837945461273193,42,2,42,0,11
1403637157.887930870056152,44,0,40,2,11
1403637157.937911033630371,45,0,42,1,11
1403637157.987899065017700,47,0,42,4,11
1403637158.037894010543823,47,2,43,3,11
1403637158.087898969650269,46,0,42,1,11
1403637158.137915372848511,48,3,42,2,11
1403637158.187923192977905,45,0,43,0,11
1403637158.237921237945557,43,0,42,0,11
1403637158.287923097610474,48,0,40,6,11
1403637158.337908029556274,49,6,45,1,11
1403637158.387886524200439,46,0,45,0,11
1403637158.437885046005249,47,2,43,4,11
1403637158.487871646881104,44,0,43,0,11
1403637158.537857294082642,43,0,40,0,11
1403637158.587853431701660,44,1,40,2,11
1403637158.637843132019043,37,0,37,0,11
1403637158.687837600708008,38,2,37,1,11
1403637158.737831354141235,41,1,36,5,11
1403637158.787788629531860,44,3,39,4,11
1403637158.837782382965088,41,0,39,0,11
1403637158.887773036956787,42,0,39,1,11
1403637158.937763929367065,45,3,40,5,11
1403637158.987734794616699,45,0,41,2,11
1403637159.037709236145020,46,0,43,2,11
1403637159.087703227996826,44,0,43,0,11
1403637159.137690305709839,46,5,43,3,11
1403637159.187672376632690,46,0,44,0,11
1403637159.237681865692139,47,1,43,1,11
1403637159.287688970565796,44,2,43,0,11
1403637159.337700366973877,43,1,39,0,11
1403637159.387709379196167,44,10,39,2,11
1403637159.437706470489502,42,2,41,1,11
1403637159.487727165222168,42,0,41,0,11
1403637159.537755489349365,43,2,40,2,11
1403637159.587773799896240,42,1,42,0,11
1403637159.637815713882446,41,3,40,0,11
1403637159.687815666198730,45,1,40,4,11
1403637159.737796545028687,47,3,41,4,11
1403637159.787784337997437,47,14,43,2,11
1403637159.837773561477661,43,1,43,0,11
1403637159.887745857238770,39,1,38,1,11
1403637159.937731266021729,40,1,37,1,11
1403637159.987727880477905,44,4,34,8,11
1403637160.037719726562500,41,0,38,0,11
1403637160.087729215621948,37,2,35,0,11
1403637160.137731552124023,32,2,31,0,11
1403637160.187728166580200,29,2,28,0,11
1403637160.237728118896484,28,0,27,0,11
1403637160.287719249725342,33,0,26,6,11
1403637160.337714672088623,36,3,31,4,11
1403637160.387748718261719,45,3,34,11,11
1403637160.437749385833740,43,0,43,0,11
1403637160.487761259078979,44,4,39,5,11
1403637160.537760972976685,42,1,42,0,11
1403637160.587766647338867,46,3,38,7,11
1403637160.637768507003784,49,4,45,3,11
1403637160.687811851501465,45,3,45,0,11
1403637160.737852096557617,43,2,41,0,11
1403637160.787903785705566,43,1,36,4,11
1403637160.837991237640381,46,0,39,5,11
1403637160.888070344924927,47,1,43,4,11
1403637160.938113689422607,48,1,46,1,11
1403637160.988160848617554,48,0,46,1,11
1403637161.038188695907593,47,0,47,0,11
1403637161.088274002075195,46,0,46,0,11
1403637161.138321399688721,48,1,45,3,11
1403637161.188350915908813,49,7,46,2,11
1403637161.238366127014160,50,3,48,1,11
1403637161.288376569747925,49,6,48,0,11
1403637161.338370084762573,49,1,47,1,11
1403637161.388366222381592,47,1,46,1,11
1403637161.438355922698975,47,2,45,1,11
1403637161.488390207290649,48,7,44,3,11
1403637161.538382053375244,47,2,47,0,11
1403637161.588374853134155,46,0,45,0,11
1403637161.638378858566284,49,5,44,4,11
1403637161.688376426696777,47,1,45,1,11
1403637161.738377094268799,46,5,42,3,11
1403637161.788362741470337,44,2,40,3,11
1403637161.838353633880615,43,5,42,0,11
1403637161.888328075408936,42,6,37,4,11
1403637161.938307046890259,43,2,38,4,11
1403637161.988305330276489,42,2,40,0,11
1403637162.038302183151245,42,1,39,0,11
1403637162.088333606719971,43,0,37,5,11
1403637162.138367891311646,39,0,39,0,11
1403637162.188397407531738,42,2,38,3,11
1403637162.238463163375854,49,11,41,8,11
1403637162.288479566574097,49,0,49,0,11
1403637162.338489532470703,50,0,49,1,11
1403637162.388496160507202,50,5,50,0,11
1403637162.438502788543701,50,0,50,0,11
1403637162.488514184951782,50,8,49,0,11
1403637162.538518190383911,50,1,48,0,11
1403637162.588518619537354,48,2,47,0,11
1403637162.638537406921387,48,0,47,1,11
1403637162.688550949096680,49,8,45,2,11
1403637162.738553285598755,48,1,45,0,11
1403637162.788547039031982,45,2,42,0,11
1403637162.838583469390869,49,5,39,5,11
1403637162.888582468032837,47,1,42,1,11
1403637162.938583612442017,42,0,40,0,11
1403637162.988587617874146,44,1,38,3,11
1403637163.038587331771851,43,0,39,0,11
1403637163.088591814041138,45,5,36,6,11
1403637163.138590335845947,44,0,41,2,11
1403637163.188579797744751,41,1,39,2,11
1403637163.238571166992188,40,4,40,0,11
1403637163.288563013076782,45,0,40,5,11
1403637163.338559150695801,48,6,41,4,11
1403637163.388556480407715,44,1,40,0,11
1403637163.438561677932739,46,5,35,6,11
1403637163.488576173782349,44,1,40,1,11
1403637163.538590431213379,42,1,38,2,11
1403637163.588596105575562,45,2,36,5,11
1403637163.638600587844849,41,3,38,0,11
1403637163.688605785369873,44,1,38,5,11
1403637163.738617897033691,43,0,42,0,11
1403637163.788626909255981,49,2,40,7,11
1403637163.838644027709961,49,1,44,1,11
1403637163.888651847839355,48,0,45,0,11
1403637163.938653945922852,47,19,45,2,11
1403637163.988659620285034,46,1,41,0,11
1403637164.038661479949951,46,0,40,0,11
1403637164.088682889938354,45,11,39,4,11
1403637164.138684272766113,44,1,42,0,11
1403637164.188683986663818,42,3,40,1,11
1403637164.238678693771362,41,0,40,0,11
1403637164.288686275482178,39,1,36,1,11
1403637164.338685035705566,36,1,35,0,11
1403637164.388677120208740,36,2,33,2,11
1403637164.438672065734863,35,5,34,0,11
1403637164.488664865493774,33,1,32,1,11
1403637164.538651466369629,48,2,32,16,11
1403637164.588643074035645,47,17,45,1,11
1403637164.638644933700562,47,0,45,0,11
1403637164.688641548156738,46,9,43,1,11
1403637164.738646507263184,43,1,41,1,11
1403637164.788646459579468,40,3,38,0,11
1403637164.838646888732910,36,4,35,0,11
1403637164.888644933700562,28,4,27,0,11
1403637164.938645362854004,26,4,24,0,11
1403637164.988645315170288,26,2,21,3,11
1403637165.038642883300781,33,4,23,9,11
1403637165.088638305664062,29,0,27,0,11
1403637165.138633728027344,29,3,25,1,11
1403637165.188631772994995,41,6,23,16,11
1403637165.238625049591064,40,5,34,0,11
1403637165.288614749908447,43,3,33,6,11
1403637165.338596820831299,42,5,34,4,11
1403637165.388590097427368,38,4,34,0,11
1403637165.438590288162231,34,3,28,3,11
1403637165.488583564758301,33,1,30,2,11
1403637165.538575649261475,30,1,27,1,11
1403637165.588568925857544,30,6,23,3,11
1403637165.638557195663452,28,4,21,2,11
1403637165.688547849655151,27,4,22,3,11
1403637165.738536596298218,22,2,21,0,11
1403637165.788530826568604,25,1,17,6,11
1403637165.838526964187622,26,5,21,3,11
1403637165.888525962829590,25,0,24,0,11
1403637165.938530445098877,31,4,24,7,11
1403637165.988523483276367,35,3,26,6,11
1403637166.038517713546753,44,4,30,10,11
1403637166.088521242141724,43,4,36,4,11
1403637166.138521432876587,45,1,38,5,11
1403637166.188520669937134,42,3,41,0,11
1403637166.238523721694946,40,3,38,1,11
1403637166.288525104522705,37,1,31,1,11
1403637166.338509798049927,40,4,29,8,11
1403637166.388492584228516,37,4,36,0,11
1403637166.438489675521851,35,2,34,0,11
1403637166.488484859466553,38,0,34,4,11
1403637166.538488864898682,40,1,38,2,11
1403637166.588473558425903,42,0,40,2,11
1403637166.638430833816528,45,0,42,3,11
1403637166.688400745391846,44,0,43,1,11
1403637166.738370180130005,50,2,43,6,11
1403637166.788366079330444,47,6,45,0,11
1403637166.838381052017212,47,0,44,1,11
1403637166.888396739959717,46,1,45,0,11
1403637166.938429355621338,48,0,44,3,11
1403637166.988456487655640,48,3,47,0,11
1403637167.038479089736938,48,6,47,1,11
1403637167.088492870330811,49,0,48,1,11
1403637167.138504505157471,49,0,49,0,11
1403637167.188515663146973,49,0,49,0,11
1403637167.238505363464355,49,2,49,0,11
1403637167.288497686386108,48,2,48,0,11
1403637167.338495254516602,47,0,46,1,11
1403637167.388489246368408,47,5,46,1,11
1403637167.438495397567749,48,3,47,1,11
1403637167.488499402999878,49,0,48,1,11
1403637167.538504362106323,48,0,47,1,11
1403637167.588500499725342,48,5,41,2,11
1403637167.638493537902832,49,6,42,2,11
1403637167.688488006591797,44,1,42,0,11
1403637167.738485097885132,43,2,40,0,11
1403637167.788482189178467,41,3,39,0,11
1403637167.838480234146118,42,3,38,2,11
1403637167.888478755950928,45,1,36,5,11
1403637167.938472509384155,48,0,40,5,11
1403637167.988468885421753,48,9,42,3,11
1403637168.038467407226562,46,5,40,1,11
1403637168.088466167449951,43,1,40,0,11
1403637168.138463735580444,43,0,38,3,11
1403637168.188461542129517,50,7,40,7,11
1403637168.238458871841431,48,6,42,1,11
1403637168.288457393646240,46,4,40,0,11
1403637168.338454246520996,42,1,36,2,11
1403637168.388455152511597,41,4,36,2,11
1403637168.438456535339355,37,6,35,0,11
1403637168.488458871841431,47,0,30,12,11
1403637168.538462638854980,46,2,39,2,11
1403637168.588469266891479,43,0,39,2,11
1403637168.638469696044922,43,0,40,1,11
1403637168.688465833663940,41,1,38,1,11
1403637168.738464355468750,39,3,34,1,11
1403637168.788462400436401,48,0,32,11,11
1403637168.838460206985474,43,3,38,2,11
1403637168.888460874557495,42,1,38,2,11
1403637168.938461065292358,42,0,39,1,11
1403637168.988460302352905,47,6,39,7,11
1403637169.038459777832031,47,1,46,1,11
1403637169.088459730148315,46,3,44,1,11
1403637169.138462781906128,44,2,40,0,11
1403637169.188468217849731,48,3,39,6,11
1403637169.238467454910278,45,4,41,2,11
1403637169.288463115692139,49,5,40,4,11
1403637169.338446855545044,46,18,37,1,11
1403637169.388446092605591,45,3,35,3,11
1403637169.438441038131714,41,2,36,1,11
1403637169.488440752029419,37,1,34,1,11
1403637169.538441181182861,36,3,34,1,11
1403637169.588441133499146,34,4,30,2,11
1403637169.638443231582642,33,0,31,0,11
1403637169.688450098037720,32,5,27,1,11
1403637169.738455057144165,34,3,28,3,11
1403637169.788460493087769,31,5,29,0,11
1403637169.838466167449951,31,4,24,4,11
1403637169.888469219207764,29,3,23,1,11
1403637169.938473224639893,31,1,23,6,11
1403637169.988472938537598,33,2,28,5,11
1403637170.038475751876831,33,7,30,1,11
1403637170.088475942611694,36,0,31,4,11
1403637170.138474941253662,34,6,33,0,11
1403637170.188472747802734,47,1,32,15,11
1403637170.238472700119019,44,2,43,0,11
1403637170.288472652435303,43,3,35,0,11
1403637170.338470697402954,48,7,35,6,11
1403637170.388470411300659,41,0,37,0,11
1403637170.438472509384155,37,1,32,0,11
1403637170.488476753234863,33,4,27,1,11
1403637170.538481712341309,34,2,26,5,11
1403637170.588487863540649,31,6,26,2,11
1403637170.638490200042725,31,1,17,8,11
1403637170.688489437103271,29,2,25,0,11
1403637170.738485097885132,23,6,21,0,11
1403637170.788480997085571,15,2,15,0,11
1403637170.838472127914429,21,4,14,6,11
1403637170.888470172882080,21,2,20,0,11
1403637170.938462495803833,25,4,20,5,11
1403637170.988457679748535,26,2,24,1,11
1403637171.038454294204712,27,2,24,2,11
1403637171.088452577590942,37,2,25,11,11
1403637171.138457059860229,38,2,35,1,11
1403637171.188455581665039,49,2,35,12,11
1403637171.238458871841431,47,1,44,1,11
1403637171.288464307785034,44,3,43,0,11
1403637171.338467359542847,46,8,38,6,11
1403637171.388469934463501,48,11,42,4,11
1403637171.438472270965576,46,3,46,0,11
1403637171.488480329513550,46,0,45,1,11
1403637171.538482427597046,45,4,41,3,11
1403637171.588481903076172,47,6,42,4,11
1403637171.638477325439453,47,2,46,1,11
1403637171.688473463058472,50,6,46,3,11
1403637171.738471269607544,49,2,48,0,11
1403637171.788468837738037,47,0,47,0,11
1403637171.838471174240112,45,0,45,0,11
1403637171.888470649719238,50,7,45,5,11
1403637171.938472270965576,49,2,49,0,11
1403637171.988474130630493,48,16,45,1,11
1403637172.038474798202515,49,0,45,1,11
1403637172.088476657867432,47,1,44,0,11
1403637172.138471126556396,46,2,42,0,11
1403637172.188448905944824,49,10,42,5,11
1403637172.238423109054565,46,2,43,0,11
1403637172.288413286209106,49,0,43,3,11
1403637172.338416576385498,46,3,45,1,11
1403637172.388421535491943,45,2,44,0,11
1403637172.438425064086914,44,0,43,0,11
1403637172.488434553146362,44,0,41,2,11
1403637172.538445711135864,45,2,43,1,11
1403637172.588461875915527,50,10,44,6,11
1403637172.638466358184814,49,1,49,0,11
1403637172.688470840454102,49,4,49,0,11
1403637172.738470792770386,50,1,48,1,11
1403637172.788458824157715,49,4,47,0,11
1403637172.838439702987671,47,9,46,0,11
1403637172.888419389724731,44,0,43,1,11
1403637172.938409805297852,41,1,39,2,11
1403637172.988400697708130,46,4,40,5,11
1403637173.038399457931519,46,2,46,0,11
1403637173.088397979736328,44,1,42,0,11
1403637173.138395786285400,42,1,40,0,11
1403637173.188383102416992,46,0,39,7,11
1403637173.238365411758423,46,1,46,0,11
1403637173.288345336914062,48,0,41,2,11
1403637173.338327884674072,46,0,41,0,11
1403637173.388312101364136,44,0,40,3,11
1403637173.438279390335083,48,27,42,5,11
1403637173.488286256790161,46,0,46,0,11
1403637173.538294553756714,46,0,45,0,11
1403637173.588310480117798,49,7,44,3,11
1403637173.638323783874512,48,0,47,0,11
1403637173.688340187072754,46,1,45,0,11
1403637173.738355636596680,45,0,44,0,11
1403637173.788367033004761,43,0,41,1,11
1403637173.838378190994263,43,0,41,0,11
1403637173.888381719589233,44,12,35,7,11
1403637173.938381195068359,42,4,39,1,11
1403637173.988379716873169,43,3,37,4,11
1403637174.038370132446289,48,8,39,6,11
1403637174.088361024856567,48,0,44,1,11
1403637174.138346433639526,45,2,41,0,11
1403637174.188338518142700,46,3,39,3,11
1403637174.238334178924561,42,5,37,2,11
1403637174.288339138031006,43,3,35,5,11
1403637174.338342428207397,41,0,39,0,11
1403637174.388347148895264,40,1,36,1,11
1403637174.438355207443237,40,3,38,1,11
1403637174.488356113433838,42,1,37,3,11
1403637174.538357973098755,43,14,38,2,11
1403637174.588357686996460,43,0,38,1,11
1403637174.638360500335693,46,0,38,5,11
1403637174.688359022140503,41,2,38,0,11
1403637174.738352537155151,39,1,36,1,11
1403637174.788353919982910,29,2,28,0,11
1403637174.838349580764771,46,0,25,19,11
1403637174.888347387313843,48,2,43,3,11
1403637174.938344478607178,46,1,43,2,11
1403637174.988345384597778,46,2,45,0,11
1403637175.038348913192749,45,2,44,0,11
1403637175.088356018066406,44,4,42,1,11
1403637175.138364791870117,47,3,42,4,11
1403637175.188375234603882,44,2,39,1,11
1403637175.238380432128906,40,0,36,0,11
1403637175.288386821746826,40,0,36,3,11
1403637175.338392734527588,47,1,39,8,11
1403637175.388386011123657,50,6,46,3,11
1403637175.438382387161255,49,1,48,0,11
1403637175.488377571105957,45,2,45,0,11
1403637175.538369655609131,45,1,44,1,11
1403637175.588365554809570,50,2,44,5,11
1403637175.638360500335693,50,1,48,0,11
1403637175.688360214233398,49,0,46,0,11
1403637175.738359928131104,49,7,46,1,11
1403637175.788359403610229,45,1,45,0,11
1403637175.838356256484985,48,8,43,4,11
1403637175.888355016708374,47,5,44,0,11
1403637175.938354730606079,47,3,44,1,11
1403637175.988355398178101,46,3,43,2,11
1403637176.038351774215698,47,2,45,1,11
1403637176.088350534439087,43,1,42,0,11
1403637176.138350009918213,43,1,41,0,11
1403637176.188349723815918,43,0,39,2,11
1403637176.238346338272095,49,8,40,7,11
1403637176.288348436355591,47,0,45,0,11
1403637176.338350534439087,47,4,42,3,11
1403637176.388355731964111,47,1,44,2,11
1403637176.438360929489136,47,1,43,3,11
1403637176.488368034362793,49,7,45,3,11
1403637176.538368940353394,49,1,48,1,11
1403637176.588369369506836,49,7,47,1,11
1403637176.638370275497437,47,2,45,0,11
1403637176.688371419906616,43,4,41,1,11
1403637176.738372325897217,42,3,42,0,11
1403637176.788378477096558,50,21,42,8,11
1403637176.838379383087158,49,4,49,0,11
1403637176.888379812240601,48,1,47,1,11
1403637176.938380479812622,46,3,45,1,11
1403637176.988382339477539,43,1,43,0,11
1403637177.038383007049561,43,2,42,1,11
1403637177.088383674621582,47,3,39,7,11
1403637177.138383626937866,46,3,45,1,11
1403637177.188383340835571,46,0,46,0,11
1403637177.238383054733276,46,0,46,0,11
1403637177.288382768630981,44,1,44,0,11
1403637177.338382959365845,45,0,43,1,11
1403637177.388386964797974,50,10,43,5,11
1403637177.438386917114258,47,11,46,0,11
1403637177.488394260406494,47,20,44,2,11
1403637177.538395404815674,48,1,44,2,11
1403637177.588393926620483,47,4,43,1,11
1403637177.638394117355347,46,3,43,0,11
1403637177.688394546508789,44,2,42,0,11
1403637177.738397836685181,43,5,40,0,11
1403637177.788400411605835,41,4,39,0,11
1403637177.838401556015015,47,6,39,8,11
1403637177.888401746749878,46,0,46,0,11
1403637177.938400030136108,45,3,44,0,11
1403637177.988397121429443,48,4,42,5,11
1403637178.038393735885620,48,6,45,2,11
1403637178.088384628295898,50,32,47,2,11
1403637178.138382911682129,45,1,44,0,11
1403637178.188381433486938,43,0,41,1,11
1403637178.238383293151855,38,0,37,0,11
1403637178.288386106491089,37,0,34,0,11
1403637178.338388204574585,36,1,29,0,11
1403637178.388391256332397,29,0,24,0,11
1403637178.438391685485840,26,1,21,3,11
1403637178.488392353057861,24,0,20,0,11
1403637178.538393497467041,22,1,18,0,11
1403637178.588401556015015,22,4,17,4,11
1403637178.638407230377197,23,0,20,2,11
1403637178.688433885574341,39,5,22,16,11
1403637178.738440036773682,38,1,38,0,11
1403637178.788443803787231,37,6,37,0,11
1403637178.838445663452148,35,2,35,0,11
1403637178.888446807861328,37,2,34,3,11
1403637178.938446998596191,37,3,37,0,11
1403637178.988447904586792,37,0,37,0,11
1403637179.038446903228760,44,0,36,8,11
1403637179.088441133499146,44,2,42,0,11
1403637179.138444185256958,44,0,44,0,11
1403637179.188450336456299,44,2,44,0,11
1403637179.238450288772583,45,2,43,1,11
1403637179.288450479507446,50,9,41,5,11
1403637179.338452100753784,49,4,45,1,11
1403637179.388451337814331,48,1,46,1,11
1403637179.438451766967773,50,2,46,3,11
1403637179.488449811935425,49,3,47,0,11
1403637179.538448572158813,48,4,45,0,11
1403637179.588447332382202,46,5,43,0,11
1403637179.638448953628540,43,0,42,0,11
1403637179.688448905944824,42,0,39,0,11
1403637179.738447427749634,40,1,36,0,11
1403637179.788447380065918,39,1,34,2,11
1403637179.838445663452148,36,1,35,0,11
1403637179.888445615768433,47,5,35,12,11
1403637179.938445329666138,49,1,44,3,11
1403637179.988442897796631,47,1,43,0,11
1403637180.038441658020020,44,1,43,1,11
1403637180.088442087173462,46,1,42,3,11
1403637180.138444900512695,49,1,44,3,11
1403637180.188446521759033,48,8,46,0,11
1403637180.238447427749634,47,2,45,1,11
1403637180.288451194763184,41,0,39,0,11
1403637180.338451862335205,40,2,36,2,11
1403637180.388452768325806,44,3,30,9,11
1403637180.438448429107666,41,1,34,1,11
1403637180.488444805145264,39,2,31,4,11
1403637180.538445949554443,36,2,31,3,11
1403637180.588445663452148,36,5,32,2,11
1403637180.638436794281006,36,1,32,1,11
1403637180.688432455062866,34,0,30,1,11
1403637180.738428592681885,35,0,31,2,11
1403637180.788422584533691,40,2,30,8,11
1403637180.838424205780029,40,0,36,2,11
1403637180.888427257537842,42,0,36,4,11
1403637180.938430309295654,40,2,35,2,11
1403637180.988434314727783,43,1,31,5,11
1403637181.038446187973022,48,1,34,8,11
1403637181.088461160659790,45,8,40,2,11
1403637181.138462305068970,48,8,38,5,11
1403637181.188465595245361,44,4,38,0,11
1403637181.238463640213013,42,4,37,1,11
1403637181.288460254669189,43,1,35,5,11
1403637181.338458538055420,43,4,36,2,11
1403637181.388457298278809,41,3,37,1,11
1403637181.438459634780884,35,2,32,1,11
1403637181.488463640213013,39,3,30,7,11
1403637181.538466691970825,36,4,35,0,11
1403637181.588467836380005,36,0,34,0,11
1403637181.638469696044922,34,0,33,0,11
1403637181.688471078872681,36,1,32,2,11
1403637181.738473415374756,47,2,32,14,11
1403637181.788472414016724,44,0,42,0,11
1403637181.838469743728638,49,1,40,6,11
1403637181.888470172882080,47,1,45,0,11
1403637181.938468694686890,49,10,44,3,11
1403637181.988468170166016,48,3,44,1,11
1403637182.038466215133667,48,3,43,1,11
1403637182.088465690612793,47,9,42,2,11
1403637182.138467550277710,44,1,38,1,11
1403637182.188468217849731,39,0,34,0,11
1403637182.238469839096069,36,2,34,1,11
1403637182.288469552993774,35,3,33,1,11
1403637182.338469028472900,34,5,33,0,11
1403637182.388467788696289,34,2,31,1,11
1403637182.438466072082520,34,7,29,0,11
1403637182.488464355468750,43,3,28,12,11
1403637182.538464069366455,46,3,38,6,11
1403637182.588463306427002,45,0,43,0,11
1403637182.638460397720337,43,2,42,0,11
1403637182.688457250595093,47,5,42,4,11
1403637182.738450765609741,48,19,45,2,11
1403637182.788451194763184,49,0,47,1,11
1403637182.838450908660889,47,1,47,0,11
1403637182.888450860977173,48,0,47,1,11
1403637182.938451290130615,48,1,48,0,11
1403637182.988450527191162,50,7,48,2,11
1403637183.038446187973022,49,20,49,0,11
1403637183.088446140289307,49,1,48,1,11
1403637183.138446092605591,49,1,47,0,11
1403637183.188446044921875,49,0,47,0,11
1403637183.238446950912476,47,0,47,0,11
1403637183.288447618484497,50,2,46,3,11
1403637183.338447570800781,50,19,46,0,11
1403637183.388447523117065,46,1,42,0,11
1403637183.438447237014771,43,0,39,0,11
1403637183.488446235656738,42,0,39,0,11
1403637183.538445472717285,39,0,39,0,11
1403637183.588445425033569,44,0,39,5,11
1403637183.638442993164062,48,12,44,4,11
1403637183.688444852828979,49,0,47,1,11
1403637183.738445281982422,49,0,48,0,11
1403637183.788445472717285,47,0,47,0,11
1403637183.838444471359253,49,5,46,2,11
1403637183.888443470001221,50,14,48,1,11
1403637183.938446521759033,49,13,47,0,11
1403637183.988446235656738,49,0,43,1,11
1403637184.038448810577393,48,2,44,1,11
1403637184.088450431823730,46,1,44,1,11
1403637184.138453960418701,49,0,44,3,11
1403637184.188459634780884,48,0,45,0,11
1403637184.238462924957275,49,11,44,2,11
1403637184.288465499877930,48,0,46,1,11
1403637184.338467836380005,47,32,41,1,11
1403637184.388469457626343,46,0,37,0,11
1403637184.438471078872681,39,1,33,0,11
1403637184.488477706909180,43,0,31,10,11
1403637184.538487195968628,46,9,38,6,11
1403637184.588491439819336,44,0,39,0,11
1403637184.638493776321411,44,2,34,2,11
1403637184.688495874404907,40,0,30,1,11
1403637184.738494873046875,35,0,29,0,11
1403637184.788496017456055,30,4,28,1,11
1403637184.838499069213867,37,2,28,9,11
1403637184.888494729995728,39,10,36,2,11
1403637184.938491344451904,44,7,37,5,11
1403637184.988490104675293,42,0,41,0,11
1403637185.038486480712891,43,1,40,3,11
1403637185.088482141494751,45,0,42,3,11
1403637185.138475894927979,50,4,44,5,11
1403637185.188472032546997,50,0,49,0,11
1403637185.238470554351807,49,3,49,0,11
1403637185.288469552993774,50,3,48,1,11
1403637185.338470935821533,50,16,49,0,11
1403637185.388472795486450,49,4,48,0,11
1403637185.438472509384155,48,2,46,0,11
1403637185.488470315933228,46,2,44,0,11
1403637185.538465499877930,48,5,43,3,11
1403637185.588462114334106,47,0,45,1,11
1403637185.638457059860229,48,0,43,2,11
1403637185.688454866409302,47,1,43,0,11
1403637185.738459587097168,45,22,43,1,11
1403637185.788458108901978,44,0,42,0,11
1403637185.838457584381104,47,1,41,3,11
1403637185.888455629348755,49,1,44,3,11
1403637185.938443899154663,48,16,47,1,11
1403637185.988441944122314,50,3,47,2,11
1403637186.038439512252808,50,4,48,0,11
1403637186.088437557220459,48,1,46,0,11
1403637186.138434171676636,50,7,46,2,11
1403637186.188432216644287,49,1,47,1,11
1403637186.238428831100464,50,0,48,1,11
1403637186.288426160812378,49,0,49,0,11
1403637186.338420629501343,50,19,49,1,11
1403637186.388420581817627,50,1,48,0,11
1403637186.438420295715332,50,1,46,0,11
1403637186.488420486450195,48,2,46,0,11
1403637186.538420200347900,48,16,46,2,11
1403637186.588419437408447,50,0,48,2,11
1403637186.638417243957520,50,2,50,0,11
1403637186.688415765762329,50,6,50,0,11
1403637186.738410472869873,50,8,50,0,11
1403637186.788408994674683,50,2,49,0,11
1403637186.838408946990967,50,2,48,0,11
1403637186.888408899307251,49,0,48,0,11
1403637186.938412904739380,49,23,48,1,11
1403637186.988414764404297,50,1,47,1,11
1403637187.038418054580688,49,1,46,0,11
1403637187.088420391082764,48,2,46,1,11
1403637187.138422012329102,49,19,47,2,11
1403637187.188421487808228,49,1,49,0,11
1403637187.238420724868774,50,1,48,1,11
1403637187.288420915603638,50,2,49,0,11
1403637187.338421344757080,49,8,49,0,11
1403637187.388421773910522,50,1,49,1,11
1403637187.438421964645386,49,0,49,0,11
1403637187.488421678543091,49,0,48,0,11
1403637187.538423776626587,50,18,47,1,11
1403637187.588424205780029,46,5,45,0,11
1403637187.638424634933472,46,1,44,1,11
1403637187.688425064086914,49,4,44,3,11
1403637187.738422155380249,49,13,47,1,11
1403637187.788422346115112,48,2,48,0,11
1403637187.838422298431396,49,0,48,1,11
1403637187.888422250747681,49,16,48,1,11
1403637187.938422679901123,50,3,49,1,11
1403637187.988422393798828,49,1,49,0,11
1403637188.038422107696533,49,4,49,0,11
1403637188.088422298431396,50,28,49,1,11
1403637188.138422489166260,49,15,49,0,11
1403637188.188422918319702,49,1,49,0,11
1403637188.238422870635986,49,2,47,1,11
1403637188.288423061370850,48,2,47,0,11
1403637188.338422536849976,49,8,46,2,11
1403637188.388422489166260,48,4,46,0,11
1403637188.438421487808228,47,0,46,0,11
1403637188.488420963287354,49,7,46,3,11
1403637188.538420677185059,49,1,49,0,11
1403637188.588419437408447,50,3,49,1,11
1403637188.638419866561890,48,2,48,0,11
1403637188.688417673110962,48,16,42,2,11
1403637188.738416194915771,46,10,41,1,11
1403637188.788416862487793,41,2,40,0,11
1403637188.838416814804077,39,0,39,0,11
1403637188.888414621353149,38,1,37,0,11
1403637188.938411951065063,42,1,36,5,11
1403637188.988408565521240,41,0,41,0,11
1403637189.038405418395996,42,0,40,1,11
1403637189.088402271270752,47,5,38,6,11
1403637189.138400793075562,46,2,44,0,11
1403637189.188401699066162,47,14,43,3,11
1403637189.238401412963867,45,0,44,0,11
1403637189.288400650024414,47,9,42,5,11
1403637189.338398933410645,47,5,45,2,11
1403637189.388397932052612,48,1,46,1,11
1403637189.438397169113159,48,1,47,0,11
1403637189.488395690917969,43,2,43,0,11
1403637189.538395404815674,43,0,42,0,11
1403637189.588398456573486,43,3,40,1,11
1403637189.638401985168457,42,2,41,0,11
1403637189.688405990600586,40,2,39,0,11
1403637189.738411664962769,43,2,39,3,11
1403637189.788425445556641,47,15,41,6,11
1403637189.838425636291504,46,0,46,0,11
1403637189.888424396514893,48,6,45,3,11
1403637189.938421249389648,50,2,48,2,11
1403637189.988419055938721,48,1,48,0,11
1403637190.038417577743530,47,1,44,0,11
1403637190.088417530059814,46,0,44,0,11
1403637190.138417243957520,43,0,42,0,11
1403637190.188417196273804,43,0,40,2,11
1403637190.238416433334351,41,2,40,1,11
1403637190.288414001464844,49,8,40,9,11
1403637190.338414669036865,46,0,45,0,11
1403637190.388418197631836,50,4,44,4,11
1403637190.438417673110962,48,0,46,0,11
1403637190.488415479660034,46,7,44,0,11
1403637190.538414001464844,44,0,40,2,11
1403637190.588411808013916,43,0,41,0,11
1403637190.638407468795776,41,1,40,0,11
1403637190.688404798507690,39,0,39,0,11
1403637190.738403797149658,41,0,39,2,11
1403637190.788402318954468,50,3,40,9,11
1403637190.838403463363647,50,1,49,0,11
1403637190.888404369354248,49,2,49,0,11
1403637190.938405513763428,49,1,48,0,11
1403637190.988405466079712,50,1,48,1,11
1403637191.038405895233154,49,4,49,0,11
1403637191.088405847549438,49,4,49,0,11
1403637191.138405084609985,50,7,49,1,11
1403637191.188404798507690,50,3,49,0,11
1403637191.238404989242554,50,4,49,0,11
1403637191.288405418395996,49,1,49,0,11
1403637191.338405609130859,49,0,49,0,11
1403637191.388405799865723,49,7,49,0,11
1403637191.438405990600586,50,0,49,1,11
1403637191.488405942916870,50,2,50,0,11
1403637191.538405418395996,50,8,50,0,11
1403637191.588404655456543,50,0,50,0,11
1403637191.638404607772827,50,4,49,0,11
1403637191.688404798507690,50,6,47,0,11
1403637191.738406181335449,49,5,46,0,11
1403637191.788406133651733,46,2,44,1,11
1403637191.838403940200806,47,0,42,4,11
1403637191.888402462005615,47,0,45,1,11
1403637191.938399791717529,45,1,44,0,11
1403637191.988396883010864,46,2,43,1,11
1403637192.038398265838623,45,1,43,0,11
1403637192.088399648666382,44,0,41,1,11
1403637192.138398885726929,46,0,41,4,11
1403637192.188397884368896,47,0,44,3,11
1403637192.238396406173706,48,0,46,2,11
1403637192.288397312164307,46,3,46,0,11
1403637192.338396787643433,49,3,46,3,11
1403637192.388396739959717,50,5,49,1,11
1403637192.438399076461792,50,10,50,0,11
1403637192.488399505615234,50,0,50,0,11
1403637192.538399934768677,49,0,48,0,11
1403637192.588398933410645,49,4,48,0,11
1403637192.638399600982666,48,0,48,0,11
1403637192.688399314880371,48,0,48,0,11
1403637192.738398790359497,48,7,48,0,11
1403637192.788398742675781,49,1,48,1,11
1403637192.838397979736328,49,0,48,0,11
1403637192.888398647308350,49,8,48,0,11
1403637192.938398838043213,46,3,46,0,11
1403637192.988399028778076,46,2,44,1,11
1403637193.038400173187256,50,1,45,4,11
1403637193.088400840759277,49,0,49,0,11
1403637193.138401746749878,49,1,49,0,11
1403637193.188403844833374,49,5,49,0,11
1403637193.238405466079712,49,1,48,0,11
1403637193.288407325744629,48,0,46,0,11
1403637193.338408231735229,47,1,46,0,11
1403637193.388408422470093,47,1,45,2,11
1403637193.438409328460693,47,0,46,0,11
1403637193.488409519195557,47,8,46,0,11
1403637193.538409948348999,46,2,44,2,11
1403637193.588410139083862,43,0,41,0,11
1403637193.638409614562988,44,1,39,2,11
1403637193.688409566879272,40,0,37,1,11
1403637193.738409280776978,37,0,35,0,11
1403637193.788406848907471,42,2,36,6,11
1403637193.838405609130859,43,1,41,1,11
1403637193.888406991958618,42,0,42,0,11
1403637193.938409805297852,41,0,38,1,11
1403637193.988413095474243,38,0,37,0,11
1403637194.038416862487793,35,1,35,0,11
1403637194.088417053222656,40,5,32,7,11
1403637194.138416051864624,43,1,38,3,11
1403637194.188415527343750,42,0,40,1,11
1403637194.238415718078613,41,0,41,0,11
1403637194.288415908813477,42,0,40,2,11
1403637194.338415861129761,43,1,42,1,11
1403637194.388415813446045,43,0,41,2,11
1403637194.438416242599487,42,0,42,0,11
1403637194.488416433334351,39,0,39,0,11
1403637194.538416862487793,38,1,37,0,11
1403637194.588416337966919,41,0,36,5,11
1403637194.638416528701782,39,0,38,1,11
1403637194.688416719436646,40,2,39,1,11
1403637194.738416194915771,39,1,39,0,11
1403637194.788416385650635,39,1,39,0,11
1403637194.838416337966919,39,0,39,0,11
1403637194.888416528701782,43,1,38,4,11
1403637194.938415765762329,42,0,41,0,11
1403637194.988414764404297,45,2,38,4,11
1403637195.038414239883423,44,1,38,1,11
1403637195.088413953781128,40,1,37,0,11
1403637195.138412952423096,35,2,33,1,11
1403637195.188412427902222,33,0,33,0,11
1403637195.238412141799927,32,2,30,1,11
1403637195.288411617279053,39,1,31,7,11
1403637195.338411092758179,38,0,38,0,11
1403637195.388410568237305,38,0,37,0,11
1403637195.438409566879272,38,1,37,0,11
1403637195.488409280776978,36,2,36,0,11
1403637195.538409709930420,36,1,34,1,11
1403637195.588409423828125,44,0,35,8,11
1403637195.638409376144409,43,1,41,0,11
1403637195.688408136367798,46,1,40,3,11
1403637195.738408088684082,48,1,40,4,11
1403637195.788407564163208,45,1,43,0,11
1403637195.838406562805176,41,1,40,0,11
1403637195.888406276702881,46,1,40,5,11
1403637195.938405990600586,46,1,45,1,11
1403637195.988405227661133,46,1,46,0,11
1403637196.038404464721680,44,2,43,0,11
1403637196.088404417037964,47,5,43,3,11
1403637196.138404607772827,46,3,43,0,11
1403637196.188405513763428,46,1,40,1,11
1403637196.238406658172607,42,1,41,0,11
1403637196.288407087326050,42,1,40,1,11
1403637196.338407278060913,45,1,40,3,11
1403637196.388407468795776,45,3,42,1,11
1403637196.438406944274902,45,0,42,1,11
1403637196.488406419754028,47,1,41,5,11
1403637196.538405895233154,49,0,45,3,11
1403637196.588406324386597,50,2,47,1,11
1403637196.638406038284302,49,5,47,0,11
1403637196.688406467437744,48,6,45,1,11
1403637196.738405704498291,48,0,44,1,11
1403637196.788406372070312,49,11,42,2,11
1403637196.838405132293701,48,3,44,1,11
1403637196.888407707214355,47,1,44,1,11
1403637196.938408136367798,43,2,42,0,11
1403637196.988409280776978,42,2,40,1,11
1403637197.038410425186157,46,3,37,6,11
1403637197.088411331176758,41,2,38,0,11
1403637197.138412475585938,37,2,36,0,11
1403637197.188412904739380,35,1,32,1,11
1403637197.238412857055664,37,6,28,3,11
1403637197.288412094116211,35,1,24,2,11
1403637197.338412046432495,30,5,25,1,11
1403637197.388413667678833,33,3,20,10,11
1403637197.438414335250854,29,2,26,0,11
1403637197.488414525985718,32,3,22,7,11
1403637197.538414478302002,29,4,26,0,11
1403637197.588415145874023,27,4,24,0,11
1403637197.638416290283203,21,1,18,0,11
1403637197.688417196273804,19,2,13,2,11
1403637197.738415479660034,27,3,12,12,11
1403637197.788418531417847,22,7,18,0,11
1403637197.838420391082764,18,4,14,0,11
1403637197.888419866561890,22,5,13,6,11
1403637197.938421010971069,27,2,16,7,11
1403637197.988420248031616,27,3,18,3,11
1403637198.038419008255005,20,2,16,0,11
1403637198.088418245315552,24,6,15,8,11
1403637198.138417720794678,22,1,22,0,11
1403637198.188417196273804,25,2,19,4,11
1403637198.238416910171509,24,0,21,0,11
1403637198.288417816162109,29,2,17,8,11
1403637198.338417768478394,26,3,23,0,11
1403637198.388418674468994,31,1,22,8,11
1403637198.438419580459595,28,4,28,0,11
1403637198.488419771194458,28,5,26,1,11
1403637198.538419723510742,28,1,25,1,11
1403637198.588420152664185,31,3,26,5,11
1403637198.638419866561890,36,5,29,6,11
1403637198.688417911529541,34,1,33,0,11
1403637198.738416433334351,31,4,29,0,11
1403637198.788415670394897,45,2,27,14,11
1403637198.838415384292603,40,2,37,0,11
1403637198.888414859771729,37,2,35,0,11
1403637198.938409805297852,47,3,32,12,11
1403637198.988408088684082,44,4,39,0,11
1403637199.038407325744629,42,0,38,0,11
1403637199.088407516479492,45,5,36,7,11
1403637199.138410329818726,42,0,40,0,11
1403637199.188411474227905,44,3,39,2,11
1403637199.238408565521240,42,0,35,2,11
1403637199.288408756256104,41,2,36,0,11
1403637199.338407039642334,37,3,34,1,11
1403637199.388406276702881,45,10,31,12,11
1403637199.438403129577637,44,3,42,0,11
1403637199.488401889801025,42,5,40,0,11
1403637199.538401842117310,40,0,39,0,11
1403637199.588400125503540,45,4,36,8,11
1403637199.638397932052612,48,18,42,4,11
1403637199.688396930694580,49,4,46,2,11
1403637199.738395690917969,47,3,43,0,11
1403637199.788393974304199,44,0,40,0,11
1403637199.838392972946167,33,4,31,0,11
1403637199.888393640518188,29,4,28,0,11
1403637199.938393115997314,26,3,25,0,11
1403637199.988394260406494,47,5,20,23,11
1403637200.038396835327148,41,1,36,0,11
1403637200.088396310806274,35,3,32,0,11
1403637200.138398885726929,25,3,20,0,11
1403637200.188401460647583,23,4,15,2,11
1403637200.238405942916870,17,5,14,3,11
1403637200.288408756256104,14,0,12,0,11
1403637200.338443517684937,29,2,9,17,11
1403637200.388442993164062,26,3,25,0,11
1403637200.438445329666138,24,2,23,0,11
1403637200.488445758819580,21,3,19,0,11
1403637200.538439989089966,32,1,18,12,11
1403637200.588433742523193,31,3,28,0,11
1403637200.638426780700684,28,2,25,0,11
1403637200.688409328460693,37,1,21,13,11
1403637200.738404989242554,35,1,31,0,11
1403637200.788388490676880,46,2,29,14,11
1403637200.838381767272949,44,1,41,0,11
1403637200.888376235961914,48,6,40,6,11
1403637200.938365936279297,49,19,45,2,11
1403637200.988367080688477,48,2,46,0,11
1403637201.038366556167603,47,2,45,0,11
1403637201.088368177413940,48,5,44,3,11
1403637201.138369560241699,47,0,46,1,11
1403637201.188371181488037,47,0,46,0,11
1403637201.238373517990112,48,1,44,1,11
1403637201.288379669189453,49,25,44,2,11
1403637201.338382482528687,46,0,46,0,11
1403637201.388385295867920,47,1,44,1,11
1403637201.438388824462891,47,0,45,1,11
1403637201.488390684127808,48,1,45,3,11
1403637201.538392782211304,49,16,47,2,11
1403637201.588392972946167,48,0,47,0,11
1403637201.638393878936768,49,1,46,1,11
1403637201.688395738601685,49,2,47,1,11
1403637201.738397359848022,48,0,47,1,11
1403637201.788398981094360,48,0,47,0,11
1403637201.838400602340698,48,1,46,0,11
1403637201.888399839401245,49,24,46,2,11
1403637201.938400030136108,49,0,47,1,11
1403637201.988398313522339,49,0,47,0,11
1403637202.038396358489990,49,1,47,1,11
1403637202.088392734527588,49,0,48,1,11
1403637202.138383388519287,50,20,49,1,11
1403637202.188382148742676,50,0,50,0,11
1403637202.238380670547485,50,0,50,0,11
1403637202.288378953933716,50,1,49,0,11
1403637202.338376522064209,49,1,48,0,11
1403637202.388376474380493,48,0,48,0,11
1403637202.438377380371094,46,0,46,0,11
1403637202.488383769989014,46,15,44,2,11
1403637202.538387298583984,47,0,45,1,11
1403637202.588389396667480,46,0,45,0,11
1403637202.638390064239502,45,0,45,0,11
1403637202.688389778137207,47,0,44,2,11
1403637202.738389015197754,49,22,46,2,11
1403637202.788388729095459,48,0,48,0,11
1403637202.838387250900269,48,0,48,0,11
1403637202.888386249542236,48,1,48,0,11
1403637202.938385248184204,49,0,48,1,11
1403637202.988384008407593,49,0,49,0,11
1403637203.038383483886719,48,0,48,0,11
1403637203.088380098342896,49,15,48,1,11
1403637203.138379812240601,49,0,49,0,11
1403637203.188379049301147,49,0,49,0,11
1403637203.238378524780273,50,0,49,1,11
1403637203.288378000259399,50,0,50,0,11
1403637203.338377475738525,50,19,50,0,11
1403637203.388376951217651,50,1,50,0,11
1403637203.438376426696777,49,0,48,0,11
1403637203.488375902175903,49,1,48,0,11
1403637203.538375854492188,48,0,48,0,11
1403637203.588375568389893,48,0,48,0,11
1403637203.638375043869019,48,0,48,0,11
1403637203.688374519348145,50,12,48,2,11
1403637203.738373994827271,50,0,50,0,11
1403637203.788373947143555,49,0,49,0,11
1403637203.838373661041260,49,0,49,0,11
1403637203.888373613357544,49,0,49,0,11
1403637203.938374280929565,49,20,49,0,11
1403637203.988374233245850,49,0,49,0,11
1403637204.038374185562134,49,0,49,0,11
1403637204.088374137878418,49,1,49,0,11
1403637204.138374090194702,50,0,49,1,11
1403637204.188374280929565,50,0,50,0,11
1403637204.238374233245850,50,0,50,0,11
1403637204.288373947143555,50,25,50,0,11
1403637204.338374137878418,50,3,50,0,11
1403637204.388374328613281,50,0,50,0,11
1403637204.438374996185303,50,0,50,0,11
1403637204.488374948501587,50,0,50,0,11
1403637204.538375616073608,50,14,50,0,11
1403637204.588375091552734,50,0,50,0,11
1403637204.638374805450439,50,0,50,0,11
1403637204.688374519348145,50,0,50,0,11
1403637204.738373994827271,50,0,50,0,11
1403637204.788375377655029,49,0,49,0,11
1403637204.838376760482788,49,0,49,0,11
1403637204.888376951217651,48,8,48,0,11
1403637204.938378334045410,48,0,48,0,11
1403637204.988379001617432,48,0,48,0,11
1403637205.038379907608032,48,0,48,0,11
1403637205.088379144668579,48,0,48,0,11
1403637205.138378858566284,48,7,48,0,11
1403637205.188378334045410,48,0,48,0,11
1403637205.238378286361694,48,0,48,0,11
1403637205.288377285003662,48,0,48,0,11
1403637205.338376522064209,48,0,48,0,11
1403637205.388375997543335,48,0,48,0,11
1403637205.438375711441040,48,1,48,0,11
1403637205.488374233245850,48,3,48,0,11
1403637205.538374185562134,48,0,48,0,11
1403637205.588373899459839,48,0,48,0,11
1403637205.638374090194702,48,0,48,0,11
1403637205.688374042510986,48,0,48,0,11
1403637205.738373756408691,48,2,48,0,11
1403637205.788373708724976,48,0,48,0,11
1403637205.838373661041260,48,0,48,0,11
1403637205.888373136520386,48,0,48,0,11
1403637205.938373088836670,48,0,48,0,11
1403637205.988373041152954,48,0,47,0,11
1403637206.038372755050659,48,0,47,0,11
1403637206.088372468948364,47,0,47,0,11
1403637206.138372182846069,47,0,47,0,11
1403637206.188372373580933,47,0,46,0,11
1403637206.238372564315796,47,0,46,0,11
1403637206.288372993469238,46,0,46,0,11
1403637206.338373184204102,46,2,46,0,11
1403637206.388372898101807,46,0,46,0,11
1403637206.438372850418091,46,0,46,0,11
1403637206.488372802734375,46,0,46,0,11
1403637206.538372755050659,46,0,46,0,11
1403637206.588373184204102,46,0,46,0,11
1403637206.638373374938965,46,0,46,0,11
1403637206.688373088836670,46,0,46,0,11
1403637206.738373279571533,46,0,46,0,11
1403637206.788373470306396,46,0,46,0,11
1403637206.838373422622681,46,0,46,0,11
1403637206.888373851776123,46,0,46,0,11
1403637206.938373327255249,46,1,46,0,11
1403637206.988373279571533,46,0,46,0,11
1403637207.038373708724976,46,0,46,0,11
1403637207.088373661041260,45,0,45,0,11
1403637207.138373851776123,45,0,45,0,11
1403637207.188373804092407,45,0,45,0,11
1403637207.238373994827271,45,0,45,0,11
1403637207.288374423980713,45,0,45,0,11
1403637207.338374853134155,45,0,45,0,11
1403637207.388374805450439,45,0,45,0,11
1403637207.438374757766724,45,0,45,0,11
1403637207.488374948501587,45,0,45,0,11
1403637207.538375139236450,45,0,45,0,11
1403637207.588374853134155,45,0,45,0,11
1403637207.638374567031860,45,0,45,0,11
1403637207.688374519348145,45,0,45,0,11
1403637207.738374948501587,45,0,45,0,11
1403637207.788377523422241,45,0,45,0,11
1403637207.838380098342896,45,0,45,0,11
1403637207.888383865356445,45,2,45,0,11
1403637207.938385963439941,45,0,45,0,11
1403637207.988386154174805,45,0,45,0,11
1403637208.038386583328247,45,0,45,0,11
1403637208.088386535644531,45,0,45,0,11
1403637208.138386487960815,45,2,45,0,11
1403637208.188386440277100,45,0,45,0,11
1403637208.238386869430542,45,0,45,0,11
1403637208.288387298583984,45,0,45,0,11
1403637208.338387727737427,45,0,45,0,11
1403637208.388387680053711,45,0,45,0,11
1403637208.438387870788574,45,0,45,0,11
1403637208.488388061523438,46,1,45,1,11
1403637208.538388252258301,46,0,46,0,11
1403637208.588387966156006,46,0,46,0,11
1403637208.638387918472290,46,0,46,0,11
1403637208.688387632369995,45,0,45,0,11
1403637208.738387823104858,45,2,45,0,11
1403637208.788388013839722,45,0,45,0,11
1403637208.838388204574585,45,0,45,0,11
1403637208.888387918472290,45,0,45,0,11
1403637208.938387632369995,45,0,45,0,11
1403637208.988387346267700,45,0,45,0,11
1403637209.038387298583984,45,0,45,0,11
1403637209.088387489318848,45,1,45,0,11
1403637209.138387918472290,45,0,45,0,11
1403637209.188388109207153,45,0,45,0,11
1403637209.238387346267700,45,0,45,0,11
1403637209.288387060165405,44,0,44,0,11
1403637209.338386774063110,44,6,44,0,11
1403637209.388386249542236,44,0,44,0,11
1403637209.438386917114258,44,0,44,0,11
1403637209.488388061523438,44,0,44,0,11
1403637209.538389205932617,44,0,44,0,11
1403637209.588390111923218,43,0,43,0,11
1403637209.638390541076660,43,0,43,0,11
1403637209.688390970230103,43,0,43,0,11
1403637209.738391160964966,42,0,42,0,11
1403637209.788391828536987,42,0,41,0,11
1403637209.838392257690430,42,0,41,0,11
1403637209.888392210006714,41,0,41,0,11
1403637209.938391447067261,42,2,41,1,11
1403637209.988391399383545,42,0,42,0,11
1403637210.038391351699829,42,0,42,0,11
1403637210.088391065597534,41,0,41,0,11
1403637210.138391017913818,41,0,41,0,11
1403637210.188390731811523,40,0,40,0,11
1403637210.238390684127808,38,0,38,0,11
1403637210.288391113281250,45,10,36,9,11
1403637210.338391304016113,44,0,43,1,11
1403637210.388391733169556,42,0,42,0,11
1403637210.438393115997314,50,23,42,8,11
1403637210.488396406173706,50,0,50,0,11
1403637210.538403272628784,48,14,48,0,11
1403637210.588405132293701,48,0,48,0,11
1403637210.638406276702881,48,0,47,0,11
1403637210.688405752182007,49,3,47,1,11
1403637210.738404989242554,49,2,48,1,11
1403637210.788404703140259,47,1,47,0,11
1403637210.838404655456543,46,1,45,0,11
1403637210.888406038284302,49,8,44,4,11
1403637210.938405752182007,49,2,47,1,11
1403637210.988405466079712,49,2,48,0,11
1403637211.038405656814575,49,15,47,1,11
1403637211.088405609130859,50,3,48,1,11
1403637211.138405084609985,48,15,47,1,11
1403637211.188405513763428,47,1,47,0,11
1403637211.238405466079712,47,2,44,0,11
1403637211.288406133651733,47,5,43,0,11
1403637211.338406085968018,44,2,40,1,11
1403637211.388406753540039,43,2,40,1,11
1403637211.438407897949219,41,1,39,0,11
1403637211.488409996032715,41,0,38,1,11
1403637211.538413524627686,40,0,36,1,11
1403637211.588415622711182,45,1,33,8,11
1403637211.638416051864624,47,1,37,5,11
1403637211.688416242599487,46,3,40,1,11
1403637211.738415002822876,44,11,39,2,11
1403637211.788414239883423,40,2,38,0,11
1403637211.838412523269653,38,0,35,0,11
1403637211.888412237167358,36,1,32,1,11
1403637211.938411951065063,36,3,32,3,11
1403637211.988411426544189,35,2,32,0,11
1403637212.038410186767578,34,1,31,1,11
1403637212.088409900665283,31,8,29,0,11
1403637212.138406038284302,39,3,29,8,11
1403637212.188405752182007,35,4,31,3,11
1403637212.238405704498291,34,1,30,0,11
1403637212.288405418395996,35,3,25,2,11
1403637212.338404417037964,38,3,27,6,11
1403637212.388403892517090,37,0,32,5,11
1403637212.438404321670532,35,2,35,0,11
1403637212.488404273986816,39,4,31,5,11
1403637212.538404464721680,38,0,33,1,11
1403637212.588404655456543,38,1,33,3,11
1403637212.638405084609985,35,1,32,0,11
1403637212.688404798507690,40,2,30,5,11
1403637212.738404750823975,36,0,34,0,11
1403637212.788402318954468,40,3,33,5,11
1403637212.838402032852173,38,2,34,2,11
1403637212.888400793075562,34,1,30,1,11
1403637212.938399076461792,33,1,27,2,11
1403637212.988398075103760,34,1,27,3,11
1403637213.038396835327148,30,2,24,0,11
1403637213.088396310806274,28,0,22,1,11
1403637213.138395786285400,24,0,23,0,11
1403637213.188395023345947,25,1,21,2,11
1403637213.238394975662231,26,0,20,1,11
1403637213.288394689559937,22,6,19,0,11
1403637213.338394880294800,26,2,16,8,11
1403637213.388394594192505,30,0,23,6,11
1403637213.438395023345947,28,2,26,1,11
1403637213.488394737243652,33,1,26,5,11
1403637213.538395643234253,33,3,28,2,11
1403637213.588392972946167,41,4,30,10,11
1403637213.638391494750977,38,2,36,1,11
1403637213.688389778137207,37,5,35,0,11
1403637213.738389015197754,40,1,33,5,11
1403637213.788387537002563,37,4,35,1,11
1403637213.838386058807373,35,1,32,2,11
1403637213.888386964797974,36,2,34,1,11
1403637213.938387393951416,34,3,34,0,11
1403637213.988389015197754,34,1,34,0,11
1403637214.038390159606934,36,2,33,2,11
1403637214.088390111923218,36,2,34,0,11
1403637214.138391256332397,35,4,34,0,11
1403637214.188391685485840,38,1,34,4,11
1403637214.238391637802124,40,1,38,2,11
1403637214.288391590118408,41,3,39,1,11
1403637214.338391065597534,41,0,37,2,11
1403637214.388390302658081,40,1,35,3,11
1403637214.438390016555786,38,7,34,3,11
1403637214.488389253616333,35,3,34,0,11
1403637214.538389921188354,37,0,29,4,11
1403637214.588389158248901,37,0,30,2,11
1403637214.638390064239502,37,5,31,3,11
1403637214.688390016555786,36,3,31,3,11
1403637214.738390207290649,34,0,31,2,11
1403637214.788390398025513,33,0,32,0,11
1403637214.838389635086060,42,1,30,9,11
1403637214.888388633728027,41,1,38,0,11
1403637214.938387155532837,39,1,38,0,11
1403637214.988386392593384,38,1,38,0,11
1403637215.038385152816772,39,0,38,1,11
1403637215.088383913040161,40,1,37,1,11
1403637215.138381719589233,50,2,38,10,11
1403637215.188381195068359,48,2,47,0,11
1403637215.238382577896118,48,8,46,1,11
1403637215.288384675979614,47,2,45,0,11
1403637215.338386297225952,48,0,43,2,11
1403637215.388387203216553,47,1,43,1,11
1403637215.438386917114258,46,13,41,3,11
1403637215.488385677337646,44,2,42,0,11
1403637215.538385391235352,44,3,41,1,11
1403637215.588385343551636,41,3,38,0,11
1403637215.638385057449341,40,1,38,0,11
1403637215.688384771347046,38,0,36,0,11
1403637215.738385200500488,37,0,34,0,11
1403637215.788386583328247,35,1,31,2,11
1403637215.838386297225952,37,2,31,4,11
1403637215.888386964797974,35,1,34,1,11
1403637215.938388824462891,48,9,34,14,11
1403637215.988387823104858,44,2,40,0,11
1403637216.038388013839722,48,2,39,4,11
1403637216.088386535644531,45,0,41,2,11
1403637216.138386011123657,40,0,38,0,11
1403637216.188383102416992,39,1,37,1,11
1403637216.238381862640381,37,1,36,0,11
1403637216.288381814956665,36,1,33,1,11
1403637216.338379144668579,34,0,31,0,11
1403637216.388373613357544,48,4,31,15,11
1403637216.438372135162354,47,0,45,1,11
1403637216.488371610641479,47,3,44,1,11
1403637216.538372755050659,49,7,44,3,11
1403637216.588373422622681,48,2,47,0,11
1403637216.638373613357544,47,0,47,0,11
1403637216.688374996185303,50,14,46,3,11
1403637216.738375186920166,50,1,48,0,11
1403637216.788375616073608,49,8,47,0,11
1403637216.838376045227051,48,2,47,0,11
1403637216.888376951217651,47,1,46,0,11
1403637216.938377380371094,47,1,46,0,11
1403637216.988378763198853,48,2,46,2,11
1403637217.038379669189453,49,1,48,1,11
1403637217.088379144668579,49,14,48,0,11
1403637217.138378381729126,50,6,47,1,11
1403637217.188377618789673,50,1,47,1,11
1403637217.238376855850220,48,1,47,0,11
1403637217.288375377655029,49,31,46,2,11
1403637217.338374614715576,50,1,48,1,11
1403637217.388374567031860,48,2,48,0,11
1403637217.438374519348145,48,0,48,0,11
1403637217.488374471664429,49,0,47,1,11
1403637217.538374662399292,49,0,47,0,11
1403637217.588373422622681,48,2,47,0,11
1403637217.638373136520386,47,1,46,0,11
1403637217.688371896743774,49,8,46,2,11
1403637217.738371849060059,49,3,46,1,11
1403637217.788371801376343,50,1,47,1,11
1403637217.838371038436890,47,2,44,0,11
1403637217.888371706008911,49,24,43,3,11
1403637217.938371181488037,44,0,43,0,11
1403637217.988371372222900,45,0,43,1,11
1403637218.038372039794922,45,0,44,1,11
1403637218.088373184204102,45,0,45,0,11
1403637218.138373136520386,45,1,44,0,11
1403637218.188373804092407,46,1,40,3,11
1403637218.238373756408691,44,0,41,0,11
1403637218.288374423980713,45,3,39,5,11
1403637218.338373661041260,48,1,44,4,11
1403637218.388373851776123,48,0,48,0,11
1403637218.438374280929565,48,3,45,2,11
1403637218.488375663757324,49,20,46,2,11
1403637218.538375854492188,49,2,48,1,11
1403637218.588374853134155,49,1,49,0,11
1403637218.638374090194702,49,0,49,0,11
1403637218.688373565673828,49,2,48,0,11
1403637218.738373041152954,47,1,46,0,11
1403637218.788372993469238,44,0,44,0,11
1403637218.838371515274048,50,23,44,6,11
1403637218.888371944427490,50,7,49,0,11
1403637218.938371419906616,50,1,48,0,11
1403637218.988372087478638,48,2,47,0,11
1403637219.038372039794922,48,0,46,1,11
1403637219.088373184204102,49,11,45,1,11
1403637219.138374805450439,45,1,41,0,11
1403637219.188375949859619,43,2,40,0,11
1403637219.238376140594482,40,2,38,0,11
1403637219.288376808166504,38,2,37,0,11
1403637219.338377714157104,37,2,37,0,11
1403637219.388377666473389,37,1,37,0,11
1403637219.438376188278198,47,3,35,12,11
1403637219.488373756408691,47,1,42,2,11
1403637219.538371324539185,46,0,44,0,11
1403637219.588368654251099,44,1,44,0,11
1403637219.638369560241699,43,0,43,0,11
1403637219.688371658325195,47,6,42,4,11
1403637219.738376379013062,48,12,45,2,11
1403637219.788376808166504,48,0,47,1,11
1403637219.838381767272949,48,0,47,1,11
1403637219.888384103775024,49,2,47,1,11
1403637219.938384771347046,50,1,46,1,11
1403637219.988387346267700,49,4,45,0,11
1403637220.038388729095459,46,1,43,0,11
1403637220.088392972946167,44,1,42,0,11
1403637220.138394117355347,42,1,41,0,11
1403637220.188394308090210,42,1,39,1,11
1403637220.238401889801025,47,36,39,5,11
1403637220.288401603698730,43,5,42,0,11
1403637220.338401317596436,45,8,40,4,11
1403637220.388400793075562,45,0,42,0,11
1403637220.438399791717529,45,1,42,1,11
1403637220.488400936126709,42,0,42,0,11
1403637220.538400888442993,42,0,41,0,11
1403637220.588401317596436,44,0,40,2,11
1403637220.638401269912720,46,1,42,3,11
1403637220.688402175903320,45,1,44,0,11
1403637220.738402843475342,46,1,43,1,11
1403637220.788404464721680,45,1,43,0,11
1403637220.838404655456543,48,28,43,4,11
1403637220.888405561447144,47,4,46,1,11
1403637220.938407421112061,49,4,45,2,11
1403637220.988407850265503,49,0,47,0,11
1403637221.038408994674683,48,0,47,0,11
1403637221.088411092758179,48,0,47,1,11
1403637221.138412475585938,48,0,48,0,11
1403637221.188413858413696,47,0,47,0,11
1403637221.238413810729980,46,1,45,1,11
1403637221.288414001464844,47,2,46,1,11
1403637221.338413953781128,47,0,46,0,11
1403637221.388412237167358,48,0,45,1,11
1403637221.438411712646484,47,26,45,1,11
1403637221.488410711288452,46,2,46,0,11
1403637221.538412094116211,48,2,45,3,11
1403637221.588410854339600,48,0,48,0,11
1403637221.638411045074463,49,0,48,1,11
1403637221.688410997390747,49,0,48,0,11
1403637221.738410949707031,49,0,48,0,11
1403637221.788410902023315,48,0,47,0,11
1403637221.838410615921021,48,1,45,0,11
1403637221.888410806655884,46,0,44,0,11
1403637221.938410758972168,43,0,41,0,11
1403637221.988411188125610,42,0,40,0,11
1403637222.038412809371948,46,15,40,6,11
1403637222.088413715362549,46,1,45,0,11
1403637222.138414621353149,47,1,44,2,11
1403637222.188414812088013,46,0,45,0,11
1403637222.238413810729980,46,0,44,0,11
1403637222.288413286209106,45,0,44,0,11
1403637222.338410854339600,44,0,44,0,11
1403637222.388408899307251,44,0,44,0,11
1403637222.438407421112061,44,0,42,0,11
1403637222.488406181335449,45,0,42,1,11
1403637222.538405418395996,44,0,40,1,11
1403637222.588405847549438,44,0,41,0,11
1403637222.638404607772827,44,10,41,3,11
1403637222.688402891159058,46,0,44,2,11
1403637222.738404273986816,46,0,46,0,11
1403637222.788405656814575,45,0,45,0,11
1403637222.838405609130859,45,0,45,0,11
1403637222.888406038284302,45,1,45,0,11
1403637222.938406944274902,45,0,45,0,11
1403637222.988407135009766,45,0,45,0,11
1403637223.038407325744629,45,1,45,0,11
1403637223.088408231735229,45,1,45,0,11
1403637223.138408422470093,45,0,45,0,11
1403637223.188408851623535,45,0,45,0,11
1403637223.238409996032715,45,0,45,0,11
1403637223.288412570953369,44,2,44,0,11
1403637223.338414669036865,47,10,43,3,11
1403637223.388414382934570,47,0,46,0,11
1403637223.438413858413696,46,0,46,0,11
1403637223.488413810729980,46,0,45,0,11
1403637223.538414001464844,46,0,44,0,11
1403637223.588413953781128,45,0,44,0,11
1403637223.638413906097412,44,0,44,0,11
1403637223.688414096832275,44,0,44,0,11
1403637223.738414049148560,44,0,44,0,11
1403637223.788414239883423,44,0,44,0,11
1403637223.838413953781128,45,6,44,1,11
1403637223.888411760330200,47,17,45,2,11
1403637223.938412189483643,47,10,47,0,11
1403637223.988412141799927,47,0,47,0,11
1403637224.038412570953369,48,0,47,1,11
1403637224.088412523269653,48,0,48,0,11
1403637224.138412952423096,48,0,48,0,11
1403637224.188412904739380,48,1,48,0,11
1403637224.238412857055664,48,1,48,0,11
1403637224.288413047790527,48,0,48,0,11
1403637224.338413000106812,48,0,48,0,11
1403637224.388412714004517,48,0,48,0,11
1403637224.438413381576538,48,1,48,0,11
1403637224.488413572311401,48,2,48,0,11
1403637224.538413763046265,48,4,48,0,11
1403637224.588413476943970,48,0,48,0,11
1403637224.638413429260254,48,0,48,0,11
1403637224.688413143157959,48,0,48,0,11
1403637224.738412618637085,48,0,48,0,11
1403637224.788412809371948,48,1,48,0,11
1403637224.838413476943970,48,1,48,0,11
1403637224.888413429260254,48,0,48,0,11
1403637224.938413381576538,48,0,48,0,11
1403637224.988413333892822,48,0,48,0,11
1403637225.038413524627686,48,0,48,0,11
1403637225.088414192199707,48,1,48,0,11
1403637225.138414859771729,48,4,48,0,11
1403637225.188414812088013,48,0,48,0,11
1403637225.238415241241455,48,0,48,0,11
1403637225.288415670394897,48,0,47,0,11
1403637225.338415622711182,48,0,47,0,11
1403637225.388415575027466,48,1,47,1,11
1403637225.438415527343750,49,0,48,1,11
1403637225.488415479660034,49,0,49,0,11
1403637225.538415908813477,49,0,49,0,11
1403637225.588415861129761,49,0,49,0,11
1403637225.638415813446045,49,1,49,0,11
1403637225.688415527343750,49,2,49,0,11
1403637225.738415241241455,49,6,48,0,11
1403637225.788415193557739,49,0,47,0,11
1403637225.838414907455444,48,0,47,0,11
1403637225.888414144515991,48,0,47,1,11
1403637225.938412666320801,48,0,48,0,11
1403637225.988411188125610,48,1,47,0,11
1403637226.038410425186157,48,0,47,0,11
1403637226.088409900665283,48,0,46,1,11
1403637226.138410091400146,48,0,47,0,11
1403637226.188408851623535,47,0,47,0,11
1403637226.238409757614136,47,2,47,0,11
1403637226.288411617279053,47,6,46,0,11
1403637226.338418006896973,48,7,44,1,11
1403637226.388417482376099,47,0,45,0,11
1403637226.438416957855225,46,0,45,1,11
1403637226.488416433334351,46,0,45,0,11
1403637226.538417100906372,46,0,44,0,11
1403637226.588417291641235,46,0,44,1,11
1403637226.638417005538940,46,0,44,1,11
1403637226.688416719436646,46,0,45,0,11
1403637226.738416433334351,45,0,45,0,11
1403637226.788416624069214,46,0,45,1,11
1403637226.838417768478394,46,2,45,0,11
1403637226.888418197631836,47,6,45,1,11
1403637226.938418626785278,47,7,46,1,11
1403637226.988419055938721,47,0,45,1,11
1403637227.038419723510742,49,0,46,2,11
1403637227.088420391082764,49,0,48,1,11
1403637227.138421297073364,49,0,49,0,11
1403637227.188421487808228,49,1,48,0,11
1403637227.238420963287354,49,0,48,0,11
1403637227.288420438766479,48,0,45,0,11
1403637227.338420629501343,48,0,45,0,11
1403637227.388420343399048,44,0,44,0,11
1403637227.438419103622437,44,3,44,0,11
1403637227.488419771194458,44,5,44,0,11
1403637227.538419246673584,44,6,44,0,11
1403637227.588419675827026,44,0,43,0,11
1403637227.638419389724731,44,0,43,0,11
1403637227.688419342041016,43,0,43,0,11
1403637227.738418340682983,44,0,42,1,11
1403637227.788418769836426,44,0,43,0,11
1403637227.838420152664185,43,0,43,0,11
1403637227.888422489166260,43,0,43,0,11
1403637227.938423156738281,43,0,43,0,11
1403637227.988423824310303,43,0,43,0,11
1403637228.038423776626587,43,0,43,0,11
1403637228.088423967361450,43,2,43,0,11
1403637228.138423919677734,43,3,42,0,11
1403637228.188422679901123,43,0,41,0,11
1403637228.238422632217407,43,0,40,1,11
1403637228.288422107696533,41,0,40,0,11
1403637228.338421821594238,40,0,40,0,11
1403637228.388421773910522,40,0,40,0,11
1403637228.438421726226807,40,0,40,0,11
1403637228.488421440124512,40,0,40,0,11
1403637228.538421869277954,40,0,40,0,11
1403637228.588421583175659,40,0,40,0,11
1403637228.638421297073364,40,0,40,0,11
1403637228.688421487808228,39,2,39,0,11
1403637228.738421440124512,41,1,39,2,11
1403637228.788421630859375,41,0,40,0,11
1403637228.838421583175659,40,0,39,0,11
1403637228.888421297073364,39,0,38,1,11
1403637228.938421249389648,39,0,39,0,11
1403637228.988421201705933,39,0,39,0,11
1403637229.038421392440796,39,0,39,0,11
1403637229.088422536849976,40,0,39,1,11
1403637229.138422966003418,40,0,40,0,11
1403637229.188423156738281,42,0,40,2,11
1403637229.238422870635986,43,0,42,1,11
1403637229.288423061370850,43,3,43,0,11
1403637229.338423013687134,44,3,42,1,11
1403637229.388423442840576,44,0,43,0,11
1403637229.438423633575439,44,0,42,1,11
1403637229.488423585891724,44,0,43,0,11
1403637229.538423299789429,45,0,43,2,11
1403637229.588422775268555,45,0,44,0,11
1403637229.638422012329102,45,0,43,1,11
1403637229.688420772552490,44,0,42,0,11
1403637229.738419771194458,44,0,39,0,11
1403637229.788418292999268,41,0,36,0,11
1403637229.838416337966919,39,1,35,1,11
1403637229.888415098190308,39,0,35,2,11
1403637229.938414573669434,40,0,36,2,11
1403637229.988414049148560,37,0,36,0,11
1403637230.038414955139160,36,0,34,0,11
1403637230.088416099548340,36,0,34,0,11
1403637230.138416767120361,34,0,33,0,11
1403637230.188418149948120,35,0,33,1,11
1403637230.238419532775879,33,0,33,0,11
1403637230.288420915603638,34,0,33,1,11
1403637230.338422536849976,35,0,34,1,11
1403637230.388424634933472,35,0,35,0,11
1403637230.438426494598389,36,0,34,2,11
1403637230.488429546356201,38,0,36,2,11
1403637230.538431167602539,39,0,38,1,11
1403637230.588432073593140,39,0,39,0,11
1403637230.638432264328003,39,1,38,0,11
1403637230.688432693481445,39,1,37,0,11
1403637230.738432645797729,40,0,36,2,11
1403637230.788433790206909,40,6,37,1,11
1403637230.838433265686035,37,0,34,0,11
1403637230.888432264328003,34,0,30,0,11
1403637230.938431024551392,33,0,30,2,11
1403637230.988429784774780,33,0,31,0,11
1403637231.038431167602539,32,0,26,1,11
1403637231.088431358337402,27,0,25,0,11
1403637231.138432264328003,24,0,24,0,11
1403637231.188434123992920,23,0,22,0,11
1403637231.238435745239258,20,0,19,1,11
1403637231.288436651229858,19,0,18,0,11
1403637231.338437795639038,11,1,10,0,11
1403637231.388439178466797,10,0,3,6,11
1403637231.438439130783081,6,0,6,0,11
1403637231.488438844680786,6,0,6,0,11
1403637231.538438796997070,6,0,6,0,11
1403637231.588438510894775,6,2,6,0,11
1403637231.638438463211060,6,0,6,0,11
1403637231.688438415527344,12,1,6,6,11
1403637231.738438367843628,12,0,12,0,11
1403637231.788438081741333,12,0,12,0,11
1403637231.838438034057617,31,0,11,20,11
1403637231.888436794281006,31,0,30,0,11
1403637231.938436508178711,27,2,26,0,11
1403637231.988438367843628,42,1,24,18,11
1403637232.038438081741333,39,0,37,0,11
1403637232.088435411453247,43,1,37,5,11
1403637232.138434886932373,41,0,40,0,11
1403637232.188434362411499,41,0,38,2,11
1403637232.238436222076416,40,2,37,3,11
1403637232.288437366485596,36,0,36,0,11
1403637232.338438510894775,34,0,33,0,11
1403637232.388439416885376,32,2,32,0,11
1403637232.438440322875977,34,0,30,4,11
1403637232.488440990447998,30,1,29,0,11
1403637232.538441181182861,28,0,27,0,11
1403637232.588441133499146,26,0,26,0,11
1403637232.638440847396851,25,0,25,0,11
1403637232.688440322875977,30,0,24,6,11
1403637232.738440275192261,30,1,30,0,11
1403637232.788439512252808,43,1,29,14,11
1403637232.838438987731934,48,2,43,5,11
1403637232.888439178466797,48,0,45,0,11
1403637232.938439369201660,47,0,44,0,11
1403637232.988437414169312,48,13,44,3,11
1403637233.038437604904175,46,5,43,2,11
1403637233.088437318801880,46,0,45,0,11
1403637233.138437747955322,45,9,43,2,11
1403637233.188437461853027,46,0,45,1,11
1403637233.238436460494995,46,0,46,0,11
1403637233.288435697555542,45,1,44,1,11
1403637233.338434457778931,45,1,45,0,11
1403637233.388433694839478,48,2,45,3,11
1403637233.438433408737183,49,1,45,2,11
1403637233.488432645797729,48,0,46,0,11
1403637233.538431644439697,47,8,43,2,11
1403637233.588424682617188,46,13,42,3,11
1403637233.638423204421997,45,0,38,4,11
1403637233.688422679901123,42,0,40,0,11
1403637233.738421440124512,41,4,38,3,11
1403637233.788422346115112,41,2,40,0,11
1403637233.838423490524292,41,4,40,0,11
1403637233.888423919677734,39,3,38,0,11
1403637233.938425779342651,39,0,38,0,11
1403637233.988426923751831,38,2,37,0,11
1403637234.038427591323853,37,1,35,1,11
1403637234.088427782058716,35,1,35,0,11
1403637234.138429403305054,42,2,34,7,11
1403637234.188430070877075,49,6,40,7,11
1403637234.238428592681885,48,3,46,0,11
1403637234.288429021835327,45,5,42,2,11
1403637234.338427066802979,48,3,44,4,11
1403637234.388426780700684,47,8,45,2,11
1403637234.438425779342651,47,2,46,0,11
1403637234.488423824310303,48,1,46,1,11
1403637234.538423776626587,48,5,44,0,11
1403637234.588423728942871,47,3,43,1,11
1403637234.638424158096313,46,3,44,1,11
1403637234.688424348831177,46,3,43,1,11
1403637234.738424777984619,48,1,42,3,11
1403637234.788425445556641,41,0,38,1,11
1403637234.838425397872925,44,2,38,4,11
1403637234.888426065444946,41,2,37,2,11
1403637234.938426971435547,45,2,35,6,11
1403637234.988425970077515,45,3,38,4,11
1403637235.038425683975220,42,1,41,0,11
1403637235.088424205780029,42,2,39,1,11
1403637235.138425111770630,46,1,39,4,11
1403637235.188424587249756,47,5,42,4,11
1403637235.238424062728882,47,1,46,1,11
1403637235.288424015045166,47,2,46,0,11
1403637235.338425636291504,49,5,44,3,11
1403637235.388428449630737,49,0,45,1,11
1403637235.438433647155762,49,11,46,1,11
1403637235.488433122634888,47,8,46,0,11
1403637235.538430690765381,47,0,47,0,11
1403637235.588428974151611,50,3,47,3,11
1403637235.638426542282104,47,1,46,0,11
1403637235.688425302505493,50,12,44,3,11
1403637235.738425731658936,46,3,44,0,11
1403637235.788425683975220,43,4,40,1,11
1403637235.838426351547241,41,3,38,0,11
1403637235.888426303863525,38,2,35,0,11
1403637235.938427925109863,38,2,28,4,11
1403637235.988427877426147,29,0,28,0,11
1403637236.038424015045166,45,6,25,20,11
1403637236.088423252105713,45,0,45,0,11
1403637236.138422727584839,41,1,40,0,11
1403637236.188421010971069,37,3,33,1,11
1403637236.238420248031616,33,3,29,0,11
1403637236.288419008255005,38,4,26,7,11
1403637236.338418483734131,33,2,29,1,11
1403637236.388416528701782,33,0,24,5,11
1403637236.438415765762329,29,1,27,0,11
1403637236.488414287567139,32,5,25,6,11
1403637236.538416147232056,31,1,27,0,11
1403637236.588417291641235,33,2,25,4,11
1403637236.638418912887573,35,3,27,6,11
1403637236.688420534133911,42,6,31,10,11
1403637236.738423585891724,40,1,39,0,11
1403637236.788425207138062,41,3,34,7,11
1403637236.838426589965820,38,3,36,0,11
1403637236.888427972793579,37,5,28,4,11
1403637236.938429832458496,34,2,28,1,11
1403637236.988432645797729,29,2,24,4,11
1403637237.038433313369751,24,3,23,0,11
1403637237.088433742523193,37,2,20,16,11
1403637237.138432979583740,33,4,31,0,11
1403637237.188431262969971,33,4,31,0,11
1403637237.238428354263306,36,1,27,6,11
1403637237.288426399230957,34,3,30,0,11
1403637237.338427066802979,30,3,30,0,11
1403637237.388428449630737,43,3,27,14,11
1403637237.438429355621338,42,4,36,0,11
1403637237.488429069519043,47,4,32,8,11
1403637237.538429737091064,43,1,38,0,11
1403637237.588430166244507,41,0,38,2,11
1403637237.638428449630737,40,1,37,0,11
1403637237.688426494598389,43,0,35,3,11
1403637237.738422393798828,44,18,36,7,11
1403637237.788423061370850,41,1,40,0,11
1403637237.838426113128662,41,2,40,0,11
1403637237.888427019119263,39,1,39,0,11
1403637237.938430309295654,41,0,39,2,11
1403637237.988430738449097,41,1,40,0,11
1403637238.038431406021118,41,0,40,0,11
1403637238.088432312011719,48,18,39,8,11
1403637238.138432264328003,50,2,46,2,11
1403637238.188432931900024,49,2,48,0,11
1403637238.238433122634888,48,0,48,0,11
1403637238.288433074951172,48,2,47,0,11
1403637238.338432788848877,49,12,45,2,11
1403637238.388432979583740,47,0,45,0,11
1403637238.438432693481445,45,0,43,0,11
1403637238.488433122634888,45,1,41,1,11
1403637238.538433551788330,43,1,40,0,11
1403637238.588432788848877,41,1,40,0,11
1403637238.638430356979370,40,3,39,0,11
1403637238.688424110412598,49,8,38,9,11
1403637238.738420963287354,49,1,46,1,11
1403637238.788419485092163,48,2,47,0,11
1403637238.838413953781128,49,29,46,2,11
1403637238.888413429260254,48,0,47,0,11
1403637238.938414573669434,48,6,44,2,11
1403637238.988414764404297,48,1,45,0,11
1403637239.038415193557739,47,0,43,1,11
1403637239.088416814804077,46,1,43,1,11
1403637239.138420581817627,45,4,44,1,11
1403637239.188421487808228,47,1,45,2,11
1403637239.238421678543091,48,4,46,1,11
1403637239.288421630859375,50,5,47,2,11
1403637239.338420391082764,49,1,49,0,11
1403637239.388422727584839,50,10,49,1,11
1403637239.438426017761230,46,17,46,0,11
1403637239.488425016403198,46,2,45,0,11
1403637239.538424968719482,45,6,41,4,11
1403637239.588427543640137,46,31,42,4,11
1403637239.638425350189209,43,1,42,0,11
1403637239.688424348831177,40,4,39,0,11
1403637239.738424062728882,36,2,34,1,11
1403637239.788423776626587,28,2,25,0,11
1403637239.838423490524292,25,3,21,0,11
1403637239.888423442840576,21,5,17,0,11
1403637239.938423871994019,14,3,11,0,11
1403637239.988424062728882,11,3,10,1,11
1403637240.038424015045166,11,0,7,4,11
1403637240.088424444198608,9,3,8,0,11
1403637240.138422250747681,29,8,6,22,11
1403637240.188420057296753,38,1,25,12,11
1403637240.238421201705933,36,4,35,0,11
1403637240.288424253463745,33,7,32,0,11
1403637240.338428258895874,40,3,31,8,11
1403637240.388430833816528,37,2,36,0,11
1403637240.438432693481445,37,6,36,0,11
1403637240.488436460494995,43,6,36,7,11
1403637240.538435459136963,42,3,39,0,11
1403637240.588433742523193,42,2,39,0,11
1403637240.638432502746582,45,0,38,7,11
1403637240.688431024551392,47,10,44,3,11
1403637240.738430976867676,44,0,43,0,11
1403637240.788431406021118,43,2,42,0,11
1403637240.838431358337402,40,1,37,3,11
1403637240.888429164886475,40,4,36,3,11
1403637240.938428401947021,40,2,35,3,11
1403637240.988429307937622,39,2,37,1,11
1403637241.038431644439697,37,1,32,2,11
1403637241.088434457778931,40,2,29,5,11
1403637241.138437032699585,35,2,31,0,11
1403637241.188439607620239,38,1,29,7,11
1403637241.238441467285156,37,2,33,1,11
1403637241.288444042205811,43,4,30,8,11
1403637241.338445425033569,38,0,35,0,11
1403637241.388446331024170,38,1,35,3,11
1403637241.438447475433350,41,1,38,3,11
1403637241.488447904586792,41,1,40,0,11
1403637241.538449287414551,45,6,37,5,11
1403637241.588449001312256,41,1,38,0,11
1403637241.638449192047119,38,1,34,2,11
1403637241.688449382781982,35,0,33,1,11
1403637241.738449096679688,38,2,33,5,11
1403637241.788449525833130,36,1,36,0,11
1403637241.838451147079468,35,5,34,1,11
1403637241.888452053070068,37,4,33,3,11
1403637241.938452005386353,34,0,31,0,11
1403637241.988452911376953,33,1,31,1,11
1403637242.038452625274658,35,5,29,5,11
1403637242.088451623916626,35,0,34,0,11
1403637242.138449430465698,38,1,33,4,11
1403637242.188447475433350,39,1,36,1,11
1403637242.238446712493896,39,0,36,1,11
1403637242.288445711135864,47,0,35,10,11
1403637242.338446140289307,45,2,43,0,11
1403637242.388447523117065,49,5,42,6,11
1403637242.438448667526245,48,1,47,0,11
1403637242.488450050354004,47,3,47,0,11
1403637242.538450717926025,47,0,46,0,11
1403637242.588452100753784,49,0,45,2,11
1403637242.638453722000122,48,1,46,0,11
1403637242.688454866409302,46,0,45,0,11
1403637242.738455533981323,47,0,45,2,11
1403637242.788457155227661,46,1,44,0,11
1403637242.838460206985474,47,0,43,2,11
1403637242.888460636138916,47,1,42,3,11
1403637242.938460350036621,46,1,43,0,11
1403637242.988460063934326,46,4,41,3,11
1403637243.038459300994873,46,3,42,3,11
1403637243.088459491729736,47,1,43,2,11
1403637243.138455867767334,48,2,45,3,11
1403637243.188454389572144,48,1,46,0,11
1403637243.238452434539795,50,3,45,2,11
1403637243.288452386856079,48,0,46,0,11
1403637243.338451862335205,47,1,46,0,11
1403637243.388452529907227,50,9,45,4,11
1403637243.438452720642090,50,2,47,0,11
1403637243.488452434539795,49,10,46,0,11
1403637243.538452625274658,48,0,46,1,11
1403637243.588452339172363,49,6,44,2,11
1403637243.638451337814331,49,10,43,1,11
1403637243.688451528549194,45,2,41,1,11
1403637243.738451242446899,44,1,41,1,11
1403637243.788450956344604,41,1,41,0,11
1403637243.838450431823730,38,1,34,3,11
1403637243.888449907302856,39,2,35,2,11
1403637243.938449859619141,39,2,34,1,11
1403637243.988451480865479,49,5,35,11,11
1403637244.038451671600342,47,1,44,2,11
1403637244.088452100753784,49,7,46,2,11
1403637244.138452053070068,47,1,47,0,11
1403637244.188452243804932,48,0,46,2,11
1403637244.238452434539795,49,6,47,1,11
1403637244.288452625274658,49,1,47,1,11
1403637244.338451147079468,49,11,47,1,11
1403637244.388450860977173,50,0,47,1,11
1403637244.438451051712036,46,0,44,0,11
1403637244.488450288772583,44,1,41,0,11
1403637244.538450479507446,49,12,40,6,11
1403637244.588450670242310,48,2,45,1,11
1403637244.638450384140015,47,0,44,1,11
1403637244.688450098037720,49,4,44,3,11
1403637244.738449335098267,48,0,47,0,11
1403637244.788449525833130,47,0,46,1,11
1403637244.838449001312256,49,4,45,2,11
1403637244.888448476791382,49,1,46,1,11
1403637244.938448190689087,49,12,45,1,11
1403637244.988448143005371,47,1,45,0,11
1403637245.038446903228760,45,1,44,1,11
1403637245.088446140289307,49,8,43,4,11
1403637245.138446331024170,49,11,44,1,11
1403637245.188446044921875,47,1,44,1,11
1403637245.238445520401001,47,0,44,2,11
1403637245.288444280624390,49,1,44,3,11
1403637245.338442802429199,49,18,45,1,11
1403637245.388441324234009,47,1,44,1,11
1403637245.438441276550293,49,1,45,3,11
1403637245.488441705703735,48,0,46,0,11
1403637245.538441181182861,50,11,45,2,11
1403637245.588442087173462,46,1,42,0,11
1403637245.638442039489746,47,0,40,2,11
1403637245.688441753387451,47,4,41,3,11
1403637245.738440990447998,47,3,39,3,11
1403637245.788438796997070,44,4,35,3,11
1403637245.838438987731934,42,14,33,3,11
1403637245.888439893722534,38,2,30,1,11
1403637245.938441038131714,45,3,29,11,11
1403637245.988440990447998,42,1,39,1,11
1403637246.038441658020020,38,1,36,0,11
1403637246.088441848754883,35,2,31,0,11
1403637246.138442516326904,35,2,29,2,11
1403637246.188443183898926,30,2,28,0,11
1403637246.238443374633789,25,2,24,0,11
1403637246.288444757461548,28,3,22,3,11
1403637246.338444709777832,25,0,22,0,11
1403637246.388445138931274,29,1,21,5,11
1403637246.438444137573242,37,1,24,11,11
1403637246.488445043563843,46,2,31,11,11
1403637246.538445711135864,42,1,39,0,11
1403637246.588445663452148,37,1,32,0,11
1403637246.638445138931274,42,3,27,10,11
1403637246.688445329666138,36,1,32,1,11
1403637246.738445281982422,34,2,30,0,11
1403637246.788445234298706,35,1,25,7,11
1403637246.838445186614990,30,0,28,0,11
1403637246.888445138931274,27,0,25,0,11
1403637246.938445091247559,25,0,24,0,11
1403637246.988446235656738,35,1,23,12,11
1403637247.038447856903076,37,0,35,2,11
1403637247.088448524475098,37,1,36,0,11
1403637247.138448953628540,37,0,36,0,11
1403637247.188450098037720,48,0,36,12,11
1403637247.238450050354004,49,0,47,1,11
1403637247.288451433181763,48,2,46,1,11
1403637247.338453769683838,49,3,47,2,11
1403637247.388456821441650,48,6,47,0,11
1403637247.438458204269409,48,6,45,2,11
1403637247.488457918167114,48,0,47,1,11
1403637247.538458347320557,47,0,45,0,11
1403637247.588459968566895,49,5,44,3,11
1403637247.638459682464600,47,0,47,0,11
1403637247.688460350036621,50,7,46,3,11
1403637247.738460063934326,50,1,47,0,11
1403637247.788460016250610,49,1,46,0,11
1403637247.838459730148315,46,0,46,0,11
1403637247.888459444046021,45,2,44,0,11
1403637247.938459396362305,48,1,44,3,11
1403637247.988459348678589,48,11,45,2,11
1403637248.038458347320557,48,5,46,2,11
1403637248.088457345962524,47,4,45,1,11
1403637248.138456583023071,42,1,40,0,11
1403637248.188456535339355,45,2,38,4,11
1403637248.238456010818481,43,0,42,0,11
1403637248.288456439971924,46,1,42,4,11
1403637248.338457107543945,46,0,46,0,11
1403637248.388457536697388,50,3,46,4,11
1403637248.438458681106567,50,1,50,0,11
1403637248.488459825515747,48,0,48,0,11
1403637248.538461685180664,47,0,47,0,11
1403637248.588462352752686,50,14,47,3,11
1403637248.638461828231812,49,1,49,0,11
1403637248.688460588455200,49,3,48,1,11
1403637248.738460063934326,50,11,48,1,11
1403637248.788460016250610,49,0,47,0,11
1403637248.838459730148315,47,0,46,0,11
1403637248.888459920883179,47,1,45,1,11
1403637248.938459873199463,49,3,45,3,11
1403637248.988459587097168,49,2,48,1,11
1403637249.038459777832031,49,1,49,0,11
1403637249.088459730148315,49,4,49,0,11
1403637249.138459682464600,49,2,49,0,11
1403637249.188459157943726,50,18,48,1,11
1403637249.238459348678589,50,1,49,0,11
1403637249.288459062576294,50,4,49,1,11
1403637249.338458776473999,50,20,50,0,11
1403637249.388458013534546,50,0,50,0,11
1403637249.438457965850830,50,2,50,0,11
1403637249.488457679748535,49,0,49,0,11
1403637249.538457870483398,48,0,47,0,11
1403637249.588457345962524,49,0,46,2,11
1403637249.638457536697388,48,1,48,0,11
1403637249.688457250595093,48,1,48,0,11
1403637249.738456249237061,47,1,47,0,11
1403637249.788455486297607,50,13,47,3,11
1403637249.838455677032471,50,1,49,0,11
1403637249.888456583023071,50,3,47,0,11
1403637249.938457727432251,48,17,47,0,11
1403637249.988459348678589,46,1,46,0,11
1403637250.038461685180664,46,0,45,1,11
1403637250.088462829589844,44,1,44,0,11
1403637250.138465881347656,43,19,39,4,11
1403637250.188465118408203,41,0,41,0,11
1403637250.238464832305908,39,1,37,0,11
1403637250.288464784622192,37,0,36,0,11
1403637250.338464260101318,34,0,34,0,11
1403637250.388463020324707,38,2,33,5,11
1403637250.438462257385254,37,2,35,1,11
1403637250.488461494445801,38,0,35,3,11
1403637250.538460969924927,48,0,36,11,11
1403637250.588460683822632,46,4,45,0,11
1403637250.638460159301758,44,1,42,0,11
1403637250.688459634780884,43,1,41,0,11
1403637250.738458156585693,47,27,38,7,11
1403637250.788457870483398,46,0,45,0,11
1403637250.838457584381104,43,0,43,0,11
1403637250.888457298278809,41,0,41,0,11
1403637250.938457250595093,41,1,41,0,11
1403637250.988456964492798,41,0,40,0,11
1403637251.038456916809082,48,17,39,8,11
1403637251.088456869125366,46,0,45,1,11
1403637251.138456583023071,46,0,45,0,11
1403637251.188456773757935,46,0,45,0,11
1403637251.238456726074219,44,0,44,0,11
1403637251.288456678390503,44,0,43,0,11
1403637251.338456392288208,50,23,43,6,11
1403637251.388455390930176,48,0,46,0,11
1403637251.438455343246460,44,0,42,0,11
1403637251.488455533981323,41,1,41,0,11
1403637251.538455963134766,41,1,40,0,11
1403637251.588456153869629,38,0,37,0,11
1403637251.638456583023071,48,2,37,11,11
1403637251.688456773757935,46,0,45,0,11
1403637251.738456726074219,44,0,41,0,11
1403637251.788457155227661,42,0,41,0,11
1403637251.838456392288208,41,0,41,0,11
1403637251.888455867767334,40,0,40,0,11
1403637251.938455104827881,50,22,39,10,11
1403637251.988454580307007,50,1,49,0,11
1403637252.038454771041870,48,0,48,0,11
1403637252.088454723358154,46,0,46,0,11
1403637252.138454675674438,46,0,46,0,11
1403637252.188454627990723,46,0,46,0,11
1403637252.238455057144165,47,0,46,1,11
1403637252.288455963134766,47,1,47,0,11
1403637252.338456869125366,47,0,47,0,11
1403637252.388458251953125,46,0,46,0,11
1403637252.438458681106567,45,2,45,0,11
1403637252.488458871841431,45,0,45,0,11
1403637252.538458824157715,46,7,45,1,11
1403637252.588458538055420,46,0,46,0,11
1403637252.638458728790283,45,0,45,0,11
1403637252.688458919525146,45,0,45,0,11
1403637252.738459110260010,45,0,45,0,11
1403637252.788458824157715,45,0,45,0,11
1403637252.838458061218262,45,0,45,0,11
1403637252.888458013534546,45,0,45,0,11
1403637252.938457727432251,46,10,45,1,11
1403637252.988457679748535,46,1,46,0,11
1403637253.038458108901978,46,0,46,0,11
1403637253.088458299636841,46,0,46,0,11
1403637253.138458251953125,46,2,46,0,11
1403637253.188458204269409,46,0,46,0,11
1403637253.238457918167114,46,0,46,0,11
1403637253.288457870483398,46,0,46,0,11
1403637253.338457345962524,46,0,46,0,11
1403637253.388457059860229,46,0,46,0,11
1403637253.438456535339355,46,0,46,0,11
1403637253.488456487655640,46,0,46,0,11
1403637253.538456201553345,46,1,46,0,11
1403637253.588456392288208,46,0,46,0,11
1403637253.638456106185913,46,0,46,0,11
1403637253.688456296920776,46,0,46,0,11
1403637253.738456249237061,46,1,46,0,11
1403637253.788455724716187,46,0,46,0,11
1403637253.838455677032471,46,0,46,0,11
1403637253.888455867767334,46,0,46,0,11
1403637253.938456296920776,46,0,46,0,11
1403637253.988456726074219,46,0,46,0,11
1403637254.038455963134766,46,0,46,0,11
1403637254.088456153869629,46,0,46,0,11
1403637254.138456821441650,46,3,46,0,11
1403637254.188457489013672,46,0,46,0,11
1403637254.238458156585693,46,0,46,0,11
1403637254.288459062576294,46,0,46,0,11
1403637254.338459253311157,46,1,46,0,11
1403637254.388459682464600,45,0,45,0,11
1403637254.438459396362305,45,0,45,0,11
1403637254.488459348678589,45,0,45,0,11
1403637254.538459539413452,45,0,45,0,11
1403637254.588459491729736,45,0,45,0,11
1403637254.638459205627441,45,0,45,0,11
1403637254.688459396362305,45,0,45,0,11
1403637254.738459825515747,45,9,45,0,11
1403637254.788460016250610,44,0,44,0,11
1403637254.838460206985474,44,0,44,0,11
1403637254.888460159301758,44,0,44,0,11
1403637254.938460111618042,44,2,43,0,11
1403637254.988460063934326,44,0,43,0,11
1403637255.038460493087769,43,0,43,0,11
1403637255.088459968566895,43,0,43,0,11
1403637255.138459920883179,43,0,43,0,11
1403637255.188459873199463,43,1,43,0,11
1403637255.238459348678589,42,0,42,0,11
1403637255.288459539413452,41,0,41,0,11
1403637255.338459968566895,41,9,40,1,11
1403637255.388459920883179,41,0,41,0,11
1403637255.438459873199463,41,0,41,0,11
1403637255.488459825515747,41,0,41,0,11
1403637255.538459777832031,39,2,38,0,11
1403637255.588459968566895,39,0,37,0,11
1403637255.638459920883179,38,0,36,1,11
1403637255.688459873199463,37,0,37,0,11
1403637255.738459825515747,35,0,33,0,11
1403637255.788460016250610,33,0,32,0,11
1403637255.838459730148315,32,0,31,0,11
1403637255.888459682464600,32,0,30,0,11
1403637255.938459396362305,43,0,28,12,11
1403637255.988458633422852,42,0,40,0,11
1403637256.038458824157715,40,0,40,0,11
1403637256.088458538055420,40,0,40,0,11
1403637256.138458490371704,41,1,40,1,11
1403637256.188457250595093,41,0,41,0,11
1403637256.238457202911377,41,0,41,0,11
1403637256.288456916809082,41,0,40,0,11
1403637256.338456630706787,49,27,41,8,11
1403637256.388456583023071,48,0,48,0,11
1403637256.438456296920776,48,0,48,0,11
1403637256.488456249237061,48,0,46,0,11
1403637256.538456201553345,48,3,45,0,11
1403637256.588455915451050,47,0,45,1,11
1403637256.638455629348755,46,0,46,0,11
1403637256.688455343246460,46,0,44,0,11
1403637256.738455295562744,46,2,43,0,11
1403637256.788455724716187,43,0,42,0,11
1403637256.838456392288208,42,0,42,0,11
1403637256.888456583023071,42,1,41,0,11
1403637256.938459157943726,50,15,41,8,11
1403637256.988459348678589,49,0,49,0,11
1403637257.038460016250610,48,1,46,0,11
1403637257.088460206985474,48,0,46,0,11
1403637257.138460159301758,47,4,46,1,11
1403637257.188459634780884,49,0,47,2,11
1403637257.238459110260010,49,1,49,0,11
1403637257.288458585739136,49,0,48,0,11
1403637257.338458299636841,49,1,48,0,11
1403637257.388458251953125,48,0,47,0,11
1403637257.438457727432251,48,1,47,0,11
1403637257.488457679748535,45,0,45,0,11
1403637257.538457393646240,49,0,43,5,11
1403637257.588456869125366,49,1,47,0,11
1403637257.638456344604492,48,1,46,0,11
1403637257.688456058502197,48,3,45,1,11
1403637257.738455772399902,48,0,44,1,11
1403637257.788455963134766,46,0,43,0,11
1403637257.838455915451050,45,0,41,1,11
1403637257.888455867767334,43,0,38,0,11
1403637257.938456058502197,41,2,38,0,11
1403637257.988456487655640,47,8,35,9,11
1403637258.038456916809082,48,0,44,1,11
1403637258.088457345962524,43,0,42,0,11
1403637258.138457775115967,38,1,36,0,11
1403637258.188457965850830,38,0,34,0,11
1403637258.238457679748535,39,2,34,3,11
1403637258.288457870483398,34,4,33,1,11
1403637258.338458776473999,37,3,32,3,11
1403637258.388459205627441,37,1,32,1,11
1403637258.438459634780884,35,3,33,1,11
1403637258.488460540771484,35,0,34,1,11
1403637258.538461446762085,35,0,34,0,11
1403637258.588464260101318,48,2,32,13,11
1403637258.638463497161865,47,0,40,1,11
1403637258.688463211059570,45,1,39,0,11
1403637258.738463163375854,40,0,38,1,11
1403637258.788464069366455,40,2,38,0,11
1403637258.838464736938477,48,6,37,9,11
1403637258.888464450836182,47,1,45,0,11
1403637258.938464403152466,46,0,42,1,11
1403637258.988464593887329,45,0,43,0,11
1403637259.038464069366455,46,9,42,3,11
1403637259.088464260101318,46,0,46,0,11
1403637259.138464212417603,46,1,46,0,11
1403637259.188464164733887,47,0,46,1,11
1403637259.238464355468750,47,0,46,0,11
1403637259.288464546203613,48,1,46,1,11
1403637259.338464260101318,50,1,47,3,11
1403637259.388464212417603,50,0,50,0,11
1403637259.438463449478149,50,18,50,0,11
1403637259.488463401794434,50,1,50,0,11
1403637259.538463592529297,49,0,49,0,11
1403637259.588463544845581,49,0,49,0,11
1403637259.638462781906128,49,11,49,0,11
1403637259.688462734222412,49,0,49,0,11
1403637259.738462209701538,49,0,49,0,11
1403637259.788462400436401,49,0,49,0,11
1403637259.838462352752686,49,0,49,0,11
1403637259.888462543487549,49,0,49,0,11
1403637259.938462734222412,50,0,49,1,11
1403637259.988462686538696,50,0,49,0,11
1403637260.038463115692139,50,18,48,0,11
1403637260.088463068008423,49,0,47,0,11
1403637260.138463020324707,49,0,47,1,11
1403637260.188463211059570,48,0,48,0,11
1403637260.238462924957275,48,10,48,0,11
1403637260.288463354110718,48,3,47,0,11
1403637260.338462829589844,47,0,46,0,11
1403637260.388462781906128,45,0,44,0,11
1403637260.438462734222412,45,0,42,0,11
1403637260.488463878631592,44,1,41,0,11
1403637260.538464546203613,42,0,41,0,11
1403637260.588464736938477,40,0,38,0,11
1403637260.638464689254761,44,10,36,5,11
1403637260.688464164733887,40,3,38,1,11
1403637260.738463878631592,39,3,37,0,11
1403637260.788463830947876,38,1,35,0,11
1403637260.838463306427002,45,2,35,8,11
1403637260.888463020324707,42,1,42,0,11
1403637260.938462734222412,42,0,41,0,11
1403637260.988462686538696,46,6,40,4,11
1403637261.038463115692139,45,0,43,0,11
1403637261.088463544845581,43,0,40,0,11
1403637261.138463973999023,42,1,35,1,11
1403637261.188464403152466,39,2,34,0,11
1403637261.238464593887329,37,12,28,4,11
1403637261.288464784622192,35,2,31,0,11
1403637261.338465213775635,32,2,29,2,11
1403637261.388465642929077,33,1,31,1,11
1403637261.438466310501099,33,4,30,1,11
1403637261.488466024398804,34,0,30,1,11
1403637261.538465261459351,32,2,28,0,11
1403637261.588464736938477,32,1,27,2,11
1403637261.638463973999023,29,1,27,0,11
1403637261.688464641571045,29,1,28,0,11
1403637261.738464832305908,28,0,27,0,11
1403637261.788464546203613,33,0,26,5,11
1403637261.838463783264160,36,4,30,5,11
1403637261.888463973999023,34,0,34,0,11
1403637261.938464164733887,34,0,33,0,11
1403637261.988465309143066,34,0,33,0,11
1403637262.038467645645142,38,2,33,5,11
1403637262.088469266891479,38,1,37,1,11
1403637262.138470411300659,39,2,37,1,11
1403637262.188470602035522,39,5,36,0,11
1403637262.238470792770386,40,2,36,2,11
1403637262.288468599319458,29,4,20,0,11
1403637262.338470458984375,25,4,18,0,11
1403637262.388467550277710,21,0,12,0,11
1403637262.438466072082520,13,1,8,0,11
1403637262.488463401794434,11,0,6,1,11
1403637262.538464546203613,9,0,7,0,11
1403637262.588464736938477,8,0,5,0,11
1403637262.638464212417603,6,0,5,0,11
1403637262.688463926315308,5,0,3,0,11
1403637262.738464117050171,5,0,3,0,11
1403637262.788464784622192,3,0,3,0,11
1403637262.838464021682739,3,0,3,0,11
1403637262.888464212417603,3,0,2,0,11
1403637262.938464164733887,3,0,2,0,11
1403637262.988464593887329,3,0,2,1,11
1403637263.038464784622192,4,0,3,1,11
1403637263.088464975357056,4,0,4,0,11
1403637263.138465166091919,4,0,4,0,11
1403637263.188465356826782,4,0,4,0,11
1403637263.238465547561646,4,0,4,0,11
1403637263.288465976715088,4,0,4,0,11
1403637263.338466167449951,4,0,4,0,11
1403637263.388466358184814,4,0,4,0,11
1403637263.438466310501099,4,0,4,0,11
1403637263.488466501235962,4,0,4,0,11
1403637263.538466691970825,4,0,4,0,11
1403637263.588467121124268,5,0,4,1,11
1403637263.638467073440552,5,0,5,0,11
1403637263.688467025756836,7,0,5,2,11
1403637263.738467216491699,7,0,6,0,11
1403637263.788467407226562,7,0,6,0,11
1403637263.838467597961426,7,0,6,1,11
1403637263.888467550277710,7,0,7,0,11
1403637263.938467741012573,7,0,6,0,11
1403637263.988467693328857,8,0,6,1,11
1403637264.038467884063721,8,0,6,1,11
1403637264.088467836380005,8,0,7,0,11
1403637264.138468027114868,8,0,7,1,11
1403637264.188467979431152,8,0,7,0,11
1403637264.238467931747437,8,0,7,0,11
1403637264.288468122482300,8,0,7,1,11
1403637264.338468074798584,8,0,7,0,11
1403637264.388468027114868,8,0,7,0,11
1403637264.438467979431152,8,0,7,1,11
1403637264.488467931747437,8,0,7,0,11
1403637264.538468122482300,8,0,7,0,11
1403637264.588468074798584,8,0,7,1,11
1403637264.638468027114868,8,0,7,0,11
1403637264.688468217849731,8,0,7,0,11
1403637264.738468170166016,8,0,7,1,11
1403637264.788468360900879,8,0,7,0,11
1403637264.838468313217163,8,0,7,0,11
1403637264.888468265533447,8,0,7,1,11
1403637264.938468217849731,8,0,7,0,11
1403637264.988468170166016,8,0,7,0,11
1403637265.038468360900879,8,0,7,1,11
1403637265.088468313217163,8,0,7,0,11
1403637265.138468265533447,8,0,7,0,11
1403637265.188468217849731,8,0,7,1,11
1403637265.238468170166016,8,0,7,0,11
1403637265.288468360900879,8,0,7,0,11
1403637265.338468313217163,8,0,7,1,11
1403637265.388468265533447,8,0,7,0,11
1403637265.438468217849731,9,0,7,1,11
1403637265.488468170166016,9,0,8,1,11
