# timestamp (sec),slam_feats_in_state,msckf_feats_used,slam_feats_updated,slam_feats_delayed_init,clones
1403637149.987318277359009,0,8,0,0,5
1403637150.036755084991455,15,14,0,15,6
1403637150.086406707763672,13,29,12,0,7
1403637150.136349201202393,10,1,8,0,8
1403637150.186404228210449,9,2,6,0,9
1403637150.236432313919067,5,10,5,0,10
1403637150.286446809768677,5,7,4,0,11
1403637150.336531877517700,3,4,3,0,11
1403637150.386538743972778,2,10,2,0,11
1403637150.436788082122803,1,7,1,0,11
1403637150.486697196960449,1,7,1,0,11
1403637150.536769390106201,0,5,0,0,11
1403637150.586838245391846,0,2,0,0,11
1403637150.637249231338501,12,7,0,12,11
1403637150.687317132949829,11,4,10,0,11
1403637150.737396240234375,10,0,9,0,11
1403637150.787371158599854,9,2,9,0,11
1403637150.837417840957642,10,2,9,1,11
1403637150.887588500976562,12,6,9,3,11
1403637150.937628746032715,12,1,11,0,11
1403637150.987830877304077,17,2,12,5,11
1403637151.037876605987549,18,2,16,1,11
1403637151.087860107421875,17,2,17,0,11
1403637151.137880563735962,20,2,17,3,11
1403637151.187987565994263,20,2,20,0,11
1403637151.238192319869995,26,3,20,6,11
1403637151.288264036178589,26,0,26,0,11
1403637151.338323593139648,26,1,25,1,11
1403637151.388300657272339,26,0,26,0,11
1403637151.438247680664062,26,5,26,0,11
1403637151.488285541534424,27,0,26,1,11
1403637151.538222551345825,29,0,27,2,11
1403637151.588172197341919,30,1,28,1,11
1403637151.638101339340210,30,1,29,0,11
1403637151.688021898269653,30,8,29,1,11
1403637151.738013744354248,30,0,28,0,11
1403637151.788053512573242,32,0,27,2,11
1403637151.838027000427246,30,0,29,0,11
1403637151.888087272644043,28,1,27,0,11
1403637151.938150644302368,35,1,26,7,11
1403637151.988166332244873,35,0,33,1,11
1403637152.038193225860596,36,2,34,2,11
1403637152.088196992874146,36,0,35,1,11
1403637152.138205528259277,37,0,35,2,11
1403637152.188195705413818,38,0,37,1,11
1403637152.238218307495117,38,1,37,1,11
1403637152.288219213485718,38,0,36,1,11
1403637152.338239192962646,38,0,37,0,11
1403637152.388284206390381,37,0,34,1,11
1403637152.438191652297974,37,0,34,1,11
1403637152.488226413726807,34,0,33,0,11
1403637152.538184404373169,34,0,33,0,11
1403637152.588130950927734,33,0,33,0,11
1403637152.638179063796997,34,1,32,2,11
1403637152.688248872756958,34,0,34,0,11
1403637152.738334178924561,34,0,34,0,11
1403637152.788427114486694,34,0,34,0,11
1403637152.838521957397461,34,0,34,0,11
1403637152.888594865798950,33,0,33,0,11
1403637152.938549757003784,36,0,32,4,11
1403637152.988480567932129,37,1,36,1,11
1403637153.038497686386108,37,3,35,1,11
1403637153.088408946990967,39,0,36,2,11
1403637153.138360261917114,38,0,36,1,11
1403637153.188325643539429,38,2,37,0,11
1403637153.238325834274292,37,0,35,0,11
1403637153.288315057754517,36,0,33,1,11
1403637153.338305234909058,34,0,34,0,11
1403637153.388289928436279,33,0,32,1,11
1403637153.438279151916504,33,0,33,0,11
1403637153.488302230834961,35,0,33,2,11
1403637153.538354873657227,38,2,35,3,11
1403637153.588341712951660,38,0,38,0,11
1403637153.638313531875610,38,0,38,0,11
1403637153.688275814056396,37,0,36,0,11
1403637153.738250494003296,38,0,35,1,11
1403637153.788207292556763,36,0,35,0,11
1403637153.838222026824951,36,0,35,1,11
1403637153.888225078582764,35,1,33,0,11
1403637153.938224792480469,36,1,32,1,11
1403637153.988268852233887,34,0,32,0,11
1403637154.038311243057251,33,0,32,0,11
1403637154.088432073593140,32,0,31,0,11
1403637154.138530254364014,35,1,31,3,11
1403637154.188595056533813,34,0,34,0,11
1403637154.238569974899292,34,0,33,0,11
1403637154.288523197174072,34,0,33,0,11
1403637154.338494062423706,32,0,31,0,11
1403637154.388441801071167,32,0,30,1,11
1403637154.438325405120850,31,0,30,0,11
1403637154.488278627395630,37,0,29,6,11
1403637154.538285017013550,35,1,32,0,11
1403637154.588275671005249,36,0,32,2,11
1403637154.638334751129150,34,0,31,1,11
1403637154.688351869583130,32,0,29,1,11
1403637154.738331317901611,33,0,24,4,11
1403637154.788338661193848,32,0,26,2,11
1403637154.838353157043457,28,2,25,0,11
1403637154.888365745544434,26,0,21,0,11
1403637154.938402652740479,23,0,20,0,11
1403637154.988435506820679,21,0,20,0,11
1403637155.038463354110718,19,0,19,0,11
1403637155.088481903076172,20,1,17,3,11
1403637155.138485193252563,20,0,18,0,11
1403637155.188473701477051,24,0,18,4,11
1403637155.238468170166016,23,2,22,1,11
1403637155.288478851318359,22,1,21,1,11
1403637155.338475942611694,26,0,21,4,11
1403637155.388478279113770,26,0,23,0,11
1403637155.438460350036621,30,0,22,6,11
1403637155.488443136215210,28,2,28,0,11
1403637155.538418531417847,28,0,28,0,11
1403637155.588386297225952,28,1,27,0,11
1403637155.638303518295288,34,0,27,6,11
1403637155.688274383544922,35,0,32,3,11
1403637155.738271951675415,35,0,35,0,11
1403637155.788222074508667,41,2,35,6,11
1403637155.838239431381226,42,0,38,2,11
1403637155.888205051422119,40,0,39,0,11
1403637155.938190698623657,39,0,37,0,11
1403637155.988201856613159,35,0,35,0,11
1403637156.038220167160034,35,1,33,0,11
1403637156.088228702545166,30,1,29,0,11
1403637156.138224601745605,29,1,27,0,11
1403637156.188220262527466,27,0,26,0,11
1403637156.238219022750854,24,0,24,0,11
1403637156.288208961486816,23,1,23,0,11
1403637156.338197708129883,23,0,22,0,11
1403637156.388192415237427,23,0,22,0,11
1403637156.438173055648804,21,1,21,0,11
1403637156.488161087036133,21,2,20,0,11
1403637156.538146018981934,20,1,20,0,11
1403637156.588135242462158,20,0,19,0,11
1403637156.638133049011230,17,0,16,0,11
1403637156.688133478164673,17,0,16,0,11
1403637156.738129615783691,15,0,15,0,11
1403637156.788079261779785,18,1,14,4,11
1403637156.838058471679688,19,0,18,1,11
1403637156.888034582138062,19,0,18,1,11
1403637156.938018798828125,19,0,18,0,11
1403637156.987974405288696,20,0,18,1,11
1403637157.037990570068359,19,1,19,0,11
1403637157.088001966476440,21,0,19,2,11
1403637157.138019561767578,23,0,19,3,11
1403637157.188017606735229,23,0,21,0,11
1403637157.238015651702881,23,0,21,1,11
1403637157.288010358810425,22,0,22,0,11
1403637157.338003158569336,23,0,22,1,11
1403637157.387990236282349,24,1,23,1,11
1403637157.437973499298096,28,0,24,4,11
1403637157.487966537475586,28,0,28,0,11
1403637157.537955522537231,29,0,28,1,11
1403637157.587953329086304,37,0,29,8,11
1403637157.637954235076904,37,0,37,0,11
1403637157.687956571578979,38,0,36,1,11
1403637157.737980365753174,43,6,37,5,11
1403637157.787988662719727,41,3,41,0,11
1403637157.837984561920166,41,0,39,2,11
1403637157.887975931167603,41,0,39,1,11
1403637157.937968015670776,42,0,40,1,11
1403637157.987980365753174,48,4,40,8,11
1403637158.037979841232300,45,4,42,2,11
1403637158.087992429733276,45,0,42,1,11
1403637158.138014316558838,46,0,43,1,11
1403637158.188019990921021,43,4,38,0,11
1403637158.238021612167358,41,0,37,0,11
1403637158.288015127182007,35,0,34,0,11
1403637158.338016510009766,48,2,33,13,11
1403637158.388003110885620,46,1,43,0,11
1403637158.438002824783325,48,0,42,4,11
1403637158.487992286682129,44,0,43,0,11
1403637158.537980556488037,44,0,43,0,11
1403637158.587985038757324,45,0,41,3,11
1403637158.637910366058350,46,6,43,3,11
1403637158.687904596328735,46,1,46,0,11
1403637158.737901449203491,45,2,41,1,11
1403637158.787899494171143,48,2,40,4,11
1403637158.837894439697266,44,5,39,2,11
1403637158.887888669967651,43,0,41,1,11
1403637158.937866926193237,44,0,42,2,11
1403637158.987845420837402,43,0,41,0,11
1403637159.037851572036743,42,1,40,0,11
1403637159.087864875793457,41,0,38,2,11
1403637159.137859582901001,48,0,39,8,11
1403637159.187854528427124,49,2,45,1,11
1403637159.237870216369629,47,5,43,1,11
1403637159.287878751754761,45,0,43,0,11
1403637159.337886810302734,49,1,41,5,11
1403637159.387894630432129,49,0,44,1,11
1403637159.437884569168091,48,8,44,1,11
1403637159.487895488739014,46,0,42,0,11
1403637159.537903308868408,45,1,41,0,11
1403637159.587921142578125,45,7,40,4,11
1403637159.637948513031006,41,3,40,0,11
1403637159.687946081161499,40,0,38,0,11
1403637159.737908124923706,38,1,35,1,11
1403637159.787886381149292,39,1,36,1,11
1403637159.837872266769409,46,2,35,9,11
1403637159.887851953506470,43,2,42,0,11
1403637159.937828779220581,45,0,38,3,11
1403637159.987816333770752,41,1,35,0,11
1403637160.037819862365723,43,0,34,6,11
1403637160.087824583053589,38,3,36,0,11
1403637160.137827873229980,41,2,34,6,11
1403637160.187839746475220,48,0,39,9,11
1403637160.237840175628662,47,2,46,0,11
1403637160.287841558456421,46,2,45,0,11
1403637160.337838411331177,46,2,45,1,11
1403637160.387841939926147,45,3,44,1,11
1403637160.437844991683960,46,1,44,1,11
1403637160.487855672836304,46,6,39,4,11
1403637160.537853479385376,41,1,38,0,11
1403637160.587868452072144,38,2,36,2,11
1403637160.637875080108643,45,1,37,8,11
1403637160.687927722930908,46,2,45,1,11
1403637160.737992048263550,47,4,42,3,11
1403637160.788043737411499,44,2,42,0,11
1403637160.838107585906982,42,0,41,0,11
1403637160.888195276260376,48,0,41,7,11
1403637160.938250541687012,48,1,47,0,11
1403637160.988293409347534,46,1,46,0,11
1403637161.038319587707520,46,2,46,0,11
1403637161.088384866714478,48,1,45,3,11
1403637161.138404607772827,47,1,46,1,11
1403637161.188408136367798,47,0,46,1,11
1403637161.238408327102661,48,1,46,2,11
1403637161.288409709930420,49,6,47,2,11
1403637161.338406324386597,49,5,47,1,11
1403637161.388397693634033,50,0,48,1,11
1403637161.438380956649780,46,2,46,0,11
1403637161.488398551940918,48,4,42,4,11
1403637161.538386106491089,46,2,43,0,11
1403637161.588382959365845,46,7,42,3,11
1403637161.638382673263550,42,0,41,0,11
1403637161.688379526138306,41,2,38,1,11
1403637161.738376855850220,42,3,35,4,11
1403637161.788388490676880,38,1,37,0,11
1403637161.838378429412842,43,3,34,8,11
1403637161.888369321823120,41,3,38,2,11
1403637161.938342332839966,47,1,38,7,11
1403637161.988331079483032,46,2,42,1,11
1403637162.038330793380737,44,1,40,0,11
1403637162.088360548019409,43,0,37,2,11
1403637162.138401985168457,44,0,36,6,11
1403637162.188457012176514,49,0,40,6,11
1403637162.238488912582397,49,1,46,1,11
1403637162.288512468338013,48,2,46,1,11
1403637162.338524341583252,49,0,47,1,11
1403637162.388539314270020,49,3,48,1,11
1403637162.438551902770996,48,3,48,0,11
1403637162.488567829132080,50,3,48,2,11
1403637162.538570404052734,49,1,46,0,11
1403637162.588563919067383,48,2,43,1,11
1403637162.638570785522461,46,5,42,2,11
1403637162.688556909561157,48,2,41,4,11
1403637162.738533496856689,50,5,44,2,11
1403637162.788517236709595,45,2,43,0,11
1403637162.838508605957031,44,1,42,1,11
1403637162.888509750366211,41,2,37,3,11
1403637162.938511848449707,40,2,38,0,11
1403637162.988536596298218,42,0,37,3,11
1403637163.038537263870239,45,0,38,4,11
1403637163.088531732559204,46,2,39,5,11
1403637163.138534069061279,46,2,42,2,11
1403637163.188543558120728,45,1,38,3,11
1403637163.238542079925537,46,6,39,5,11
1403637163.288528919219971,49,4,41,4,11
1403637163.338526487350464,47,1,42,0,11
1403637163.388520240783691,45,7,41,3,11
1403637163.438514709472656,45,3,41,2,11
1403637163.488513469696045,47,1,41,2,11
1403637163.538521766662598,47,3,40,5,11
1403637163.588523149490356,46,3,43,0,11
1403637163.638533592224121,46,2,40,4,11
1403637163.688536643981934,46,1,41,2,11
1403637163.738554954528809,47,0,37,4,11
1403637163.788564205169678,45,1,39,1,11
1403637163.838588953018188,42,2,36,2,11
1403637163.888602733612061,48,0,36,7,11
1403637163.938614606857300,45,0,41,1,11
1403637163.988647699356079,46,11,39,4,11
1403637164.038648843765259,45,1,43,0,11
1403637164.088654041290283,42,1,42,0,11
1403637164.138645410537720,48,4,39,8,11
1403637164.188635826110840,46,2,45,0,11
1403637164.238629579544067,48,3,44,3,11
1403637164.288621902465820,46,2,45,1,11
1403637164.338616132736206,45,3,43,0,11
1403637164.388604164123535,45,5,43,0,11
1403637164.438596248626709,45,2,43,2,11
1403637164.488592863082886,45,7,42,3,11
1403637164.538594484329224,47,0,45,2,11
1403637164.588602066040039,47,8,45,1,11
1403637164.638599395751953,49,13,44,3,11
1403637164.688601970672607,48,2,46,1,11
1403637164.738601684570312,45,0,44,1,11
1403637164.788600683212280,43,1,43,0,11
1403637164.838595628738403,38,5,36,0,11
1403637164.888589859008789,33,2,30,0,11
1403637164.938593149185181,34,2,25,7,11
1403637164.988590002059937,33,2,31,0,11
1403637165.038587093353271,29,0,29,0,11
1403637165.088584423065186,38,2,24,13,11
1403637165.138578414916992,37,2,34,0,11
1403637165.188573598861694,41,6,32,6,11
1403637165.238568544387817,44,4,33,9,11
1403637165.288563251495361,42,0,39,0,11
1403637165.338550090789795,43,6,36,5,11
1403637165.388545274734497,36,5,33,0,11
1403637165.438551902770996,36,1,28,4,11
1403637165.488543748855591,33,5,29,2,11
1403637165.538536071777344,31,3,28,2,11
1403637165.588532447814941,31,3,24,4,11
1403637165.638526439666748,27,2,20,1,11
1403637165.688520908355713,25,3,18,1,11
1403637165.738513708114624,20,1,18,1,11
1403637165.788509607315063,20,1,18,2,11
1403637165.838511228561401,24,0,20,4,11
1403637165.888512372970581,24,2,23,0,11
1403637165.938514232635498,26,4,20,5,11
1403637165.988514900207520,25,7,24,1,11
1403637166.038512945175171,33,2,24,9,11
1403637166.088513851165771,41,2,31,9,11
1403637166.138513803482056,43,2,39,4,11
1403637166.188508987426758,42,3,39,2,11
1403637166.238513231277466,40,0,35,1,11
1403637166.288510560989380,46,1,33,9,11
1403637166.338508367538452,43,3,39,3,11
1403637166.388493061065674,46,11,40,5,11
1403637166.438490390777588,47,2,43,1,11
1403637166.488479614257812,46,2,44,0,11
1403637166.538467645645142,44,2,44,0,11
1403637166.588424682617188,49,1,43,5,11
1403637166.638357162475586,47,1,43,0,11
1403637166.688306570053101,43,2,35,0,11
1403637166.738276720046997,44,1,33,5,11
1403637166.788274288177490,39,0,38,0,11
1403637166.838288307189941,38,0,38,0,11
1403637166.888303995132446,41,1,38,3,11
1403637166.938323736190796,41,0,38,1,11
1403637166.988348007202148,47,9,39,6,11
1403637167.038355350494385,48,4,45,3,11
1403637167.088361501693726,49,1,47,1,11
1403637167.138363361358643,50,1,48,1,11
1403637167.188367605209351,50,1,49,1,11
1403637167.238368511199951,50,6,50,0,11
1403637167.288368225097656,50,2,50,0,11
1403637167.338368654251099,50,2,50,0,11
1403637167.388374567031860,50,10,48,0,11
1403637167.438379764556885,50,1,48,0,11
1403637167.488379955291748,47,2,46,0,11
1403637167.538382768630981,47,0,45,0,11
1403637167.588380575180054,46,11,42,1,11
1403637167.638368368148804,48,3,42,3,11
1403637167.688363075256348,46,3,44,0,11
1403637167.738361120223999,45,1,42,1,11
1403637167.788354158401489,48,6,40,5,11
1403637167.838350296020508,47,4,43,1,11
1403637167.888348102569580,45,2,42,1,11
1403637167.938344955444336,43,2,42,1,11
1403637167.988328695297241,47,4,39,6,11
1403637168.038321018218994,48,2,43,1,11
1403637168.088320255279541,47,3,43,1,11
1403637168.138318538665771,43,0,40,0,11
1403637168.188315868377686,47,11,39,6,11
1403637168.238305330276489,48,2,43,3,11
1403637168.288302659988403,46,3,39,1,11
1403637168.338297605514526,45,5,38,0,11
1403637168.388294696807861,44,17,35,6,11
1403637168.438295364379883,45,3,39,3,11
1403637168.488299608230591,44,3,39,2,11
1403637168.538307189941406,43,2,35,1,11
1403637168.588314533233643,47,8,32,8,11
1403637168.638317823410034,42,1,35,1,11
1403637168.688318014144897,41,0,36,1,11
1403637168.738318681716919,37,1,36,1,11
1403637168.788318634033203,40,0,35,4,11
1403637168.838320255279541,39,2,34,0,11
1403637168.888319492340088,39,0,34,1,11
1403637168.938321113586426,44,0,32,10,11
1403637168.988319873809814,49,7,41,6,11
1403637169.038317203521729,49,3,47,2,11
1403637169.088315725326538,48,5,46,1,11
1403637169.138316392898560,47,3,43,0,11
1403637169.188317537307739,48,4,41,3,11
1403637169.238319635391235,45,8,39,2,11
1403637169.288314104080200,47,11,38,3,11
1403637169.338310003280640,43,1,36,1,11
1403637169.388308525085449,41,3,36,2,11
1403637169.438305616378784,36,1,36,0,11
1403637169.488306522369385,35,1,34,0,11
1403637169.538308382034302,34,1,31,1,11
1403637169.588316202163696,44,3,26,14,11
1403637169.638319730758667,40,2,35,0,11
1403637169.688334703445435,37,5,31,4,11
1403637169.738346338272095,33,3,30,0,11
1403637169.788352727890015,29,3,25,2,11
1403637169.838361740112305,28,1,23,2,11
1403637169.888368844985962,33,2,19,10,11
1403637169.938369035720825,28,5,26,1,11
1403637169.988368272781372,27,4,26,1,11
1403637170.038369417190552,36,2,26,9,11
1403637170.088368415832520,35,0,32,0,11
1403637170.138368129730225,30,5,28,0,11
1403637170.188364744186401,35,1,27,7,11
1403637170.238363504409790,35,1,31,0,11
1403637170.288362503051758,45,3,30,12,11
1403637170.338365316390991,38,5,36,0,11
1403637170.388365745544434,36,4,35,0,11
1403637170.438369512557983,39,3,34,4,11
1403637170.488372087478638,38,1,33,2,11
1403637170.538371324539185,34,3,32,0,11
1403637170.588372230529785,30,4,27,0,11
1403637170.638368844985962,30,1,22,4,11
1403637170.688362836837769,38,2,23,13,11
1403637170.738360643386841,35,0,32,0,11
1403637170.788357496261597,27,4,25,0,11
1403637170.838352918624878,21,3,21,0,11
1403637170.888341426849365,30,0,20,9,11
1403637170.938341856002808,29,3,27,0,11
1403637170.988335132598877,32,3,28,4,11
1403637171.038334846496582,32,3,31,0,11
1403637171.088330030441284,44,2,29,12,11
1403637171.138330936431885,40,2,38,0,11
1403637171.188332557678223,48,3,35,10,11
1403637171.238338708877563,46,0,44,0,11
1403637171.288341999053955,43,2,43,0,11
1403637171.338348150253296,49,6,41,7,11
1403637171.388354539871216,46,15,45,1,11
1403637171.438352823257446,46,0,46,0,11
1403637171.488353729248047,45,1,44,0,11
1403637171.538356781005859,47,2,44,2,11
1403637171.588353633880615,45,1,43,1,11
1403637171.638353586196899,48,2,45,3,11
1403637171.688353538513184,46,0,46,0,11
1403637171.738352298736572,46,1,46,0,11
1403637171.788349390029907,49,4,45,4,11
1403637171.838351726531982,47,1,46,0,11
1403637171.888353109359741,50,1,46,3,11
1403637171.938355207443237,47,2,47,0,11
1403637171.988361358642578,48,19,44,3,11
1403637172.038360595703125,47,2,44,0,11
1403637172.088361263275146,47,2,44,1,11
1403637172.138356447219849,46,3,42,1,11
1403637172.188330650329590,49,3,42,4,11
1403637172.238296985626221,47,10,44,2,11
1403637172.288290023803711,46,3,44,0,11
1403637172.338293313980103,45,1,45,0,11
1403637172.388296365737915,45,3,43,2,11
1403637172.438299179077148,44,0,44,0,11
1403637172.488309621810913,43,2,42,0,11
1403637172.538326025009155,48,2,41,7,11
1403637172.588340282440186,50,15,48,2,11
1403637172.638344526290894,49,4,48,0,11
1403637172.688346862792969,49,3,48,0,11
1403637172.738348007202148,48,4,47,1,11
1403637172.788339614868164,47,0,46,1,11
1403637172.838324546813965,49,2,46,3,11
1403637172.888297080993652,48,9,47,1,11
1403637172.938290834426880,43,4,42,0,11
1403637172.988284111022949,48,6,41,6,11
1403637173.038282394409180,47,1,47,0,11
1403637173.088282346725464,47,13,46,1,11
1403637173.138280630111694,48,0,47,1,11
1403637173.188267707824707,48,9,45,2,11
1403637173.238259553909302,47,0,46,0,11
1403637173.288244724273682,46,0,45,0,11
1403637173.338225126266479,47,3,44,2,11
1403637173.388211965560913,46,1,43,0,11
1403637173.438202142715454,46,1,41,1,11
1403637173.488197803497314,46,23,43,3,11
1403637173.538204193115234,46,0,44,0,11
1403637173.588216781616211,47,0,44,2,11
1403637173.638227939605713,43,0,40,0,11
1403637173.688245534896851,48,1,40,5,11
1403637173.738259792327881,44,0,41,0,11
1403637173.788279771804810,49,2,41,6,11
1403637173.838290214538574,45,1,42,0,11
1403637173.888298034667969,41,0,37,0,11
1403637173.938300609588623,39,0,36,1,11
1403637173.988301038742065,36,1,35,1,11
1403637174.038295269012451,35,1,34,0,11
1403637174.088284969329834,47,4,31,12,11
1403637174.138271808624268,44,5,41,1,11
1403637174.188262701034546,43,5,38,1,11
1403637174.238260507583618,44,1,38,2,11
1403637174.288264513015747,40,0,38,1,11
1403637174.338271379470825,41,1,39,1,11
1403637174.388277769088745,40,0,37,2,11
1403637174.438283443450928,40,2,38,1,11
1403637174.488292217254639,43,1,39,4,11
1403637174.538294076919556,42,1,41,0,11
1403637174.588285923004150,40,0,36,2,11
1403637174.638283491134644,40,0,36,0,11
1403637174.688288688659668,39,3,33,5,11
1403637174.738276720046997,47,0,34,10,11
1403637174.788277626037598,44,11,37,2,11
1403637174.838273048400879,41,1,36,0,11
1403637174.888267278671265,43,4,34,8,11
1403637174.938263177871704,39,2,39,0,11
1403637174.988260507583618,39,2,39,0,11
1403637175.038262367248535,38,3,38,0,11
1403637175.088263988494873,38,2,35,1,11
1403637175.138268947601318,38,3,35,2,11
1403637175.188274383544922,36,2,35,0,11
1403637175.238281488418579,43,3,35,8,11
1403637175.288291454315186,47,9,42,5,11
1403637175.338291406631470,47,1,45,1,11
1403637175.388286828994751,48,12,43,3,11
1403637175.438280344009399,44,3,44,0,11
1403637175.488270998001099,45,0,43,2,11
1403637175.538263320922852,49,4,44,4,11
1403637175.588258743286133,49,3,47,0,11
1403637175.638253211975098,48,2,46,1,11
1403637175.688251972198486,47,1,46,0,11
1403637175.738252401351929,50,4,44,3,11
1403637175.788253784179688,48,5,45,1,11
1403637175.838254690170288,47,7,44,2,11
1403637175.888253450393677,46,16,44,1,11
1403637175.938251018524170,45,1,43,0,11
1403637175.988252639770508,48,2,41,4,11
1403637176.038255453109741,47,8,44,2,11
1403637176.088255643844604,44,2,43,0,11
1403637176.138256788253784,44,0,42,0,11
1403637176.188257455825806,42,5,41,0,11
1403637176.238257646560669,43,3,41,2,11
1403637176.288258552551270,49,4,42,7,11
1403637176.338259458541870,48,1,44,1,11
1403637176.388264894485474,46,1,44,0,11
1403637176.438270807266235,45,0,41,3,11
1403637176.488276720046997,49,15,42,5,11
1403637176.538278341293335,49,1,47,1,11
1403637176.588280439376831,48,2,46,1,11
1403637176.638280391693115,47,3,44,1,11
1403637176.688281536102295,42,3,41,0,11
1403637176.738286733627319,47,16,38,8,11
1403637176.788286447525024,48,1,44,1,11
1403637176.838286161422729,46,0,44,0,11
1403637176.888286352157593,45,1,43,2,11
1403637176.938286781311035,45,3,44,0,11
1403637176.988287925720215,44,0,43,0,11
1403637177.038288593292236,41,0,39,1,11
1403637177.088288068771362,49,5,40,9,11
1403637177.138288736343384,48,1,46,0,11
1403637177.188290119171143,50,16,46,2,11
1403637177.238290309906006,48,3,48,0,11
1403637177.288290739059448,48,0,47,1,11
1403637177.338292360305786,49,9,45,2,11
1403637177.388293981552124,48,1,43,0,11
1403637177.438295125961304,47,0,43,1,11
1403637177.488296985626221,46,0,44,2,11
1403637177.538299322128296,46,1,45,0,11
1403637177.588299036026001,46,4,45,0,11
1403637177.638302564620972,49,22,43,4,11
1403637177.688303709030151,49,0,45,1,11
1403637177.738306283950806,47,0,46,0,11
1403637177.788308382034302,49,14,45,3,11
1403637177.838308811187744,49,3,48,1,11
1403637177.888307094573975,49,0,47,0,11
1403637177.938302516937256,43,7,40,1,11
1403637177.988299846649170,42,1,41,0,11
1403637178.038293838500977,41,2,38,2,11
1403637178.088289022445679,41,6,36,2,11
1403637178.138285636901855,38,1,34,0,11
1403637178.188283920288086,34,1,30,0,11
1403637178.238280296325684,42,6,27,13,11
1403637178.288283109664917,39,0,36,0,11
1403637178.338285684585571,37,0,31,0,11
1403637178.388290643692017,43,1,27,11,11
1403637178.438290357589722,40,0,34,1,11
1403637178.488307237625122,46,7,34,8,11
1403637178.538306236267090,45,5,41,3,11
1403637178.588308334350586,44,1,41,0,11
1403637178.638317584991455,42,1,41,0,11
1403637178.688328742980957,39,2,38,0,11
1403637178.738334655761719,37,0,36,0,11
1403637178.788339376449585,35,2,34,1,11
1403637178.838345289230347,38,4,33,4,11
1403637178.888346910476685,39,1,36,1,11
1403637178.938349008560181,38,2,36,1,11
1403637178.988351583480835,37,1,35,0,11
1403637179.038353443145752,42,1,33,7,11
1403637179.088352918624878,49,3,38,9,11
1403637179.138354063034058,49,3,46,1,11
1403637179.188359260559082,48,1,46,0,11
1403637179.238357782363892,48,4,46,1,11
1403637179.288357019424438,48,0,46,1,11
1403637179.338355541229248,50,2,47,2,11
1403637179.388352632522583,49,1,49,0,11
1403637179.438349962234497,50,2,49,1,11
1403637179.488347053527832,50,3,49,0,11
1403637179.538343429565430,50,7,48,0,11
1403637179.588341951370239,49,1,47,0,11
1403637179.638341903686523,49,0,45,2,11
1403637179.688340663909912,50,1,45,1,11
1403637179.738338470458984,48,3,43,0,11
1403637179.788336515426636,46,2,40,2,11
1403637179.838333606719971,43,0,41,0,11
1403637179.888331174850464,48,2,40,6,11
1403637179.938331842422485,46,0,43,1,11
1403637179.988327980041504,46,1,42,1,11
1403637180.038324356079102,47,6,42,3,11
1403637180.088321685791016,45,1,44,1,11
1403637180.138322830200195,47,0,42,4,11
1403637180.188320636749268,45,6,40,0,11
1403637180.238322973251343,47,1,39,3,11
1403637180.288330316543579,39,2,36,0,11
1403637180.338335275650024,36,0,31,2,11
1403637180.388335704803467,32,1,30,1,11
1403637180.438333034515381,31,3,28,2,11
1403637180.488332271575928,33,1,28,5,11
1403637180.538334131240845,29,3,27,0,11
1403637180.588336229324341,31,1,27,3,11
1403637180.638331174850464,36,0,28,6,11
1403637180.688326597213745,35,3,32,0,11
1403637180.738321542739868,39,2,32,5,11
1403637180.788312911987305,47,1,33,11,11
1403637180.838315963745117,47,0,44,0,11
1403637180.888322591781616,44,1,42,1,11
1403637180.938323259353638,50,6,41,6,11
1403637180.988329648971558,46,1,41,0,11
1403637181.038340091705322,49,6,41,5,11
1403637181.088346004486084,47,2,41,2,11
1403637181.138345479965210,46,2,39,0,11
1403637181.188346385955811,39,1,33,1,11
1403637181.238347768783569,44,3,33,7,11
1403637181.288345813751221,41,2,37,1,11
1403637181.338345527648926,38,0,34,0,11
1403637181.388342618942261,37,1,32,1,11
1403637181.438344001770020,35,4,33,1,11
1403637181.488345623016357,32,6,28,1,11
1403637181.538346290588379,39,1,27,9,11
1403637181.588346719741821,38,0,35,1,11
1403637181.638347625732422,42,0,36,5,11
1403637181.688348293304443,45,2,39,4,11
1403637181.738349199295044,42,3,38,0,11
1403637181.788345575332642,47,4,37,8,11
1403637181.838347434997559,47,4,42,3,11
1403637181.888348340988159,46,6,40,1,11
1403637181.938348770141602,47,3,40,3,11
1403637181.988348007202148,45,2,40,1,11
1403637182.038343429565430,47,3,41,3,11
1403637182.088341236114502,47,7,40,4,11
1403637182.138341665267944,50,2,42,3,11
1403637182.188340425491333,47,5,42,0,11
1403637182.238339900970459,46,0,42,1,11
1403637182.288339614868164,44,2,40,1,11
1403637182.338339567184448,48,1,38,6,11
1403637182.388342618942261,47,18,40,3,11
1403637182.438344240188599,43,1,39,0,11
1403637182.488344669342041,41,2,38,0,11
1403637182.538343667984009,40,3,36,2,11
1403637182.588342428207397,39,0,37,1,11
1403637182.638335704803467,38,2,36,1,11
1403637182.688331365585327,38,0,37,0,11
1403637182.738324165344238,47,7,37,10,11
1403637182.788323640823364,47,3,45,2,11
1403637182.838323593139648,46,1,46,0,11
1403637182.888323068618774,48,0,46,2,11
1403637182.938323020935059,45,2,45,0,11
1403637182.988322257995605,49,6,43,5,11
1403637183.038322925567627,50,15,47,1,11
1403637183.088322639465332,47,1,45,0,11
1403637183.138323068618774,47,0,45,1,11
1403637183.188323736190796,48,0,45,2,11
1403637183.238323450088501,48,0,46,0,11
1403637183.288324594497681,47,0,45,1,11
1403637183.338324546813965,47,9,44,1,11
1403637183.388324260711670,48,0,41,2,11
1403637183.438325405120850,47,12,42,1,11
1403637183.488323926925659,44,0,43,0,11
1403637183.538322687149048,43,1,43,0,11
1403637183.588322877883911,48,0,42,6,11
1403637183.638318061828613,49,8,46,2,11
1403637183.688320398330688,50,1,47,1,11
1403637183.738321781158447,49,3,48,0,11
1403637183.788322925567627,48,0,48,0,11
1403637183.838322877883911,48,0,47,0,11
1403637183.888322591781616,49,0,46,1,11
1403637183.938324928283691,49,6,46,1,11
1403637183.988324403762817,49,1,44,0,11
1403637184.038326978683472,47,14,44,1,11
1403637184.088328599929810,47,0,44,2,11
1403637184.138331413269043,48,0,45,1,11
1403637184.188336849212646,47,0,46,0,11
1403637184.238338470458984,48,4,44,3,11
1403637184.288339614868164,49,0,47,1,11
1403637184.338345289230347,48,31,46,1,11
1403637184.388348102569580,48,0,45,0,11
1403637184.438351154327393,46,0,38,0,11
1403637184.488357782363892,44,1,36,0,11
1403637184.538362741470337,43,1,30,6,11
1403637184.588367938995361,40,0,28,0,11
1403637184.638383150100708,43,4,26,8,11
1403637184.688391447067261,35,0,31,2,11
1403637184.738388538360596,33,1,31,0,11
1403637184.788389444351196,32,2,28,1,11
1403637184.838387250900269,32,2,27,1,11
1403637184.888381004333496,30,3,26,0,11
1403637184.938371419906616,40,0,26,12,11
1403637184.988369703292847,39,0,38,0,11
1403637185.038364410400391,38,0,36,1,11
1403637185.088360309600830,38,1,37,1,11
1403637185.138349771499634,41,0,37,4,11
1403637185.188344001770020,43,0,39,3,11
1403637185.238341569900513,48,1,42,5,11
1403637185.288339853286743,48,23,47,1,11
1403637185.338340520858765,49,0,47,2,11
1403637185.388342380523682,49,0,49,0,11
1403637185.438341856002808,50,0,48,1,11
1403637185.488340139389038,50,4,49,0,11
1403637185.538335800170898,49,3,48,0,11
1403637185.588332891464233,50,1,47,1,11
1403637185.638327598571777,49,0,46,0,11
1403637185.688326120376587,48,0,45,1,11
1403637185.738323926925659,47,1,43,0,11
1403637185.788323640823364,46,0,42,0,11
1403637185.838322877883911,46,0,42,3,11
1403637185.888312578201294,49,23,45,4,11
1403637185.938311338424683,48,0,47,0,11
1403637185.988311529159546,48,0,45,0,11
1403637186.038311719894409,48,0,44,1,11
1403637186.088310718536377,50,0,45,4,11
1403637186.138306617736816,49,5,49,0,11
1403637186.188287496566772,50,13,48,1,11
1403637186.238287925720215,50,1,49,0,11
1403637186.288287162780762,50,3,49,0,11
1403637186.338287591934204,49,1,47,0,11
1403637186.388288497924805,49,2,46,1,11
1403637186.438289165496826,47,2,45,1,11
1403637186.488291740417480,48,18,46,2,11
1403637186.538291692733765,48,3,48,0,11
1403637186.588291645050049,48,1,48,0,11
1403637186.638289928436279,49,0,48,1,11
1403637186.688289403915405,49,2,49,0,11
1403637186.738285541534424,50,5,49,1,11
1403637186.788283824920654,50,23,50,0,11
1403637186.838284492492676,50,1,50,0,11
1403637186.888285875320435,50,3,49,0,11
1403637186.938288688659668,50,2,49,0,11
1403637186.988292217254639,49,1,49,0,11
1403637187.038295269012451,50,2,49,1,11
1403637187.088299512863159,49,20,49,0,11
1403637187.138299465179443,49,0,49,0,11
1403637187.188298463821411,49,0,49,0,11
1403637187.238297700881958,49,0,49,0,11
1403637187.288296937942505,48,0,48,0,11
1403637187.338296413421631,50,5,48,2,11
1403637187.388294458389282,50,16,49,0,11
1403637187.438294887542725,48,1,47,0,11
1403637187.488294839859009,49,0,45,2,11
1403637187.538295745849609,50,0,47,1,11
1403637187.588297367095947,47,3,47,0,11
1403637187.638298511505127,49,0,47,2,11
1403637187.688298463821411,50,17,49,1,11
1403637187.738299608230591,50,0,50,0,11
1403637187.788299560546875,49,0,49,0,11
1403637187.838299274444580,49,0,48,0,11
1403637187.888298749923706,49,0,48,0,11
1403637187.938298225402832,49,5,48,1,11
1403637187.988298416137695,50,16,49,1,11
1403637188.038298606872559,49,2,49,0,11
1403637188.088297843933105,49,1,48,1,11
1403637188.138297319412231,50,3,49,1,11
1403637188.188297271728516,49,8,49,0,11
1403637188.238297224044800,49,1,49,0,11
1403637188.288296699523926,49,17,48,1,11
1403637188.338296651840210,47,0,47,0,11
1403637188.388296604156494,49,3,47,2,11
1403637188.438296079635620,48,1,48,0,11
1403637188.488295316696167,50,25,48,2,11
1403637188.538295507431030,50,3,49,0,11
1403637188.588293075561523,49,6,46,0,11
1403637188.638293743133545,48,0,44,1,11
1403637188.688293218612671,45,0,44,0,11
1403637188.738293170928955,42,0,41,0,11
1403637188.788293600082397,42,1,40,2,11
1403637188.838293790817261,41,0,41,0,11
1403637188.888291835784912,48,3,40,8,11
1403637188.938289165496826,47,2,46,0,11
1403637188.988284826278687,48,2,46,1,11
1403637189.038280248641968,47,0,47,0,11
1403637189.088277101516724,48,21,46,2,11
1403637189.138276100158691,48,1,47,1,11
1403637189.188277482986450,48,17,46,1,11
1403637189.238278150558472,47,0,46,0,11
1403637189.288280248641968,45,1,44,1,11
1403637189.338282346725464,43,0,43,0,11
1403637189.388282537460327,41,2,39,0,11
1403637189.438282728195190,41,0,39,0,11
1403637189.488281965255737,41,0,38,3,11
1403637189.538282632827759,39,0,39,0,11
1403637189.588285446166992,37,0,36,1,11
1403637189.638288736343384,37,2,36,0,11
1403637189.688293695449829,46,17,35,10,11
1403637189.738298416137695,43,0,43,0,11
1403637189.788305997848511,49,7,43,6,11
1403637189.838306427001953,48,1,48,0,11
1403637189.888304948806763,46,0,46,0,11
1403637189.938301801681519,46,1,46,0,11
1403637189.988298892974854,44,4,43,0,11
1403637190.038298130035400,44,1,42,0,11
1403637190.088298559188843,42,1,39,1,11
1403637190.138298511505127,40,1,40,0,11
1403637190.188298940658569,40,1,40,0,11
1403637190.238297224044800,46,4,37,8,11
1403637190.288295269012451,49,12,45,3,11
1403637190.338296175003052,45,1,44,0,11
1403637190.388299703598022,49,3,43,4,11
1403637190.438299417495728,47,3,46,0,11
1403637190.488297700881958,46,3,45,1,11
1403637190.538295984268188,45,0,45,0,11
1403637190.588293313980103,45,0,45,0,11
1403637190.638289451599121,44,0,42,0,11
1403637190.688287258148193,45,4,40,2,11
1403637190.738286972045898,46,0,42,3,11
1403637190.788286447525024,47,2,45,2,11
1403637190.838288307189941,47,1,45,0,11
1403637190.888289213180542,49,9,43,2,11
1403637190.938290357589722,48,2,45,1,11
1403637190.988289833068848,47,0,46,1,11
1403637191.038289785385132,47,0,47,0,11
1403637191.088289022445679,48,1,46,1,11
1403637191.138288497924805,50,8,47,2,11
1403637191.188287734985352,49,0,49,0,11
1403637191.238286733627319,49,1,47,0,11
1403637191.288286685943604,49,2,46,0,11
1403637191.338286161422729,47,2,45,1,11
1403637191.388285875320435,47,0,46,1,11
1403637191.438285112380981,48,6,47,1,11
1403637191.488285064697266,49,7,48,1,11
1403637191.538284540176392,50,3,49,1,11
1403637191.588284015655518,50,2,49,0,11
1403637191.638283729553223,50,1,49,0,11
1403637191.688282966613770,49,0,49,0,11
1403637191.738283634185791,50,8,48,1,11
1403637191.788283109664917,48,3,46,0,11
1403637191.838281393051147,47,1,45,0,11
1403637191.888279914855957,44,1,43,0,11
1403637191.938277959823608,44,0,42,2,11
1403637191.988276481628418,43,0,41,1,11
1403637192.038276910781860,45,2,41,3,11
1403637192.088276624679565,49,5,44,5,11
1403637192.138275861740112,49,0,48,1,11
1403637192.188274145126343,48,0,47,1,11
1403637192.238272905349731,48,0,47,1,11
1403637192.288272380828857,48,0,45,1,11
1403637192.338274478912354,50,14,46,2,11
1403637192.388274669647217,48,3,47,0,11
1403637192.438275814056396,49,0,47,1,11
1403637192.488275766372681,48,1,48,0,11
1403637192.538275003433228,50,1,48,2,11
1403637192.588274002075195,49,0,49,0,11
1403637192.638274431228638,49,2,49,0,11
1403637192.688274621963501,49,9,48,0,11
1403637192.738273859024048,49,0,49,0,11
1403637192.788271903991699,49,10,49,0,11
1403637192.838272094726562,49,0,47,0,11
1403637192.888272285461426,48,0,47,0,11
1403637192.938273191452026,49,11,47,2,11
1403637192.988271236419678,50,3,47,1,11
1403637193.038271188735962,50,0,48,0,11
1403637193.088270664215088,47,1,47,0,11
1403637193.138271331787109,48,2,47,1,11
1403637193.188271284103394,47,3,45,0,11
1403637193.238273382186890,48,1,43,2,11
1403637193.288274049758911,47,9,43,1,11
1403637193.338272333145142,45,4,42,0,11
1403637193.388271570205688,43,2,42,0,11
1403637193.438271760940552,42,0,42,0,11
1403637193.488271951675415,41,2,40,0,11
1403637193.538271188735962,49,5,40,8,11
1403637193.588268756866455,50,1,47,2,11
1403637193.638269186019897,50,1,49,0,11
1403637193.688269853591919,47,2,47,0,11
1403637193.738269805908203,47,1,46,0,11
1403637193.788267850875854,49,2,46,2,11
1403637193.838266849517822,47,0,45,0,11
1403637193.888264894485474,48,6,42,2,11
1403637193.938266754150391,46,0,43,1,11
1403637193.988269567489624,42,0,40,1,11
1403637194.038273334503174,43,0,42,1,11
1403637194.088274002075195,42,0,42,0,11
1403637194.138272047042847,44,8,40,2,11
1403637194.188271045684814,44,0,40,1,11
1403637194.238270759582520,42,0,41,0,11
1403637194.288271188735962,43,0,41,2,11
1403637194.338270664215088,42,1,41,0,11
1403637194.388270378112793,40,0,39,0,11
1403637194.438270807266235,39,0,39,0,11
1403637194.488271951675415,40,0,37,2,11
1403637194.538274526596069,45,5,37,6,11
1403637194.588274717330933,44,0,43,1,11
1403637194.638274192810059,42,0,42,0,11
1403637194.688274145126343,39,0,37,0,11
1403637194.738274574279785,40,0,37,3,11
1403637194.788275003433228,40,0,38,0,11
1403637194.838274955749512,38,0,35,1,11
1403637194.888274908065796,38,1,35,2,11
1403637194.938274383544922,37,1,37,0,11
1403637194.988273620605469,36,1,35,0,11
1403637195.038272380828857,36,1,33,1,11
1403637195.088271141052246,37,1,31,3,11
1403637195.138268947601318,42,6,30,9,11
1403637195.188268423080444,42,0,38,1,11
1403637195.238268375396729,40,0,38,0,11
1403637195.288268566131592,39,0,38,1,11
1403637195.338269710540771,44,3,37,5,11
1403637195.388271093368530,44,1,41,0,11
1403637195.438272714614868,41,0,40,0,11
1403637195.488273143768311,39,1,38,0,11
1403637195.538275480270386,44,1,35,6,11
1403637195.588276863098145,43,0,40,1,11
1403637195.638276815414429,41,0,40,0,11
1403637195.688275575637817,41,0,37,1,11
1403637195.738275766372681,46,5,38,6,11
1403637195.788275241851807,43,0,42,0,11
1403637195.838274002075195,42,1,41,0,11
1403637195.888274669647217,42,0,39,2,11
1403637195.938273906707764,46,2,41,4,11
1403637195.988273143768311,47,0,42,4,11
1403637196.038273334503174,46,0,44,1,11
1403637196.088273048400879,48,6,45,3,11
1403637196.138272285461426,48,1,47,0,11
1403637196.188271760940552,46,1,42,0,11
1403637196.238271713256836,46,1,42,1,11
1403637196.288271665573120,43,3,42,0,11
1403637196.338271856307983,47,2,41,4,11
1403637196.388271570205688,47,5,42,2,11
1403637196.438271522521973,46,1,43,0,11
1403637196.488271236419678,44,0,42,1,11
1403637196.538271665573120,46,0,40,3,11
1403637196.588273048400879,48,2,43,3,11
1403637196.638273715972900,46,2,46,0,11
1403637196.688274383544922,49,7,44,3,11
1403637196.738274574279785,49,2,45,0,11
1403637196.788274765014648,45,5,41,1,11
1403637196.838274240493774,44,3,41,1,11
1403637196.888275384902954,45,1,41,2,11
1403637196.938275814056396,47,3,42,4,11
1403637196.988276004791260,45,2,42,1,11
1403637197.038276910781860,48,2,38,4,11
1403637197.088277101516724,42,0,37,1,11
1403637197.138279199600220,42,3,35,5,11
1403637197.188279390335083,40,3,34,2,11
1403637197.238280057907104,37,4,27,0,11
1403637197.288280010223389,31,3,20,4,11
1403637197.338280200958252,32,3,24,6,11
1403637197.388281822204590,32,6,23,5,11
1403637197.438282251358032,32,3,25,2,11
1403637197.488282680511475,27,5,21,0,11
1403637197.538282155990601,24,4,17,2,11
1403637197.588282108306885,24,3,17,4,11
1403637197.638280868530273,25,3,16,8,11
1403637197.688283681869507,24,4,18,1,11
1403637197.738284587860107,19,5,13,0,11
1403637197.788288354873657,18,9,11,3,11
1403637197.838291645050049,19,2,14,3,11
1403637197.888291597366333,19,3,15,2,11
1403637197.938291072845459,21,3,16,2,11
1403637197.988292217254639,28,1,16,12,11
1403637198.038290500640869,26,7,22,2,11
1403637198.088288784027100,29,4,21,5,11
1403637198.138288497924805,33,2,26,4,11
1403637198.188287496566772,28,2,24,3,11
1403637198.238287925720215,27,1,24,0,11
1403637198.288289070129395,41,2,22,16,11
1403637198.338290214538574,37,3,34,0,11
1403637198.388291120529175,42,0,32,8,11
1403637198.438292026519775,37,4,36,0,11
1403637198.488294124603271,39,4,32,3,11
1403637198.538294792175293,37,1,32,0,11
1403637198.588295459747314,35,2,28,4,11
1403637198.638295650482178,38,4,30,6,11
1403637198.688293933868408,34,3,34,0,11
1403637198.738292932510376,31,4,30,0,11
1403637198.788292169570923,42,1,28,11,11
1403637198.838292598724365,40,3,34,0,11
1403637198.888292074203491,38,2,33,0,11
1403637198.938286781311035,45,10,30,12,11
1403637198.988285064697266,42,4,37,1,11
1403637199.038288593292236,38,2,35,1,11
1403637199.088292360305786,44,0,34,9,11
1403637199.138297319412231,44,0,39,0,11
1403637199.188300848007202,44,3,37,1,11
1403637199.238294839859009,39,1,35,1,11
1403637199.288295269012451,37,4,34,1,11
1403637199.338293552398682,35,1,34,0,11
1403637199.388293504714966,33,3,32,0,11
1403637199.438293933868408,49,6,31,16,11
1403637199.488292217254639,47,3,44,0,11
1403637199.538294315338135,44,0,42,1,11
1403637199.588292837142944,40,3,38,0,11
1403637199.638291597366333,39,1,35,1,11
1403637199.688289642333984,38,1,35,2,11
1403637199.738289356231689,36,4,31,1,11
1403637199.788290262222290,48,11,30,12,11
1403637199.838289499282837,38,7,33,0,11
1403637199.888290643692017,32,3,31,0,11
1403637199.938289403915405,29,6,28,0,11
1403637199.988289833068848,28,6,25,0,11
1403637200.038291215896606,33,9,21,7,11
1403637200.088291168212891,35,2,24,10,11
1403637200.138293027877808,28,0,27,0,11
1403637200.188295602798462,25,1,23,1,11
1403637200.238298416137695,21,4,20,0,11
1403637200.288310766220093,32,1,18,13,11
1403637200.338315010070801,29,2,26,0,11
1403637200.388317346572876,28,1,26,0,11
1403637200.438318014144897,34,0,25,9,11
1403637200.488318920135498,33,2,33,0,11
1403637200.538319110870361,40,1,31,9,11
1403637200.588313102722168,38,2,36,0,11
1403637200.638303279876709,40,2,32,7,11
1403637200.688293695449829,40,2,39,1,11
1403637200.738287210464478,46,0,37,8,11
1403637200.788282155990601,44,1,41,0,11
1403637200.838273525238037,49,1,40,6,11
1403637200.888270616531372,46,4,44,0,11
1403637200.938263416290283,49,15,44,4,11
1403637200.988264560699463,49,1,48,0,11
1403637201.038263797760010,47,0,46,0,11
1403637201.088263988494873,50,10,46,3,11
1403637201.138265848159790,49,21,49,0,11
1403637201.188266038894653,49,0,49,0,11
1403637201.238267660140991,49,3,46,1,11
1403637201.288269519805908,50,0,45,1,11
1403637201.338273286819458,47,0,45,0,11
1403637201.388275861740112,46,0,45,0,11
1403637201.438278913497925,47,1,44,2,11
1403637201.488279819488525,48,1,45,1,11
1403637201.538283348083496,49,11,46,2,11
1403637201.588284015655518,45,0,45,0,11
1403637201.638285398483276,45,0,44,0,11
1403637201.688289165496826,49,5,43,5,11
1403637201.738291263580322,49,17,46,1,11
1403637201.788293361663818,49,0,47,0,11
1403637201.838295459747314,47,2,46,1,11
1403637201.888296842575073,47,0,46,0,11
1403637201.938291549682617,48,21,44,3,11
1403637201.988288879394531,46,0,46,0,11
1403637202.038285970687866,47,0,46,1,11
1403637202.088282585144043,46,0,46,0,11
1403637202.138277053833008,48,8,45,3,11
1403637202.188275098800659,49,0,47,1,11
1403637202.238274097442627,47,0,46,0,11
1403637202.288273811340332,48,1,45,3,11
1403637202.338272094726562,48,2,47,1,11
1403637202.388272285461426,48,0,48,0,11
1403637202.438273906707764,50,0,48,2,11
1403637202.488276720046997,49,0,49,0,11
1403637202.538287878036499,50,19,49,1,11
1403637202.588289260864258,50,1,50,0,11
1403637202.638288974761963,50,1,50,0,11
1403637202.688288450241089,50,0,50,0,11
1403637202.738286972045898,50,8,48,0,11
1403637202.788287162780762,50,0,48,0,11
1403637202.838285923004150,48,0,48,0,11
1403637202.888285398483276,50,0,48,2,11
1403637202.938284158706665,50,3,50,0,11
1403637202.988283157348633,50,0,50,0,11
1403637203.038282632827759,50,0,50,0,11
1403637203.088282346725464,48,0,48,0,11
1403637203.138281583786011,50,18,48,2,11
1403637203.188281059265137,50,2,50,0,11
1403637203.238281726837158,50,0,50,0,11
1403637203.288281917572021,50,0,50,0,11
1403637203.338281869888306,50,9,50,0,11
1403637203.388281822204590,50,0,50,0,11
1403637203.438281297683716,50,2,50,0,11
1403637203.488281488418579,50,17,50,0,11
1403637203.538281917572021,50,3,50,0,11
1403637203.588281631469727,50,0,50,0,11
1403637203.638281583786011,50,0,50,0,11
1403637203.688281297683716,48,0,48,0,11
1403637203.738282203674316,50,14,48,2,11
1403637203.788282871246338,50,1,50,0,11
1403637203.838282823562622,49,0,49,0,11
1403637203.888283014297485,49,0,49,0,11
1403637203.938283205032349,49,7,48,0,11
1403637203.988283395767212,49,0,48,0,11
1403637204.038283824920654,47,1,47,0,11
1403637204.088284254074097,48,13,46,1,11
1403637204.138284444808960,49,1,47,1,11
1403637204.188284397125244,48,0,48,0,11
1403637204.238284349441528,48,0,48,0,11
1403637204.288283824920654,47,0,47,0,11
1403637204.338282585144043,48,10,47,1,11
1403637204.388281345367432,48,0,48,0,11
1403637204.438280820846558,48,0,47,0,11
1403637204.488280296325684,48,0,47,0,11
1403637204.538280248641968,47,4,47,0,11
1403637204.588280200958252,47,0,47,0,11
1403637204.638280153274536,47,0,47,0,11
1403637204.688280105590820,47,8,47,0,11
1403637204.738279819488525,47,0,47,0,11
1403637204.788279771804810,47,0,47,0,11
1403637204.838279247283936,47,0,47,0,11
1403637204.888279199600220,47,0,47,0,11
1403637204.938279151916504,48,7,47,1,11
1403637204.988279104232788,48,0,48,0,11
1403637205.038279294967651,48,0,48,0,11
1403637205.088278770446777,48,0,48,0,11
1403637205.138278484344482,49,4,48,1,11
1403637205.188278198242188,49,0,49,0,11
1403637205.238278150558472,49,0,49,0,11
1403637205.288278102874756,49,3,49,0,11
1403637205.338277578353882,49,0,49,0,11
1403637205.388277530670166,49,0,49,0,11
1403637205.438277721405029,49,0,49,0,11
1403637205.488278627395630,49,0,49,0,11
1403637205.538278818130493,49,6,49,0,11
1403637205.588279008865356,49,0,49,0,11
1403637205.638278722763062,49,0,49,0,11
1403637205.688278436660767,49,0,49,0,11
1403637205.738278388977051,49,0,49,0,11
1403637205.788278341293335,49,0,49,0,11
1403637205.838278293609619,49,0,49,0,11
1403637205.888278007507324,49,0,49,0,11
1403637205.938277959823608,49,0,49,0,11
1403637205.988277673721313,49,0,49,0,11
1403637206.038277864456177,49,0,49,0,11
1403637206.088277578353882,49,0,49,0,11
1403637206.138277530670166,49,2,49,0,11
1403637206.188277721405029,49,0,49,0,11
1403637206.238277912139893,49,0,49,0,11
1403637206.288278341293335,49,0,49,0,11
1403637206.338278532028198,49,0,49,0,11
1403637206.388278245925903,49,0,49,0,11
1403637206.438278198242188,49,0,49,0,11
1403637206.488277912139893,49,0,49,0,11
1403637206.538278102874756,49,0,49,0,11
1403637206.588278532028198,49,0,49,0,11
1403637206.638278961181641,49,0,49,0,11
1403637206.688278675079346,49,0,49,0,11
1403637206.738279104232788,49,2,49,0,11
1403637206.788279056549072,49,0,49,0,11
1403637206.838279247283936,49,0,49,0,11
1403637206.888279438018799,49,0,49,0,11
1403637206.938278913497925,49,0,49,0,11
1403637206.988278627395630,49,0,49,0,11
1403637207.038279056549072,49,0,49,0,11
1403637207.088279008865356,48,0,48,0,11
1403637207.138279438018799,48,0,48,0,11
1403637207.188279151916504,48,0,48,0,11
1403637207.238279581069946,48,0,47,0,11
1403637207.288280248641968,48,0,48,0,11
1403637207.338280439376831,48,1,47,0,11
1403637207.388280391693115,47,0,47,0,11
1403637207.438280344009399,47,0,47,0,11
1403637207.488280534744263,47,0,47,0,11
1403637207.538280963897705,46,0,46,0,11
1403637207.588280677795410,46,0,46,0,11
1403637207.638280630111694,46,0,46,0,11
1403637207.688280820846558,48,2,46,2,11
1403637207.738281488418579,48,0,48,0,11
1403637207.788283586502075,48,0,48,0,11
1403637207.838285684585571,48,0,48,0,11
1403637207.888288974761963,48,0,48,0,11
1403637207.938291072845459,48,1,48,0,11
1403637207.988290548324585,49,0,48,1,11
1403637208.038290977478027,49,0,48,0,11
1403637208.088291406631470,49,0,48,0,11
1403637208.138290882110596,48,0,48,0,11
1403637208.188290834426880,48,0,48,0,11
1403637208.238291025161743,48,0,48,0,11
1403637208.288291454315186,48,1,48,0,11
1403637208.338290929794312,48,0,48,0,11
1403637208.388290882110596,48,0,48,0,11
1403637208.438291549682617,48,0,48,0,11
1403637208.488291501998901,48,0,48,0,11
1403637208.538292884826660,48,4,48,0,11
1403637208.588293552398682,48,0,48,0,11
1403637208.638293504714966,48,0,48,0,11
1403637208.688293695449829,48,0,48,0,11
1403637208.738293647766113,48,2,48,0,11
1403637208.788294553756714,48,0,48,0,11
1403637208.838295459747314,48,0,48,0,11
1403637208.888295412063599,48,1,48,0,11
1403637208.938295841217041,48,0,48,0,11
1403637208.988295793533325,48,0,48,0,11
1403637209.038295745849609,48,0,48,0,11
1403637209.088296651840210,48,0,48,0,11
1403637209.138297557830811,48,5,48,0,11
1403637209.188298940658569,48,0,48,0,11
1403637209.238299131393433,48,0,48,0,11
1403637209.288299322128296,48,0,48,0,11
1403637209.338299512863159,48,1,48,0,11
1403637209.388299465179443,48,0,48,0,11
1403637209.438299417495728,48,0,48,0,11
1403637209.488299131393433,48,1,48,0,11
1403637209.538299322128296,48,0,48,0,11
1403637209.588299274444580,47,0,47,0,11
1403637209.638299226760864,46,0,46,0,11
1403637209.688299179077148,46,0,45,0,11
1403637209.738299369812012,46,0,45,0,11
1403637209.788299798965454,45,0,45,0,11
1403637209.838300228118896,45,0,45,0,11
1403637209.888299942016602,44,0,44,0,11
1403637209.938299655914307,44,0,44,0,11
1403637209.988299608230591,44,0,44,0,11
1403637210.038299798965454,44,0,44,0,11
1403637210.088298320770264,45,3,44,1,11
1403637210.138297080993652,45,0,45,0,11
1403637210.188296794891357,45,0,44,1,11
1403637210.238296508789062,45,0,44,0,11
1403637210.288296461105347,43,0,42,0,11
1403637210.338296175003052,46,2,40,6,11
1403637210.388297557830811,45,0,44,1,11
1403637210.438299179077148,45,0,45,0,11
1403637210.488303184509277,45,0,45,0,11
1403637210.538307666778564,47,6,45,2,11
1403637210.588311910629272,50,32,47,3,11
1403637210.638312339782715,50,1,50,0,11
1403637210.688311815261841,48,7,48,0,11
1403637210.738310337066650,49,0,48,1,11
1403637210.788309335708618,48,2,48,0,11
1403637210.838310003280640,48,4,48,0,11
1403637210.888308763504028,48,3,46,0,11
1403637210.938308477401733,50,2,46,2,11
1403637210.988308668136597,48,1,47,0,11
1403637211.038309097290039,47,4,47,0,11
1403637211.088309049606323,47,2,47,0,11
1403637211.138309240341187,48,5,47,1,11
1403637211.188308000564575,49,13,48,1,11
1403637211.238308191299438,50,1,47,1,11
1403637211.288307905197144,50,6,46,0,11
1403637211.338308095932007,47,2,45,1,11
1403637211.388308286666870,46,1,46,0,11
1403637211.438308954238892,45,3,44,0,11
1403637211.488309621810913,44,1,43,0,11
1403637211.538311243057251,44,1,42,1,11
1403637211.588312625885010,43,1,40,1,11
1403637211.638313770294189,41,3,38,0,11
1403637211.688314914703369,41,3,37,2,11
1403637211.738315343856812,41,2,37,2,11
1403637211.788316011428833,45,2,36,6,11
1403637211.838315725326538,42,1,39,1,11
1403637211.888316392898560,43,4,38,4,11
1403637211.938316822052002,41,4,37,1,11
1403637211.988316535949707,41,1,38,1,11
1403637212.038316488265991,39,0,35,1,11
1403637212.088317632675171,37,1,35,0,11
1403637212.138312816619873,46,6,34,12,11
1403637212.188312768936157,43,7,39,0,11
1403637212.238313198089600,40,2,35,0,11
1403637212.288313388824463,37,2,33,1,11
1403637212.338312625885010,35,3,34,0,11
1403637212.388311624526978,34,2,34,0,11
1403637212.438311100006104,38,1,31,6,11
1403637212.488310813903809,40,4,34,3,11
1403637212.538310527801514,39,0,34,3,11
1403637212.588310241699219,35,2,35,0,11
1403637212.638309478759766,34,0,32,1,11
1403637212.688308715820312,37,2,30,6,11
1403637212.738308906555176,37,1,34,1,11
1403637212.788306951522827,42,4,35,5,11
1403637212.838307142257690,37,3,33,1,11
1403637212.888305902481079,34,1,29,1,11
1403637212.938304901123047,31,2,27,2,11
1403637212.988304376602173,27,3,26,0,11
1403637213.038301467895508,28,2,24,4,11
1403637213.088299751281738,28,0,23,2,11
1403637213.138297796249390,29,0,24,1,11
1403637213.188297033309937,30,2,23,4,11
1403637213.238296985626221,28,0,26,0,11
1403637213.288296461105347,26,8,24,0,11
1403637213.338296890258789,26,4,22,1,11
1403637213.388296604156494,26,1,23,2,11
1403637213.438297033309937,26,5,23,2,11
1403637213.488296747207642,34,1,25,8,11
1403637213.538297891616821,34,0,32,2,11
1403637213.588297128677368,36,3,32,4,11
1403637213.638295888900757,36,3,33,2,11
1403637213.688294887542725,36,5,35,0,11
1403637213.738294124603271,35,1,33,2,11
1403637213.788293361663818,32,2,32,0,11
1403637213.838292121887207,28,0,26,0,11
1403637213.888292312622070,30,2,26,2,11
1403637213.938292264938354,29,1,28,1,11
1403637213.988294124603271,30,1,29,1,11
1403637214.038295269012451,36,5,30,6,11
1403637214.088295698165894,35,0,34,0,11
1403637214.138297319412231,36,2,34,1,11
1403637214.188297271728516,35,2,33,1,11
1403637214.238297224044800,34,0,32,0,11
1403637214.288296937942505,36,2,31,3,11
1403637214.338296890258789,36,1,29,4,11
1403637214.388296604156494,36,0,30,2,11
1403637214.438296794891357,34,4,30,2,11
1403637214.488296747207642,31,4,30,0,11
1403637214.538298368453979,30,0,27,1,11
1403637214.588298320770264,29,0,26,0,11
1403637214.638298749923706,28,2,26,0,11
1403637214.688298463821411,29,2,24,4,11
1403637214.738297462463379,30,1,25,4,11
1403637214.788297891616821,30,0,27,2,11
1403637214.838297843933105,34,0,27,5,11
1403637214.888296604156494,41,3,31,8,11
1403637214.938295364379883,42,1,39,2,11
1403637214.988295078277588,41,0,39,1,11
1403637215.038294553756714,42,0,40,1,11
1403637215.088293552398682,43,1,40,2,11
1403637215.138293266296387,43,0,42,0,11
1403637215.188293218612671,42,0,41,0,11
1403637215.238293647766113,48,8,40,6,11
1403637215.288293838500977,48,7,44,1,11
1403637215.338293552398682,46,1,42,0,11
1403637215.388293504714966,48,3,41,4,11
1403637215.438293218612671,45,0,42,0,11
1403637215.488292694091797,45,1,41,2,11
1403637215.538292646408081,42,1,40,0,11
1403637215.588293075561523,41,5,37,1,11
1403637215.638292074203491,41,0,37,1,11
1403637215.688294887542725,48,10,36,9,11
1403637215.738294601440430,47,0,43,0,11
1403637215.788295030593872,42,0,39,1,11
1403637215.838296413421631,44,3,38,3,11
1403637215.888298034667969,46,1,39,5,11
1403637215.938298702239990,43,1,41,0,11
1403637215.988298892974854,41,1,38,0,11
1403637216.038300752639771,49,7,38,9,11
1403637216.088300466537476,47,0,45,1,11
1403637216.138300895690918,43,0,40,1,11
1403637216.188300609588623,42,0,40,1,11
1403637216.238300800323486,41,1,40,0,11
1403637216.288301706314087,47,0,36,7,11
1403637216.338294744491577,47,16,41,3,11
1403637216.388295412063599,46,0,43,1,11
1403637216.438294410705566,44,1,42,0,11
1403637216.488294124603271,43,1,41,0,11
1403637216.538294076919556,40,1,39,0,11
1403637216.588294267654419,40,0,39,1,11
1403637216.638294219970703,47,0,39,7,11
1403637216.688295125961304,49,0,46,2,11
1403637216.738295793533325,48,13,48,0,11
1403637216.788296222686768,50,1,47,2,11
1403637216.838297128677368,49,2,48,0,11
1403637216.888298273086548,47,0,47,0,11
1403637216.938299655914307,50,15,47,3,11
1403637216.988301038742065,50,1,50,0,11
1403637217.038302659988403,50,0,50,0,11
1403637217.088302373886108,50,1,49,0,11
1403637217.138302326202393,50,1,46,0,11
1403637217.188302278518677,49,1,45,0,11
1403637217.238301753997803,45,0,44,0,11
1403637217.288301944732666,44,0,43,1,11
1403637217.338300704956055,49,32,43,5,11
1403637217.388300418853760,49,0,47,0,11
1403637217.438299894332886,48,0,47,1,11
1403637217.488298654556274,50,0,47,2,11
1403637217.538298368453979,49,10,48,0,11
1403637217.588298082351685,50,0,48,1,11
1403637217.638297557830811,49,0,49,0,11
1403637217.688296556472778,49,0,49,0,11
1403637217.738295078277588,50,0,48,1,11
1403637217.788295984268188,50,1,49,0,11
1403637217.838294029235840,47,2,44,0,11
1403637217.888294219970703,45,0,42,0,11
1403637217.938292026519775,47,24,40,6,11
1403637217.988293886184692,47,0,46,0,11
1403637218.038294553756714,46,2,45,0,11
1403637218.088297128677368,45,0,44,0,11
1403637218.138298034667969,49,5,41,4,11
1403637218.188299417495728,44,0,41,0,11
1403637218.238299846649170,43,0,41,1,11
1403637218.288300037384033,42,0,41,1,11
1403637218.338299751281738,41,1,41,0,11
1403637218.388300657272339,42,1,41,1,11
1403637218.438300371170044,44,3,39,3,11
1403637218.488300323486328,44,3,42,0,11
1403637218.538301467895508,47,17,41,5,11
1403637218.588300943374634,47,0,46,0,11
1403637218.638300895690918,48,0,45,2,11
1403637218.688300609588623,48,1,46,0,11
1403637218.738299846649170,48,5,45,1,11
1403637218.788299560546875,49,28,46,2,11
1403637218.838300466537476,49,1,48,1,11
1403637218.888301134109497,49,0,45,1,11
1403637218.938301086425781,49,0,46,0,11
1403637218.988302230834961,46,1,46,0,11
1403637219.038302659988403,46,1,46,0,11
1403637219.088303565979004,45,2,43,0,11
1403637219.138306856155396,50,9,43,5,11
1403637219.188307762145996,48,0,47,0,11
1403637219.238307714462280,48,0,45,0,11
1403637219.288308858871460,45,0,43,0,11
1403637219.338310003280640,48,1,42,4,11
1403637219.388310670852661,49,12,46,2,11
1403637219.438308477401733,47,1,47,0,11
1403637219.488305568695068,46,0,45,0,11
1403637219.538303613662720,46,2,44,0,11
1403637219.588300228118896,45,1,41,1,11
1403637219.638300895690918,44,3,42,0,11
1403637219.688303232192993,43,0,42,0,11
1403637219.738302469253540,48,1,39,6,11
1403637219.788302659988403,48,0,42,2,11
1403637219.838308811187744,46,1,44,0,11
1403637219.888311386108398,44,1,44,0,11
1403637219.938312053680420,46,0,42,2,11
1403637219.988329887390137,50,21,45,4,11
1403637220.038332223892212,48,1,48,0,11
1403637220.088335514068604,48,0,48,0,11
1403637220.138336181640625,48,0,48,0,11
1403637220.188335657119751,49,1,48,1,11
1403637220.238335609436035,49,2,49,0,11
1403637220.288335323333740,47,0,46,0,11
1403637220.338334798812866,46,1,45,0,11
1403637220.388334512710571,45,2,44,0,11
1403637220.438334465026855,44,0,42,1,11
1403637220.488334417343140,43,0,41,1,11
1403637220.538334608078003,43,0,41,0,11
1403637220.588335514068604,49,20,40,7,11
1403637220.638335704803467,48,2,46,0,11
1403637220.688335657119751,47,1,45,0,11
1403637220.738333225250244,49,34,43,3,11
1403637220.788333654403687,49,4,46,1,11
1403637220.838333845138550,47,1,47,0,11
1403637220.888334274291992,47,0,47,0,11
1403637220.938334703445435,48,0,47,1,11
1403637220.988335371017456,48,1,46,1,11
1403637221.038336992263794,48,0,46,0,11
1403637221.088339090347290,48,1,44,1,11
1403637221.138340711593628,47,2,45,0,11
1403637221.188344478607178,46,17,45,1,11
1403637221.238345384597778,45,2,45,0,11
1403637221.288346290588379,45,1,45,0,11
1403637221.338346958160400,48,18,44,4,11
1403637221.388345956802368,49,2,47,1,11
1403637221.438345670700073,49,2,48,0,11
1403637221.488344907760620,48,0,48,0,11
1403637221.538343667984009,48,0,48,0,11
1403637221.588343143463135,48,0,48,0,11
1403637221.638342380523682,48,2,48,0,11
1403637221.688341379165649,49,0,48,1,11
1403637221.738341093063354,49,0,49,0,11
1403637221.788340568542480,50,15,49,1,11
1403637221.838340520858765,50,0,50,0,11
1403637221.888340473175049,50,0,50,0,11
1403637221.938340902328491,49,12,47,0,11
1403637221.988341808319092,45,0,43,0,11
1403637222.038342475891113,44,0,43,1,11
1403637222.088343381881714,45,0,44,1,11
1403637222.138344049453735,45,0,45,0,11
1403637222.188343524932861,45,0,45,0,11
1403637222.238341569900513,45,1,43,0,11
1403637222.288340330123901,45,0,44,0,11
1403637222.338337898254395,45,5,44,1,11
1403637222.388335704803467,46,11,44,1,11
1403637222.438334226608276,45,1,45,0,11
1403637222.488333702087402,44,2,41,0,11
1403637222.538335084915161,47,12,41,3,11
1403637222.588335752487183,44,0,43,0,11
1403637222.638336896896362,44,1,42,0,11
1403637222.688337326049805,43,0,42,0,11
1403637222.738341093063354,47,18,42,5,11
1403637222.788343191146851,47,0,46,0,11
1403637222.838344335556030,47,0,46,0,11
1403637222.888345718383789,46,0,46,0,11
1403637222.938346862792969,47,0,46,1,11
1403637222.988346815109253,48,2,47,1,11
1403637223.038346290588379,48,0,48,0,11
1403637223.088345766067505,47,1,47,0,11
1403637223.138345241546631,47,1,47,0,11
1403637223.188344240188599,47,0,47,0,11
1403637223.238343954086304,47,0,47,0,11
1403637223.288343906402588,48,0,47,1,11
1403637223.338343143463135,49,10,48,1,11
1403637223.388342142105103,49,0,48,0,11
1403637223.438341379165649,49,0,48,0,11
1403637223.488340854644775,48,0,48,0,11
1403637223.538339853286743,48,0,47,0,11
1403637223.588339328765869,48,2,45,0,11
1403637223.638338565826416,48,3,45,1,11
1403637223.688338756561279,47,0,46,1,11
1403637223.738338947296143,47,4,47,0,11
1403637223.788338661193848,47,0,47,0,11
1403637223.838339090347290,47,0,47,0,11
1403637223.888339281082153,47,0,47,0,11
1403637223.938339710235596,49,7,47,2,11
1403637223.988340139389038,49,0,49,0,11
1403637224.038340806961060,49,0,49,0,11
1403637224.088340282440186,49,0,49,0,11
1403637224.138341426849365,49,0,49,0,11
1403637224.188340902328491,49,0,49,0,11
1403637224.238340854644775,49,0,49,0,11
1403637224.288341522216797,49,0,49,0,11
1403637224.338341474533081,49,0,49,0,11
1403637224.388341426849365,49,0,49,0,11
1403637224.438341140747070,49,0,49,0,11
1403637224.488340854644775,49,0,48,0,11
1403637224.538340806961060,49,5,49,0,11
1403637224.588340759277344,49,0,49,0,11
1403637224.638340234756470,49,0,49,0,11
1403637224.688339948654175,49,0,49,0,11
1403637224.738339662551880,49,0,49,0,11
1403637224.788340330123901,49,0,49,0,11
1403637224.838340759277344,49,0,49,0,11
1403637224.888340950012207,49,0,49,0,11
1403637224.938340902328491,49,0,48,0,11
1403637224.988340854644775,49,0,48,0,11
1403637225.038341045379639,49,0,48,1,11
1403637225.088341236114502,49,0,49,0,11
1403637225.138341426849365,49,5,49,0,11
1403637225.188341379165649,49,0,49,0,11
1403637225.238341569900513,49,0,49,0,11
1403637225.288341522216797,49,0,48,0,11
1403637225.338341474533081,49,0,48,0,11
1403637225.388341665267944,49,0,48,1,11
1403637225.438342094421387,49,0,49,0,11
1403637225.488341808319092,49,0,49,0,11
1403637225.538342475891113,49,1,49,0,11
1403637225.588342428207397,49,0,49,0,11
1403637225.638343095779419,49,0,48,0,11
1403637225.688343286514282,49,0,48,0,11
1403637225.738343477249146,49,6,48,1,11
1403637225.788343667984009,49,0,49,0,11
1403637225.838343143463135,49,0,49,0,11
1403637225.888341903686523,49,0,49,0,11
1403637225.938339710235596,49,0,49,0,11
1403637225.988337755203247,49,0,47,0,11
1403637226.038337230682373,49,0,47,0,11
1403637226.088336706161499,48,1,47,1,11
1403637226.138336896896362,48,1,48,0,11
1403637226.188336849212646,48,0,47,0,11
1403637226.238337278366089,48,0,47,0,11
1403637226.288337945938110,47,0,45,0,11
1403637226.338340044021606,49,5,45,2,11
1403637226.388337373733521,48,0,46,1,11
1403637226.438336372375488,48,0,46,0,11
1403637226.488334178924561,49,0,46,3,11
1403637226.538333654403687,49,0,49,0,11
1403637226.588333606719971,48,1,48,0,11
1403637226.638334274291992,48,0,48,0,11
1403637226.688335180282593,49,1,46,1,11
1403637226.738335847854614,48,1,44,0,11
1403637226.788336515426636,46,0,42,0,11
1403637226.838337659835815,44,0,42,0,11
1403637226.888339042663574,43,0,42,1,11
1403637226.938339948654175,47,2,42,4,11
1403637226.988341093063354,48,0,44,1,11
1403637227.038341760635376,48,0,45,1,11
1403637227.088342666625977,46,0,44,0,11
1403637227.138343334197998,46,1,43,0,11
1403637227.188343286514282,45,0,43,1,11
1403637227.238343477249146,44,0,44,0,11
1403637227.288343191146851,45,0,43,1,11
1403637227.338343620300293,46,2,43,1,11
1403637227.388343572616577,46,1,44,1,11
1403637227.438342809677124,46,0,44,1,11
1403637227.488342523574829,47,0,45,1,11
1403637227.538341522216797,47,1,45,1,11
1403637227.588341474533081,47,0,46,0,11
1403637227.638340950012207,47,0,46,1,11
1403637227.688341140747070,48,0,47,1,11
1403637227.738340377807617,48,0,48,0,11
1403637227.788340806961060,48,0,48,0,11
1403637227.838341712951660,48,0,48,0,11
1403637227.888342857360840,48,0,48,0,11
1403637227.938343048095703,48,0,48,0,11
1403637227.988343477249146,48,0,48,0,11
1403637228.038343667984009,48,0,48,0,11
1403637228.088343620300293,48,0,48,0,11
1403637228.138343811035156,48,0,47,0,11
1403637228.188343286514282,48,0,46,0,11
1403637228.238343238830566,48,0,46,1,11
1403637228.288343667984009,47,0,46,1,11
1403637228.338343858718872,47,0,47,0,11
1403637228.388344049453735,48,0,47,1,11
1403637228.438344001770020,48,0,48,0,11
1403637228.488343954086304,48,0,48,0,11
1403637228.538344383239746,48,0,48,0,11
1403637228.588344097137451,48,0,48,0,11
1403637228.638344049453735,48,0,48,0,11
1403637228.688344240188599,48,0,48,0,11
1403637228.738344907760620,48,0,47,0,11
1403637228.788345575332642,48,0,47,0,11
1403637228.838345766067505,46,0,45,0,11
1403637228.888345718383789,46,0,44,0,11
1403637228.938345670700073,46,0,43,1,11
1403637228.988345623016357,47,0,44,2,11
1403637229.038346052169800,46,0,46,0,11
1403637229.088346481323242,46,0,46,0,11
1403637229.138346195220947,47,0,46,1,11
1403637229.188346147537231,47,1,46,0,11
1403637229.238346099853516,47,0,45,0,11
1403637229.288346290588379,46,0,43,0,11
1403637229.338346481323242,46,1,42,1,11
1403637229.388346910476685,45,0,43,1,11
1403637229.438347816467285,45,0,43,1,11
1403637229.488348484039307,45,0,43,0,11
1403637229.538350105285645,45,0,41,1,11
1403637229.588349342346191,45,1,39,1,11
1403637229.638350009918213,45,0,38,3,11
1403637229.688349485397339,44,0,40,2,11
1403637229.738349199295044,44,0,42,1,11
1403637229.788350105285645,45,0,42,2,11
1403637229.838349819183350,45,0,41,0,11
1403637229.888349294662476,45,0,38,1,11
1403637229.938348770141602,43,1,37,2,11
1403637229.988348007202148,41,0,37,2,11
1403637230.038348436355591,41,1,39,1,11
1403637230.088349103927612,41,0,38,1,11
1403637230.138349533081055,41,0,38,0,11
1403637230.188350677490234,39,0,37,0,11
1403637230.238351821899414,38,0,37,0,11
1403637230.288353919982910,37,0,37,0,11
1403637230.338355541229248,36,0,36,0,11
1403637230.388358116149902,37,0,36,1,11
1403637230.438360691070557,37,0,37,0,11
1403637230.488363504409790,37,0,37,0,11
1403637230.538364887237549,37,0,37,0,11
1403637230.588365554809570,37,0,37,0,11
1403637230.638365507125854,37,0,37,0,11
1403637230.688365221023560,37,0,36,0,11
1403637230.738365173339844,37,0,36,0,11
1403637230.788365840911865,38,1,35,2,11
1403637230.838366031646729,37,0,35,0,11
1403637230.888366222381592,34,0,32,1,11
1403637230.938365936279297,34,0,33,1,11
1403637230.988365650177002,33,0,33,0,11
1403637231.038366317749023,31,0,31,0,11
1403637231.088366746902466,31,0,30,0,11
1403637231.138366937637329,29,2,28,1,11
1403637231.188367843627930,23,0,22,0,11
1403637231.238368511199951,18,0,16,0,11
1403637231.288370132446289,22,3,17,5,11
1403637231.338370800018311,17,0,15,0,11
1403637231.388370752334595,10,1,8,0,11
1403637231.438370466232300,4,0,4,0,11
1403637231.488370180130005,4,0,4,0,11
1403637231.538370132446289,5,0,4,1,11
1403637231.588369846343994,4,1,4,0,11
1403637231.638369560241699,4,1,4,0,11
1403637231.688369274139404,3,0,3,0,11
1403637231.738368988037109,10,0,3,7,11
1403637231.788368701934814,10,0,10,0,11
1403637231.838368177413940,10,1,10,0,11
1403637231.888370037078857,44,10,9,35,11
1403637231.938369750976562,38,2,36,0,11
1403637231.988370180130005,43,1,29,11,11
1403637232.038369417190552,38,0,36,1,11
1403637232.088367462158203,42,2,37,5,11
1403637232.138366937637329,40,0,39,0,11
1403637232.188366651535034,37,0,36,0,11
1403637232.238368272781372,32,0,32,0,11
1403637232.288369178771973,32,0,30,2,11
1403637232.338370084762573,29,0,28,0,11
1403637232.388370275497437,26,0,26,0,11
1403637232.438370704650879,24,1,24,0,11
1403637232.488373279571533,33,3,21,12,11
1403637232.538373231887817,32,1,32,0,11
1403637232.588372707366943,32,2,32,0,11
1403637232.638372421264648,31,0,31,0,11
1403637232.688371419906616,35,0,29,6,11
1403637232.738370895385742,35,0,35,0,11
1403637232.788370609283447,32,0,32,0,11
1403637232.838369846343994,37,0,32,5,11
1403637232.888368844985962,47,7,36,10,11
1403637232.938368797302246,45,0,45,0,11
1403637232.988368988037109,43,0,41,0,11
1403637233.038369417190552,42,0,41,0,11
1403637233.088370084762573,49,14,40,7,11
1403637233.138370275497437,47,0,47,0,11
1403637233.188370704650879,47,0,47,0,11
1403637233.238370180130005,47,2,47,0,11
1403637233.288370132446289,48,0,46,1,11
1403637233.338368892669678,48,6,44,2,11
1403637233.388368368148804,45,3,45,0,11
1403637233.438368082046509,49,1,44,4,11
1403637233.488366365432739,49,11,48,1,11
1403637233.538364171981812,46,2,46,0,11
1403637233.588360071182251,45,4,45,0,11
1403637233.638357877731323,44,5,42,0,11
1403637233.688355445861816,49,8,42,6,11
1403637233.738353252410889,47,9,47,0,11
1403637233.788355112075806,45,4,44,0,11
1403637233.838355779647827,45,1,44,0,11
1403637233.888356447219849,43,1,43,0,11
1403637233.938357353210449,44,1,43,1,11
1403637233.988359451293945,50,0,42,6,11
1403637234.038360595703125,48,2,46,0,11
1403637234.088360786437988,46,3,44,1,11
1403637234.138361454010010,49,4,41,4,11
1403637234.188360929489136,48,2,44,0,11
1403637234.238361120223999,44,4,43,0,11
1403637234.288361310958862,48,3,42,5,11
1403637234.338360071182251,45,2,43,1,11
1403637234.388359308242798,43,0,42,0,11
1403637234.438360452651978,49,4,42,7,11
1403637234.488359212875366,49,2,47,1,11
1403637234.538359165191650,48,5,45,1,11
1403637234.588359117507935,46,0,42,0,11
1403637234.638359546661377,45,2,41,1,11
1403637234.688359498977661,45,1,41,4,11
1403637234.738359212875366,47,3,40,4,11
1403637234.788360118865967,46,3,43,0,11
1403637234.838361501693726,45,5,39,3,11
1403637234.888361692428589,42,3,40,0,11
1403637234.938361406326294,45,5,38,5,11
1403637234.988361835479736,42,1,39,0,11
1403637235.038362026214600,41,0,38,1,11
1403637235.088360071182251,40,0,38,2,11
1403637235.138359069824219,36,2,34,0,11
1403637235.188357591629028,36,2,32,2,11
1403637235.238356351852417,40,0,33,6,11
1403637235.288353681564331,39,3,37,1,11
1403637235.338350296020508,38,0,36,0,11
1403637235.388346433639526,40,0,36,2,11
1403637235.438342094421387,49,2,37,11,11
1403637235.488342285156250,46,1,43,0,11
1403637235.538344144821167,47,4,44,2,11
1403637235.588345289230347,47,1,43,3,11
1403637235.638348340988159,48,1,42,2,11
1403637235.688353061676025,49,4,43,2,11
1403637235.738356590270996,46,1,44,1,11
1403637235.788363456726074,48,7,42,4,11
1403637235.838367462158203,44,5,42,1,11
1403637235.888368844985962,42,1,42,0,11
1403637235.938367605209351,45,4,34,8,11
1403637235.988366365432739,43,2,39,0,11
1403637236.038366079330444,37,1,36,1,11
1403637236.088366031646729,35,1,34,0,11
1403637236.138365745544434,38,0,30,6,11
1403637236.188364505767822,40,4,34,5,11
1403637236.238364458084106,38,2,33,0,11
1403637236.288364887237549,37,1,28,3,11
1403637236.338364601135254,38,2,28,6,11
1403637236.388363122940063,36,1,30,0,11
1403637236.438362121582031,34,2,25,3,11
1403637236.488361835479736,39,4,23,10,11
1403637236.538364887237549,33,6,30,0,11
1403637236.588367223739624,35,1,28,5,11
1403637236.638370513916016,32,8,30,1,11
1403637236.688371419906616,32,4,31,0,11
1403637236.738373517990112,34,3,28,5,11
1403637236.788374662399292,34,4,29,2,11
1403637236.838375091552734,29,1,28,0,11
1403637236.888375520706177,30,3,22,5,11
1403637236.938375949859619,30,12,25,1,11
1403637236.988377571105957,27,0,22,5,11
1403637237.038378238677979,28,5,24,3,11
1403637237.088378429412842,32,4,25,5,11
1403637237.138377666473389,27,6,24,1,11
1403637237.188375473022461,29,8,24,4,11
1403637237.238374948501587,28,1,26,0,11
1403637237.288373708724976,31,1,26,4,11
1403637237.338374614715576,30,4,30,0,11
1403637237.388376235961914,41,2,27,12,11
1403637237.438377141952515,40,1,34,0,11
1403637237.488377332687378,37,4,32,0,11
1403637237.538378953933716,41,2,27,10,11
1403637237.588378667831421,39,2,36,0,11
1403637237.638377428054810,40,1,34,4,11
1403637237.688374280929565,46,1,38,7,11
1403637237.738373517990112,45,1,44,0,11
1403637237.788372278213501,47,7,41,3,11
1403637237.838375806808472,46,3,45,0,11
1403637237.888375043869019,49,9,45,4,11
1403637237.938378334045410,49,0,48,0,11
1403637237.988378524780273,48,0,47,0,11
1403637238.038378715515137,47,0,47,0,11
1403637238.088379144668579,50,15,45,3,11
1403637238.138378858566284,48,3,48,0,11
1403637238.188377618789673,49,1,47,1,11
1403637238.238376379013062,48,0,48,0,11
1403637238.288374662399292,48,0,45,1,11
1403637238.338372468948364,47,0,43,0,11
1403637238.388370752334595,46,1,43,1,11
1403637238.438369989395142,44,1,42,1,11
1403637238.488370656967163,50,3,42,6,11
1403637238.538372516632080,49,16,48,0,11
1403637238.588371038436890,47,0,47,0,11
1403637238.638367652893066,47,0,46,0,11
1403637238.688359260559082,48,11,43,2,11
1403637238.738354921340942,48,2,43,1,11
1403637238.788352012634277,46,1,44,0,11
1403637238.838348865509033,45,0,44,1,11
1403637238.888347387313843,44,1,42,0,11
1403637238.938346385955811,42,1,38,0,11
1403637238.988344669342041,42,1,38,2,11
1403637239.038344144821167,41,0,40,1,11
1403637239.088346004486084,43,2,40,3,11
1403637239.138349294662476,50,11,43,7,11
1403637239.188352346420288,50,1,50,0,11
1403637239.238355159759521,50,4,50,0,11
1403637239.288357496261597,47,10,46,0,11
1403637239.338357925415039,50,2,46,3,11
1403637239.388358116149902,48,4,46,0,11
1403637239.438356876373291,47,4,41,2,11
1403637239.488356113433838,43,1,41,0,11
1403637239.538362503051758,46,35,39,7,11
1403637239.588361978530884,45,3,43,1,11
1403637239.638360261917114,43,4,41,1,11
1403637239.688359975814819,41,3,39,0,11
1403637239.738358259201050,42,3,35,5,11
1403637239.788357734680176,36,2,33,1,11
1403637239.838357686996460,32,2,29,0,11
1403637239.888358116149902,28,2,23,0,11
1403637239.938358068466187,22,4,18,0,11
1403637239.988357782363892,20,2,18,1,11
1403637240.038357973098755,14,3,14,0,11
1403637240.088358163833618,12,3,9,1,11
1403637240.138357639312744,21,2,9,11,11
1403637240.188356399536133,47,3,17,28,11
1403637240.238357305526733,42,1,40,0,11
1403637240.288358926773071,39,7,36,0,11
1403637240.338360071182251,37,0,34,0,11
1403637240.388362884521484,33,4,32,0,11
1403637240.438364267349243,42,8,31,10,11
1403637240.488364219665527,38,2,35,0,11
1403637240.538362503051758,36,1,33,0,11
1403637240.588359355926514,34,1,33,0,11
1403637240.638355970382690,45,2,32,13,11
1403637240.688355207443237,42,3,42,0,11
1403637240.738354682922363,39,2,38,0,11
1403637240.788355588912964,48,2,37,10,11
1403637240.838354587554932,43,2,42,0,11
1403637240.888352870941162,41,3,41,0,11
1403637240.938350677490234,48,5,39,9,11
1403637240.988352060317993,47,0,44,1,11
1403637241.038355112075806,50,3,42,3,11
1403637241.088358879089355,43,6,40,0,11
1403637241.138361692428589,39,0,38,1,11
1403637241.188364505767822,47,4,36,8,11
1403637241.238365411758423,47,1,42,0,11
1403637241.288365364074707,41,1,39,0,11
1403637241.338366031646729,36,1,35,0,11
1403637241.388366460800171,38,1,35,2,11
1403637241.438366889953613,38,1,37,1,11
1403637241.488367319107056,37,1,37,0,11
1403637241.538368463516235,41,1,34,5,11
1403637241.588369607925415,44,1,34,6,11
1403637241.638370275497437,40,2,36,0,11
1403637241.688370943069458,39,1,33,4,11
1403637241.738371372222900,41,1,35,6,11
1403637241.788372278213501,42,3,40,2,11
1403637241.838375329971313,41,4,41,0,11
1403637241.888376712799072,39,2,38,0,11
1403637241.938377380371094,41,0,34,5,11
1403637241.988377332687378,39,3,36,0,11
1403637242.038377285003662,37,1,34,0,11
1403637242.088375568389893,37,0,33,4,11
1403637242.138373136520386,42,1,36,5,11
1403637242.188370704650879,44,0,38,3,11
1403637242.238369464874268,45,0,39,3,11
1403637242.288369178771973,48,2,41,5,11
1403637242.338368654251099,45,1,44,1,11
1403637242.388368129730225,45,1,42,0,11
1403637242.438368082046509,43,0,40,0,11
1403637242.488367795944214,45,0,40,5,11
1403637242.538368463516235,46,0,44,1,11
1403637242.588369846343994,46,0,44,1,11
1403637242.638370752334595,45,9,44,0,11
1403637242.688373088836670,44,0,42,0,11
1403637242.738374710083008,44,0,42,1,11
1403637242.788377761840820,44,0,42,0,11
1403637242.838382005691528,44,1,38,2,11
1403637242.888383150100708,44,0,34,3,11
1403637242.938383102416992,45,1,35,4,11
1403637242.988382577896118,41,2,38,1,11
1403637243.038382291793823,42,1,35,4,11
1403637243.088382244110107,45,0,39,4,11
1403637243.138377666473389,49,0,43,6,11
1403637243.188375473022461,49,0,49,0,11
1403637243.238372802734375,49,5,49,0,11
1403637243.288372993469238,49,3,48,0,11
1403637243.338373184204102,50,5,48,1,11
1403637243.388373613357544,48,0,45,0,11
1403637243.438373804092407,50,5,45,2,11
1403637243.488374233245850,47,2,46,1,11
1403637243.538373708724976,50,6,46,3,11
1403637243.588373422622681,50,1,48,0,11
1403637243.638373613357544,48,1,47,0,11
1403637243.688373565673828,46,0,43,1,11
1403637243.738373279571533,45,1,42,1,11
1403637243.788372993469238,43,3,42,1,11
1403637243.838372468948364,41,0,37,4,11
1403637243.888371944427490,50,3,41,9,11
1403637243.938371658325195,50,5,47,0,11
1403637243.988371372222900,50,0,47,0,11
1403637244.038371562957764,48,4,47,1,11
1403637244.088371276855469,49,0,46,2,11
1403637244.138370752334595,50,9,47,1,11
1403637244.188370943069458,49,1,48,0,11
1403637244.238371133804321,48,5,47,0,11
1403637244.288371324539185,48,0,45,1,11
1403637244.338370800018311,47,0,46,0,11
1403637244.388369560241699,49,7,45,3,11
1403637244.438369512557983,50,0,48,1,11
1403637244.488368511199951,50,3,46,1,11
1403637244.538369417190552,50,3,45,0,11
1403637244.588369369506836,46,1,43,0,11
1403637244.638369560241699,47,1,40,4,11
1403637244.688369035720825,46,1,43,0,11
1403637244.738368511199951,48,17,42,4,11
1403637244.788367986679077,47,14,44,1,11
1403637244.838367700576782,49,4,45,3,11
1403637244.888367652893066,48,0,48,0,11
1403637244.938367605209351,49,0,47,1,11
1403637244.988367795944214,48,7,46,0,11
1403637245.038366794586182,46,0,45,0,11
1403637245.088365554809570,45,1,44,1,11
1403637245.138365507125854,43,0,43,0,11
1403637245.188366413116455,44,0,42,2,11
1403637245.238367795944214,47,1,43,3,11
1403637245.288368463516235,47,0,46,1,11
1403637245.338367700576782,50,11,45,3,11
1403637245.388365507125854,50,14,47,0,11
1403637245.438366413116455,48,7,46,0,11
1403637245.488366603851318,48,0,45,1,11
1403637245.538366794586182,45,0,44,0,11
1403637245.588367938995361,50,26,44,6,11
1403637245.638367652893066,50,1,46,0,11
1403637245.688366889953613,47,2,43,0,11
1403637245.738365888595581,44,0,36,2,11
1403637245.788364887237549,38,2,31,0,11
1403637245.838363885879517,34,5,28,1,11
1403637245.888363838195801,31,5,28,0,11
1403637245.938364744186401,31,8,23,5,11
1403637245.988364696502686,39,2,26,10,11
1403637246.038365602493286,39,3,31,5,11
1403637246.088366031646729,32,0,30,0,11
1403637246.138366937637329,27,0,26,0,11
1403637246.188365936279297,35,2,23,12,11
1403637246.238365411758423,32,1,30,1,11
1403637246.288366079330444,31,1,29,0,11
1403637246.338365793228149,29,1,25,0,11
1403637246.388366460800171,35,0,24,9,11
1403637246.438366413116455,33,0,32,0,11
1403637246.488366842269897,31,5,28,0,11
1403637246.538367986679077,37,4,29,7,11
1403637246.588368415832520,35,1,30,0,11
1403637246.638369083404541,31,1,26,0,11
1403637246.688368082046509,40,2,23,15,11
1403637246.738368272781372,38,4,32,0,11
1403637246.788368225097656,30,1,28,0,11
1403637246.838368892669678,31,1,24,7,11
1403637246.888369083404541,29,2,28,0,11
1403637246.938368320465088,27,2,26,0,11
1403637246.988369464874268,28,0,25,3,11
1403637247.038372039794922,34,1,27,7,11
1403637247.088373899459839,44,0,31,10,11
1403637247.138374567031860,46,0,41,2,11
1403637247.188374519348145,42,0,42,0,11
1403637247.238373756408691,44,1,39,3,11
1403637247.288375854492188,50,1,42,6,11
1403637247.338377952575684,48,9,47,0,11
1403637247.388380289077759,49,6,46,2,11
1403637247.438380956649780,48,3,47,1,11
1403637247.488381624221802,47,1,46,0,11
1403637247.538382530212402,49,3,44,3,11
1403637247.588383436203003,48,0,46,1,11
1403637247.638383626937866,47,0,45,1,11
1403637247.688384771347046,50,5,46,3,11
1403637247.738384962081909,50,2,48,1,11
1403637247.788384675979614,50,0,48,0,11
1403637247.838384151458740,49,0,48,0,11
1403637247.888383388519287,46,0,46,0,11
1403637247.938384056091309,48,8,43,3,11
1403637247.988384485244751,45,15,42,0,11
1403637248.038383960723877,44,0,41,3,11
1403637248.088382959365845,42,0,41,0,11
1403637248.138381719589233,40,0,36,3,11
1403637248.188381195068359,40,3,39,0,11
1403637248.238380670547485,37,0,37,0,11
1403637248.288381099700928,42,0,37,5,11
1403637248.338381767272949,42,0,42,0,11
1403637248.388382673263550,42,0,42,0,11
1403637248.438383817672729,42,0,41,0,11
1403637248.488385438919067,40,0,39,0,11
1403637248.538388729095459,49,10,39,10,11
1403637248.588390111923218,49,10,48,1,11
1403637248.638389348983765,49,0,49,0,11
1403637248.688387870788574,48,0,48,0,11
1403637248.738386154174805,50,9,47,2,11
1403637248.788385868072510,47,1,46,0,11
1403637248.838385343551636,46,0,43,0,11
1403637248.888385057449341,45,0,42,0,11
1403637248.938385009765625,44,0,42,1,11
1403637248.988385200500488,41,1,41,0,11
1403637249.038385868072510,48,7,40,8,11
1403637249.088385820388794,48,1,47,0,11
1403637249.138385534286499,50,10,47,2,11
1403637249.188385248184204,49,10,48,0,11
1403637249.238385200500488,49,1,48,0,11
1403637249.288385152816772,48,0,48,0,11
1403637249.338384628295898,49,7,47,2,11
1403637249.388384103775024,49,0,49,0,11
1403637249.438383579254150,50,0,49,1,11
1403637249.488383054733276,50,18,50,0,11
1403637249.538383007049561,48,1,48,0,11
1403637249.588382482528687,47,0,46,0,11
1403637249.638382196426392,49,3,46,2,11
1403637249.688381910324097,48,0,48,0,11
1403637249.738380193710327,50,8,45,2,11
1403637249.788379907608032,49,10,47,0,11
1403637249.838379859924316,47,2,46,1,11
1403637249.888380050659180,48,2,46,1,11
1403637249.938379049301147,49,3,46,2,11
1403637249.988378763198853,48,1,47,0,11
1403637250.038378953933716,47,1,46,1,11
1403637250.088379144668579,50,9,47,3,11
1403637250.138379573822021,46,2,46,0,11
1403637250.188379526138306,43,1,43,0,11
1403637250.238379478454590,44,4,41,3,11
1403637250.288379907608032,48,16,41,5,11
1403637250.338379383087158,48,4,45,2,11
1403637250.388378381729126,48,7,46,2,11
1403637250.438377618789673,47,0,47,0,11
1403637250.488377094268799,45,2,44,0,11
1403637250.538376331329346,46,0,41,3,11
1403637250.588375806808472,45,1,43,1,11
1403637250.638375520706177,44,1,43,0,11
1403637250.688374996185303,48,3,41,5,11
1403637250.738373994827271,45,1,44,0,11
1403637250.788373947143555,43,0,43,0,11
1403637250.838373899459839,40,3,40,0,11
1403637250.888373374938965,50,32,40,10,11
1403637250.938373327255249,50,4,49,0,11
1403637250.988373517990112,49,3,48,0,11
1403637251.038373470306396,49,0,47,0,11
1403637251.088375091552734,44,0,42,0,11
1403637251.138375997543335,43,0,41,0,11
1403637251.188376903533936,42,0,41,1,11
1403637251.238376855850220,42,0,40,0,11
1403637251.288376569747925,43,0,38,2,11
1403637251.338375091552734,41,0,39,0,11
1403637251.388373136520386,48,7,36,9,11
1403637251.438372850418091,44,0,42,0,11
1403637251.488373279571533,47,25,42,5,11
1403637251.538373947143555,49,0,46,3,11
1403637251.588374614715576,48,0,47,1,11
1403637251.638375520706177,47,0,47,0,11
1403637251.688376426696777,44,0,43,0,11
1403637251.738377094268799,42,0,41,1,11
1403637251.788377761840820,42,0,41,0,11
1403637251.838377237319946,42,0,41,0,11
1403637251.888377189636230,41,2,41,0,11
1403637251.938376903533936,40,0,40,0,11
1403637251.988376379013062,45,0,39,5,11
1403637252.038376808166504,49,5,43,5,11
1403637252.088376760482788,47,10,47,0,11
1403637252.138377189636230,47,0,47,0,11
1403637252.188377618789673,46,0,46,0,11
1403637252.238378286361694,45,0,44,0,11
1403637252.288379907608032,45,2,44,0,11
1403637252.338381052017212,43,15,43,0,11
1403637252.388381958007812,42,0,42,0,11
1403637252.438381910324097,42,0,42,0,11
1403637252.488382101058960,42,0,41,1,11
1403637252.538382053375244,42,0,42,0,11
1403637252.588381767272949,42,0,41,0,11
1403637252.638381719589233,43,1,40,1,11
1403637252.688381671905518,41,4,40,0,11
1403637252.738381624221802,40,0,40,0,11
1403637252.788381576538086,40,0,40,0,11
1403637252.838381767272949,40,0,40,0,11
1403637252.888382434844971,40,0,40,0,11
1403637252.938383817672729,42,7,40,2,11
1403637252.988384485244751,42,0,42,0,11
1403637253.038385391235352,42,0,42,0,11
1403637253.088385820388794,42,0,42,0,11
1403637253.138385534286499,42,0,42,0,11
1403637253.188385725021362,42,0,42,0,11
1403637253.238384962081909,42,0,42,0,11
1403637253.288384675979614,42,0,42,0,11
1403637253.338383674621582,42,0,42,0,11
1403637253.388383388519287,42,0,42,0,11
1403637253.438382625579834,42,0,42,0,11
1403637253.488382577896118,42,0,42,0,11
1403637253.538382053375244,42,2,42,0,11
1403637253.588382244110107,42,0,42,0,11
1403637253.638381958007812,42,0,42,0,11
1403637253.688382148742676,42,0,42,0,11
1403637253.738382101058960,42,0,42,0,11
1403637253.788381814956665,42,0,41,0,11
1403637253.838381767272949,42,0,41,0,11
1403637253.888381958007812,41,0,41,0,11
1403637253.938381910324097,41,0,41,0,11
1403637253.988382101058960,41,0,41,0,11
1403637254.038381814956665,41,0,41,0,11
1403637254.088381767272949,40,0,40,0,11
1403637254.138382196426392,40,3,40,0,11
1403637254.188382863998413,40,0,40,0,11
1403637254.238383293151855,40,0,40,0,11
1403637254.288384199142456,40,0,40,0,11
1403637254.338384151458740,40,0,40,0,11
1403637254.388384342193604,40,0,40,0,11
1403637254.438384294509888,40,0,40,0,11
1403637254.488384485244751,40,0,40,0,11
1403637254.538384437561035,40,0,40,0,11
1403637254.588384389877319,40,0,40,0,11
1403637254.638383865356445,40,0,40,0,11
1403637254.688384056091309,40,0,40,0,11
1403637254.738384008407593,40,5,40,0,11
1403637254.788384199142456,39,0,39,0,11
1403637254.838384151458740,39,0,39,0,11
1403637254.888383865356445,39,0,39,0,11
1403637254.938383817672729,39,0,39,0,11
1403637254.988383531570435,39,0,39,0,11
1403637255.038383960723877,39,0,39,0,11
1403637255.088383674621582,39,1,39,0,11
1403637255.138383865356445,40,0,38,1,11
1403637255.188384294509888,40,0,40,0,11
1403637255.238383769989014,40,0,39,0,11
1403637255.288384199142456,38,0,38,0,11
1403637255.338383913040161,40,3,38,2,11
1403637255.388383865356445,40,0,40,0,11
1403637255.438383817672729,40,0,40,0,11
1403637255.488383769989014,40,0,39,0,11
1403637255.538383722305298,37,0,37,0,11
1403637255.588383913040161,37,0,37,0,11
1403637255.638383865356445,39,0,35,2,11
1403637255.688383579254150,39,3,34,2,11
1403637255.738383531570435,35,0,34,0,11
1403637255.788383722305298,33,0,33,0,11
1403637255.838383436203003,29,0,27,0,11
1403637255.888383388519287,28,0,26,0,11
1403637255.938383102416992,30,0,25,4,11
1403637255.988383054733276,30,0,29,0,11
1403637256.038383245468140,29,0,29,0,11
1403637256.088383197784424,29,0,29,0,11
1403637256.138383388519287,29,0,28,0,11
1403637256.188383340835571,29,0,28,0,11
1403637256.238383293151855,28,0,28,0,11
1403637256.288383483886719,29,0,27,1,11
1403637256.338385820388794,49,20,28,20,11
1403637256.388386011123657,47,0,46,0,11
1403637256.438386440277100,47,0,46,0,11
1403637256.488386631011963,46,0,45,0,11
1403637256.538387775421143,47,3,43,1,11
1403637256.588388442993164,46,0,43,1,11
1403637256.638389587402344,46,0,44,1,11
1403637256.688390970230103,45,0,44,0,11
1403637256.738391637802124,44,0,42,0,11
1403637256.788392066955566,43,0,42,0,11
1403637256.838392257690430,43,0,41,1,11
1403637256.888392925262451,44,4,42,1,11
1403637256.938396215438843,49,12,43,6,11
1403637256.988396406173706,50,0,48,1,11
1403637257.038397073745728,50,0,49,0,11
1403637257.088397979736328,49,1,48,0,11
1403637257.138397932052612,50,3,47,1,11
1403637257.188398122787476,49,0,47,0,11
1403637257.238397598266602,48,0,46,0,11
1403637257.288397073745728,48,0,44,1,11
1403637257.338397026062012,47,0,45,0,11
1403637257.388396978378296,46,0,44,1,11
1403637257.438396930694580,47,0,44,1,11
1403637257.488396883010864,46,1,44,0,11
1403637257.538396835327148,48,0,42,4,11
1403637257.588396549224854,48,0,47,1,11
1403637257.638396263122559,48,0,47,0,11
1403637257.688395977020264,47,1,44,1,11
1403637257.738395929336548,47,0,45,0,11
1403637257.788395881652832,45,1,44,1,11
1403637257.838395833969116,46,0,44,1,11
1403637257.888395786285400,46,0,42,0,11
1403637257.938395977020264,45,1,41,1,11
1403637257.988396406173706,46,0,40,2,11
1403637258.038397550582886,45,16,42,3,11
1403637258.088398218154907,44,2,44,0,11
1403637258.138399600982666,44,0,42,0,11
1403637258.188400506973267,43,1,39,0,11
1403637258.238400459289551,42,1,38,1,11
1403637258.288400888442993,37,0,34,1,11
1403637258.338400840759277,38,1,33,2,11
1403637258.388400554656982,38,1,34,1,11
1403637258.438400030136108,37,1,34,1,11
1403637258.488399982452393,36,1,35,0,11
1403637258.538400173187256,36,0,33,1,11
1403637258.588400125503540,36,0,32,1,11
1403637258.638401985168457,47,13,33,13,11
1403637258.688401699066162,44,1,43,0,11
1403637258.738401651382446,44,0,43,0,11
1403637258.788401842117310,42,1,41,0,11
1403637258.838402032852173,42,2,40,0,11
1403637258.888401746749878,48,5,39,8,11
1403637258.938401460647583,48,1,45,1,11
1403637258.988401412963867,48,0,46,0,11
1403637259.038401365280151,47,1,45,1,11
1403637259.088402271270752,47,1,45,0,11
1403637259.138401985168457,47,1,45,1,11
1403637259.188401937484741,46,3,46,0,11
1403637259.238401412963867,48,27,45,2,11
1403637259.288401603698730,48,1,47,0,11
1403637259.338402032852173,48,4,47,1,11
1403637259.388401746749878,49,0,48,1,11
1403637259.438401460647583,49,0,49,0,11
1403637259.488401412963867,49,2,49,0,11
1403637259.538401603698730,49,1,49,0,11
1403637259.588401556015015,49,0,49,0,11
1403637259.638401508331299,50,20,48,1,11
1403637259.688401699066162,50,0,49,0,11
1403637259.738401412963867,50,1,49,1,11
1403637259.788401842117310,50,1,50,0,11
1403637259.838401317596436,50,24,50,0,11
1403637259.888401269912720,50,0,50,0,11
1403637259.938401460647583,50,1,50,0,11
1403637259.988401412963867,50,0,50,0,11
1403637260.038401603698730,50,0,49,0,11
1403637260.088401556015015,50,0,48,0,11
1403637260.138401508331299,50,0,48,1,11
1403637260.188401460647583,49,0,49,0,11
1403637260.238401412963867,50,17,49,1,11
1403637260.288401603698730,49,0,48,0,11
1403637260.338401556015015,50,0,48,1,11
1403637260.388401269912720,49,1,48,0,11
1403637260.438400983810425,50,23,48,1,11
1403637260.488400936126709,49,1,48,0,11
1403637260.538401365280151,49,0,47,0,11
1403637260.588401556015015,47,2,44,0,11
1403637260.638401508331299,45,0,40,0,11
1403637260.688401699066162,42,1,40,0,11
1403637260.738401651382446,41,0,40,1,11
1403637260.788401842117310,39,4,37,0,11
1403637260.838401794433594,46,11,35,7,11
1403637260.888401985168457,43,0,40,0,11
1403637260.938402175903320,42,0,38,1,11
1403637260.988401651382446,45,4,40,4,11
1403637261.038400411605835,46,18,43,2,11
1403637261.088401317596436,46,1,44,1,11
1403637261.138401508331299,44,3,39,0,11
1403637261.188401699066162,43,1,36,0,11
1403637261.238401651382446,36,2,26,1,11
1403637261.288401603698730,33,4,24,1,11
1403637261.338401794433594,26,0,23,1,11
1403637261.388402223587036,24,1,23,0,11
1403637261.438402414321899,29,1,22,5,11
1403637261.488402366638184,29,1,25,1,11
1403637261.538402080535889,28,0,24,0,11
1403637261.588401556015015,31,1,19,6,11
1403637261.638401269912720,39,0,25,10,11
1403637261.688401699066162,35,0,35,0,11
1403637261.738401412963867,35,1,35,0,11
1403637261.788402318954468,37,1,35,2,11
1403637261.838402509689331,37,3,35,0,11
1403637261.888402700424194,39,1,34,2,11
1403637261.938402891159058,35,4,32,0,11
1403637261.988404035568237,34,1,31,0,11
1403637262.038405179977417,34,0,31,2,11
1403637262.088406562805176,34,1,31,1,11
1403637262.138408184051514,34,1,29,2,11
1403637262.188409805297852,35,4,29,4,11
1403637262.238409996032715,35,5,30,2,11
1403637262.288408517837524,27,3,21,0,11
1403637262.338409900665283,23,7,18,0,11
1403637262.388406038284302,18,0,13,0,11
1403637262.438404083251953,16,1,8,0,11
1403637262.488404989242554,12,0,8,1,11
1403637262.538406133651733,10,0,9,0,11
1403637262.588406562805176,9,0,6,0,11
1403637262.638405561447144,8,0,6,0,11
1403637262.688405513763428,5,0,2,1,11
1403637262.738405942916870,3,0,3,0,11
1403637262.788406372070312,3,0,2,0,11
1403637262.838406562805176,3,0,1,0,11
1403637262.888399839401245,4,0,1,3,11
1403637262.938399791717529,4,0,2,0,11
1403637262.988400220870972,5,0,1,1,11
1403637263.038400650024414,3,0,2,0,11
1403637263.088400602340698,3,0,2,1,11
1403637263.138400793075562,3,0,3,0,11
1403637263.188400745391846,3,0,2,0,11
1403637263.238400697708130,3,0,1,0,11
1403637263.288400888442993,3,0,1,1,11
1403637263.338400840759277,2,0,2,0,11
1403637263.388401031494141,3,0,1,1,11
1403637263.438400983810425,3,0,1,0,11
1403637263.488400936126709,5,0,1,3,11
1403637263.538401126861572,5,0,4,1,11
1403637263.588401079177856,5,0,5,0,11
1403637263.638401031494141,5,0,5,0,11
1403637263.688400983810425,6,0,5,1,11
1403637263.738400936126709,7,0,5,1,11
1403637263.788401365280151,7,0,5,0,11
1403637263.838401317596436,7,0,5,1,11
1403637263.888401269912720,7,0,5,1,11
1403637263.938401222229004,7,0,6,0,11
1403637263.988401174545288,7,0,5,1,11
1403637264.038401365280151,7,0,6,0,11
1403637264.088401317596436,7,0,4,1,11
1403637264.138401269912720,7,0,5,0,11
1403637264.188401222229004,7,0,5,2,11
1403637264.238401174545288,7,0,7,0,11
1403637264.288401365280151,7,0,6,0,11
1403637264.338401317596436,7,0,6,0,11
1403637264.388401269912720,7,0,6,1,11
1403637264.438401222229004,7,0,7,0,11
1403637264.488401174545288,7,0,6,0,11
1403637264.538401365280151,7,0,6,0,11
1403637264.588401317596436,7,0,6,1,11
1403637264.638401269912720,7,0,7,0,11
1403637264.688401222229004,7,0,7,0,11
1403637264.738401174545288,7,0,7,0,11
1403637264.788401365280151,7,0,7,0,11
1403637264.838401317596436,7,0,7,0,11
1403637264.888401269912720,8,0,7,1,11
1403637264.938401222229004,8,0,7,0,11
1403637264.988401174545288,8,0,7,0,11
1403637265.038401365280151,8,0,7,1,11
1403637265.088401317596436,8,0,7,0,11
1403637265.138401269912720,8,0,7,0,11
1403637265.188401222229004,8,0,7,1,11
1403637265.238401174545288,8,0,7,0,11
1403637265.288401365280151,8,0,7,0,11
1403637265.338401317596436,8,0,7,1,11
1403637265.388401269912720,8,0,7,0,11
1403637265.438401222229004,8,0,7,0,11
1403637265.488401174545288,8,0,7,1,11
