# timestamp (sec),slam_feats_in_state,msckf_feats_used,slam_feats_updated,slam_feats_delayed_init,clones
1413393890.058755159378052,0,13,0,0,5
1413393890.105463743209839,17,16,0,17,6
1413393890.155455827713013,17,0,17,0,7
1413393890.205340862274170,17,3,17,0,8
1413393890.255465507507324,17,1,17,0,9
1413393890.305829524993896,17,3,17,0,10
1413393890.356103658676147,17,0,17,0,11
1413393890.406237840652466,17,2,16,0,11
1413393890.455999851226807,18,2,15,2,11
1413393890.505891561508179,18,1,17,1,11
1413393890.555442810058594,30,1,18,12,11
1413393890.605515241622925,35,1,26,8,11
1413393890.655975818634033,38,0,34,3,11
1413393890.706212043762207,48,7,37,11,11
1413393890.756216526031494,49,3,48,1,11
1413393890.806307315826416,50,2,49,1,11
1413393890.856341600418091,50,3,50,0,11
1413393890.906457901000977,50,0,50,0,11
1413393890.956571102142334,50,3,50,0,11
1413393891.006584405899048,50,0,50,0,11
1413393891.056581497192383,50,4,49,0,11
1413393891.106531143188477,50,1,49,0,11
1413393891.156523466110229,49,3,48,0,11
1413393891.206559419631958,49,1,48,0,11
1413393891.256590127944946,50,0,48,2,11
1413393891.306733608245850,50,7,50,0,11
1413393891.356982231140137,46,3,44,0,11
1413393891.407058000564575,40,3,37,0,11
1413393891.456980705261230,41,2,37,2,11
1413393891.506820678710938,36,3,35,0,11
1413393891.556617736816406,39,0,33,4,11
1413393891.606494665145874,40,0,37,2,11
1413393891.656244039535522,44,0,39,5,11
1413393891.706135272979736,44,1,43,0,11
1413393891.756014347076416,47,1,43,3,11
1413393891.805935382843018,46,0,43,1,11
1413393891.855887889862061,46,0,44,0,11
1413393891.905814647674561,48,3,41,6,11
1413393891.955719709396362,50,4,45,2,11
1413393892.005710840225220,42,15,38,0,11
1413393892.055749654769897,41,2,36,1,11
1413393892.105856180191040,48,2,34,10,11
1413393892.155895948410034,47,2,43,0,11
1413393892.205893754959106,45,1,42,1,11
1413393892.255941629409790,42,2,42,0,11
1413393892.306033611297607,41,3,41,0,11
1413393892.356067419052124,40,3,40,0,11
1413393892.406052112579346,42,8,40,2,11
1413393892.455990076065063,42,3,41,0,11
1413393892.505934715270996,40,2,37,0,11
1413393892.555946588516235,40,4,34,3,11
1413393892.605962038040161,40,4,37,2,11
1413393892.656002044677734,45,3,38,6,11
1413393892.706063508987427,47,6,42,4,11
1413393892.756108283996582,46,2,43,1,11
1413393892.806128501892090,46,1,40,1,11
1413393892.856141567230225,47,11,40,3,11
1413393892.906129837036133,44,4,42,0,11
1413393892.956102132797241,44,3,37,5,11
1413393893.006105422973633,45,7,39,5,11
1413393893.056133270263672,42,2,41,0,11
1413393893.106154203414917,42,4,40,0,11
1413393893.156190395355225,44,4,38,4,11
1413393893.206174850463867,46,3,41,3,11
1413393893.256176710128784,47,0,45,2,11
1413393893.306144714355469,49,7,44,3,11
1413393893.356055021286011,50,29,47,1,11
1413393893.406042575836182,48,0,47,0,11
1413393893.456051588058472,48,0,45,1,11
1413393893.506063938140869,48,3,43,2,11
1413393893.556076526641846,49,1,45,2,11
1413393893.606108427047729,46,5,44,1,11
1413393893.656113386154175,46,5,44,1,11
1413393893.706120252609253,45,6,45,0,11
1413393893.756128072738647,48,5,43,3,11
1413393893.806128501892090,49,6,45,1,11
1413393893.856131553649902,46,8,45,0,11
1413393893.906136512756348,45,14,39,4,11
1413393893.956144094467163,48,16,40,5,11
1413393894.006137132644653,43,10,39,2,11
1413393894.056132316589355,40,5,36,2,11
1413393894.106129407882690,41,6,38,1,11
1413393894.156131267547607,40,6,39,1,11
1413393894.206120967864990,41,7,35,2,11
1413393894.256112098693848,37,3,34,0,11
1413393894.306110858917236,38,4,32,5,11
1413393894.356111049652100,35,4,33,0,11
1413393894.406112432479858,42,2,30,7,11
1413393894.456112384796143,46,0,37,6,11
1413393894.506112337112427,47,3,43,4,11
1413393894.556119918823242,46,1,46,0,11
1413393894.606117248535156,50,4,46,4,11
1413393894.656110763549805,50,3,49,0,11
1413393894.706110477447510,49,5,45,0,11
1413393894.756109952926636,47,7,43,1,11
1413393894.806109666824341,48,1,42,3,11
1413393894.856112718582153,50,2,43,3,11
1413393894.906114816665649,48,0,45,1,11
1413393894.956110477447510,47,4,44,3,11
1413393895.006109476089478,47,0,44,1,11
1413393895.056103706359863,49,1,43,3,11
1413393895.106104850769043,48,3,44,3,11
1413393895.156098365783691,50,3,47,3,11
1413393895.206099510192871,50,4,49,0,11
1413393895.256095886230469,48,4,46,0,11
1413393895.306093215942383,45,3,39,3,11
1413393895.356087446212769,45,1,37,4,11
1413393895.406081199645996,45,1,40,3,11
1413393895.456079244613647,45,2,40,3,11
1413393895.506081104278564,44,3,42,1,11
1413393895.556080818176270,42,4,36,3,11
1413393895.606083631515503,43,3,37,3,11
1413393895.656079769134521,42,6,38,2,11
1413393895.706080436706543,39,1,35,0,11
1413393895.756075143814087,33,4,29,0,11
1413393895.806070327758789,33,6,29,3,11
1413393895.856056451797485,29,6,26,2,11
1413393895.906054735183716,29,6,24,3,11
1413393895.956043481826782,31,1,23,4,11
1413393896.006040334701538,32,2,24,3,11
1413393896.056038379669189,29,3,24,1,11
1413393896.106036186218262,31,3,23,5,11
1413393896.156044960021973,29,7,23,1,11
1413393896.206046104431152,29,1,22,2,11
1413393896.256060361862183,27,1,21,2,11
1413393896.306070566177368,26,0,22,1,11
1413393896.356086015701294,28,1,19,5,11
1413393896.406094551086426,30,0,23,2,11
1413393896.456116437911987,31,3,22,6,11
1413393896.506125211715698,31,2,26,3,11
1413393896.556133747100830,29,2,22,1,11
1413393896.606136083602905,35,6,21,8,11
1413393896.656135320663452,31,0,28,2,11
1413393896.706134319305420,30,2,28,0,11
1413393896.756134510040283,30,0,27,3,11
1413393896.806131601333618,30,1,30,0,11
1413393896.856135845184326,36,0,29,6,11
1413393896.906141281127930,39,0,33,3,11
1413393896.956152915954590,38,1,33,0,11
1413393897.006156444549561,37,0,34,1,11
1413393897.056137323379517,36,2,32,2,11
1413393897.106118202209473,38,3,33,2,11
1413393897.156105279922485,39,3,32,4,11
1413393897.206086397171021,41,1,34,4,11
1413393897.256078243255615,41,1,37,1,11
1413393897.306060314178467,40,0,34,5,11
1413393897.356061935424805,42,3,38,2,11
1413393897.406073093414307,42,1,37,2,11
1413393897.456093072891235,46,3,38,5,11
1413393897.506101846694946,40,0,40,0,11
1413393897.556095361709595,40,0,38,0,11
1413393897.606087684631348,41,2,37,2,11
1413393897.656076192855835,44,2,39,5,11
1413393897.706064939498901,44,3,40,2,11
1413393897.756056070327759,44,2,41,1,11
1413393897.806067943572998,45,2,38,4,11
1413393897.856067895889282,45,1,40,1,11
1413393897.906056642532349,47,7,40,6,11
1413393897.956054925918579,44,0,43,0,11
1413393898.006052732467651,45,5,40,1,11
1413393898.056028604507446,47,5,40,5,11
1413393898.106015682220459,48,3,44,4,11
1413393898.156017065048218,42,3,42,0,11
1413393898.206028938293457,37,7,35,2,11
1413393898.256047725677490,38,5,33,2,11
1413393898.306059598922729,36,2,33,1,11
1413393898.356068372726440,38,2,32,5,11
1413393898.406077146530151,35,4,33,0,11
1413393898.456076622009277,22,3,20,0,11
1413393898.506090641021729,24,3,18,2,11
1413393898.556116580963135,23,0,19,1,11
1413393898.606132507324219,23,10,18,2,11
1413393898.656138896942139,23,0,17,1,11
1413393898.706173419952393,21,4,17,2,11
1413393898.756258964538574,26,2,17,8,11
1413393898.806266307830811,24,2,21,0,11
1413393898.856265783309937,24,2,16,1,11
1413393898.906269550323486,15,6,8,0,11
1413393898.956264972686768,12,0,8,1,11
1413393899.006298065185547,15,2,9,6,11
1413393899.056290388107300,16,2,14,1,11
1413393899.106240510940552,15,3,14,1,11
1413393899.156193733215332,15,4,13,0,11
1413393899.206129312515259,22,12,10,7,11
1413393899.256058931350708,29,8,15,9,11
1413393899.306066274642944,25,11,19,4,11
1413393899.356062412261963,23,5,22,0,11
1413393899.406065464019775,18,2,15,0,11
1413393899.456077098846436,17,0,15,2,11
1413393899.506076097488403,15,3,14,0,11
1413393899.556065559387207,11,1,11,0,11
1413393899.606044292449951,7,1,4,1,11
1413393899.656029224395752,7,1,7,0,11
1413393899.706027507781982,7,1,5,1,11
1413393899.756047248840332,7,1,6,0,11
1413393899.806086063385010,11,7,2,5,11
1413393899.856108427047729,9,14,3,3,11
1413393899.906099319458008,11,0,3,2,11
1413393899.956105470657349,7,0,4,1,11
1413393900.006106376647949,6,2,1,0,11
1413393900.056107044219971,3,1,0,0,11
1413393900.106128454208374,1,1,0,1,11
1413393900.156126737594604,1,4,1,0,11
1413393900.206114053726196,2,3,1,1,11
1413393900.256113767623901,2,1,1,0,11
1413393900.306121110916138,3,5,1,1,11
1413393900.356128215789795,4,7,2,2,11
1413393900.406125545501709,5,14,3,1,11
1413393900.456121206283569,12,6,4,8,11
1413393900.506118535995483,21,11,11,10,11
1413393900.556120157241821,22,6,19,1,11
1413393900.606137752532959,24,11,18,3,11
1413393900.656144618988037,20,7,16,0,11
1413393900.706133604049683,17,4,14,0,11
1413393900.756109237670898,22,2,13,7,11
1413393900.806087493896484,20,2,18,0,11
1413393900.856063604354858,18,0,15,0,11
1413393900.906037330627441,18,1,16,2,11
1413393900.956021785736084,19,4,17,1,11
1413393901.006016254425049,25,8,18,6,11
1413393901.056010246276855,24,13,21,0,11
1413393901.106007814407349,25,8,20,2,11
1413393901.155965089797974,27,3,21,6,11
1413393901.205947637557983,29,2,26,2,11
1413393901.255944013595581,28,4,26,0,11
1413393901.305940151214600,27,6,25,1,11
1413393901.355942010879517,24,2,21,0,11
1413393901.405945062637329,23,4,21,0,11
1413393901.455951929092407,19,6,18,0,11
1413393901.505962371826172,19,2,16,3,11
1413393901.555973768234253,18,7,17,0,11
1413393901.605971336364746,20,1,15,2,11
1413393901.655992269515991,26,4,17,7,11
1413393901.706007003784180,33,5,22,10,11
1413393901.756023645401001,38,5,25,5,11
1413393901.806030988693237,42,8,30,6,11
1413393901.856023550033569,38,7,30,0,11
1413393901.906017303466797,35,1,31,3,11
1413393901.956012248992920,34,0,33,0,11
1413393902.006009101867676,35,1,33,1,11
1413393902.056000709533691,38,3,32,6,11
1413393902.106000185012817,36,1,34,1,11
1413393902.156000375747681,37,0,35,1,11
1413393902.206001520156860,37,1,34,2,11
1413393902.255998849868774,37,3,34,3,11
1413393902.305999279022217,37,1,36,1,11
1413393902.356004476547241,46,5,35,11,11
1413393902.406006336212158,48,5,43,4,11
1413393902.456006765365601,50,12,46,2,11
1413393902.506006956100464,48,5,46,1,11
1413393902.556003570556641,48,1,47,1,11
1413393902.606003522872925,49,3,47,2,11
1413393902.656003952026367,49,5,47,0,11
1413393902.706004619598389,50,7,46,1,11
1413393902.756004095077515,46,4,44,0,11
1413393902.806005001068115,47,4,42,2,11
1413393902.856002330780029,42,4,38,0,11
1413393902.905998945236206,38,8,34,0,11
1413393902.956000328063965,34,10,32,0,11
1413393903.005999088287354,33,0,32,1,11
1413393903.055999517440796,34,5,31,1,11
1413393903.105999946594238,34,4,31,1,11
1413393903.156000137329102,30,3,28,0,11
1413393903.206004142761230,32,1,28,4,11
1413393903.256006956100464,32,4,32,0,11
1413393903.306010484695435,34,5,31,2,11
1413393903.356018781661987,35,1,31,2,11
1413393903.406022548675537,37,2,33,3,11
1413393903.456022739410400,40,5,36,4,11
1413393903.506020069122314,50,1,40,10,11
1413393903.556020498275757,50,2,49,0,11
1413393903.606023311614990,46,5,45,0,11
1413393903.656031370162964,48,2,44,3,11
1413393903.706034183502197,48,0,42,1,11
1413393903.756036281585693,45,2,38,2,11
1413393903.806038379669189,44,2,41,2,11
1413393903.856040716171265,45,1,41,4,11
1413393903.906044483184814,45,2,40,4,11
1413393903.956047058105469,44,2,44,0,11
1413393904.006049394607544,45,1,44,1,11
1413393904.056050777435303,48,3,43,5,11
1413393904.106050252914429,47,0,47,0,11
1413393904.156046152114868,49,5,47,2,11
1413393904.206036090850830,50,3,49,1,11
1413393904.256024122238159,50,4,50,0,11
1413393904.306014776229858,50,6,50,0,11
1413393904.356012105941772,48,4,47,0,11
1413393904.406010150909424,49,1,46,2,11
1413393904.456008434295654,49,2,47,1,11
1413393904.506009101867676,48,1,45,1,11
1413393904.556014776229858,49,3,44,2,11
1413393904.606031894683838,49,3,46,1,11
1413393904.656049489974976,47,5,43,3,11
1413393904.706064701080322,48,0,46,1,11
1413393904.756072282791138,49,2,47,2,11
1413393904.806073188781738,47,1,46,1,11
1413393904.856067419052124,47,3,45,1,11
1413393904.906060457229614,45,4,43,2,11
1413393904.956053972244263,47,3,42,5,11
1413393905.006046295166016,46,2,40,2,11
1413393905.056044816970825,42,2,31,4,11
1413393905.106041431427002,38,5,31,2,11
1413393905.156041383743286,36,1,31,4,11
1413393905.206044912338257,34,2,30,3,11
1413393905.256045818328857,38,0,32,5,11
1413393905.306046724319458,38,0,36,1,11
1413393905.356047153472900,38,2,34,2,11
1413393905.406045198440552,40,3,34,5,11
1413393905.456043243408203,39,1,38,1,11
1413393905.506043672561646,40,1,38,2,11
1413393905.556044578552246,40,1,39,0,11
1413393905.606044530868530,44,1,36,5,11
1413393905.656044960021973,48,6,40,7,11
1413393905.706045150756836,50,3,44,3,11
1413393905.756045103073120,48,0,43,0,11
1413393905.806044816970825,47,0,42,2,11
1413393905.856044292449951,44,5,43,1,11
1413393905.906044006347656,46,2,42,2,11
1413393905.956043958663940,45,4,42,0,11
1413393906.006042718887329,46,1,42,4,11
1413393906.056040048599243,48,0,43,3,11
1413393906.106034994125366,49,4,42,2,11
1413393906.156032562255859,46,1,41,1,11
1413393906.206022500991821,48,9,38,4,11
1413393906.256019830703735,46,3,38,3,11
1413393906.306020498275757,43,3,39,0,11
1413393906.356025695800781,43,1,38,4,11
1413393906.406031847000122,42,3,40,1,11
1413393906.456041336059570,45,3,40,4,11
1413393906.506048202514648,42,3,40,1,11
1413393906.556053638458252,42,0,40,0,11
1413393906.606054544448853,44,0,39,4,11
1413393906.656054258346558,43,1,43,0,11
1413393906.706054449081421,43,0,41,1,11
1413393906.756059646606445,46,2,41,3,11
1413393906.806061506271362,49,3,42,5,11
1413393906.856064796447754,49,8,47,1,11
1413393906.906068325042725,48,0,44,1,11
1413393906.956068277359009,49,1,45,1,11
1413393907.006071567535400,47,4,46,1,11
1413393907.056066274642944,47,0,46,0,11
1413393907.106054544448853,50,4,43,3,11
1413393907.156040191650391,49,0,45,0,11
1413393907.206027746200562,50,2,45,4,11
1413393907.256015539169312,50,3,48,1,11
1413393907.306006431579590,48,1,47,0,11
1413393907.355995655059814,48,0,45,1,11
1413393907.405985593795776,48,2,45,0,11
1413393907.455979347229004,49,9,45,3,11
1413393907.505984067916870,49,0,48,1,11
1413393907.555984258651733,49,1,49,0,11
1413393907.605978488922119,50,2,49,1,11
1413393907.655969381332397,50,4,50,0,11
1413393907.705960512161255,50,4,50,0,11
1413393907.755951404571533,50,0,48,0,11
1413393907.805936574935913,50,3,47,0,11
1413393907.855930089950562,50,1,46,2,11
1413393907.905920028686523,49,4,47,0,11
1413393907.955916166305542,49,0,46,1,11
1413393908.005918979644775,48,2,46,0,11
1413393908.055923938751221,48,13,46,1,11
1413393908.105926990509033,48,0,47,1,11
1413393908.155926704406738,48,0,47,0,11
1413393908.205925703048706,50,1,46,2,11
1413393908.255924940109253,49,4,47,1,11
1413393908.305927276611328,50,2,48,2,11
1413393908.355932950973511,50,1,49,0,11
1413393908.405931949615479,50,6,47,0,11
1413393908.455923318862915,50,3,44,1,11
1413393908.505917787551880,49,5,45,1,11
1413393908.555912971496582,49,0,46,3,11
1413393908.605910301208496,49,3,48,0,11
1413393908.655909299850464,50,11,48,1,11
1413393908.705916166305542,50,0,49,1,11
1413393908.755923509597778,49,0,49,0,11
1413393908.805929899215698,50,8,49,1,11
1413393908.855933189392090,50,3,50,0,11
1413393908.905929803848267,50,2,50,0,11
1413393908.955929279327393,49,0,49,0,11
1413393909.005932807922363,49,3,47,0,11
1413393909.055936574935913,50,1,47,1,11
1413393909.105942964553833,48,5,48,0,11
1413393909.155947685241699,49,1,48,1,11
1413393909.205952405929565,49,2,49,0,11
1413393909.255957841873169,48,10,48,0,11
1413393909.305958747863770,48,0,48,0,11
1413393909.355959892272949,47,0,47,0,11
1413393909.405963659286499,50,4,47,3,11
1413393909.455963611602783,50,0,50,0,11
1413393909.505964279174805,50,3,49,0,11
1413393909.555964231491089,50,1,49,0,11
1413393909.605963468551636,49,4,49,0,11
1413393909.655962228775024,48,3,48,0,11
1413393909.705956697463989,50,12,47,2,11
1413393909.755955696105957,48,0,48,0,11
1413393909.805954694747925,46,2,44,0,11
1413393909.855951070785522,44,8,40,1,11
1413393909.905950307846069,41,1,38,1,11
1413393909.955949783325195,41,1,39,0,11
1413393910.005949258804321,40,2,34,5,11
1413393910.055948019027710,40,0,36,0,11
1413393910.105949163436890,41,2,35,2,11
1413393910.155949592590332,39,1,35,1,11
1413393910.205951452255249,44,0,35,8,11
1413393910.255953073501587,42,5,42,0,11
1413393910.305956840515137,48,6,41,6,11
1413393910.355958938598633,50,12,46,2,11
1413393910.405959606170654,48,2,45,0,11
1413393910.455961704254150,48,18,44,3,11
1413393910.505961656570435,43,4,43,0,11
1413393910.555957794189453,43,0,43,0,11
1413393910.605955362319946,43,1,42,0,11
1413393910.655952453613281,43,5,41,0,11
1413393910.705948829650879,40,5,38,0,11
1413393910.755942344665527,42,9,37,3,11
1413393910.805937767028809,41,6,38,1,11
1413393910.855926275253296,47,5,38,7,11
1413393910.905916452407837,48,9,45,2,11
1413393910.955909490585327,47,8,45,2,11
1413393911.005908012390137,46,6,44,2,11
1413393911.055907249450684,47,7,45,2,11
1413393911.105911254882812,42,3,42,0,11
1413393911.155912637710571,41,5,37,0,11
1413393911.205916404724121,39,3,36,0,11
1413393911.255918502807617,38,2,34,3,11
1413393911.305918693542480,38,3,36,1,11
1413393911.355919361114502,38,3,35,0,11
1413393911.405919551849365,35,3,32,0,11
1413393911.455921173095703,46,4,30,13,11
1413393911.505919933319092,46,0,36,4,11
1413393911.555916786193848,44,7,38,2,11
1413393911.605917453765869,41,17,32,5,11
1413393911.655919313430786,43,11,34,4,11
1413393911.705916404724121,41,1,35,1,11
1413393911.755910158157349,42,2,32,5,11
1413393911.805903196334839,42,3,35,2,11
1413393911.855903625488281,43,3,34,4,11
1413393911.905900716781616,42,4,32,2,11
1413393911.955899715423584,38,10,32,1,11
1413393912.005900621414185,37,7,28,6,11
1413393912.055900096893311,38,1,32,1,11
1413393912.105898618698120,36,3,33,1,11
1413393912.155890226364136,39,2,30,8,11
1413393912.205887079238892,43,3,33,7,11
1413393912.255885124206543,40,6,36,1,11
1413393912.305883646011353,37,6,31,1,11
1413393912.355882644653320,36,4,31,2,11
1413393912.405882596969604,45,1,29,13,11
1413393912.455883264541626,40,6,37,0,11
1413393912.505883455276489,34,7,31,0,11
1413393912.555884122848511,29,6,24,1,11
1413393912.605886936187744,25,8,20,3,11
1413393912.655890703201294,21,4,16,0,11
1413393912.705891609191895,19,8,16,1,11
1413393912.755893707275391,16,4,16,0,11
1413393912.805896043777466,13,7,13,0,11
1413393912.855897903442383,17,2,12,4,11
1413393912.905898094177246,18,4,16,2,11
1413393912.955896377563477,20,4,18,2,11
1413393913.005897283554077,21,3,18,3,11
1413393913.055897712707520,20,1,20,0,11
1413393913.105897903442383,25,4,20,5,11
1413393913.155891895294189,33,4,25,8,11
1413393913.205889463424683,36,1,32,3,11
1413393913.255885362625122,38,8,33,4,11
1413393913.305882692337036,38,6,34,1,11
1413393913.355883836746216,43,5,33,7,11
1413393913.405880689620972,48,6,38,9,11
1413393913.455880641937256,45,4,43,2,11
1413393913.505879878997803,43,2,43,0,11
1413393913.555878877639771,40,4,39,0,11
1413393913.605877637863159,38,5,37,0,11
1413393913.655874967575073,36,6,34,1,11
1413393913.705875396728516,40,1,32,5,11
1413393913.755879878997803,37,4,24,0,11
1413393913.805882453918457,36,1,11,2,11
1413393913.855884075164795,31,1,7,5,11
1413393913.905888080596924,24,3,11,7,11
1413393913.955904006958008,34,4,17,15,11
1413393914.005907297134399,31,6,22,1,11
1413393914.055916070938110,34,2,18,6,11
1413393914.105922698974609,33,2,20,6,11
1413393914.155933141708374,30,2,17,5,11
1413393914.205950260162354,30,7,18,5,11
1413393914.255958795547485,30,2,19,4,11
1413393914.305961370468140,27,2,22,1,11
1413393914.355971574783325,31,1,21,9,11
1413393914.405971050262451,30,2,29,0,11
1413393914.455972671508789,38,7,27,10,11
1413393914.505968570709229,39,4,36,1,11
1413393914.555966377258301,36,2,36,0,11
1413393914.605965852737427,44,2,34,9,11
1413393914.655968427658081,43,3,39,0,11
1413393914.705971717834473,46,1,36,8,11
1413393914.755971193313599,46,1,44,2,11
1413393914.805970191955566,49,5,45,3,11
1413393914.855970144271851,47,2,45,0,11
1413393914.905971050262451,45,10,41,3,11
1413393914.955970048904419,44,0,43,0,11
1413393915.005969047546387,42,1,42,0,11
1413393915.055968999862671,47,4,40,7,11
1413393915.105969429016113,46,3,45,0,11
1413393915.155969381332397,45,2,44,0,11
1413393915.205970764160156,44,2,44,0,11
1413393915.255971908569336,44,3,43,0,11
1413393915.305974006652832,49,10,43,5,11
1413393915.355975627899170,46,0,44,0,11
1413393915.405976533889771,48,5,43,3,11
1413393915.455976247787476,47,4,45,1,11
1413393915.505974531173706,49,5,46,3,11
1413393915.555973768234253,47,1,47,0,11
1413393915.605974197387695,50,6,46,3,11
1413393915.655974388122559,47,4,46,0,11
1413393915.705973625183105,46,3,46,0,11
1413393915.755973339080811,45,1,44,0,11
1413393915.805973529815674,48,1,43,3,11
1413393915.855973482131958,46,1,45,0,11
1413393915.905974388122559,49,2,45,4,11
1413393915.955975055694580,49,5,48,1,11
1413393916.005975723266602,49,1,47,0,11
1413393916.055977106094360,50,6,46,1,11
1413393916.105978012084961,49,4,47,1,11
1413393916.155978918075562,48,4,47,1,11
1413393916.205980300903320,49,2,47,2,11
1413393916.255980014801025,45,2,44,0,11
1413393916.305979251861572,49,5,42,5,11
1413393916.355978012084961,47,0,44,0,11
1413393916.405975341796875,43,2,42,0,11
1413393916.455972433090210,46,2,36,5,11
1413393916.505970478057861,45,4,32,2,11
1413393916.555968761444092,46,1,31,4,11
1413393916.605967998504639,43,2,32,6,11
1413393916.655967473983765,46,1,36,5,11
1413393916.705966711044312,46,2,36,3,11
1413393916.755964517593384,47,0,38,4,11
1413393916.805961370468140,47,1,41,6,11
1413393916.855959177017212,47,0,45,1,11
1413393916.905956029891968,47,1,44,2,11
1413393916.955955743789673,48,5,43,3,11
1413393917.005956172943115,47,1,45,0,11
1413393917.055955410003662,47,1,45,1,11
1413393917.105955362319946,47,1,44,1,11
1413393917.155953168869019,47,1,40,2,11
1413393917.205951452255249,45,1,39,2,11
1413393917.255946636199951,42,2,40,1,11
1413393917.305941581726074,43,0,36,4,11
1413393917.355938434600830,44,1,39,2,11
1413393917.405936717987061,46,2,39,5,11
1413393917.455932617187500,45,0,37,4,11
1413393917.505928754806519,48,5,41,5,11
1413393917.555927276611328,47,1,43,2,11
1413393917.605924844741821,50,1,40,3,11
1413393917.655924081802368,39,0,37,0,11
1413393917.705923557281494,35,0,32,0,11
1413393917.755925178527832,35,0,27,4,11
1413393917.805926799774170,31,0,28,0,11
1413393917.855927467346191,29,4,25,0,11
1413393917.905927658081055,28,0,23,1,11
1413393917.955927610397339,26,0,23,1,11
1413393918.005927801132202,25,0,23,0,11
1413393918.055927515029907,24,0,21,3,11
1413393918.105927944183350,29,0,21,5,11
1413393918.155927419662476,25,2,23,0,11
1413393918.205927371978760,26,0,23,3,11
1413393918.255927562713623,26,0,24,0,11
1413393918.305928230285645,28,0,22,2,11
1413393918.355929136276245,30,1,23,4,11
1413393918.405928373336792,30,1,27,2,11
1413393918.455928564071655,31,0,24,4,11
1413393918.505928993225098,31,1,21,8,11
1413393918.555929660797119,30,1,27,1,11
1413393918.605931043624878,23,0,19,0,11
1413393918.655930995941162,18,0,15,1,11
1413393918.705930709838867,16,1,10,6,11
1413393918.755931615829468,20,4,13,4,11
1413393918.805932998657227,20,4,15,2,11
1413393918.855934381484985,15,5,13,0,11
1413393918.905940532684326,20,0,8,11,11
1413393918.955940246582031,20,5,14,3,11
1413393919.005939483642578,17,5,13,0,11
1413393919.055936574935913,16,3,11,3,11
1413393919.105933666229248,16,4,11,2,11
1413393919.155931949615479,14,1,10,1,11
1413393919.205927610397339,15,7,11,4,11
1413393919.255923271179199,18,5,10,7,11
1413393919.305923700332642,14,7,14,0,11
1413393919.355922460556030,14,9,13,0,11
1413393919.405924320220947,16,1,10,3,11
1413393919.455924749374390,16,3,12,2,11
1413393919.505925416946411,15,7,13,0,11
1413393919.555926084518433,16,8,12,3,11
1413393919.605927705764771,16,2,12,4,11
1413393919.655928134918213,17,2,15,2,11
1413393919.705929279327393,17,2,15,2,11
1413393919.755930423736572,21,0,16,4,11
1413393919.805931806564331,24,3,20,4,11
1413393919.855930566787720,40,2,24,16,11
1413393919.905932426452637,42,3,37,3,11
1413393919.955934047698975,46,2,37,5,11
1413393920.005932807922363,46,2,39,4,11
1413393920.055931806564331,39,5,37,0,11
1413393920.105929136276245,39,1,34,3,11
1413393920.155928850173950,39,2,33,5,11
1413393920.205929279327393,44,0,37,6,11
1413393920.255926847457886,44,1,42,0,11
1413393920.305925846099854,44,0,41,2,11
1413393920.355926752090454,48,2,40,6,11
1413393920.405925989151001,49,3,45,2,11
1413393920.455924987792969,48,1,45,1,11
1413393920.505923271179199,48,2,44,2,11
1413393920.555922746658325,48,2,43,2,11
1413393920.605920314788818,48,4,44,2,11
1413393920.655918836593628,49,0,46,3,11
1413393920.705916404724121,49,6,48,1,11
1413393920.755913496017456,49,13,48,1,11
1413393920.805911302566528,50,3,49,1,11
1413393920.855910539627075,50,3,49,0,11
1413393920.905909538269043,47,3,46,0,11
1413393920.955908775329590,48,3,45,2,11
1413393921.005908012390137,48,3,41,2,11
1413393921.055906057357788,45,0,40,1,11
1413393921.105906248092651,48,2,39,7,11
1413393921.155905485153198,47,1,44,1,11
1413393921.205902338027954,49,13,44,4,11
1413393921.255900621414185,47,5,47,0,11
1413393921.305899143218994,47,1,45,1,11
1413393921.355896711349487,48,11,43,3,11
1413393921.405893802642822,46,0,45,0,11
1413393921.455889701843262,45,1,45,0,11
1413393921.505887985229492,45,0,45,0,11
1413393921.555885314941406,46,4,43,1,11
1413393921.605885982513428,48,16,44,3,11
1413393921.655889272689819,48,1,47,1,11
1413393921.705893039703369,50,3,47,2,11
1413393921.755896568298340,50,1,49,0,11
1413393921.805900812149048,50,10,49,1,11
1413393921.855901956558228,50,3,50,0,11
1413393921.905902147293091,50,0,49,0,11
1413393921.955903530120850,49,9,49,0,11
1413393922.005906343460083,49,1,49,0,11
1413393922.055910348892212,50,0,48,1,11
1413393922.105913877487183,50,11,49,0,11
1413393922.155920982360840,48,21,48,0,11
1413393922.205923557281494,48,16,47,1,11
1413393922.255926370620728,48,3,44,0,11
1413393922.305925607681274,46,1,42,1,11
1413393922.355925083160400,42,6,40,0,11
1413393922.405923604965210,48,2,39,8,11
1413393922.455921649932861,39,4,39,0,11
1413393922.505922079086304,39,3,38,0,11
1413393922.555923938751221,42,6,37,3,11
1413393922.605925559997559,40,0,38,1,11
1413393922.655927181243896,40,4,39,1,11
1413393922.705928325653076,49,1,38,9,11
1413393922.755928754806519,49,12,46,1,11
1413393922.805925130844116,48,16,47,1,11
1413393922.855921030044556,49,10,47,1,11
1413393922.905918121337891,49,3,47,0,11
1413393922.955913305282593,48,1,47,0,11
1413393923.005908489227295,49,7,47,2,11
1413393923.055903434753418,48,1,46,0,11
1413393923.105903387069702,44,2,44,0,11
1413393923.155902385711670,43,2,37,0,11
1413393923.205905675888062,43,9,40,0,11
1413393923.255908727645874,41,11,38,2,11
1413393923.305911064147949,46,6,39,5,11
1413393923.355911493301392,46,8,42,4,11
1413393923.405908823013306,47,9,41,3,11
1413393923.455906629562378,43,10,41,0,11
1413393923.505905151367188,40,3,38,0,11
1413393923.555903673171997,33,11,31,0,11
1413393923.605902910232544,30,9,27,1,11
1413393923.655904769897461,29,6,24,0,11
1413393923.705908536911011,29,12,25,1,11
1413393923.755912542343140,24,11,23,0,11
1413393923.805924654006958,26,11,22,2,11
1413393923.855931520462036,25,4,20,1,11
1413393923.905934572219849,22,10,17,0,11
1413393923.955935955047607,20,2,12,2,11
1413393924.005937576293945,20,5,14,3,11
1413393924.055941104888916,21,4,16,5,11
1413393924.105942249298096,21,3,17,2,11
1413393924.155941963195801,19,12,16,0,11
1413393924.205941438674927,24,5,16,7,11
1413393924.255941390991211,24,7,23,1,11
1413393924.305942058563232,24,11,23,1,11
1413393924.355942487716675,27,7,20,5,11
1413393924.405942678451538,23,6,20,1,11
1413393924.455942869186401,25,5,18,4,11
1413393924.505942583084106,23,5,19,1,11
1413393924.555943965911865,22,7,17,4,11
1413393924.605942964553833,21,12,14,4,11
1413393924.655943393707275,20,11,12,3,11
1413393924.705944061279297,16,8,11,1,11
1413393924.755946397781372,18,7,11,5,11
1413393924.805945873260498,16,7,11,2,11
1413393924.855945587158203,15,2,11,1,11
1413393924.905942916870117,12,12,10,1,11
1413393924.955940961837769,12,2,10,1,11
1413393925.005932807922363,15,6,9,4,11
1413393925.055927276611328,17,10,12,5,11
1413393925.105925559997559,12,8,11,0,11
1413393925.155920982360840,14,10,10,3,11
1413393925.205919027328491,18,1,10,5,11
1413393925.255918979644775,17,4,8,1,11
1413393925.305918693542480,14,6,5,0,11
1413393925.355920553207397,10,10,2,3,11
1413393925.405916929244995,7,2,4,3,11
1413393925.455919504165649,9,16,5,2,11
1413393925.505920410156250,12,2,8,3,11
1413393925.555922269821167,11,10,10,0,11
1413393925.605923175811768,12,5,10,1,11
1413393925.655924081802368,13,4,10,3,11
1413393925.705924034118652,13,4,11,0,11
1413393925.755923748016357,14,7,10,2,11
1413393925.805920839309692,12,7,11,1,11
1413393925.855920791625977,18,2,11,6,11
1413393925.905919551849365,20,7,15,4,11
1413393925.955918788909912,25,6,17,8,11
1413393926.005918502807617,24,5,24,0,11
1413393926.055917263031006,29,5,23,6,11
1413393926.105916976928711,29,3,27,2,11
1413393926.155917167663574,31,8,29,2,11
1413393926.205916881561279,34,2,30,3,11
1413393926.255918264389038,39,4,33,5,11
1413393926.305919885635376,40,4,38,2,11
1413393926.355921030044556,42,0,40,2,11
1413393926.405922412872314,40,2,37,1,11
1413393926.455923318862915,42,3,37,2,11
1413393926.505923748016357,42,0,39,2,11
1413393926.555923700332642,39,0,38,1,11
1413393926.605924844741821,39,1,34,2,11
1413393926.655925512313843,39,1,35,2,11
1413393926.705925464630127,38,1,32,4,11
1413393926.755924940109253,42,0,34,5,11
1413393926.805925130844116,42,1,36,3,11
1413393926.855926275253296,40,1,36,1,11
1413393926.905927419662476,38,1,34,3,11
1413393926.955927848815918,37,2,37,0,11
1413393927.005928277969360,37,0,36,0,11
1413393927.055928468704224,38,0,32,1,11
1413393927.105928659439087,39,0,30,2,11
1413393927.155929565429688,42,0,32,7,11
1413393927.205931901931763,45,1,39,6,11
1413393927.255932092666626,47,1,43,3,11
1413393927.305932044982910,50,4,44,3,11
1413393927.355933427810669,48,1,41,1,11
1413393927.405935764312744,46,11,37,2,11
1413393927.455935239791870,42,5,34,5,11
1413393927.505933761596680,35,4,32,0,11
1413393927.555934190750122,34,0,29,3,11
1413393927.605934143066406,33,5,26,5,11
1413393927.655934572219849,33,6,30,0,11
1413393927.705935478210449,34,4,28,4,11
1413393927.755935668945312,31,6,31,0,11
1413393927.805936336517334,31,5,29,2,11
1413393927.855937242507935,29,4,28,0,11
1413393927.905939102172852,28,3,27,0,11
1413393927.955939769744873,28,5,25,2,11
1413393928.005940437316895,31,7,25,4,11
1413393928.055939674377441,30,2,26,3,11
1413393928.105939149856567,26,8,25,0,11
1413393928.155938386917114,25,2,24,0,11
1413393928.205937862396240,24,1,23,0,11
1413393928.255936622619629,27,6,21,4,11
1413393928.305936813354492,27,5,23,1,11
1413393928.355937242507935,28,6,22,3,11
1413393928.405936717987061,25,8,21,4,11
1413393928.455938577651978,25,10,23,0,11
1413393928.505938291549683,25,1,24,0,11
1413393928.555936336517334,26,0,21,3,11
1413393928.605935573577881,29,4,20,5,11
1413393928.655936479568481,26,2,23,1,11
1413393928.705941677093506,27,0,21,5,11
1413393928.755946874618530,27,2,24,2,11
1413393928.805951118469238,27,4,26,1,11
1413393928.855953931808472,27,1,27,0,11
1413393928.905955553054810,26,6,26,0,11
1413393928.955956935882568,26,1,26,0,11
1413393929.005957365036011,29,4,23,3,11
1413393929.055956363677979,32,3,24,3,11
1413393929.105956792831421,30,2,24,1,11
1413393929.155956268310547,31,5,22,3,11
1413393929.205955743789673,31,1,24,3,11
1413393929.255955457687378,31,3,24,4,11
1413393929.305955171585083,32,0,27,3,11
1413393929.355955123901367,33,0,24,3,11
1413393929.405955314636230,34,4,25,5,11
1413393929.455956459045410,34,1,27,5,11
1413393929.505956649780273,34,1,29,1,11
1413393929.555957078933716,31,3,29,0,11
1413393929.605958223342896,28,2,28,0,11
1413393929.655958175659180,26,0,25,0,11
1413393929.705958127975464,23,2,20,1,11
1413393929.755958318710327,23,2,21,1,11
1413393929.805958509445190,23,2,22,1,11
1413393929.855959177017212,24,2,23,1,11
1413393929.905959844589233,24,2,22,2,11
1413393929.955960035324097,21,0,21,0,11
1413393930.005959749221802,22,3,20,2,11
1413393930.055959701538086,26,2,19,4,11
1413393930.105960369110107,27,3,19,1,11
1413393930.155960559844971,27,0,17,3,11
1413393930.205960988998413,27,0,19,4,11
1413393930.255960941314697,23,1,20,0,11
1413393930.305961132049561,23,2,16,1,11
1413393930.355960845947266,20,1,17,0,11
1413393930.405958890914917,21,4,16,5,11
1413393930.455957889556885,24,2,20,3,11
1413393930.505955457687378,24,7,21,1,11
1413393930.555955171585083,24,2,21,2,11
1413393930.605954408645630,28,0,23,5,11
1413393930.655954360961914,32,3,27,4,11
1413393930.705955028533936,33,0,29,1,11
1413393930.755954742431641,39,3,30,7,11
1413393930.805953979492188,40,5,35,3,11
1413393930.855953454971313,36,4,31,1,11
1413393930.905953645706177,33,1,31,0,11
1413393930.955953598022461,39,1,31,8,11
1413393931.005954504013062,39,2,38,0,11
1413393931.055954694747925,47,6,36,9,11
1413393931.105954885482788,45,2,41,0,11
1413393931.155953645706177,44,3,39,2,11
1413393931.205953359603882,41,6,36,0,11
1413393931.255953073501587,40,2,36,1,11
1413393931.305952787399292,37,7,36,0,11
1413393931.355952978134155,36,2,29,2,11
1413393931.405952692031860,36,4,30,1,11
1413393931.455952644348145,35,3,29,4,11
1413393931.505952119827271,34,1,31,1,11
1413393931.555950880050659,33,2,30,0,11
1413393931.605949640274048,36,9,28,4,11
1413393931.655948877334595,40,1,29,7,11
1413393931.705949068069458,41,6,35,3,11
1413393931.755949258804321,42,5,34,5,11
1413393931.805949926376343,42,1,33,7,11
1413393931.855950117111206,41,1,39,0,11
1413393931.905951023101807,40,2,35,3,11
1413393931.955951452255249,40,2,36,1,11
1413393932.005951166152954,39,1,35,1,11
1413393932.055951595306396,40,1,35,3,11
1413393932.105952024459839,39,3,35,3,11
1413393932.155952215194702,37,1,36,0,11
1413393932.205952644348145,46,4,33,10,11
1413393932.255952596664429,43,5,42,0,11
1413393932.305952787399292,46,3,40,5,11
1413393932.355952978134155,42,0,42,0,11
1413393932.405951023101807,46,4,39,5,11
1413393932.455950736999512,45,2,41,0,11
1413393932.505949735641479,47,4,39,5,11
1413393932.555949926376343,44,0,44,0,11
1413393932.605950355529785,47,2,42,4,11
1413393932.655951499938965,49,11,43,3,11
1413393932.705950736999512,45,10,38,2,11
1413393932.755951404571533,41,1,36,0,11
1413393932.805951595306396,36,2,31,2,11
1413393932.855952024459839,39,1,32,5,11
1413393932.905952930450439,37,2,35,1,11
1413393932.955953836441040,43,2,34,8,11
1413393933.005954742431641,43,3,41,2,11
1413393933.055955886840820,47,6,39,7,11
1413393933.105956077575684,46,5,42,1,11
1413393933.155955553054810,40,1,40,0,11
1413393933.205955028533936,37,2,36,0,11
1413393933.255954742431641,45,0,36,8,11
1413393933.305954933166504,49,4,42,5,11
1413393933.355954885482788,47,2,45,1,11
1413393933.405955314636230,46,1,43,3,11
1413393933.455955505371094,47,0,46,1,11
1413393933.505954980850220,48,3,46,2,11
1413393933.555954933166504,48,6,44,2,11
1413393933.605954885482788,48,3,45,1,11
1413393933.655953168869019,46,4,43,2,11
1413393933.705952405929565,45,1,41,1,11
1413393933.755952835083008,48,4,41,5,11
1413393933.805953025817871,46,1,43,2,11
1413393933.855952739715576,46,4,41,3,11
1413393933.905952215194702,47,1,41,3,11
1413393933.955951452255249,45,1,43,1,11
1413393934.005950212478638,46,3,42,2,11
1413393934.055948734283447,49,4,43,4,11
1413393934.105948209762573,47,6,43,2,11
1413393934.155947685241699,46,1,44,1,11
1413393934.205946922302246,45,3,42,3,11
1413393934.255945682525635,47,0,44,2,11
1413393934.305945158004761,46,1,43,0,11
1413393934.355945110321045,46,1,41,2,11
1413393934.405944108963013,49,11,43,4,11
1413393934.455944299697876,48,0,47,1,11
1413393934.505944490432739,48,0,48,0,11
1413393934.555942296981812,48,14,47,1,11
1413393934.605942964553833,48,2,47,0,11
1413393934.655943632125854,48,0,46,0,11
1413393934.705944538116455,49,6,46,2,11
1413393934.755945682525635,46,1,45,0,11
1413393934.805947303771973,47,9,41,2,11
1413393934.855947256088257,47,0,43,1,11
1413393934.905946969985962,44,2,41,2,11
1413393934.955945491790771,40,6,39,0,11
1413393935.005943298339844,40,2,29,6,11
1413393935.055941820144653,42,11,32,7,11
1413393935.105940580368042,37,0,37,0,11
1413393935.155938386917114,43,7,34,7,11
1413393935.205938100814819,39,7,33,0,11
1413393935.255938529968262,33,2,30,0,11
1413393935.305938482284546,34,4,29,5,11
1413393935.355937957763672,31,4,27,0,11
1413393935.405931234359741,47,7,24,18,11
1413393935.455929994583130,45,5,37,1,11
1413393935.505928993225098,42,2,35,1,11
1413393935.555927753448486,38,6,32,2,11
1413393935.605926275253296,39,2,30,4,11
1413393935.655921459197998,43,16,30,9,11
1413393935.705920219421387,42,2,38,0,11
1413393935.755919218063354,40,1,37,2,11
1413393935.805918455123901,40,0,39,1,11
1413393935.855917692184448,41,0,40,1,11
1413393935.905915498733521,45,15,39,5,11
1413393935.955914974212646,44,0,43,0,11
1413393936.005914688110352,44,2,39,2,11
1413393936.055915594100952,46,1,38,3,11
1413393936.105916023254395,44,1,36,2,11
1413393936.155917644500732,37,5,30,1,11
1413393936.205917119979858,34,10,25,3,11
1413393936.255918502807617,41,1,27,11,11
1413393936.305917024612427,38,1,37,1,11
1413393936.355916261672974,40,3,33,6,11
1413393936.405914783477783,37,4,37,0,11
1413393936.455914258956909,31,0,30,0,11
1413393936.505912303924561,38,5,25,12,11
1413393936.555911064147949,36,1,32,1,11
1413393936.605910778045654,34,1,29,0,11
1413393936.655910491943359,25,4,21,1,11
1413393936.705910205841064,19,2,15,0,11
1413393936.755910873413086,28,2,14,12,11
1413393936.805910587310791,26,1,25,0,11
1413393936.855910778045654,23,5,23,0,11
1413393936.905910491943359,21,1,19,2,11
1413393936.955912351608276,31,3,17,14,11
1413393937.005912780761719,30,7,29,0,11
1413393937.055913209915161,30,1,28,2,11
1413393937.105914354324341,35,1,29,5,11
1413393937.155915260314941,32,0,31,0,11
1413393937.205916166305542,32,1,31,1,11
1413393937.255916595458984,34,0,30,4,11
1413393937.305918216705322,37,1,34,3,11
1413393937.355919122695923,41,3,36,5,11
1413393937.405919313430786,42,2,41,1,11
1413393937.455919504165649,39,1,37,0,11
1413393937.505920886993408,43,0,37,4,11
1413393937.555922508239746,45,0,40,5,11
1413393937.605925083160400,49,1,45,4,11
1413393937.655926227569580,50,11,49,1,11
1413393937.705926895141602,49,4,49,0,11
1413393937.755928277969360,48,0,47,1,11
1413393937.805930376052856,46,3,45,0,11
1413393937.855931758880615,47,0,45,1,11
1413393937.905930280685425,48,2,46,2,11
1413393937.955929040908813,49,4,48,1,11
1413393938.005929470062256,49,0,49,0,11
1413393938.055930376052856,49,0,49,0,11
1413393938.105931043624878,50,1,49,1,11
1413393938.155932426452637,50,1,50,0,11
1413393938.205932617187500,50,0,50,0,11
1413393938.255929708480835,49,16,49,0,11
1413393938.305927276611328,50,2,49,1,11
1413393938.355925321578979,49,0,49,0,11
1413393938.405923366546631,49,4,49,0,11
1413393938.455923318862915,48,0,47,0,11
1413393938.505922317504883,49,2,47,1,11
1413393938.555921316146851,49,4,45,1,11
1413393938.605921745300293,49,0,42,0,11
1413393938.655922412872314,45,0,40,1,11
1413393938.705922126770020,41,1,41,0,11
1413393938.755921363830566,43,0,38,5,11
1413393938.805920839309692,42,1,40,0,11
1413393938.855922460556030,50,7,39,8,11
1413393938.905922889709473,47,1,45,1,11
1413393938.955923318862915,45,0,44,0,11
1413393939.005923271179199,45,0,40,3,11
1413393939.055924892425537,43,2,42,0,11
1413393939.105927467346191,47,17,37,7,11
1413393939.155933141708374,49,1,35,3,11
1413393939.205925226211548,44,1,35,0,11
1413393939.255918264389038,44,2,35,8,11
1413393939.305909633636475,42,1,40,0,11
1413393939.355902671813965,41,1,39,0,11
1413393939.405896186828613,39,0,34,1,11
1413393939.455887556076050,39,6,31,5,11
1413393939.505883216857910,35,2,31,0,11
1413393939.555882930755615,29,4,25,0,11
1413393939.605882883071899,27,4,22,4,11
1413393939.655881166458130,26,3,18,8,11
1413393939.705880880355835,33,1,25,8,11
1413393939.755875825881958,34,1,31,1,11
1413393939.805867433547974,33,1,31,0,11
1413393939.855857610702515,32,7,27,0,11
1413393939.905846834182739,31,9,25,1,11
1413393939.955844163894653,28,16,21,1,11
1413393940.005837678909302,31,6,18,5,11
1413393940.055839061737061,29,0,19,2,11
1413393940.105840444564819,27,2,18,5,11
1413393940.155839681625366,25,2,20,2,11
1413393940.205834865570068,24,1,21,2,11
1413393940.255829095840454,24,1,20,1,11
1413393940.305815696716309,24,1,23,0,11
1413393940.355803012847900,24,0,22,1,11
1413393940.405795812606812,24,1,20,0,11
1413393940.455783605575562,29,1,16,7,11
1413393940.505778551101685,30,2,20,4,11
1413393940.555769920349121,35,4,23,8,11
1413393940.605773448944092,36,1,27,3,11
1413393940.655771970748901,32,1,23,4,11
1413393940.705773591995239,23,0,20,1,11
1413393940.755776643753052,20,3,18,1,11
1413393940.805774927139282,22,0,19,3,11
1413393940.855775594711304,21,1,20,0,11
1413393940.905777454376221,21,2,19,0,11
1413393940.955778598785400,22,10,17,2,11
1413393941.005780458450317,22,7,18,2,11
1413393941.055781602859497,21,11,18,1,11
1413393941.105784416198730,25,10,17,5,11
1413393941.155786752700806,26,1,22,2,11
1413393941.205788612365723,26,4,22,3,11
1413393941.255796432495117,30,3,24,5,11
1413393941.305812597274780,34,2,28,5,11
1413393941.355826139450073,37,4,32,3,11
1413393941.405834436416626,36,3,32,0,11
1413393941.455846071243286,40,6,31,6,11
1413393941.505851030349731,43,2,36,6,11
1413393941.555853605270386,50,3,42,7,11
1413393941.605851650238037,49,7,46,0,11
1413393941.655846118927002,49,7,44,1,11
1413393941.705841302871704,45,0,42,1,11
1413393941.755837202072144,44,3,41,2,11
1413393941.805831432342529,44,5,41,3,11
1413393941.855825662612915,45,2,40,3,11
1413393941.905818462371826,44,7,40,1,11
1413393941.955813169479370,43,9,41,0,11
1413393942.005807161331177,43,22,36,7,11
1413393942.055805206298828,40,16,35,0,11
1413393942.105805873870850,43,1,29,4,11
1413393942.155807018280029,37,1,28,0,11
1413393942.205809116363525,29,4,26,1,11
1413393942.255808591842651,29,3,24,2,11
1413393942.305812835693359,30,0,24,2,11
1413393942.355820894241333,30,3,25,3,11
1413393942.405828714370728,29,2,24,1,11
1413393942.455837011337280,28,2,19,0,11
1413393942.505849123001099,28,1,17,3,11
1413393942.555858373641968,26,3,18,4,11
1413393942.605875492095947,31,0,15,9,11
1413393942.655886411666870,36,1,21,7,11
1413393942.705888032913208,35,1,26,4,11
1413393942.755886316299438,33,5,27,3,11
1413393942.805881738662720,33,2,20,6,11
1413393942.855876684188843,34,0,25,3,11
1413393942.905871868133545,31,0,28,1,11
1413393942.955865859985352,32,0,27,4,11
1413393943.005861759185791,30,0,29,0,11
1413393943.055857896804810,30,4,29,1,11
1413393943.105854511260986,36,4,28,7,11
1413393943.155852794647217,49,10,35,13,11
1413393943.205852031707764,48,7,43,1,11
1413393943.255849361419678,49,4,40,2,11
1413393943.305845499038696,50,6,41,5,11
1413393943.355841875076294,48,6,45,2,11
1413393943.405836820602417,47,1,47,0,11
1413393943.455834150314331,48,1,47,1,11
1413393943.505834341049194,48,3,46,2,11
1413393943.555831670761108,49,2,48,1,11
1413393943.605828523635864,49,0,49,0,11
1413393943.655825138092041,49,0,49,0,11
1413393943.705825328826904,49,4,48,1,11
1413393943.755826234817505,50,8,49,1,11
1413393943.805826902389526,50,4,50,0,11
1413393943.855828046798706,50,6,50,0,11
1413393943.905828714370728,50,4,48,0,11
1413393943.955830097198486,50,4,47,0,11
1413393944.005831718444824,48,3,48,0,11
1413393944.055832386016846,48,1,48,0,11
1413393944.105833053588867,48,3,48,0,11
1413393944.155836582183838,48,0,46,2,11
1413393944.205839395523071,48,5,48,0,11
1413393944.255841255187988,49,4,47,1,11
1413393944.305841684341431,50,2,47,1,11
1413393944.355840921401978,49,6,45,1,11
1413393944.405839204788208,46,3,38,0,11
1413393944.455835819244385,41,0,33,3,11
1413393944.505828142166138,41,0,31,8,11
1413393944.555819272994995,44,0,38,3,11
1413393944.605811119079590,45,1,39,3,11
1413393944.655804634094238,43,0,39,1,11
1413393944.705798387527466,47,1,39,6,11
1413393944.755796670913696,48,1,44,4,11
1413393944.805794954299927,48,3,46,2,11
1413393944.855795860290527,47,0,47,0,11
1413393944.905797243118286,49,1,44,3,11
1413393944.955797433853149,50,1,46,1,11
1413393945.005799055099487,48,2,47,0,11
1413393945.055800437927246,48,4,45,2,11
1413393945.105801820755005,47,2,45,0,11
1413393945.155802726745605,49,2,44,4,11
1413393945.205802202224731,45,5,44,1,11
1413393945.255801916122437,44,3,39,4,11
1413393945.305801868438721,45,5,42,2,11
1413393945.355802774429321,44,9,37,4,11
1413393945.405802249908447,41,1,39,0,11
1413393945.455803632736206,41,1,39,2,11
1413393945.505803823471069,40,0,40,0,11
1413393945.555804729461670,40,2,39,0,11
1413393945.605804443359375,38,4,37,1,11
1413393945.655805826187134,37,3,36,0,11
1413393945.705805540084839,35,4,33,1,11
1413393945.755805730819702,33,1,30,0,11
1413393945.805806636810303,33,1,30,2,11
1413393945.855807542800903,34,1,32,2,11
1413393945.905809164047241,34,0,33,1,11
1413393945.955811500549316,36,1,32,3,11
1413393946.005814075469971,34,2,31,0,11
1413393946.055815935134888,35,1,31,2,11
1413393946.105817794799805,33,0,33,0,11
1413393946.155817985534668,35,1,32,3,11
1413393946.205817699432373,33,3,31,1,11
1413393946.255817890167236,34,0,27,5,11
1413393946.305818319320679,34,0,30,1,11
1413393946.355819225311279,31,0,28,0,11
1413393946.405819416046143,29,0,25,0,11
1413393946.455819606781006,30,1,24,3,11
1413393946.505820035934448,28,0,25,0,11
1413393946.555820226669312,28,0,22,1,11
1413393946.605820417404175,26,0,19,1,11
1413393946.655821323394775,26,2,20,3,11
1413393946.705820798873901,25,2,20,3,11
1413393946.755819559097290,28,1,22,3,11
1413393946.805816888809204,31,0,23,5,11
1413393946.855813980102539,32,2,23,2,11
1413393946.905810117721558,31,0,22,1,11
1413393946.955806255340576,29,5,22,5,11
1413393947.005803346633911,28,0,25,2,11
1413393947.055799961090088,29,1,27,2,11
1413393947.105798482894897,36,0,28,8,11
1413393947.155800819396973,35,3,35,0,11
1413393947.205804347991943,34,0,33,0,11
1413393947.255807161331177,37,1,32,4,11
1413393947.305809259414673,34,0,32,0,11
1413393947.355810403823853,33,1,31,0,11
1413393947.405810594558716,30,0,30,0,11
1413393947.455810308456421,29,1,27,0,11
1413393947.505810499191284,29,2,26,0,11
1413393947.555810928344727,29,1,22,2,11
1413393947.605810880661011,29,2,24,1,11
1413393947.655811071395874,30,3,20,4,11
1413393947.705810308456421,31,1,19,3,11
1413393947.755810499191284,26,12,19,0,11
1413393947.805810213088989,24,4,16,5,11
1413393947.855810165405273,19,6,14,3,11
1413393947.905810117721558,15,4,12,0,11
1413393947.955810546875000,14,3,10,2,11
1413393948.005810499191284,12,4,11,1,11
1413393948.055810451507568,13,4,12,1,11
1413393948.105811119079590,17,9,11,5,11
1413393948.155810594558716,20,0,16,3,11
1413393948.205810308456421,24,3,19,5,11
1413393948.255809783935547,34,5,24,10,11
1413393948.305809259414673,33,8,32,0,11
1413393948.355808734893799,34,1,30,3,11
1413393948.405807495117188,33,3,26,6,11
1413393948.455806255340576,44,4,31,12,11
1413393948.505805492401123,42,2,40,1,11
1413393948.555804252624512,42,2,41,0,11
1413393948.605799913406372,48,7,41,7,11
1413393948.655797958374023,47,2,46,0,11
1413393948.705797672271729,46,4,43,2,11
1413393948.755796909332275,48,3,44,3,11
1413393948.805795431137085,48,1,46,0,11
1413393948.855793952941895,47,5,45,1,11
1413393948.905789852142334,45,2,43,1,11
1413393948.955784559249878,44,1,41,0,11
1413393949.005780220031738,46,2,42,3,11
1413393949.055778264999390,47,5,45,2,11
1413393949.105778455734253,47,0,47,0,11
1413393949.155777931213379,46,1,46,0,11
1413393949.205774545669556,49,13,46,3,11
1413393949.255773782730103,47,3,47,0,11
1413393949.305773019790649,47,7,47,0,11
1413393949.355772256851196,47,7,47,0,11
1413393949.405771732330322,49,4,46,3,11
1413393949.455771923065186,50,4,48,1,11
1413393949.505772590637207,50,2,48,0,11
1413393949.555773258209229,48,0,46,0,11
1413393949.605773448944092,48,0,44,1,11
1413393949.655773162841797,48,3,45,2,11
1413393949.705773353576660,47,0,47,0,11
1413393949.755774021148682,50,5,47,3,11
1413393949.805773973464966,50,8,49,0,11
1413393949.855774164199829,49,4,46,0,11
1413393949.905774354934692,49,5,44,2,11
1413393949.955775022506714,45,3,42,0,11
1413393950.005774736404419,46,2,42,2,11
1413393950.055772781372070,48,3,43,5,11
1413393950.105770826339722,45,4,42,0,11
1413393950.155767917633057,47,4,40,3,11
1413393950.205766916275024,46,2,42,3,11
1413393950.255766630172729,47,1,44,2,11
1413393950.305766344070435,44,2,41,0,11
1413393950.355767011642456,44,0,37,2,11
1413393950.405766725540161,46,14,37,6,11
1413393950.455766439437866,41,3,39,0,11
1413393950.505766391754150,43,0,39,2,11
1413393950.555766820907593,47,1,40,6,11
1413393950.605767250061035,47,0,43,0,11
1413393950.655766487121582,47,1,41,2,11
1413393950.705767154693604,48,10,38,5,11
1413393950.755767107009888,45,3,39,1,11
1413393950.805767297744751,46,6,37,6,11
1413393950.855767965316772,40,3,38,1,11
1413393950.905767917633057,48,8,36,10,11
1413393950.955767631530762,44,0,40,1,11
1413393951.005767583847046,43,8,35,5,11
1413393951.055767774581909,40,3,36,2,11
1413393951.105767726898193,41,1,38,1,11
1413393951.155767917633057,40,1,37,2,11
1413393951.205767869949341,38,1,37,0,11
1413393951.255767822265625,38,2,34,2,11
1413393951.305768013000488,42,0,35,6,11
1413393951.355768442153931,41,2,38,1,11
1413393951.405768632888794,48,6,37,9,11
1413393951.455768585205078,44,3,41,2,11
1413393951.505768537521362,50,0,43,6,11
1413393951.555768728256226,49,1,47,1,11
1413393951.605769634246826,47,16,44,1,11
1413393951.655770778656006,47,2,45,1,11
1413393951.705771446228027,46,0,45,1,11
1413393951.755772352218628,46,1,43,0,11
1413393951.805773019790649,46,1,39,2,11
1413393951.855773687362671,49,4,41,6,11
1413393951.905773639678955,46,6,46,0,11
1413393951.955773591995239,46,1,43,1,11
1413393952.005773305892944,49,4,41,3,11
1413393952.055773496627808,50,5,42,3,11
1413393952.105773687362671,49,3,46,2,11
1413393952.155773639678955,48,1,47,1,11
1413393952.205773591995239,50,11,48,2,11
1413393952.255773544311523,49,3,46,0,11
1413393952.305773496627808,47,2,43,0,11
1413393952.355773687362671,48,3,42,4,11
1413393952.405773878097534,47,3,45,1,11
1413393952.455773830413818,49,4,45,4,11
1413393952.505774021148682,50,0,49,1,11
1413393952.555773973464966,50,4,49,0,11
1413393952.605773925781250,48,2,45,0,11
1413393952.655773639678955,46,0,42,0,11
1413393952.705773353576660,45,2,39,3,11
1413393952.755773305892944,43,0,40,0,11
1413393952.805773496627808,47,11,38,7,11
1413393952.855772972106934,46,2,44,0,11
1413393952.905772447586060,46,1,42,2,11
1413393952.955771923065186,43,2,39,0,11
1413393953.005771398544312,43,1,39,2,11
1413393953.055770874023438,46,0,38,5,11
1413393953.105770349502563,48,0,44,2,11
1413393953.155769348144531,47,3,44,1,11
1413393953.205768585205078,47,1,43,2,11
1413393953.255768537521362,45,1,44,1,11
1413393953.305768251419067,47,2,44,2,11
1413393953.355767488479614,47,2,46,0,11
1413393953.405766487121582,50,5,44,4,11
1413393953.455765962600708,47,4,45,0,11
1413393953.505764961242676,48,5,43,4,11
1413393953.555763959884644,47,0,44,1,11
1413393953.605764150619507,48,4,45,2,11
1413393953.655765295028687,45,3,43,1,11
1413393953.705765962600708,46,0,44,1,11
1413393953.755766391754150,43,1,40,0,11
1413393953.805766582489014,43,0,39,1,11
1413393953.855767011642456,49,5,40,9,11
1413393953.905767202377319,49,2,49,0,11
1413393953.955767154693604,49,0,49,0,11
1413393954.005767107009888,50,4,49,1,11
1413393954.055767059326172,50,3,49,0,11
1413393954.105767250061035,50,6,49,0,11
1413393954.155767440795898,49,6,48,1,11
1413393954.205767869949341,50,2,48,1,11
1413393954.255768299102783,49,2,48,0,11
1413393954.305768489837646,50,1,47,2,11
1413393954.355768680572510,50,8,49,0,11
1413393954.405768394470215,47,2,47,0,11
1413393954.455768346786499,47,0,44,2,11
1413393954.505768299102783,45,1,45,0,11
1413393954.555768489837646,43,2,40,0,11
1413393954.605768442153931,45,1,40,2,11
1413393954.655768632888794,41,1,40,0,11
1413393954.705769062042236,42,3,39,1,11
1413393954.755769252777100,47,2,35,8,11
1413393954.805769443511963,48,3,39,3,11
1413393954.855769872665405,46,2,39,3,11
1413393954.905770063400269,44,1,41,2,11
1413393954.955770492553711,49,8,43,6,11
1413393955.005770444869995,46,7,42,1,11
1413393955.055770397186279,41,4,37,0,11
1413393955.105770826339722,48,4,36,10,11
1413393955.155770778656006,47,2,45,2,11
1413393955.205770254135132,48,5,46,2,11
1413393955.255769491195679,48,2,44,1,11
1413393955.305768966674805,47,3,45,0,11
1413393955.355769157409668,45,2,40,4,11
1413393955.405768871307373,41,2,39,1,11
1413393955.455768585205078,33,2,30,2,11
1413393955.505768060684204,28,4,27,0,11
1413393955.555767297744751,30,10,24,4,11
1413393955.605767250061035,28,2,25,1,11
1413393955.655767202377319,28,1,27,1,11
1413393955.705767393112183,29,1,26,1,11
1413393955.755767583847046,28,6,24,0,11
1413393955.805768251419067,34,2,21,9,11
1413393955.855768680572510,31,3,29,0,11
1413393955.905768156051636,30,3,28,0,11
1413393955.955767869949341,32,3,28,3,11
1413393956.005766630172729,38,0,31,7,11
1413393956.055766582489014,44,2,37,6,11
1413393956.105767250061035,41,2,37,1,11
1413393956.155767917633057,43,4,35,3,11
1413393956.205768108367920,44,2,36,4,11
1413393956.255768060684204,39,0,35,0,11
1413393956.305767536163330,45,1,32,7,11
1413393956.355768203735352,39,4,34,1,11
1413393956.405768394470215,35,2,30,2,11
1413393956.455768346786499,33,1,29,1,11
1413393956.505768299102783,30,5,29,1,11
1413393956.555767774581909,35,2,27,7,11
1413393956.605767250061035,36,3,34,1,11
1413393956.655766963958740,36,1,33,3,11
1413393956.705766916275024,35,0,35,0,11
1413393956.755766630172729,37,1,34,2,11
1413393956.805766820907593,38,1,35,1,11
1413393956.855767011642456,39,0,35,2,11
1413393956.905766487121582,40,5,32,4,11
1413393956.955766677856445,42,2,34,5,11
1413393957.005766868591309,45,2,35,8,11
1413393957.055766820907593,49,0,40,5,11
1413393957.105767965316772,46,12,44,1,11
1413393957.155767917633057,45,1,42,3,11
1413393957.205767631530762,40,1,39,0,11
1413393957.255767345428467,39,3,38,0,11
1413393957.305767297744751,38,3,36,0,11
1413393957.355767488479614,36,1,32,0,11
1413393957.405767440795898,37,1,29,4,11
1413393957.455767393112183,35,0,30,2,11
1413393957.505767822265625,45,0,30,13,11
1413393957.555768251419067,41,0,39,0,11
1413393957.605768442153931,40,0,38,0,11
1413393957.655768394470215,37,0,36,1,11
1413393957.705768346786499,48,7,37,11,11
1413393957.755768775939941,45,0,43,0,11
1413393957.805768966674805,39,2,36,0,11
1413393957.855769634246826,37,3,33,1,11
1413393957.905770301818848,37,7,30,2,11
1413393957.955770492553711,36,2,26,5,11
1413393958.005770683288574,37,0,30,5,11
1413393958.055770158767700,40,0,33,7,11
1413393958.105770587921143,39,0,38,0,11
1413393958.155770301818848,43,0,36,4,11
1413393958.205770492553711,43,0,39,2,11
1413393958.255769729614258,42,2,40,0,11
1413393958.305768489837646,45,5,40,4,11
1413393958.355768203735352,43,0,40,1,11
1413393958.405767440795898,45,0,38,3,11
1413393958.455766439437866,48,5,37,5,11
1413393958.505765914916992,48,1,41,2,11
1413393958.555764675140381,46,5,43,1,11
1413393958.605764389038086,46,3,41,4,11
1413393958.655763864517212,48,1,43,3,11
1413393958.705763578414917,47,1,45,0,11
1413393958.755764484405518,48,4,43,3,11
1413393958.805765628814697,48,1,44,1,11
1413393958.855766773223877,47,0,42,1,11
1413393958.905767679214478,48,4,40,4,11
1413393958.955767393112183,47,9,42,2,11
1413393959.005766868591309,47,1,42,0,11
1413393959.055766105651855,45,1,34,4,11
1413393959.105766057968140,43,0,37,3,11
1413393959.155766010284424,42,6,37,3,11
1413393959.205765962600708,41,2,34,1,11
1413393959.255764722824097,39,3,33,3,11
1413393959.305763483047485,38,1,32,3,11
1413393959.355762004852295,43,0,34,5,11
1413393959.405760526657104,48,6,36,9,11
1413393959.455760478973389,45,2,43,0,11
1413393959.505760192871094,46,0,43,3,11
1413393959.555760622024536,48,0,43,4,11
1413393959.605761051177979,45,1,43,0,11
1413393959.655760526657104,45,3,41,3,11
1413393959.705759525299072,41,8,39,2,11
1413393959.755759477615356,40,0,39,1,11
1413393959.805761098861694,37,0,36,0,11
1413393959.855762720108032,41,0,35,4,11
1413393959.905763864517212,39,3,37,1,11
1413393959.955764055252075,39,2,37,0,11
1413393960.005764961242676,43,4,35,5,11
1413393960.055764436721802,43,0,36,2,11
1413393960.105764389038086,41,0,35,2,11
1413393960.155763626098633,41,0,37,3,11
1413393960.205763101577759,40,0,38,1,11
1413393960.255762577056885,43,2,39,3,11
1413393960.305761337280273,45,1,42,3,11
1413393960.355761051177979,45,1,45,0,11
1413393960.405760288238525,44,0,44,0,11
1413393960.455760240554810,50,1,44,6,11
1413393960.505760192871094,50,13,50,0,11
1413393960.555760383605957,50,0,50,0,11
1413393960.605760812759399,49,0,48,0,11
1413393960.655761003494263,48,0,46,0,11
1413393960.705760955810547,46,3,43,1,11
1413393960.755760431289673,50,11,39,5,11
1413393960.805760145187378,48,1,41,0,11
1413393960.855759382247925,44,3,39,2,11
1413393960.905759096145630,45,0,39,2,11
1413393960.955759048461914,43,7,40,0,11
1413393961.005760192871094,39,5,37,1,11
1413393961.055761814117432,41,2,37,2,11
1413393961.105766296386719,43,3,35,4,11
1413393961.155769824981689,43,2,26,1,11
1413393961.205775499343872,46,2,21,6,11
1413393961.255777359008789,38,2,11,9,11
1413393961.305780410766602,37,4,15,5,11
1413393961.355785131454468,37,2,15,12,11
1413393961.405783176422119,34,4,15,4,11
1413393961.455781221389771,33,0,15,3,11
1413393961.505777835845947,30,1,15,9,11
1413393961.555774450302124,29,0,22,3,11
1413393961.605771303176880,30,0,22,3,11
1413393961.655769824981689,30,0,22,2,11
1413393961.705769777297974,31,0,17,4,11
1413393961.755770683288574,31,2,19,4,11
1413393961.805771112442017,31,0,22,6,11
1413393961.855771541595459,31,3,28,2,11
1413393961.905769824981689,37,2,30,7,11
1413393961.955770015716553,41,3,36,4,11
1413393962.005770206451416,42,1,39,2,11
1413393962.055771350860596,46,2,40,5,11
1413393962.105771780014038,49,0,44,3,11
1413393962.155771493911743,47,8,44,0,11
1413393962.205771684646606,50,3,42,4,11
1413393962.255771636962891,42,7,37,1,11
1413393962.305771112442017,38,12,33,0,11
1413393962.355772733688354,35,3,31,1,11
1413393962.405774354934692,32,3,22,1,11
1413393962.455775260925293,30,3,18,1,11
1413393962.505775451660156,27,2,17,8,11
1413393962.555775403976440,26,1,23,2,11
1413393962.605775356292725,24,3,22,1,11
1413393962.655774116516113,38,2,22,15,11
1413393962.705773591995239,34,8,32,0,11
1413393962.755773067474365,30,18,29,0,11
1413393962.805773258209229,29,9,23,2,11
1413393962.855773687362671,33,5,23,10,11
1413393962.905773401260376,29,2,26,1,11
1413393962.955773353576660,23,1,18,4,11
1413393963.005773067474365,21,5,20,0,11
1413393963.055773258209229,14,6,10,3,11
1413393963.105773448944092,11,5,11,0,11
1413393963.155773878097534,9,3,9,0,11
1413393963.205774307250977,16,9,8,7,11
1413393963.255774497985840,13,4,10,0,11
1413393963.305774688720703,11,2,9,0,11
1413393963.355774879455566,16,2,7,8,11
1413393963.405775070190430,20,3,13,4,11
1413393963.455775022506714,18,6,14,1,11
1413393963.505774974822998,16,5,12,2,11
1413393963.555774688720703,20,4,10,5,11
1413393963.605774164199829,27,1,9,8,11
1413393963.655773639678955,30,5,11,7,11
1413393963.705773591995239,28,6,16,5,11
1413393963.755773067474365,28,3,20,5,11
1413393963.805772781372070,30,5,21,5,11
1413393963.855773210525513,28,4,22,0,11
1413393963.905773639678955,27,4,17,2,11
1413393963.955773830413818,23,9,16,2,11
1413393964.005774259567261,30,4,15,12,11
1413393964.055773973464966,27,4,26,1,11
1413393964.105773448944092,28,3,25,3,11
1413393964.155773162841797,28,3,26,2,11
1413393964.205772161483765,27,3,26,1,11
1413393964.255771636962891,30,4,27,3,11
1413393964.305771350860596,32,6,28,3,11
1413393964.355771541595459,31,8,24,6,11
1413393964.405771493911743,31,1,24,5,11
1413393964.455771207809448,31,5,25,2,11
1413393964.505771160125732,28,3,23,1,11
1413393964.555770635604858,35,1,23,9,11
1413393964.605770826339722,30,4,29,0,11
1413393964.655770778656006,35,3,24,7,11
1413393964.705770254135132,39,3,27,7,11
1413393964.755770206451416,36,6,30,3,11
1413393964.805770397186279,34,8,33,0,11
1413393964.855771541595459,41,0,31,10,11
1413393964.905772209167480,42,2,40,1,11
1413393964.955772876739502,46,7,39,6,11
1413393965.005773305892944,39,1,36,2,11
1413393965.055773496627808,41,12,31,6,11
1413393965.105773687362671,47,9,33,8,11
1413393965.155773639678955,44,8,36,2,11
1413393965.205773591995239,36,3,33,0,11
1413393965.255773544311523,31,3,29,1,11
1413393965.305773019790649,44,4,29,14,11
1413393965.355773210525513,43,2,41,2,11
1413393965.405773401260376,42,2,42,0,11
1413393965.455773591995239,37,8,34,1,11
1413393965.505773305892944,42,4,31,8,11
1413393965.555771350860596,47,15,36,8,11
1413393965.605771303176880,43,4,36,1,11
1413393965.655771255493164,39,6,31,0,11
1413393965.705772161483765,43,14,29,10,11
1413393965.755773067474365,38,6,33,2,11
1413393965.805773973464966,38,6,32,1,11
1413393965.855773448944092,37,5,32,2,11
1413393965.905773162841797,36,1,32,1,11
1413393965.955771923065186,41,0,33,7,11
1413393966.005771875381470,37,2,34,0,11
1413393966.055771827697754,35,0,33,0,11
1413393966.105772256851196,31,1,30,0,11
1413393966.155772924423218,34,1,29,3,11
1413393966.205773353576660,42,3,31,9,11
1413393966.255773067474365,40,2,37,2,11
1413393966.305773258209229,44,2,36,6,11
1413393966.355773687362671,48,3,37,6,11
1413393966.405773401260376,49,3,43,4,11
1413393966.455773591995239,47,13,42,2,11
1413393966.505773067474365,46,5,41,1,11
1413393966.555773496627808,49,6,40,6,11
1413393966.605773687362671,45,1,42,0,11
1413393966.655774116516113,45,0,41,2,11
1413393966.705774545669556,40,11,39,0,11
1413393966.755774736404419,35,3,34,0,11
1413393966.805774927139282,35,5,32,0,11
1413393966.855774879455566,33,2,28,1,11
1413393966.905774116516113,31,5,27,1,11
1413393966.955773591995239,30,2,28,1,11
1413393967.005773305892944,33,3,25,7,11
1413393967.055773258209229,37,3,32,4,11
1413393967.105773210525513,38,2,35,3,11
1413393967.155772209167480,41,5,35,6,11
1413393967.205771684646606,43,0,39,4,11
1413393967.255771636962891,45,2,41,3,11
1413393967.305771827697754,45,1,42,1,11
1413393967.355772018432617,44,2,41,2,11
1413393967.405772209167480,41,1,40,1,11
1413393967.455772161483765,39,1,38,1,11
1413393967.505772113800049,41,2,39,2,11
1413393967.555772066116333,43,5,39,4,11
1413393967.605772256851196,47,2,42,4,11
1413393967.655771970748901,45,6,40,2,11
1413393967.705771923065186,49,0,41,5,11
1413393967.755771636962891,48,2,45,1,11
1413393967.805771350860596,47,2,44,2,11
1413393967.855770111083984,48,7,42,3,11
1413393967.905768871307373,49,2,39,2,11
1413393967.955766916275024,44,6,33,3,11
1413393968.005766391754150,40,4,34,2,11
1413393968.055766820907593,40,1,33,4,11
1413393968.105767965316772,42,1,34,6,11
1413393968.155768871307373,42,0,40,1,11
1413393968.205769062042236,40,1,40,0,11
1413393968.255769252777100,44,1,40,4,11
1413393968.305769205093384,44,1,44,0,11
1413393968.355769157409668,49,5,44,5,11
1413393968.405768871307373,48,2,47,1,11
1413393968.455769062042236,50,8,47,2,11
1413393968.505768299102783,50,9,48,0,11
1413393968.555768251419067,50,5,48,1,11
1413393968.605769157409668,49,2,48,0,11
1413393968.655769348144531,50,17,48,1,11
1413393968.705770015716553,50,2,49,1,11
1413393968.755770206451416,50,1,50,0,11
1413393968.805769443511963,50,0,50,0,11
1413393968.855768442153931,50,2,50,0,11
1413393968.905767679214478,50,1,48,0,11
1413393968.955767154693604,49,9,48,0,11
1413393969.005766868591309,49,1,48,1,11
1413393969.055766820907593,50,10,47,1,11
1413393969.105766773223877,49,11,46,0,11
1413393969.155766010284424,49,6,43,1,11
1413393969.205765247344971,50,1,41,3,11
1413393969.255764007568359,48,19,42,1,11
1413393969.305763483047485,45,0,41,2,11
1413393969.355763435363770,42,0,40,0,11
1413393969.405763864517212,41,0,38,0,11
1413393969.455764293670654,41,2,38,1,11
1413393969.505764484405518,38,1,36,0,11
1413393969.555764198303223,47,3,36,9,11
1413393969.605764627456665,47,5,42,2,11
1413393969.655764341354370,46,3,40,1,11
1413393969.705764055252075,47,5,38,5,11
1413393969.755764007568359,48,2,42,4,11
1413393969.805763959884644,48,0,45,2,11
1413393969.855763912200928,50,18,47,2,11
1413393969.905763626098633,49,1,49,0,11
1413393969.955763816833496,49,1,48,0,11
1413393970.005763769149780,47,1,44,0,11
1413393970.055763959884644,44,0,40,0,11
1413393970.105764389038086,43,0,38,1,11
1413393970.155763626098633,50,27,40,9,11
1413393970.205763101577759,46,0,46,0,11
1413393970.255762577056885,47,1,44,1,11
1413393970.305762052536011,49,1,43,3,11
1413393970.355762243270874,48,1,45,1,11
1413393970.405762195587158,47,1,42,0,11
1413393970.455762386322021,47,12,40,2,11
1413393970.505762577056885,46,1,42,2,11
1413393970.555763006210327,44,3,44,0,11
1413393970.605763435363770,44,1,43,0,11
1413393970.655763626098633,45,3,42,1,11
1413393970.705764532089233,49,15,44,5,11
1413393970.755763769149780,49,35,48,1,11
1413393970.805763244628906,48,8,47,1,11
1413393970.855762481689453,48,1,46,1,11
1413393970.905761480331421,47,0,47,0,11
1413393970.955761194229126,48,0,45,1,11
1413393971.005762815475464,48,0,45,0,11
1413393971.055764913558960,47,3,44,1,11
1413393971.105767488479614,46,0,44,1,11
1413393971.155770778656006,46,1,42,1,11
1413393971.205773115158081,47,2,41,1,11
1413393971.255774736404419,41,7,37,1,11
1413393971.305775880813599,38,9,33,3,11
1413393971.355776071548462,50,22,34,13,11
1413393971.405775785446167,49,3,43,1,11
1413393971.455775499343872,45,2,38,1,11
1413393971.505774736404419,43,7,38,1,11
1413393971.555774450302124,39,2,38,0,11
1413393971.605774879455566,38,5,34,0,11
1413393971.655775070190430,43,6,34,7,11
1413393971.705774784088135,41,4,39,0,11
1413393971.755773782730103,44,3,37,5,11
1413393971.805772542953491,44,4,42,0,11
1413393971.855771303176880,43,5,40,2,11
1413393971.905770301818848,43,0,41,1,11
1413393971.955768346786499,46,11,41,4,11
1413393972.005767583847046,47,3,44,1,11
1413393972.055767059326172,47,0,45,1,11
1413393972.105767488479614,47,0,46,1,11
1413393972.155768871307373,49,3,46,2,11
1413393972.205769777297974,50,10,47,1,11
1413393972.255769491195679,49,4,46,0,11
1413393972.305768489837646,50,15,45,2,11
1413393972.355767488479614,49,1,45,1,11
1413393972.405766963958740,46,1,43,0,11
1413393972.455767393112183,49,10,43,6,11
1413393972.505768299102783,49,2,49,0,11
1413393972.555769205093384,49,9,47,0,11
1413393972.605769634246826,48,0,46,0,11
1413393972.655769824981689,48,1,45,2,11
1413393972.705770015716553,49,1,48,1,11
1413393972.755770444869995,49,4,48,0,11
1413393972.805770874023438,49,6,43,1,11
1413393972.855772256851196,48,6,44,1,11
1413393972.905773162841797,47,8,44,2,11
1413393972.955773115158081,47,0,46,0,11
1413393973.005773305892944,47,1,46,1,11
1413393973.055773735046387,49,3,47,2,11
1413393973.105774402618408,49,15,49,0,11
1413393973.155774593353271,49,8,49,0,11
1413393973.205775022506714,49,0,49,0,11
1413393973.255775213241577,48,0,47,0,11
1413393973.305775403976440,47,0,46,0,11
1413393973.355775833129883,46,1,44,1,11
1413393973.405776023864746,49,1,44,3,11
1413393973.455775976181030,47,10,46,0,11
1413393973.505776405334473,49,10,46,3,11
1413393973.555776596069336,49,1,47,1,11
1413393973.605777025222778,50,1,46,1,11
1413393973.655777215957642,48,4,45,0,11
1413393973.705777168273926,43,6,39,1,11
1413393973.755778551101685,43,13,40,2,11
1413393973.805778026580811,40,1,40,0,11
1413393973.855777740478516,39,3,38,0,11
1413393973.905777692794800,37,1,32,0,11
1413393973.955777645111084,35,3,27,0,11
1413393974.005777359008789,29,3,20,1,11
1413393974.055777311325073,29,5,18,7,11
1413393974.105778217315674,28,5,16,6,11
1413393974.155778646469116,24,2,15,0,11
1413393974.205779314041138,16,3,13,1,11
1413393974.255781412124634,15,5,13,1,11
1413393974.305783271789551,16,2,9,5,11
1413393974.355786323547363,20,3,12,4,11
1413393974.405787944793701,18,2,16,0,11
1413393974.455792427062988,20,3,11,5,11
1413393974.505793571472168,20,7,15,0,11
1413393974.555794239044189,17,7,14,1,11
1413393974.605796337127686,26,11,12,12,11
1413393974.655797004699707,32,2,16,8,11
1413393974.705796241760254,35,8,20,5,11
1413393974.755796194076538,30,7,20,4,11
1413393974.805795907974243,28,6,21,3,11
1413393974.855796575546265,28,6,22,1,11
1413393974.905796527862549,21,2,19,0,11
1413393974.955796480178833,17,1,17,0,11
1413393975.005795955657959,17,2,15,1,11
1413393975.055795431137085,18,4,16,1,11
1413393975.105796098709106,20,7,17,3,11
1413393975.155796051025391,21,2,18,3,11
1413393975.205795526504517,23,6,18,4,11
1413393975.255796194076538,27,7,19,6,11
1413393975.305796384811401,35,1,25,9,11
1413393975.355796337127686,36,5,34,2,11
1413393975.405796766281128,37,5,32,4,11
1413393975.455796480178833,38,4,34,2,11
1413393975.505796194076538,43,3,32,8,11
1413393975.555795669555664,41,2,36,0,11
1413393975.605796337127686,40,4,36,2,11
1413393975.655795812606812,44,3,37,6,11
1413393975.705795764923096,42,0,40,0,11
1413393975.755795717239380,38,2,36,0,11
1413393975.805795669555664,39,3,35,3,11
1413393975.855795145034790,38,1,37,0,11
1413393975.905794858932495,38,1,33,2,11
1413393975.955794572830200,39,2,32,3,11
1413393976.005794286727905,39,3,35,2,11
1413393976.055794239044189,39,0,38,1,11
1413393976.105793952941895,41,2,35,3,11
1413393976.155794143676758,40,4,35,1,11
1413393976.205793857574463,40,4,34,4,11
1413393976.255793571472168,45,2,37,7,11
1413393976.305793046951294,45,1,42,1,11
1413393976.355792999267578,44,0,41,2,11
1413393976.405792713165283,43,2,39,2,11
1413393976.455792665481567,43,3,38,2,11
1413393976.505792617797852,41,0,36,4,11
1413393976.555792570114136,42,0,39,2,11
1413393976.605792760848999,46,1,39,5,11
1413393976.655792713165283,45,1,42,3,11
1413393976.705792665481567,50,4,44,5,11
1413393976.755792856216431,50,7,46,0,11
1413393976.805793046951294,50,7,44,1,11
1413393976.855793476104736,49,1,42,2,11
1413393976.905794143676758,48,0,43,1,11
1413393976.955794334411621,45,0,40,4,11
1413393977.005794286727905,46,0,44,2,11
1413393977.055794000625610,45,0,44,0,11
1413393977.105793952941895,46,1,43,2,11
1413393977.155793428421021,46,1,44,1,11
1413393977.205792427062988,46,1,42,0,11
1413393977.255791425704956,45,2,42,0,11
1413393977.305790662765503,44,1,41,2,11
1413393977.355790615081787,45,0,40,1,11
1413393977.405790805816650,46,0,40,2,11
1413393977.455791234970093,48,3,42,5,11
1413393977.505791425704956,49,3,44,2,11
1413393977.555792093276978,50,1,46,1,11
1413393977.605792760848999,50,1,46,3,11
1413393977.655792713165283,50,2,47,0,11
1413393977.705792665481567,49,0,46,0,11
1413393977.755792617797852,50,1,46,3,11
1413393977.805792570114136,49,2,47,0,11
1413393977.855792522430420,48,1,46,0,11
1413393977.905792474746704,50,2,45,3,11
1413393977.955792427062988,50,3,46,1,11
1413393978.005792140960693,49,2,46,1,11
1413393978.055792331695557,49,12,47,1,11
1413393978.105792284011841,49,0,46,1,11
1413393978.155792474746704,49,0,47,0,11
1413393978.205792427062988,49,1,46,1,11
1413393978.255792617797852,48,1,47,0,11
1413393978.305792570114136,48,2,44,2,11
1413393978.355792999267578,46,1,45,0,11
1413393978.405793190002441,45,2,43,1,11
1413393978.455793142318726,46,4,43,1,11
1413393978.505793094635010,42,0,39,0,11
1413393978.555792808532715,43,0,39,2,11
1413393978.605792522430420,40,1,39,1,11
1413393978.655791759490967,47,2,38,8,11
1413393978.705790758132935,49,4,43,3,11
1413393978.755790233612061,48,1,46,0,11
1413393978.805789947509766,45,0,43,1,11
1413393978.855790138244629,45,0,42,1,11
1413393978.905790328979492,44,1,41,1,11
1413393978.955790281295776,48,4,42,5,11
1413393979.005790472030640,47,2,46,0,11
1413393979.055790424346924,43,1,40,0,11
1413393979.105790376663208,42,1,38,1,11
1413393979.155790328979492,40,1,38,1,11
1413393979.205790281295776,38,1,35,2,11
1413393979.255790233612061,37,0,34,1,11
1413393979.305790185928345,36,0,34,1,11
1413393979.355790138244629,33,0,33,0,11
1413393979.405790090560913,34,1,28,4,11
1413393979.455789804458618,33,0,24,0,11
1413393979.505789756774902,32,1,21,1,11
1413393979.555789232254028,38,4,22,14,11
1413393979.605789184570312,34,0,29,3,11
1413393979.655789136886597,33,3,29,0,11
1413393979.705788850784302,31,0,27,1,11
1413393979.755788803100586,30,0,26,1,11
1413393979.805788755416870,34,2,26,6,11
1413393979.855788946151733,43,3,28,13,11
1413393979.905789136886597,41,1,40,0,11
1413393979.955789327621460,39,4,39,0,11
1413393980.005789518356323,38,4,36,0,11
1413393980.055789947509766,47,4,36,10,11
1413393980.105790376663208,46,1,45,0,11
1413393980.155790567398071,46,6,42,3,11
1413393980.205790519714355,47,1,44,2,11
1413393980.255790710449219,45,1,44,0,11
1413393980.305790662765503,47,8,37,5,11
1413393980.355790615081787,45,0,43,0,11
1413393980.405790328979492,42,0,40,0,11
1413393980.455789566040039,40,5,39,0,11
1413393980.505789041519165,42,9,36,6,11
1413393980.555788516998291,39,5,39,0,11
1413393980.605788230895996,39,4,39,0,11
1413393980.655788183212280,40,2,38,1,11
1413393980.705788135528564,39,5,37,0,11
1413393980.755788326263428,50,8,37,12,11
1413393980.805788755416870,48,2,45,0,11
1413393980.855788707733154,47,2,44,0,11
1413393980.905788898468018,47,10,44,3,11
1413393980.955789089202881,46,0,45,1,11
1413393981.005789041519165,44,3,42,0,11
1413393981.055789470672607,43,3,42,0,11
1413393981.105790138244629,46,4,41,5,11
1413393981.155790805816650,46,4,45,0,11
1413393981.205791950225830,48,4,43,3,11
1413393981.255792379379272,48,2,46,1,11
1413393981.305792570114136,48,0,46,1,11
1413393981.355793714523315,48,9,44,2,11
1413393981.405793905258179,47,3,43,0,11
1413393981.455794334411621,46,7,43,1,11
1413393981.505794048309326,45,9,41,3,11
1413393981.555794000625610,47,2,42,4,11
1413393981.605794191360474,44,3,43,1,11
1413393981.655794143676758,42,6,40,0,11
1413393981.705794095993042,42,1,38,1,11
1413393981.755794286727905,42,2,39,1,11
1413393981.805794477462769,44,0,39,4,11
1413393981.855794906616211,46,2,42,3,11
1413393981.905795097351074,45,2,45,0,11
1413393981.955795288085938,49,5,43,5,11
1413393982.005795240402222,47,4,46,0,11
1413393982.055795431137085,47,0,45,0,11
1413393982.105795860290527,49,12,43,4,11
1413393982.155795812606812,47,0,46,0,11
1413393982.205795526504517,46,12,43,3,11
1413393982.255795478820801,42,1,42,0,11
1413393982.305795431137085,39,2,38,0,11
1413393982.355795621871948,38,1,35,0,11
1413393982.405795574188232,38,3,35,2,11
1413393982.455795764923096,41,1,36,4,11
1413393982.505795955657959,40,0,38,0,11
1413393982.555796146392822,39,0,33,1,11
1413393982.605796575546265,35,7,26,5,11
1413393982.655796766281128,33,5,26,2,11
1413393982.705797195434570,30,5,24,3,11
1413393982.755797386169434,30,2,26,1,11
1413393982.805797576904297,27,1,26,0,11
1413393982.855798244476318,24,4,23,0,11
1413393982.905798435211182,33,6,21,9,11
1413393982.955798387527466,35,5,24,5,11
1413393983.005797863006592,33,4,23,4,11
1413393983.055798053741455,31,3,23,2,11
1413393983.105798006057739,30,6,23,3,11
1413393983.155798196792603,29,2,25,2,11
1413393983.205798149108887,31,6,25,6,11
1413393983.255798101425171,32,4,29,1,11
1413393983.305797815322876,29,2,25,3,11
1413393983.355798244476318,28,3,24,3,11
1413393983.405798196792603,26,3,23,1,11
1413393983.455798387527466,31,4,23,5,11
1413393983.505798816680908,34,1,26,8,11
1413393983.555799007415771,29,0,29,0,11
1413393983.605799198150635,33,3,25,7,11
1413393983.655799150466919,31,2,29,1,11
1413393983.705799102783203,30,3,28,0,11
1413393983.755799055099487,27,7,24,1,11
1413393983.805799007415771,30,1,25,5,11
1413393983.855799198150635,30,2,27,2,11
1413393983.905799150466919,27,2,25,2,11
1413393983.955798864364624,27,1,22,4,11
1413393984.005798578262329,30,3,24,4,11
1413393984.055798292160034,33,0,26,6,11
1413393984.105798482894897,36,0,28,6,11
1413393984.155798435211182,32,1,30,1,11
1413393984.205798387527466,29,4,29,0,11
1413393984.255798101425171,27,1,26,1,11
1413393984.305798053741455,36,4,25,10,11
1413393984.355798244476318,35,1,31,3,11
1413393984.405798196792603,35,0,29,3,11
1413393984.455798149108887,35,0,31,1,11
1413393984.505798101425171,31,2,27,2,11
1413393984.555797815322876,37,3,29,8,11
1413393984.605798006057739,33,4,31,2,11
1413393984.655798196792603,30,7,28,0,11
1413393984.705798149108887,26,1,24,0,11
1413393984.755798339843750,28,7,23,5,11
1413393984.805798530578613,26,8,24,2,11
1413393984.855798959732056,28,7,25,3,11
1413393984.905798912048340,27,7,22,4,11
1413393984.955799579620361,30,3,22,7,11
1413393985.005800008773804,29,4,27,2,11
1413393985.055800437927246,29,4,28,0,11
1413393985.105801105499268,28,3,26,0,11
1413393985.155801534652710,27,4,25,1,11
1413393985.205801725387573,27,4,26,1,11
1413393985.255801677703857,27,2,26,1,11
1413393985.305801868438721,26,5,26,0,11
1413393985.355802536010742,28,7,26,2,11
1413393985.405802249908447,33,3,28,5,11
1413393985.455802202224731,31,6,30,0,11
1413393985.505802392959595,32,6,29,2,11
1413393985.555802106857300,32,2,29,1,11
1413393985.605802774429321,34,3,27,4,11
1413393985.655802965164185,32,4,27,1,11
1413393985.705803394317627,27,0,22,0,11
1413393985.755803346633911,25,7,21,0,11
1413393985.805803537368774,26,2,20,4,11
1413393985.855804204940796,30,1,25,5,11
1413393985.905804634094238,32,5,29,3,11
1413393985.955804586410522,33,6,31,1,11
1413393986.005804300308228,35,2,30,3,11
1413393986.055803775787354,36,2,27,2,11
1413393986.105803251266479,36,0,28,4,11
1413393986.155802249908447,36,3,31,4,11
1413393986.205800533294678,33,7,32,0,11
1413393986.255798578262329,39,5,27,7,11
1413393986.305797815322876,41,1,31,3,11
1413393986.355797767639160,40,3,25,5,11
1413393986.405797719955444,39,2,28,2,11
1413393986.455797672271729,34,0,26,2,11
1413393986.505797624588013,37,4,26,5,11
1413393986.555798053741455,35,3,25,4,11
1413393986.605798482894897,34,1,26,1,11
1413393986.655798912048340,33,0,24,5,11
1413393986.705799102783203,30,3,23,2,11
1413393986.755799531936646,31,2,22,4,11
1413393986.805800199508667,37,0,24,9,11
1413393986.855801343917847,36,2,34,1,11
1413393986.905802488327026,33,2,29,0,11
1413393986.955803871154785,33,2,25,5,11
1413393987.005805015563965,34,0,30,4,11
1413393987.055806636810303,44,1,34,10,11
1413393987.105807065963745,44,1,43,0,11
1413393987.155807495117188,49,1,42,6,11
1413393987.205808639526367,48,5,45,2,11
1413393987.255808591842651,50,1,47,2,11
1413393987.305808544158936,49,13,48,1,11
1413393987.355809211730957,49,1,48,1,11
1413393987.405809879302979,48,7,46,1,11
1413393987.455810308456421,46,0,45,0,11
1413393987.505810976028442,49,6,45,4,11
1413393987.555811405181885,49,0,46,1,11
1413393987.605812072753906,50,3,44,1,11
1413393987.655812501907349,48,1,41,0,11
1413393987.705812692642212,48,0,39,2,11
1413393987.755813121795654,42,1,40,2,11
1413393987.805813550949097,49,0,40,7,11
1413393987.855813741683960,49,1,44,0,11
1413393987.905813455581665,48,11,43,1,11
1413393987.955813407897949,43,0,43,0,11
1413393988.005813360214233,47,1,40,5,11
1413393988.055813074111938,44,2,40,0,11
1413393988.105813503265381,49,11,37,7,11
1413393988.155813932418823,46,2,42,0,11
1413393988.205813646316528,45,2,37,2,11
1413393988.255813360214233,44,1,36,1,11
1413393988.305813074111938,43,6,37,5,11
1413393988.355812549591064,45,2,42,3,11
1413393988.405811786651611,47,5,44,2,11
1413393988.455811023712158,49,1,45,2,11
1413393988.505810260772705,47,8,45,1,11
1413393988.555809497833252,46,2,43,2,11
1413393988.605809450149536,46,0,43,1,11
1413393988.655809402465820,44,1,43,0,11
1413393988.705809831619263,46,3,40,3,11
1413393988.755810499191284,41,7,38,1,11
1413393988.805810928344727,40,5,37,1,11
1413393988.855812072753906,39,3,36,2,11
1413393988.905812501907349,36,6,31,1,11
1413393988.955812692642212,37,1,31,2,11
1413393989.005812644958496,32,1,29,1,11
1413393989.055812835693359,34,4,28,4,11
1413393989.105812549591064,34,2,32,2,11
1413393989.155812025070190,34,3,31,2,11
1413393989.205811977386475,34,3,30,0,11
1413393989.255811452865601,35,4,29,3,11
1413393989.305809020996094,37,7,29,7,11
1413393989.355809211730957,35,9,32,1,11
1413393989.405807256698608,40,5,28,6,11
1413393989.455807209014893,36,6,31,2,11
1413393989.505804538726807,41,10,33,7,11
1413393989.555804491043091,36,1,34,0,11
1413393989.605804681777954,33,3,31,1,11
1413393989.655804157257080,32,2,29,2,11
1413393989.705804109573364,29,0,28,0,11
1413393989.755804300308228,28,0,27,0,11
1413393989.805803775787354,27,2,26,0,11
1413393989.855806589126587,32,2,26,6,11
1413393989.905807018280029,32,1,31,1,11
1413393989.955809116363525,46,2,31,14,11
1413393990.005808830261230,43,1,39,1,11
1413393990.055809020996094,44,9,37,4,11
1413393990.105808973312378,44,0,40,3,11
1413393990.155808687210083,45,1,36,5,11
1413393990.205808401107788,45,5,40,3,11
1413393990.255808591842651,40,0,36,0,11
1413393990.305808544158936,36,3,31,1,11
1413393990.355808734893799,34,0,27,7,11
1413393990.405808687210083,33,0,32,0,11
1413393990.455808639526367,33,1,31,0,11
1413393990.505808830261230,31,0,29,0,11
1413393990.555808544158936,37,1,28,7,11
1413393990.605808496475220,36,1,31,1,11
1413393990.655808448791504,40,4,30,7,11
1413393990.705807924270630,38,2,36,0,11
1413393990.755807161331177,31,3,27,0,11
1413393990.805806875228882,36,0,21,10,11
1413393990.855807781219482,35,2,30,2,11
1413393990.905808210372925,33,1,31,0,11
1413393990.955810070037842,40,1,26,12,11
1413393991.005811214447021,37,5,33,0,11
1413393991.055810689926147,35,5,29,1,11
1413393991.105810165405273,34,7,31,0,11
1413393991.155810594558716,28,7,26,0,11
1413393991.205810070037842,27,7,25,0,11
1413393991.255811452865601,33,3,22,8,11
1413393991.305812358856201,29,1,23,0,11
1413393991.355812549591064,26,3,20,0,11
1413393991.405810832977295,19,1,16,0,11
1413393991.455811977386475,19,1,16,2,11
1413393991.505813360214233,17,1,17,0,11
1413393991.555815458297729,17,2,16,0,11
1413393991.605817079544067,15,0,12,0,11
1413393991.655818223953247,15,0,13,0,11
1413393991.705821037292480,22,0,13,9,11
1413393991.755820751190186,22,0,22,0,11
1413393991.805819988250732,22,0,22,0,11
1413393991.855822324752808,25,0,20,4,11
1413393991.905823230743408,26,4,24,1,11
1413393991.955823183059692,25,6,22,1,11
1413393992.005823135375977,26,8,24,1,11
1413393992.055823564529419,24,6,19,3,11
1413393992.105824232101440,22,2,20,0,11
1413393992.155827045440674,26,0,20,5,11
1413393992.205829620361328,29,1,23,5,11
1413393992.255830287933350,29,0,28,0,11
1413393992.305830240249634,39,0,28,11,11
1413393992.355830669403076,39,1,38,0,11
1413393992.405831098556519,38,0,37,0,11
1413393992.455831050872803,40,0,37,3,11
1413393992.505831003189087,41,0,40,1,11
1413393992.555830717086792,48,2,41,7,11
1413393992.605831384658813,50,3,48,2,11
1413393992.655831813812256,50,4,50,0,11
1413393992.705832242965698,47,1,46,0,11
1413393992.755830049514771,48,5,45,1,11
1413393992.805828571319580,47,4,44,1,11
1413393992.855827569961548,42,0,38,0,11
1413393992.905826330184937,43,0,33,5,11
1413393992.955824136734009,41,1,36,1,11
1413393993.005822658538818,38,0,37,0,11
1413393993.055821657180786,38,0,37,1,11
1413393993.105822801589966,38,0,38,0,11
1413393993.155822753906250,43,0,38,5,11
1413393993.205821275711060,46,1,42,4,11
1413393993.255820274353027,47,0,45,2,11
1413393993.305819511413574,45,0,45,0,11
1413393993.355819463729858,39,1,38,1,11
1413393993.405818939208984,37,1,35,1,11
1413393993.455818653106689,38,1,36,1,11
1413393993.505817890167236,36,0,36,0,11
1413393993.555817842483521,36,2,35,0,11
1413393993.605818748474121,35,11,33,0,11
1413393993.655819177627563,33,5,33,0,11
1413393993.705818891525269,32,3,29,0,11
1413393993.755817890167236,38,5,27,8,11
1413393993.805817842483521,32,0,30,0,11
1413393993.855818271636963,24,0,21,0,11
1413393993.905818223953247,21,0,21,0,11
1413393993.955818176269531,20,0,18,1,11
1413393994.005818367004395,17,1,17,0,11
1413393994.055819272994995,16,1,15,0,11
1413393994.105819702148438,14,0,14,0,11
1413393994.155820608139038,16,0,13,2,11
1413393994.205822944641113,19,0,13,3,11
1413393994.255824565887451,19,0,16,1,11
1413393994.305826187133789,19,2,17,2,11
1413393994.355828046798706,21,4,19,2,11
1413393994.405828952789307,23,7,15,3,11
1413393994.455829858779907,25,4,15,4,11
1413393994.505829572677612,19,2,15,1,11
1413393994.555829524993896,18,0,16,0,11
1413393994.605829715728760,17,5,15,2,11
1413393994.655829668045044,13,1,11,0,11
1413393994.705829858779907,11,3,8,1,11
1413393994.755828380584717,8,3,8,0,11
1413393994.805827856063843,12,1,8,4,11
1413393994.855825662612915,13,2,11,1,11
1413393994.905820846557617,25,3,11,12,11
1413393994.955819129943848,24,2,24,0,11
1413393995.005816936492920,35,1,23,11,11
1413393995.055816888809204,35,1,35,0,11
1413393995.105816364288330,46,3,35,11,11
1413393995.155815362930298,46,14,43,1,11
1413393995.205815792083740,46,1,44,0,11
1413393995.255815744400024,47,5,44,3,11
1413393995.305815458297729,47,0,46,0,11
1413393995.355815410614014,48,7,45,1,11
1413393995.405814647674561,48,0,46,1,11
1413393995.455814123153687,46,1,46,0,11
1413393995.505813598632812,45,1,44,0,11
1413393995.555813074111938,42,1,41,0,11
1413393995.605812788009644,42,1,39,0,11
1413393995.655813217163086,41,4,37,0,11
1413393995.705812931060791,35,0,33,0,11
1413393995.755812883377075,45,3,29,13,11
1413393995.805810689926147,44,15,38,3,11
1413393995.855810642242432,41,0,40,1,11
1413393995.905810356140137,39,0,36,0,11
1413393995.955809831619263,43,1,35,4,11
1413393996.005809783935547,40,0,36,1,11
1413393996.055809736251831,38,0,35,1,11
1413393996.105809926986694,42,3,33,8,11
1413393996.155810117721558,40,1,37,0,11
1413393996.205810070037842,40,0,35,0,11
1413393996.255810022354126,35,1,34,0,11
1413393996.305809974670410,47,2,34,13,11
1413393996.355810403823853,49,2,43,2,11
1413393996.405810832977295,49,9,43,1,11
1413393996.455811023712158,45,1,43,0,11
1413393996.505811214447021,43,1,42,0,11
1413393996.555811405181885,40,2,39,0,11
1413393996.605812311172485,49,5,36,10,11
1413393996.655812740325928,48,1,45,0,11
1413393996.705813646316528,45,0,43,1,11
1413393996.755814075469971,45,3,44,0,11
1413393996.805814981460571,42,2,42,0,11
1413393996.855815649032593,49,2,42,7,11
1413393996.905816078186035,46,2,45,0,11
1413393996.955816030502319,47,1,44,2,11
1413393997.005816459655762,49,13,46,3,11
1413393997.055816888809204,50,17,47,1,11
1413393997.105817079544067,50,0,48,0,11
1413393997.155817031860352,46,3,45,0,11
1413393997.205816984176636,46,1,44,1,11
1413393997.255817174911499,45,0,45,0,11
1413393997.305817127227783,46,1,44,1,11
1413393997.355817317962646,46,0,45,0,11
1413393997.405817031860352,48,14,43,3,11
1413393997.455816984176636,45,1,43,0,11
1413393997.505816936492920,44,1,43,1,11
1413393997.555816650390625,44,1,44,0,11
1413393997.605816602706909,47,9,44,3,11
1413393997.655816555023193,49,16,47,2,11
1413393997.705816507339478,49,1,48,0,11
1413393997.755816221237183,49,0,45,1,11
1413393997.805816173553467,49,2,45,1,11
1413393997.855816364288330,48,2,44,2,11
1413393997.905816316604614,46,0,45,0,11
1413393997.955816507339478,46,1,44,0,11
1413393998.005816459655762,47,7,43,3,11
1413393998.055816411972046,47,8,44,3,11
1413393998.105816841125488,47,3,44,1,11
1413393998.155816793441772,46,1,45,0,11
1413393998.205816745758057,45,5,43,1,11
1413393998.255816698074341,44,2,41,3,11
1413393998.305816650390625,42,1,42,0,11
1413393998.355816841125488,42,0,42,0,11
1413393998.405817031860352,41,0,41,0,11
1413393998.455816745758057,40,0,40,0,11
1413393998.505816698074341,42,3,39,2,11
1413393998.555816650390625,42,6,39,0,11
1413393998.605816602706909,42,0,38,1,11
1413393998.655816316604614,40,0,39,1,11
1413393998.705816268920898,42,1,38,2,11
1413393998.755816221237183,42,0,39,1,11
1413393998.805816173553467,42,0,40,1,11
1413393998.855815887451172,41,9,40,1,11
1413393998.905815839767456,40,0,38,0,11
1413393998.955815792083740,39,0,38,0,11
1413393999.005815744400024,38,2,37,1,11
1413393999.055815696716309,37,1,37,0,11
1413393999.105815649032593,37,0,37,0,11
1413393999.155815124511719,35,4,35,0,11
1413393999.205815076828003,35,0,34,1,11
1413393999.255814790725708,29,1,29,0,11
1413393999.305814743041992,23,1,21,0,11
1413393999.355814695358276,21,1,20,0,11
1413393999.405814647674561,18,1,18,0,11
1413393999.455814123153687,19,1,15,2,11
1413393999.505814313888550,19,1,15,2,11
1413393999.555814504623413,17,2,17,0,11
1413393999.605814695358276,17,0,17,0,11
1413393999.655814409255981,17,1,16,0,11
1413393999.705814361572266,17,2,16,0,11
1413393999.755814790725708,18,1,16,2,11
1413393999.805814743041992,17,1,14,0,11
1413393999.855814933776855,15,0,10,0,11
1413393999.905815362930298,13,1,8,4,11
1413393999.955815553665161,8,1,6,0,11
1413394000.005815744400024,7,1,6,0,11
1413394000.055816650390625,10,0,6,4,11
1413394000.105817079544067,8,3,7,0,11
1413394000.155817270278931,7,2,5,0,11
1413394000.205817222595215,6,5,5,0,11
1413394000.255817174911499,5,2,4,0,11
1413394000.305817127227783,5,1,5,0,11
1413394000.355817556381226,3,1,1,1,11
1413394000.405817270278931,3,3,2,0,11
1413394000.455817222595215,2,2,2,0,11
1413394000.505817174911499,4,0,2,2,11
1413394000.555817127227783,4,0,3,0,11
1413394000.605816841125488,5,0,3,1,11
1413394000.655817985534668,10,0,4,6,11
1413394000.705817937850952,15,0,10,5,11
1413394000.755817651748657,18,0,15,3,11
1413394000.805816888809204,19,0,18,1,11
1413394000.855816364288330,22,0,19,3,11
1413394000.905815839767456,28,1,22,6,11
1413394000.955815553665161,36,3,28,8,11
1413394001.005815505981445,40,2,36,4,11
1413394001.055815458297729,40,0,40,0,11
1413394001.105815649032593,40,0,40,0,11
1413394001.155815601348877,40,0,40,0,11
1413394001.205815553665161,40,0,40,0,11
1413394001.255815505981445,40,0,40,0,11
1413394001.305815458297729,40,0,40,0,11
1413394001.355815649032593,40,0,40,0,11
1413394001.405815601348877,40,0,40,0,11
1413394001.455815315246582,42,0,40,2,11
1413394001.505815267562866,43,0,42,1,11
1413394001.555815219879150,45,1,43,2,11
1413394001.605815410614014,45,0,45,0,11
1413394001.655815362930298,45,0,45,0,11
1413394001.705815315246582,45,0,45,0,11
1413394001.755815267562866,45,0,45,0,11
1413394001.805815219879150,45,0,45,0,11
1413394001.855815410614014,45,0,45,0,11
1413394001.905815362930298,45,0,45,0,11
1413394001.955815315246582,44,0,44,0,11
1413394002.005815267562866,43,0,42,0,11
1413394002.055815219879150,40,0,40,0,11
1413394002.105815410614014,38,0,38,0,11
1413394002.155815362930298,37,0,36,1,11
1413394002.205815315246582,37,0,37,0,11
1413394002.255815267562866,37,0,37,0,11
1413394002.305815219879150,37,0,37,0,11
1413394002.355815410614014,37,0,37,0,11
1413394002.405815362930298,37,0,37,0,11
1413394002.455815315246582,37,0,37,0,11
1413394002.505815267562866,37,0,37,0,11
1413394002.555815219879150,42,0,37,5,11
1413394002.605815410614014,42,0,42,0,11
1413394002.655815362930298,42,0,42,0,11
1413394002.705815315246582,42,0,42,0,11
1413394002.755815029144287,42,2,42,0,11
1413394002.805814981460571,42,0,42,0,11
1413394002.855815172195435,42,0,42,0,11
1413394002.905815124511719,40,0,39,0,11
1413394002.955815076828003,38,0,35,0,11
1413394003.005815029144287,36,0,34,0,11
1413394003.055814981460571,33,0,33,0,11
1413394003.105815172195435,31,3,31,0,11
1413394003.155815124511719,30,0,30,0,11
1413394003.205815076828003,29,0,28,0,11
1413394003.255815029144287,28,0,28,0,11
1413394003.305814981460571,28,0,28,0,11
1413394003.355815172195435,28,0,28,0,11
