# timestamp (sec),slam_feats_in_state,msckf_feats_used,slam_feats_updated,slam_feats_delayed_init,clones
1413393890.058685302734375,0,13,0,0,5
1413393890.106826305389404,17,15,0,17,6
1413393890.156696796417236,17,0,16,0,7
1413393890.206190109252930,17,3,16,0,8
1413393890.256216526031494,17,2,16,1,9
1413393890.306569814682007,17,3,17,0,10
1413393890.356837987899780,17,0,17,0,11
1413393890.406928777694702,17,2,17,0,11
1413393890.457138538360596,18,2,16,2,11
1413393890.507037878036499,18,1,18,0,11
1413393890.556704044342041,30,1,18,12,11
1413393890.606925964355469,35,1,26,8,11
1413393890.657685518264771,38,0,34,3,11
1413393890.708417892456055,48,7,37,11,11
1413393890.758576154708862,49,3,48,1,11
1413393890.808541059494019,50,2,49,1,11
1413393890.858446836471558,50,3,50,0,11
1413393890.908242702484131,50,0,50,0,11
1413393890.958121061325073,50,3,50,0,11
1413393891.008124589920044,50,0,50,0,11
1413393891.058132648468018,50,4,49,0,11
1413393891.108197927474976,50,1,48,0,11
1413393891.158282995223999,49,3,48,0,11
1413393891.208337783813477,49,1,47,1,11
1413393891.258388996124268,50,0,47,1,11
1413393891.308345079421997,50,6,49,1,11
1413393891.358116865158081,46,3,44,0,11
1413393891.408013105392456,40,3,37,0,11
1413393891.458010911941528,41,2,37,2,11
1413393891.507903575897217,36,4,35,0,11
1413393891.557685852050781,37,0,33,2,11
1413393891.607384204864502,38,0,35,2,11
1413393891.656945466995239,42,0,33,5,11
1413393891.706793308258057,42,0,33,0,11
1413393891.756609201431274,44,2,29,6,11
1413393891.806456089019775,42,0,31,5,11
1413393891.856363534927368,41,0,32,2,11
1413393891.906162500381470,44,2,31,6,11
1413393891.955969810485840,45,2,35,6,11
1413393892.005890369415283,43,12,37,4,11
1413393892.055908679962158,43,0,39,2,11
1413393892.106069803237915,48,8,38,6,11
1413393892.156086444854736,48,1,40,3,11
1413393892.206086635589600,45,1,41,0,11
1413393892.256088018417358,41,0,40,0,11
1413393892.306080102920532,40,5,39,1,11
1413393892.356069087982178,41,2,40,1,11
1413393892.406026124954224,40,3,39,0,11
1413393892.455960988998413,40,1,38,0,11
1413393892.505942583084106,41,3,37,4,11
1413393892.555935621261597,41,6,39,1,11
1413393892.605944395065308,42,3,38,2,11
1413393892.655947923660278,44,5,39,4,11
1413393892.705944061279297,46,9,41,5,11
1413393892.755940914154053,45,2,44,0,11
1413393892.805932044982910,47,2,40,5,11
1413393892.855919837951660,48,2,42,3,11
1413393892.905892133712769,47,1,41,2,11
1413393892.955882072448730,48,13,40,4,11
1413393893.005893945693970,42,1,37,1,11
1413393893.055927753448486,39,0,34,0,11
1413393893.105930805206299,43,2,34,6,11
1413393893.155954122543335,40,1,39,1,11
1413393893.205941677093506,41,0,40,1,11
1413393893.255885124206543,49,12,41,8,11
1413393893.305883407592773,49,2,48,1,11
1413393893.355914592742920,50,20,48,1,11
1413393893.405927181243896,49,1,46,0,11
1413393893.455977678298950,50,23,46,2,11
1413393893.505984544754028,49,3,47,2,11
1413393893.555980920791626,50,2,47,1,11
1413393893.605969667434692,48,1,44,0,11
1413393893.655942916870117,46,4,40,3,11
1413393893.705924987792969,47,4,43,3,11
1413393893.755927562713623,49,1,45,3,11
1413393893.805916786193848,49,5,45,0,11
1413393893.855923652648926,47,19,40,1,11
1413393893.905923604965210,41,10,35,2,11
1413393893.955919027328491,44,7,35,8,11
1413393894.005921602249146,39,5,34,1,11
1413393894.055928707122803,37,2,32,0,11
1413393894.105957269668579,35,5,30,4,11
1413393894.156000614166260,43,4,29,9,11
1413393894.206034660339355,38,4,34,0,11
1413393894.256057500839233,37,3,30,3,11
1413393894.306079864501953,35,3,29,1,11
1413393894.356090784072876,31,6,26,1,11
1413393894.406109094619751,37,2,24,8,11
1413393894.456113576889038,35,0,31,1,11
1413393894.506116628646851,43,1,32,10,11
1413393894.556128025054932,43,2,41,2,11
1413393894.606121540069580,49,4,39,6,11
1413393894.656105995178223,49,2,44,0,11
1413393894.706095218658447,48,7,41,4,11
1413393894.756093740463257,46,2,41,1,11
1413393894.806082010269165,48,0,42,4,11
1413393894.856071472167969,49,3,45,4,11
1413393894.906042098999023,48,3,44,1,11
1413393894.956013917922974,48,7,44,1,11
1413393895.006000280380249,49,0,41,5,11
1413393895.055985689163208,49,3,44,1,11
1413393895.105983972549438,49,1,43,4,11
1413393895.155982494354248,49,3,47,1,11
1413393895.205977678298950,50,3,46,2,11
1413393895.255975484848022,46,2,44,0,11
1413393895.305968999862671,43,1,40,3,11
1413393895.355961322784424,41,1,39,1,11
1413393895.405952215194702,39,2,37,1,11
1413393895.455949068069458,42,1,36,6,11
1413393895.505953311920166,41,1,41,0,11
1413393895.555950403213501,43,4,38,4,11
1413393895.605949878692627,44,1,41,1,11
1413393895.655945777893066,44,5,39,3,11
1413393895.705947160720825,40,4,36,1,11
1413393895.755951166152954,40,3,31,5,11
1413393895.805944442749023,38,4,32,3,11
1413393895.855931997299194,34,5,30,1,11
1413393895.905926942825317,33,6,28,4,11
1413393895.955917119979858,32,0,28,2,11
1413393896.005914926528931,34,2,30,2,11
1413393896.055913925170898,30,2,27,0,11
1413393896.105909824371338,30,1,21,2,11
1413393896.155903577804565,28,6,18,1,11
1413393896.205887317657471,25,2,17,2,11
1413393896.255878925323486,22,2,17,2,11
1413393896.305873394012451,23,1,16,2,11
1413393896.355870962142944,24,1,17,3,11
1413393896.405875921249390,23,0,18,3,11
1413393896.455907821655273,25,2,21,3,11
1413393896.505933761596680,25,1,23,2,11
1413393896.555957317352295,23,2,16,1,11
1413393896.605992317199707,28,7,16,6,11
1413393896.655996322631836,28,0,19,6,11
1413393896.706007480621338,28,0,24,1,11
1413393896.756020545959473,28,1,24,3,11
1413393896.806020498275757,28,1,27,0,11
1413393896.856026172637939,30,0,26,3,11
1413393896.906018972396851,32,0,29,2,11
1413393896.955999135971069,32,1,31,1,11
1413393897.005968570709229,32,0,26,0,11
1413393897.055935382843018,34,1,25,2,11
1413393897.105926275253296,34,3,24,5,11
1413393897.155920267105103,34,1,26,5,11
1413393897.205918788909912,38,2,28,5,11
1413393897.255925178527832,37,2,33,1,11
1413393897.305918693542480,39,1,34,5,11
1413393897.355918407440186,41,5,39,2,11
1413393897.405929088592529,42,1,40,2,11
1413393897.455942153930664,45,5,38,6,11
1413393897.505945682525635,44,0,40,3,11
1413393897.555973529815674,45,0,42,1,11
1413393897.605980396270752,44,0,41,1,11
1413393897.655976057052612,47,0,42,4,11
1413393897.705970764160156,47,1,45,2,11
1413393897.755963325500488,47,1,44,0,11
1413393897.805984258651733,49,4,40,3,11
1413393897.855980396270752,47,1,42,2,11
1413393897.905978918075562,45,1,39,3,11
1413393897.956008195877075,48,2,39,4,11
1413393898.006021261215210,48,5,42,3,11
1413393898.056000232696533,45,4,39,0,11
1413393898.106007575988770,43,0,36,2,11
1413393898.156025409698486,40,2,36,2,11
1413393898.206051111221313,34,3,30,0,11
1413393898.256053686141968,34,3,26,3,11
1413393898.306070566177368,36,4,29,4,11
1413393898.356066703796387,29,1,25,2,11
1413393898.406061410903931,27,0,25,0,11
1413393898.456059455871582,22,6,19,3,11
1413393898.506065607070923,25,2,20,3,11
1413393898.556092500686646,26,2,22,1,11
1413393898.606106042861938,25,9,21,1,11
1413393898.656107187271118,26,1,22,2,11
1413393898.706108570098877,24,0,21,2,11
1413393898.756108045578003,28,4,20,4,11
1413393898.806125879287720,26,3,18,1,11
1413393898.856121540069580,24,0,19,1,11
1413393898.906115055084229,17,7,12,2,11
1413393898.956110000610352,17,0,11,0,11
1413393899.006114959716797,15,3,11,2,11
1413393899.056116580963135,15,0,13,2,11
1413393899.106082439422607,16,0,15,1,11
1413393899.156031608581543,16,3,15,0,11
1413393899.205984354019165,23,4,8,7,11
1413393899.255922555923462,29,13,15,6,11
1413393899.305930852890015,22,12,16,3,11
1413393899.355925798416138,17,4,15,0,11
1413393899.405914306640625,16,6,12,4,11
1413393899.455899000167847,17,0,15,2,11
1413393899.505888700485229,11,3,11,0,11
1413393899.555871963500977,9,2,9,0,11
1413393899.605859518051147,5,0,4,0,11
1413393899.655852079391479,3,0,3,0,11
1413393899.705860137939453,4,1,3,1,11
1413393899.755895853042603,4,1,3,0,11
1413393899.805934906005859,10,7,1,6,11
1413393899.856004953384399,13,13,3,4,11
1413393899.905996799468994,14,2,2,3,11
1413393899.956014394760132,11,0,2,2,11
1413393900.006011962890625,5,1,2,0,11
1413393900.056038618087769,5,0,1,1,11
1413393900.106044530868530,2,2,2,0,11
1413393900.156046152114868,2,2,2,0,11
1413393900.206048727035522,1,3,1,0,11
1413393900.256049633026123,1,4,1,0,11
1413393900.306054353713989,2,1,0,1,11
1413393900.356085062026978,8,5,1,6,11
1413393900.406092405319214,9,13,1,2,11
1413393900.456072568893433,11,5,3,2,11
1413393900.506094455718994,18,5,3,13,11
1413393900.556097745895386,17,8,11,0,11
1413393900.606103420257568,17,6,11,1,11
1413393900.656103849411011,13,5,10,3,11
1413393900.706101655960083,17,4,11,4,11
1413393900.756089925765991,21,0,13,5,11
1413393900.806089401245117,20,2,16,1,11
1413393900.856083154678345,22,1,16,4,11
1413393900.906074285507202,18,3,18,0,11
1413393900.956073284149170,20,5,18,2,11
1413393901.006080865859985,21,6,19,1,11
1413393901.056087970733643,25,12,19,4,11
1413393901.106079101562500,29,6,21,5,11
1413393901.156077861785889,24,0,22,0,11
1413393901.206075429916382,23,3,21,1,11
1413393901.256074428558350,21,4,20,0,11
1413393901.306066513061523,21,4,18,1,11
1413393901.356069087982178,18,6,16,1,11
1413393901.406078338623047,18,6,17,1,11
1413393901.456099987030029,20,7,16,2,11
1413393901.506114959716797,20,3,16,1,11
1413393901.556128501892090,19,5,15,1,11
1413393901.606133222579956,22,2,16,4,11
1413393901.656138181686401,26,4,18,7,11
1413393901.706140756607056,33,1,25,7,11
1413393901.756148338317871,36,5,30,3,11
1413393901.806142568588257,41,10,31,6,11
1413393901.856133699417114,43,7,35,3,11
1413393901.906130075454712,43,3,35,5,11
1413393901.956131696701050,41,1,40,0,11
1413393902.006130933761597,40,2,38,2,11
1413393902.056128740310669,44,1,40,4,11
1413393902.106130361557007,46,1,40,4,11
1413393902.156130552291870,47,1,43,1,11
1413393902.206132888793945,46,5,43,2,11
1413393902.256132841110229,46,1,44,2,11
1413393902.306132078170776,45,7,42,1,11
1413393902.356137514114380,48,8,40,5,11
1413393902.406138181686401,43,5,40,0,11
1413393902.456139326095581,42,5,38,0,11
1413393902.506139516830444,42,4,37,3,11
1413393902.556138277053833,41,2,40,1,11
1413393902.606139898300171,41,3,40,1,11
1413393902.656139373779297,41,3,39,0,11
1413393902.706139087677002,40,1,37,2,11
1413393902.756139278411865,38,2,36,1,11
1413393902.806138277053833,37,2,33,3,11
1413393902.856134653091431,36,6,36,0,11
1413393902.906130552291870,33,7,32,0,11
1413393902.956128120422363,41,3,29,9,11
1413393903.006120443344116,37,0,33,0,11
1413393903.056114435195923,37,3,33,2,11
1413393903.106109142303467,36,4,35,1,11
1413393903.156108617782593,35,4,34,1,11
1413393903.206109523773193,35,1,35,0,11
1413393903.256109476089478,33,5,32,0,11
1413393903.306109666824341,32,3,29,0,11
1413393903.356110095977783,31,3,28,1,11
1413393903.406110525131226,34,2,29,4,11
1413393903.456106901168823,38,4,33,5,11
1413393903.506103754043579,42,3,37,4,11
1413393903.556103944778442,43,1,40,1,11
1413393903.606106519699097,42,2,39,2,11
1413393903.656107187271118,40,3,39,0,11
1413393903.706108808517456,40,1,35,2,11
1413393903.756109476089478,42,2,34,4,11
1413393903.806106090545654,45,1,37,6,11
1413393903.856104373931885,46,1,41,5,11
1413393903.906104326248169,48,2,45,3,11
1413393903.956105709075928,47,2,47,0,11
1413393904.006103277206421,49,5,47,2,11
1413393904.056106805801392,49,1,48,1,11
1413393904.106106042861938,47,0,47,0,11
1413393904.156100511550903,47,4,47,0,11
1413393904.206088542938232,50,5,46,3,11
1413393904.256074190139771,50,11,49,0,11
1413393904.306064605712891,50,0,49,1,11
1413393904.356061458587646,48,5,47,0,11
1413393904.406059980392456,47,5,45,2,11
1413393904.456058979034424,48,0,46,1,11
1413393904.506059169769287,49,1,45,2,11
1413393904.556062459945679,49,0,43,1,11
1413393904.606067419052124,48,7,45,2,11
1413393904.656074523925781,46,3,43,2,11
1413393904.706076622009277,47,0,45,1,11
1413393904.756075620651245,46,1,45,0,11
1413393904.806072950363159,46,4,44,2,11
1413393904.856071472167969,48,10,44,3,11
1413393904.906068563461304,43,1,43,0,11
1413393904.956067323684692,41,3,37,2,11
1413393905.006060361862183,38,2,34,2,11
1413393905.056054830551147,31,4,26,0,11
1413393905.106050014495850,30,2,24,3,11
1413393905.156046867370605,27,0,24,2,11
1413393905.206055164337158,28,2,24,3,11
1413393905.256056785583496,30,0,27,3,11
1413393905.306057453155518,29,0,29,0,11
1413393905.356058835983276,28,3,25,2,11
1413393905.406057834625244,33,2,25,6,11
1413393905.456057310104370,35,4,31,3,11
1413393905.506059169769287,37,1,33,3,11
1413393905.556061983108521,38,2,36,1,11
1413393905.606062173843384,41,3,33,5,11
1413393905.656064033508301,47,4,36,9,11
1413393905.706064462661743,46,0,44,1,11
1413393905.756066322326660,45,0,41,0,11
1413393905.806066751480103,43,0,39,1,11
1413393905.856065988540649,43,0,39,3,11
1413393905.906065225601196,43,0,40,1,11
1413393905.956064462661743,44,2,40,3,11
1413393906.006062984466553,49,2,43,6,11
1413393906.056060552597046,48,3,47,1,11
1413393906.106059789657593,49,8,44,1,11
1413393906.156058311462402,48,1,44,0,11
1413393906.206053733825684,48,3,38,2,11
1413393906.256049871444702,44,2,38,1,11
1413393906.306047677993774,46,1,37,7,11
1413393906.356048107147217,44,0,42,0,11
1413393906.406044483184814,44,2,37,3,11
1413393906.456046819686890,43,1,39,1,11
1413393906.506047487258911,41,4,37,2,11
1413393906.556049585342407,44,1,38,4,11
1413393906.606049776077271,45,1,42,3,11
1413393906.656049013137817,44,1,43,0,11
1413393906.706055164337158,48,2,41,6,11
1413393906.756055355072021,48,3,46,1,11
1413393906.806053876876831,48,5,45,2,11
1413393906.856049537658691,48,0,46,1,11
1413393906.906044721603394,49,0,47,1,11
1413393906.956045627593994,49,0,46,1,11
1413393907.006046295166016,49,4,46,0,11
1413393907.056041240692139,49,1,44,2,11
1413393907.106027841567993,50,3,45,2,11
1413393907.156010150909424,48,2,43,0,11
1413393907.205993175506592,50,6,42,3,11
1413393907.255979776382446,49,2,45,3,11
1413393907.305965185165405,49,3,48,1,11
1413393907.355951547622681,50,2,48,1,11
1413393907.405940055847168,49,6,46,0,11
1413393907.455934762954712,49,1,46,1,11
1413393907.505939006805420,49,0,47,2,11
1413393907.555935382843018,50,1,49,1,11
1413393907.605921983718872,50,4,50,0,11
1413393907.655908346176147,50,2,50,0,11
1413393907.705897092819214,50,1,50,0,11
1413393907.755879640579224,49,5,47,0,11
1413393907.805858612060547,50,7,46,1,11
1413393907.855851888656616,50,0,46,2,11
1413393907.905838489532471,49,2,48,0,11
1413393907.955834388732910,49,2,47,1,11
1413393908.005836963653564,49,3,47,0,11
1413393908.055841445922852,50,1,47,2,11
1413393908.105847835540771,50,0,49,1,11
1413393908.155850172042847,49,7,47,0,11
1413393908.205848693847656,50,4,47,1,11
1413393908.255849123001099,50,2,48,2,11
1413393908.305850505828857,50,2,50,0,11
1413393908.355857849121094,50,8,50,0,11
1413393908.405857563018799,50,11,48,0,11
1413393908.455847501754761,50,1,47,0,11
1413393908.505840539932251,50,5,45,2,11
1413393908.555835723876953,50,3,46,1,11
1413393908.605832815170288,49,4,47,1,11
1413393908.655831813812256,50,0,48,2,11
1413393908.705838918685913,50,0,50,0,11
1413393908.755843639373779,50,7,49,0,11
1413393908.805844783782959,50,0,49,0,11
1413393908.855843782424927,49,2,48,1,11
1413393908.905841350555420,49,0,49,0,11
1413393908.955842971801758,50,7,49,1,11
1413393909.005849361419678,50,7,50,0,11
1413393909.055856704711914,49,1,49,0,11
1413393909.105864524841309,50,3,49,1,11
1413393909.155874729156494,50,5,50,0,11
1413393909.205880641937256,50,5,50,0,11
1413393909.255883455276489,50,0,50,0,11
1413393909.305885553359985,50,1,49,0,11
1413393909.355891466140747,49,5,48,0,11
1413393909.405891418457031,49,3,48,1,11
1413393909.455892086029053,50,0,48,1,11
1413393909.505891799926758,50,4,49,0,11
1413393909.555892467498779,50,5,49,1,11
1413393909.605892181396484,50,6,50,0,11
1413393909.655888557434082,50,12,49,0,11
1413393909.705888032913208,48,3,47,0,11
1413393909.755887508392334,50,1,45,2,11
1413393909.805885791778564,48,5,44,0,11
1413393909.855883598327637,45,5,39,2,11
1413393909.905882358551025,42,0,39,0,11
1413393909.955878496170044,46,1,38,6,11
1413393910.005877971649170,46,0,41,4,11
1413393910.055876970291138,47,0,43,2,11
1413393910.105877161026001,46,3,42,0,11
1413393910.155877828598022,44,0,41,1,11
1413393910.205878973007202,47,1,40,6,11
1413393910.255883455276489,47,21,44,3,11
1413393910.305883884429932,49,1,44,2,11
1413393910.355887651443481,49,12,45,1,11
1413393910.405886411666870,46,6,44,2,11
1413393910.455885171890259,44,2,44,0,11
1413393910.505882024765015,44,3,41,2,11
1413393910.555879592895508,45,1,43,1,11
1413393910.605878353118896,44,3,43,0,11
1413393910.655876874923706,44,6,43,0,11
1413393910.705872774124146,48,5,42,5,11
1413393910.755869388580322,48,5,45,1,11
1413393910.805866479873657,45,6,44,1,11
1413393910.855854272842407,48,12,44,4,11
1413393910.905851125717163,48,3,47,0,11
1413393910.955832481384277,50,11,47,2,11
1413393911.005829811096191,49,10,49,0,11
1413393911.055825233459473,49,5,46,1,11
1413393911.105824232101440,49,11,47,0,11
1413393911.155823945999146,47,2,46,0,11
1413393911.205825328826904,46,9,44,0,11
1413393911.255826473236084,44,9,42,0,11
1413393911.305826663970947,44,1,41,2,11
1413393911.355828046798706,47,3,42,3,11
1413393911.405830860137939,47,2,43,1,11
1413393911.455832242965698,49,5,42,3,11
1413393911.505829095840454,46,1,41,1,11
1413393911.555825710296631,46,8,33,4,11
1413393911.605826616287231,45,9,34,5,11
1413393911.655830621719360,43,5,35,3,11
1413393911.705827713012695,42,0,32,3,11
1413393911.755820512771606,45,3,30,5,11
1413393911.805811882019043,43,4,36,3,11
1413393911.855811595916748,44,1,36,5,11
1413393911.905804157257080,43,5,36,0,11
1413393911.955802202224731,38,14,33,1,11
1413393912.005803346633911,34,2,32,2,11
1413393912.055801153182983,32,3,29,1,11
1413393912.105798244476318,32,4,30,0,11
1413393912.155786037445068,42,2,26,14,11
1413393912.205783367156982,38,2,35,1,11
1413393912.255778551101685,41,6,32,7,11
1413393912.305774688720703,38,3,32,2,11
1413393912.355771780014038,35,5,32,2,11
1413393912.405769348144531,33,5,29,2,11
1413393912.455768585205078,29,4,25,0,11
1413393912.505766630172729,31,7,20,7,11
1413393912.555765151977539,28,11,17,5,11
1413393912.605765581130981,23,8,16,1,11
1413393912.655767202377319,16,4,12,0,11
1413393912.705766201019287,11,7,10,1,11
1413393912.755768060684204,9,3,9,0,11
1413393912.805767297744751,7,6,7,0,11
1413393912.855766773223877,7,2,5,0,11
1413393912.905766963958740,9,2,6,2,11
1413393912.955764770507812,18,5,8,10,11
1413393913.005763769149780,18,5,16,1,11
1413393913.055762529373169,25,4,17,7,11
1413393913.105761528015137,31,1,24,7,11
1413393913.155756711959839,30,0,29,0,11
1413393913.205750703811646,43,3,28,13,11
1413393913.255744695663452,49,10,39,9,11
1413393913.305740356445312,49,8,46,0,11
1413393913.355739831924438,45,7,44,0,11
1413393913.405736923217773,47,3,42,4,11
1413393913.455733537673950,47,3,42,3,11
1413393913.505728006362915,45,0,44,0,11
1413393913.555723667144775,43,0,41,2,11
1413393913.605720996856689,37,2,37,0,11
1413393913.655717372894287,36,3,35,1,11
1413393913.705715894699097,37,2,32,1,11
1413393913.755720615386963,36,6,23,0,11
1413393913.805721998214722,36,0,8,4,11
1413393913.855723381042480,35,2,7,8,11
1413393913.905738353729248,32,7,14,14,11
1413393913.955757617950439,43,4,23,15,11
1413393914.005761623382568,37,7,28,0,11
1413393914.055765390396118,35,6,23,1,11
1413393914.105771780014038,32,3,20,6,11
1413393914.155786037445068,31,1,20,6,11
1413393914.205802440643311,32,6,23,6,11
1413393914.255809068679810,29,0,25,0,11
1413393914.305820941925049,34,2,22,11,11
1413393914.355821609497070,32,3,30,1,11
1413393914.405821084976196,39,3,30,7,11
1413393914.455816507339478,34,2,34,0,11
1413393914.505811214447021,35,4,32,3,11
1413393914.555810928344727,44,3,33,11,11
1413393914.605810880661011,44,4,42,0,11
1413393914.655809402465820,42,4,39,0,11
1413393914.705807924270630,45,2,37,6,11
1413393914.755807876586914,44,0,42,2,11
1413393914.805808067321777,44,1,41,1,11
1413393914.855808258056641,48,8,39,6,11
1413393914.905808687210083,44,1,42,0,11
1413393914.955806732177734,42,1,42,0,11
1413393915.005805253982544,42,0,42,0,11
1413393915.055803537368774,47,4,39,7,11
1413393915.105804204940796,46,3,46,0,11
1413393915.155804634094238,45,2,45,0,11
1413393915.205807924270630,50,10,45,5,11
1413393915.255809545516968,50,2,49,0,11
1413393915.305811405181885,49,2,48,0,11
1413393915.355813264846802,47,1,47,0,11
1413393915.405814409255981,48,2,47,1,11
1413393915.455815315246582,50,9,47,2,11
1413393915.505815029144287,50,7,49,0,11
1413393915.555813550949097,48,4,48,0,11
1413393915.605813741683960,49,4,48,1,11
1413393915.655814647674561,50,2,48,1,11
1413393915.705814599990845,48,2,47,0,11
1413393915.755815267562866,44,2,44,0,11
1413393915.805816173553467,49,5,44,5,11
1413393915.855816602706909,49,2,49,0,11
1413393915.905816793441772,49,1,49,0,11
1413393915.955816984176636,48,3,47,1,11
1413393916.005817890167236,48,2,47,0,11
1413393916.055818796157837,50,2,47,2,11
1413393916.105820417404175,50,14,49,1,11
1413393916.155820846557617,49,2,49,0,11
1413393916.205820560455322,49,0,48,0,11
1413393916.255820751190186,46,7,45,1,11
1413393916.305818796157837,50,3,45,4,11
1413393916.355816602706909,46,0,44,0,11
1413393916.405814170837402,46,1,39,4,11
1413393916.455813169479370,46,2,34,3,11
1413393916.505811691284180,43,3,30,2,11
1413393916.555811882019043,42,3,30,3,11
1413393916.605812549591064,40,2,27,5,11
1413393916.655812740325928,38,1,26,1,11
1413393916.705816268920898,44,0,18,12,11
1413393916.755816221237183,42,0,21,4,11
1413393916.805815696716309,41,0,26,8,11
1413393916.855814218521118,45,2,33,12,11
1413393916.905814409255981,46,0,45,1,11
1413393916.955814838409424,45,1,42,0,11
1413393917.005816459655762,45,1,39,2,11
1413393917.055817604064941,45,0,40,2,11
1413393917.105817794799805,48,0,41,5,11
1413393917.155816555023193,47,2,42,2,11
1413393917.205815076828003,49,2,44,3,11
1413393917.255811452865601,46,2,46,0,11
1413393917.305806875228882,45,0,44,1,11
1413393917.355805397033691,48,2,45,3,11
1413393917.405803918838501,46,1,43,2,11
1413393917.455800533294678,43,0,36,3,11
1413393917.505798816680908,46,2,37,4,11
1413393917.555797815322876,43,0,36,2,11
1413393917.605796813964844,43,1,35,1,11
1413393917.655796289443970,36,0,31,1,11
1413393917.705795764923096,31,2,27,0,11
1413393917.755799055099487,32,0,25,5,11
1413393917.805801153182983,29,0,24,0,11
1413393917.855802059173584,27,4,20,0,11
1413393917.905801773071289,24,0,18,2,11
1413393917.955801725387573,23,0,20,2,11
1413393918.005801916122437,22,0,20,0,11
1413393918.055800676345825,24,0,18,4,11
1413393918.105799198150635,26,0,21,5,11
1413393918.155798435211182,23,3,20,0,11
1413393918.205797910690308,23,0,20,0,11
1413393918.255798101425171,23,0,20,3,11
1413393918.305799484252930,25,0,22,2,11
1413393918.355800628662109,25,0,23,1,11
1413393918.405800104141235,26,1,20,1,11
1413393918.455801010131836,29,0,16,7,11
1413393918.505803585052490,31,1,20,10,11
1413393918.555804491043091,30,0,29,0,11
1413393918.605806589126587,25,0,22,0,11
1413393918.655806779861450,21,1,18,1,11
1413393918.705806970596313,17,3,8,7,11
1413393918.755807399749756,20,1,11,4,11
1413393918.805808782577515,19,3,13,3,11
1413393918.855810642242432,19,4,11,6,11
1413393918.905815362930298,22,1,10,9,11
1413393918.955815315246582,22,2,15,3,11
1413393919.005815505981445,18,3,10,1,11
1413393919.055812835693359,15,2,9,1,11
1413393919.105810642242432,15,3,7,4,11
1413393919.155809164047241,14,5,8,2,11
1413393919.205804347991943,14,6,10,4,11
1413393919.255800724029541,16,3,8,6,11
1413393919.305799007415771,13,7,11,0,11
1413393919.355799198150635,13,4,11,2,11
1413393919.405797719955444,19,2,11,7,11
1413393919.455797433853149,18,4,16,0,11
1413393919.505797624588013,17,4,14,1,11
1413393919.555796861648560,16,9,13,1,11
1413393919.605797290802002,17,3,12,5,11
1413393919.655797004699707,22,1,16,6,11
1413393919.705797195434570,21,0,19,1,11
1413393919.755797863006592,23,1,20,2,11
1413393919.805798530578613,25,5,21,4,11
1413393919.855800390243530,38,1,25,13,11
1413393919.905801296234131,40,3,35,3,11
1413393919.955802679061890,43,2,36,5,11
1413393920.005802154541016,43,2,40,2,11
1413393920.055801391601562,42,5,37,4,11
1413393920.105799436569214,46,2,37,8,11
1413393920.155797481536865,43,4,41,0,11
1413393920.205797672271729,48,1,41,6,11
1413393920.255795001983643,47,1,45,1,11
1413393920.305793285369873,47,0,45,1,11
1413393920.355793237686157,49,3,42,4,11
1413393920.405792236328125,49,4,45,1,11
1413393920.455791234970093,45,2,43,1,11
1413393920.505788803100586,46,0,42,2,11
1413393920.555785894393921,46,2,42,1,11
1413393920.605781316757202,47,2,41,5,11
1413393920.655778646469116,46,6,44,1,11
1413393920.705776214599609,47,2,45,1,11
1413393920.755773544311523,50,9,46,4,11
1413393920.805772304534912,49,2,48,0,11
1413393920.855772256851196,49,0,47,0,11
1413393920.905771732330322,48,3,46,1,11
1413393920.955770969390869,48,6,45,2,11
1413393921.005769729614258,48,4,43,2,11
1413393921.055768013000488,45,11,40,2,11
1413393921.105767488479614,44,2,41,2,11
1413393921.155766725540161,42,2,40,1,11
1413393921.205765962600708,40,1,38,1,11
1413393921.255764007568359,43,1,38,4,11
1413393921.305763006210327,48,12,37,6,11
1413393921.355762958526611,48,9,42,2,11
1413393921.405761718750000,45,0,43,1,11
1413393921.455759525299072,45,1,43,0,11
1413393921.505760192871094,44,0,42,1,11
1413393921.555758476257324,47,3,42,4,11
1413393921.605758905410767,48,0,46,2,11
1413393921.655759811401367,50,19,48,2,11
1413393921.705758810043335,50,31,50,0,11
1413393921.755757808685303,49,0,49,0,11
1413393921.805755615234375,49,0,49,0,11
1413393921.855754613876343,49,0,49,0,11
1413393921.905753374099731,50,6,48,1,11
1413393921.955751895904541,49,7,49,0,11
1413393922.005748748779297,49,1,49,0,11
1413393922.055746555328369,49,2,48,0,11
1413393922.105744361877441,49,0,47,0,11
1413393922.155742645263672,48,0,46,0,11
1413393922.205741167068481,48,3,46,1,11
1413393922.255742311477661,49,16,45,2,11
1413393922.305741548538208,47,22,45,1,11
1413393922.355741977691650,45,4,43,0,11
1413393922.405742168426514,43,3,40,0,11
1413393922.455741167068481,35,8,33,2,11
1413393922.505738496780396,36,3,33,1,11
1413393922.555731773376465,39,4,34,4,11
1413393922.605725049972534,37,1,36,1,11
1413393922.655720472335815,36,2,36,0,11
1413393922.705717325210571,36,2,35,0,11
1413393922.755718469619751,41,1,34,5,11
1413393922.805720806121826,40,4,39,0,11
1413393922.855731010437012,50,15,39,11,11
1413393922.905734300613403,49,21,48,0,11
1413393922.955733776092529,48,1,46,0,11
1413393923.005738496780396,49,9,45,2,11
1413393923.055738210678101,47,1,45,0,11
1413393923.105738878250122,43,0,43,0,11
1413393923.155739307403564,43,5,43,0,11
1413393923.205739498138428,40,5,39,0,11
1413393923.255739212036133,40,9,37,0,11
1413393923.305738449096680,37,4,36,0,11
1413393923.355737447738647,46,7,36,10,11
1413393923.405735015869141,43,4,42,0,11
1413393923.455730199813843,47,6,38,7,11
1413393923.505729675292969,46,12,41,3,11
1413393923.555726528167725,39,10,37,1,11
1413393923.605724811553955,37,3,35,0,11
1413393923.655727148056030,39,8,32,5,11
1413393923.705729961395264,38,8,35,0,11
1413393923.755729675292969,34,10,34,0,11
1413393923.805730819702148,32,6,29,1,11
1413393923.855732679367065,28,3,25,0,11
1413393923.905741453170776,28,4,21,4,11
1413393923.955743312835693,26,4,23,0,11
1413393924.005744695663452,25,5,23,1,11
1413393924.055744886398315,22,3,22,0,11
1413393924.105746030807495,28,2,20,7,11
1413393924.155746221542358,27,8,26,0,11
1413393924.205746412277222,34,5,24,9,11
1413393924.255746603012085,33,13,31,0,11
1413393924.305747747421265,31,7,26,0,11
1413393924.355748653411865,36,5,22,8,11
1413393924.405749797821045,32,1,27,2,11
1413393924.455749511718750,32,7,26,3,11
1413393924.505749940872192,30,4,26,1,11
1413393924.555752515792847,28,7,23,1,11
1413393924.605754137039185,27,8,19,4,11
1413393924.655755758285522,23,8,18,3,11
1413393924.705757379531860,24,7,16,2,11
1413393924.755758047103882,23,6,16,3,11
1413393924.805756807327271,19,4,14,1,11
1413393924.855756521224976,19,5,13,2,11
1413393924.905754327774048,18,11,13,1,11
1413393924.955753803253174,15,3,11,2,11
1413393925.005750417709351,16,5,10,3,11
1413393925.055749177932739,16,7,12,1,11
1413393925.105746984481812,13,5,6,3,11
1413393925.155745506286621,14,5,5,3,11
1413393925.205742835998535,13,9,5,3,11
1413393925.255740404129028,11,4,1,2,11
1413393925.305739402770996,8,6,2,1,11
1413393925.355736017227173,9,7,3,6,11
1413393925.405735969543457,8,4,5,1,11
1413393925.455736875534058,9,8,5,1,11
1413393925.505735397338867,13,4,6,6,11
1413393925.555735111236572,15,15,6,4,11
1413393925.605736255645752,13,6,8,0,11
1413393925.655736923217773,12,4,6,4,11
1413393925.705735921859741,12,9,7,2,11
1413393925.755736589431763,13,12,9,2,11
1413393925.805736541748047,13,9,8,4,11
1413393925.855739593505859,21,5,11,8,11
1413393925.905740022659302,22,9,17,3,11
1413393925.955740213394165,18,4,16,0,11
1413393926.005739450454712,19,7,15,3,11
1413393926.055738925933838,24,3,18,6,11
1413393926.105740070343018,26,5,23,2,11
1413393926.155740499496460,26,6,24,1,11
1413393926.205741643905640,30,0,25,5,11
1413393926.255742788314819,36,2,30,6,11
1413393926.305744171142578,37,3,35,1,11
1413393926.355744838714600,39,1,35,2,11
1413393926.405745267868042,41,4,34,4,11
1413393926.455746173858643,41,3,38,1,11
1413393926.505748271942139,40,0,38,1,11
1413393926.555750370025635,43,2,39,3,11
1413393926.605750799179077,42,2,37,3,11
1413393926.655752658843994,44,2,39,4,11
1413393926.705753564834595,45,1,37,5,11
1413393926.755753517150879,46,3,39,2,11
1413393926.805752754211426,47,0,40,4,11
1413393926.855752706527710,44,1,38,1,11
1413393926.905752897262573,42,2,36,1,11
1413393926.955752849578857,40,1,31,3,11
1413393927.005753040313721,38,2,29,1,11
1413393927.055752754211426,39,0,29,6,11
1413393927.105753898620605,40,0,33,4,11
1413393927.155757904052734,45,2,34,6,11
1413393927.205762863159180,47,1,37,5,11
1413393927.255764484405518,48,1,41,4,11
1413393927.305766820907593,50,4,45,3,11
1413393927.355768680572510,50,0,47,2,11
1413393927.405773878097534,49,14,47,0,11
1413393927.455774545669556,45,6,43,1,11
1413393927.505774021148682,41,2,39,2,11
1413393927.555773496627808,37,0,33,1,11
1413393927.605772495269775,38,6,30,3,11
1413393927.655772686004639,39,3,31,5,11
1413393927.705771684646606,33,6,26,0,11
1413393927.755770921707153,29,1,25,0,11
1413393927.805770158767700,26,8,22,3,11
1413393927.855769872665405,29,6,24,5,11
1413393927.905769109725952,26,4,26,0,11
1413393927.955768346786499,24,0,24,0,11
1413393928.005767345428467,25,2,24,1,11
1413393928.055766105651855,26,2,20,5,11
1413393928.105765104293823,27,4,25,1,11
1413393928.155764579772949,26,3,24,0,11
1413393928.205764055252075,25,3,23,0,11
1413393928.255763292312622,28,7,22,4,11
1413393928.305764675140381,34,7,25,8,11
1413393928.355766534805298,34,2,32,1,11
1413393928.405767440795898,37,4,31,4,11
1413393928.455770492553711,39,3,35,2,11
1413393928.505771160125732,38,7,34,2,11
1413393928.555770397186279,39,1,35,2,11
1413393928.605769634246826,31,5,22,0,11
1413393928.655772924423218,33,2,17,4,11
1413393928.705774545669556,26,2,12,4,11
1413393928.755776882171631,25,2,14,3,11
1413393928.805776119232178,23,3,14,7,11
1413393928.855780363082886,23,0,21,2,11
1413393928.905781030654907,23,2,22,0,11
1413393928.955781936645508,23,2,22,0,11
1413393929.005782127380371,23,3,22,1,11
1413393929.055781364440918,27,3,22,4,11
1413393929.105784177780151,28,3,23,2,11
1413393929.155784130096436,29,3,21,3,11
1413393929.205784082412720,30,2,22,4,11
1413393929.255784034729004,28,2,24,2,11
1413393929.305783748626709,30,2,24,4,11
1413393929.355783700942993,31,1,25,2,11
1413393929.405783414840698,34,0,26,4,11
1413393929.455784082412720,33,1,29,2,11
1413393929.505784273147583,33,1,29,1,11
1413393929.555784702301025,34,2,29,2,11
1413393929.605785131454468,32,0,30,1,11
1413393929.655785560607910,32,0,30,1,11
1413393929.705785989761353,32,0,31,0,11
1413393929.755785942077637,32,2,29,2,11
1413393929.805787086486816,32,3,30,1,11
1413393929.855787754058838,31,1,28,2,11
1413393929.905787706375122,31,1,28,2,11
1413393929.955788135528564,28,2,26,0,11
1413393930.005788087844849,29,1,24,2,11
1413393930.055788278579712,27,1,24,1,11
1413393930.105788946151733,27,2,20,2,11
1413393930.155788898468018,26,4,16,3,11
1413393930.205789089202881,23,3,18,0,11
1413393930.255789041519165,19,2,15,1,11
1413393930.305788993835449,18,2,14,0,11
1413393930.355788707733154,22,0,13,6,11
1413393930.405788183212280,23,3,18,3,11
1413393930.455786943435669,24,1,20,2,11
1413393930.505782842636108,30,6,21,7,11
1413393930.555782079696655,32,0,27,3,11
1413393930.605781793594360,30,3,29,1,11
1413393930.655781030654907,36,2,28,8,11
1413393930.705780744552612,38,3,35,2,11
1413393930.755781173706055,45,5,36,7,11
1413393930.805781364440918,49,5,38,6,11
1413393930.855781793594360,47,4,40,0,11
1413393930.905781984329224,43,1,37,1,11
1413393930.955782890319824,43,8,37,2,11
1413393931.005783081054688,41,2,38,1,11
1413393931.055782794952393,39,4,36,1,11
1413393931.105782747268677,39,1,36,1,11
1413393931.155783176422119,41,6,34,3,11
1413393931.205782890319824,40,0,34,2,11
1413393931.255783319473267,38,4,33,1,11
1413393931.305782556533813,37,3,33,1,11
1413393931.355782508850098,42,4,28,10,11
1413393931.405781745910645,46,3,33,5,11
1413393931.455781459808350,44,0,36,3,11
1413393931.505780458450317,45,2,37,5,11
1413393931.555778264999390,46,3,41,3,11
1413393931.605776309967041,45,3,44,1,11
1413393931.655775547027588,48,2,43,4,11
1413393931.705775976181030,46,3,44,0,11
1413393931.755775690078735,41,1,40,0,11
1413393931.805775165557861,41,2,38,3,11
1413393931.855775356292725,42,4,38,3,11
1413393931.905776262283325,46,5,38,7,11
1413393931.955776691436768,47,0,43,1,11
1413393932.005777120590210,46,4,41,3,11
1413393932.055777549743652,43,5,41,1,11
1413393932.105777978897095,46,3,39,6,11
1413393932.155778646469116,41,0,37,2,11
1413393932.205779075622559,45,0,37,5,11
1413393932.255779266357422,46,4,40,4,11
1413393932.305779218673706,45,4,42,3,11
1413393932.355779170989990,43,4,41,0,11
1413393932.405778646469116,48,3,39,6,11
1413393932.455778360366821,46,2,45,0,11
1413393932.505778074264526,49,5,44,4,11
1413393932.555777788162231,47,9,44,0,11
1413393932.605778455734253,47,7,41,3,11
1413393932.655779123306274,46,4,41,3,11
1413393932.705777883529663,46,6,40,4,11
1413393932.755778551101685,45,1,44,1,11
1413393932.805778741836548,45,2,42,2,11
1413393932.855779409408569,47,8,41,4,11
1413393932.905780553817749,46,1,39,3,11
1413393932.955781698226929,43,2,39,0,11
1413393933.005783319473267,42,0,35,5,11
1413393933.055784940719604,41,4,35,5,11
1413393933.105784893035889,41,7,39,1,11
1413393933.155784606933594,38,0,35,1,11
1413393933.205784320831299,39,0,35,2,11
1413393933.255784749984741,45,1,36,8,11
1413393933.305785179138184,49,2,44,4,11
1413393933.355785608291626,49,2,48,1,11
1413393933.405785322189331,49,5,47,1,11
1413393933.455787897109985,49,10,48,0,11
1413393933.505787611007690,48,0,48,0,11
1413393933.555787563323975,48,5,45,0,11
1413393933.605788230895996,49,3,45,2,11
1413393933.655787706375122,46,2,46,0,11
1413393933.705786943435669,46,4,44,2,11
1413393933.755787849426270,45,1,45,0,11
1413393933.805788040161133,45,1,41,0,11
1413393933.855788230895996,43,1,39,1,11
1413393933.905787944793701,43,0,35,5,11
1413393933.955787658691406,41,1,37,2,11
1413393934.005786418914795,43,3,36,4,11
1413393934.055784940719604,44,10,36,5,11
1413393934.105785131454468,46,2,38,6,11
1413393934.155784368515015,46,0,43,0,11
1413393934.205783367156982,48,4,43,4,11
1413393934.255781173706055,47,1,46,1,11
1413393934.305780649185181,45,2,43,1,11
1413393934.355780839920044,46,1,43,2,11
1413393934.405780553817749,46,1,44,1,11
1413393934.455780267715454,45,8,44,0,11
1413393934.505779981613159,43,5,41,1,11
1413393934.555781126022339,41,2,39,1,11
1413393934.605782985687256,44,4,37,6,11
1413393934.655785322189331,45,6,41,3,11
1413393934.705787658691406,46,1,43,2,11
1413393934.755789041519165,46,0,43,0,11
1413393934.805790662765503,48,2,40,3,11
1413393934.855791091918945,49,4,43,3,11
1413393934.905791044235229,44,1,42,1,11
1413393934.955790758132935,41,3,39,1,11
1413393935.005789756774902,39,2,34,0,11
1413393935.055789709091187,41,9,29,6,11
1413393935.105791807174683,44,11,33,8,11
1413393935.155791759490967,40,2,34,1,11
1413393935.205792188644409,37,3,30,2,11
1413393935.255791902542114,34,7,27,5,11
1413393935.305791616439819,31,5,27,0,11
1413393935.355790853500366,30,2,27,0,11
1413393935.405787944793701,32,5,21,8,11
1413393935.455785751342773,34,3,25,2,11
1413393935.505784034729004,28,1,23,2,11
1413393935.555778980255127,47,4,23,21,11
1413393935.605777978897095,45,1,39,1,11
1413393935.655776023864746,45,0,39,1,11
1413393935.705772638320923,43,5,37,5,11
1413393935.755769014358521,50,16,42,8,11
1413393935.805768489837646,50,0,49,0,11
1413393935.855767965316772,50,2,48,0,11
1413393935.905767202377319,48,1,47,0,11
1413393935.955766201019287,46,4,40,1,11
1413393936.005766153335571,46,2,38,2,11
1413393936.055767536163330,43,3,40,3,11
1413393936.105768203735352,42,3,37,2,11
1413393936.155767202377319,42,5,34,6,11
1413393936.205766201019287,39,6,38,0,11
1413393936.255763769149780,46,8,33,8,11
1413393936.305762290954590,43,1,35,2,11
1413393936.355762720108032,43,4,30,9,11
1413393936.405761003494263,39,0,37,0,11
1413393936.455760002136230,32,0,30,0,11
1413393936.505759239196777,27,0,26,0,11
1413393936.555759906768799,35,1,25,10,11
1413393936.605760097503662,33,2,33,0,11
1413393936.655760049819946,30,1,24,0,11
1413393936.705759286880493,26,7,19,0,11
1413393936.755759000778198,24,4,17,6,11
1413393936.805758953094482,22,1,21,1,11
1413393936.855758190155029,29,4,20,8,11
1413393936.905758380889893,27,0,27,0,11
1413393936.955759286880493,33,3,23,8,11
1413393937.005759477615356,31,4,28,0,11
1413393937.055759429931641,27,2,24,2,11
1413393937.105761289596558,29,4,25,4,11
1413393937.155761957168579,27,1,27,0,11
1413393937.205762147903442,33,2,26,7,11
1413393937.255762577056885,33,0,32,0,11
1413393937.305764913558960,38,2,33,5,11
1413393937.355765819549561,42,3,36,6,11
1413393937.405766487121582,42,1,41,1,11
1413393937.455767631530762,42,3,39,2,11
1413393937.505769252777100,44,0,41,2,11
1413393937.555770635604858,43,1,41,1,11
1413393937.605773210525513,46,1,42,3,11
1413393937.655774593353271,49,5,45,4,11
1413393937.705774068832397,50,13,49,1,11
1413393937.755774974822998,48,3,48,0,11
1413393937.805776834487915,50,2,48,2,11
1413393937.855778217315674,50,0,50,0,11
1413393937.905776262283325,50,6,50,0,11
1413393937.955775022506714,50,6,49,0,11
1413393938.005775213241577,50,0,49,0,11
1413393938.055775880813599,48,2,48,0,11
1413393938.105776548385620,47,0,47,0,11
1413393938.155777692794800,47,0,47,0,11
1413393938.205777168273926,48,6,47,1,11
1413393938.255776405334473,49,1,48,1,11
1413393938.305775642395020,49,6,49,0,11
1413393938.355774641036987,47,3,47,0,11
1413393938.405774354934692,47,1,45,1,11
1413393938.455773591995239,50,13,44,3,11
1413393938.505773544311523,49,3,46,0,11
1413393938.555772542953491,47,5,43,1,11
1413393938.605773448944092,47,0,41,1,11
1413393938.655774831771851,48,0,41,3,11
1413393938.705775499343872,46,0,44,0,11
1413393938.755774736404419,45,0,43,1,11
1413393938.805775165557861,46,1,43,3,11
1413393938.855776548385620,46,0,45,0,11
1413393938.905778408050537,49,5,43,3,11
1413393938.955780506134033,48,1,43,1,11
1413393939.005781173706055,44,2,40,2,11
1413393939.055784940719604,48,9,40,6,11
1413393939.105791568756104,47,2,41,2,11
1413393939.155796289443970,47,3,42,1,11
1413393939.205792665481567,45,2,43,0,11
1413393939.255792379379272,43,1,40,2,11
1413393939.305793762207031,43,6,40,0,11
1413393939.355799913406372,49,11,38,8,11
1413393939.405803680419922,45,2,41,1,11
1413393939.455807447433472,42,2,35,1,11
1413393939.505811452865601,44,3,30,5,11
1413393939.555811405181885,34,3,27,3,11
1413393939.605809450149536,28,0,26,1,11
1413393939.655806541442871,23,6,20,1,11
1413393939.705801010131836,24,0,20,2,11
1413393939.755790233612061,25,3,21,3,11
1413393939.805777788162231,36,0,24,12,11
1413393939.855767726898193,36,9,33,0,11
1413393939.905758142471313,34,9,30,0,11
1413393939.955748796463013,29,11,26,1,11
1413393940.005747556686401,28,9,21,0,11
1413393940.055747747421265,27,1,19,2,11
1413393940.105750083923340,24,4,18,3,11
1413393940.155745506286621,25,3,18,4,11
1413393940.205746650695801,25,1,21,3,11
1413393940.255741119384766,26,1,23,2,11
1413393940.305737257003784,25,0,24,1,11
1413393940.355731725692749,24,1,24,0,11
1413393940.405728340148926,24,0,23,0,11
1413393940.455725669860840,24,2,22,1,11
1413393940.505717277526855,39,1,18,17,11
1413393940.555713653564453,45,1,35,6,11
1413393940.605715036392212,46,2,39,3,11
1413393940.655717611312866,38,0,34,1,11
1413393940.705726861953735,33,1,28,4,11
1413393940.755735158920288,34,1,31,3,11
1413393940.805748939514160,35,0,31,2,11
1413393940.855756759643555,35,0,32,1,11
1413393940.905765056610107,35,2,33,1,11
1413393940.955770015716553,34,17,33,1,11
1413393941.005770921707153,38,7,31,6,11
1413393941.055771589279175,36,13,31,0,11
1413393941.105770826339722,33,8,28,2,11
1413393941.155770301818848,32,0,29,1,11
1413393941.205769062042236,31,4,27,1,11
1413393941.255768537521362,30,7,25,1,11
1413393941.305769681930542,28,3,25,1,11
1413393941.355775117874146,28,2,26,2,11
1413393941.405779600143433,28,4,26,0,11
1413393941.455790042877197,31,1,25,4,11
1413393941.505800008773804,37,5,29,8,11
1413393941.555804252624512,42,3,37,5,11
1413393941.605808019638062,49,8,40,8,11
1413393941.655806064605713,49,3,42,1,11
1413393941.705801248550415,48,5,41,1,11
1413393941.755799293518066,42,5,36,4,11
1413393941.805798292160034,40,2,35,2,11
1413393941.855798959732056,42,0,36,3,11
1413393941.905795812606812,39,7,37,1,11
1413393941.955791234970093,46,4,36,7,11
1413393942.005791425704956,43,12,36,4,11
1413393942.055787324905396,45,12,33,7,11
1413393942.105787038803101,42,1,37,0,11
1413393942.155786514282227,38,2,33,3,11
1413393942.205783843994141,37,3,32,2,11
1413393942.255777359008789,35,1,29,0,11
1413393942.305774688720703,34,1,29,3,11
1413393942.355772733688354,33,2,30,1,11
1413393942.405772209167480,30,0,28,0,11
1413393942.455774545669556,28,3,28,0,11
1413393942.505779743194580,31,1,28,3,11
1413393942.555780649185181,36,2,30,5,11
1413393942.605784893035889,43,2,34,7,11
1413393942.655786275863647,47,1,41,5,11
1413393942.705784559249878,49,3,46,3,11
1413393942.755779743194580,49,2,47,1,11
1413393942.805771827697754,47,4,45,1,11
1413393942.855765104293823,47,0,45,2,11
1413393942.905760049819946,49,2,46,2,11
1413393942.955754518508911,49,1,47,1,11
1413393943.005750656127930,48,4,48,0,11
1413393943.055746793746948,49,4,48,1,11
1413393943.105747699737549,49,14,48,1,11
1413393943.155744314193726,49,18,48,1,11
1413393943.205744028091431,48,4,46,1,11
1413393943.255743265151978,48,1,44,1,11
1413393943.305741548538208,50,6,45,3,11
1413393943.355739831924438,47,5,46,0,11
1413393943.405736207962036,50,2,45,3,11
1413393943.455734014511108,49,2,47,1,11
1413393943.505732059478760,48,2,47,0,11
1413393943.555729627609253,47,3,46,0,11
1413393943.605726957321167,48,1,44,1,11
1413393943.655723571777344,47,0,45,0,11
1413393943.705722332000732,50,3,45,5,11
1413393943.755722761154175,50,10,50,0,11
1413393943.805723190307617,50,7,50,0,11
1413393943.855723142623901,49,2,48,0,11
1413393943.905722141265869,50,1,44,1,11
1413393943.955724477767944,48,3,44,0,11
1413393944.005723714828491,45,1,44,1,11
1413393944.055723905563354,48,2,45,3,11
1413393944.105721950531006,47,2,47,0,11
1413393944.155721187591553,47,0,47,0,11
1413393944.205719470977783,50,6,46,3,11
1413393944.255719184875488,50,8,49,0,11
1413393944.305719614028931,47,6,43,0,11
1413393944.355720520019531,50,7,42,3,11
1413393944.405722141265869,48,6,41,2,11
1413393944.455722332000732,44,0,40,1,11
1413393944.505720853805542,38,0,38,0,11
1413393944.555716991424561,40,0,37,2,11
1413393944.605713129043579,41,0,37,1,11
1413393944.655712366104126,48,3,37,8,11
1413393944.705710887908936,46,1,43,1,11
1413393944.755711078643799,44,1,42,1,11
1413393944.805709838867188,48,0,43,5,11
1413393944.855709552764893,48,0,47,1,11
1413393944.905708551406860,47,2,44,2,11
1413393944.955708742141724,49,0,46,2,11
1413393945.005710601806641,49,6,48,1,11
1413393945.055709838867188,49,5,46,0,11
1413393945.105710029602051,49,3,45,1,11
1413393945.155712127685547,46,7,40,1,11
1413393945.205712795257568,43,0,39,1,11
1413393945.255713462829590,42,0,37,4,11
1413393945.305713891983032,41,3,37,3,11
1413393945.355714082717896,40,2,33,4,11
1413393945.405713796615601,34,2,33,0,11
1413393945.455714941024780,34,1,32,2,11
1413393945.505714893341064,32,0,31,0,11
1413393945.555712938308716,29,1,28,0,11
1413393945.605711936950684,31,2,27,4,11
1413393945.655711174011230,29,2,28,0,11
1413393945.705711603164673,30,5,26,2,11
1413393945.755711317062378,30,1,27,1,11
1413393945.805711030960083,28,0,24,1,11
1413393945.855711460113525,29,1,24,1,11
1413393945.905714035034180,26,0,22,1,11
1413393945.955718040466309,28,0,22,3,11
1413393946.005722999572754,27,2,24,1,11
1413393946.055727243423462,26,1,24,0,11
1413393946.105731010437012,25,0,24,0,11
1413393946.155733585357666,26,2,23,3,11
1413393946.205736637115479,27,3,23,3,11
1413393946.255738019943237,30,0,24,5,11
1413393946.305737495422363,30,0,27,1,11
1413393946.355737686157227,29,0,25,0,11
1413393946.405737400054932,28,1,24,0,11
1413393946.455737352371216,29,1,22,4,11
1413393946.505737066268921,28,0,23,0,11
1413393946.555737018585205,28,0,20,2,11
1413393946.605737686157227,27,0,17,2,11
1413393946.655737876892090,23,0,19,2,11
1413393946.705737590789795,23,1,19,3,11
1413393946.755737066268921,25,1,21,2,11
1413393946.805734395980835,28,0,23,3,11
1413393946.855731487274170,29,0,21,3,11
1413393946.905726909637451,28,2,23,0,11
1413393946.955722332000732,28,9,22,4,11
1413393947.005718708038330,26,1,24,1,11
1413393947.055716276168823,27,0,25,2,11
1413393947.105715513229370,35,1,25,9,11
1413393947.155718088150024,35,1,34,0,11
1413393947.205721139907837,33,0,32,0,11
1413393947.255722999572754,35,0,31,4,11
1413393947.305725097656250,33,2,33,0,11
1413393947.355726003646851,31,1,29,0,11
1413393947.405726432800293,32,0,28,1,11
1413393947.455726146697998,28,1,25,0,11
1413393947.505726099014282,28,4,25,0,11
1413393947.555726051330566,27,1,21,2,11
1413393947.605726003646851,27,3,19,0,11
1413393947.655726194381714,27,1,19,4,11
1413393947.705725908279419,28,3,20,5,11
1413393947.755726337432861,29,2,23,2,11
1413393947.805726528167725,25,6,18,5,11
1413393947.855727434158325,21,8,20,0,11
1413393947.905727863311768,19,4,14,2,11
1413393947.955728530883789,17,1,14,1,11
1413393948.005728960037231,14,1,13,0,11
1413393948.055729627609253,14,6,11,1,11
1413393948.105731010437012,18,2,11,5,11
1413393948.155730724334717,19,9,15,3,11
1413393948.205730915069580,26,2,18,8,11
1413393948.255730628967285,38,1,26,12,11
1413393948.305729627609253,38,7,36,1,11
1413393948.355729103088379,44,3,37,6,11
1413393948.405728340148926,42,0,37,4,11
1413393948.455728054046631,43,2,41,1,11
1413393948.505727767944336,47,6,40,7,11
1413393948.555726766586304,47,2,45,0,11
1413393948.605726480484009,47,0,45,0,11
1413393948.655726432800293,48,14,45,3,11
1413393948.705726385116577,49,3,46,1,11
1413393948.755726337432861,47,3,43,0,11
1413393948.805727005004883,45,1,43,1,11
1413393948.855728387832642,44,1,41,0,11
1413393948.905729055404663,46,3,39,4,11
1413393948.955729484558105,44,2,43,1,11
1413393949.005731105804443,45,1,44,1,11
1413393949.055734157562256,47,1,44,2,11
1413393949.105736017227173,50,2,45,4,11
1413393949.155736207962036,49,1,46,0,11
1413393949.205736398696899,48,4,46,0,11
1413393949.255735635757446,47,12,45,1,11
1413393949.305734395980835,48,9,47,1,11
1413393949.355734586715698,49,15,48,1,11
1413393949.405735254287720,48,0,48,0,11
1413393949.455736637115479,47,0,47,0,11
1413393949.505739212036133,46,1,42,1,11
1413393949.555742502212524,45,1,41,0,11
1413393949.605745792388916,46,2,40,3,11
1413393949.655748128890991,46,0,43,2,11
1413393949.705749034881592,45,0,44,0,11
1413393949.755749464035034,45,1,41,0,11
1413393949.805750131607056,49,8,40,5,11
1413393949.855749845504761,46,10,43,2,11
1413393949.905749797821045,49,2,45,4,11
1413393949.955749988555908,48,6,47,1,11
1413393950.005748987197876,49,7,47,1,11
1413393950.055748224258423,47,3,45,0,11
1413393950.105747461318970,44,0,39,1,11
1413393950.155746459960938,41,3,35,1,11
1413393950.205746650695801,42,1,33,6,11
1413393950.255746364593506,39,1,36,0,11
1413393950.305746078491211,39,3,35,2,11
1413393950.355746507644653,36,0,33,1,11
1413393950.405746459960938,38,1,32,2,11
1413393950.455747127532959,43,2,31,7,11
1413393950.505746841430664,43,0,34,3,11
1413393950.555746793746948,45,1,34,8,11
1413393950.605748414993286,47,20,35,8,11
1413393950.655747890472412,45,0,38,0,11
1413393950.705747842788696,40,2,31,2,11
1413393950.755748033523560,36,2,30,1,11
1413393950.805750131607056,49,3,29,17,11
1413393950.855751037597656,48,2,45,1,11
1413393950.905751466751099,42,3,36,1,11
1413393950.955751657485962,38,0,33,1,11
1413393951.005751848220825,32,0,28,2,11
1413393951.055752277374268,29,3,26,1,11
1413393951.105753183364868,42,2,23,15,11
1413393951.155752897262573,40,2,37,2,11
1413393951.205751657485962,46,3,37,8,11
1413393951.255751371383667,46,2,45,0,11
1413393951.305751085281372,49,8,43,5,11
1413393951.355751276016235,49,5,47,0,11
1413393951.405750989913940,49,6,45,2,11
1413393951.455750703811646,48,2,45,1,11
1413393951.505750656127930,50,7,46,3,11
1413393951.555750846862793,49,14,47,1,11
1413393951.605751514434814,50,2,47,1,11
1413393951.655752420425415,47,2,45,1,11
1413393951.705753087997437,46,0,45,0,11
1413393951.755754470825195,49,5,41,5,11
1413393951.805755138397217,49,3,45,0,11
1413393951.855755567550659,47,1,45,1,11
1413393951.905755758285522,49,4,45,4,11
1413393951.955755710601807,48,0,48,0,11
1413393952.005755424499512,48,2,46,1,11
1413393952.055755376815796,47,0,45,0,11
1413393952.105755567550659,48,7,42,3,11
1413393952.155755758285522,49,6,45,2,11
1413393952.205755710601807,47,1,46,0,11
1413393952.255755424499512,45,3,42,0,11
1413393952.305755376815796,43,1,40,1,11
1413393952.355755329132080,47,1,40,6,11
1413393952.405755281448364,49,5,45,3,11
1413393952.455755233764648,50,2,47,2,11
1413393952.505755662918091,49,6,47,0,11
1413393952.555755376815796,48,0,47,0,11
1413393952.605755567550659,49,0,45,2,11
1413393952.655755519866943,46,3,42,0,11
1413393952.705755949020386,45,6,41,3,11
1413393952.755755901336670,48,3,44,4,11
1413393952.805755853652954,50,5,47,2,11
1413393952.855756044387817,50,4,47,0,11
1413393952.905755758285522,50,1,47,1,11
1413393952.955755472183228,49,7,48,1,11
1413393953.005754947662354,50,7,48,1,11
1413393953.055754661560059,49,3,46,0,11
1413393953.105754137039185,47,1,45,1,11
1413393953.155753374099731,46,2,44,0,11
1413393953.205752611160278,47,2,43,2,11
1413393953.255752563476562,46,0,44,2,11
1413393953.305752515792847,49,2,44,3,11
1413393953.355751752853394,49,0,47,0,11
1413393953.405750989913940,49,5,47,2,11
1413393953.455750465393066,49,8,48,1,11
1413393953.505749464035034,50,3,48,1,11
1413393953.555748224258423,49,2,47,0,11
1413393953.605748176574707,49,7,46,2,11
1413393953.655748844146729,47,6,44,2,11
1413393953.705749273300171,47,0,44,0,11
1413393953.755749940872192,48,4,42,4,11
1413393953.805750131607056,46,2,44,1,11
1413393953.855750799179077,44,0,42,1,11
1413393953.905751228332520,45,1,43,1,11
1413393953.955751895904541,46,0,43,2,11
1413393954.005752801895142,50,2,45,4,11
1413393954.055753231048584,50,2,49,1,11
1413393954.105753421783447,49,3,49,0,11
1413393954.155753374099731,50,4,49,1,11
1413393954.205753803253174,50,9,50,0,11
1413393954.255754232406616,49,9,49,0,11
1413393954.305754661560059,50,2,48,1,11
1413393954.355754852294922,49,6,46,0,11
1413393954.405754804611206,48,2,46,0,11
1413393954.455754756927490,44,0,43,1,11
1413393954.505754947662354,42,1,41,0,11
1413393954.555754899978638,40,2,38,0,11
1413393954.605755567550659,41,0,37,2,11
1413393954.655755996704102,42,3,37,2,11
1413393954.705756187438965,50,2,39,9,11
1413393954.755756616592407,48,2,44,1,11
1413393954.805757045745850,46,10,41,2,11
1413393954.855757713317871,47,9,41,4,11
1413393954.905757665634155,48,1,44,3,11
1413393954.955757379531860,48,14,44,3,11
1413393955.005757570266724,49,4,43,2,11
1413393955.055757522583008,43,3,40,0,11
1413393955.105757713317871,41,2,36,1,11
1413393955.155757665634155,43,2,37,4,11
1413393955.205757856369019,41,6,38,0,11
1413393955.255757808685303,40,0,35,0,11
1413393955.305757761001587,39,4,32,3,11
1413393955.355757951736450,45,4,30,12,11
1413393955.405757904052734,45,0,38,4,11
1413393955.455758094787598,40,5,34,2,11
1413393955.505758047103882,39,3,33,1,11
1413393955.555757284164429,35,8,30,3,11
1413393955.605756998062134,34,1,32,2,11
1413393955.655757188796997,32,0,31,0,11
1413393955.705757856369019,32,1,31,0,11
1413393955.755758285522461,29,5,28,0,11
1413393955.805758953094482,30,3,25,2,11
1413393955.855759382247925,29,2,25,1,11
1413393955.905758857727051,28,3,26,0,11
1413393955.955758094787598,26,2,26,0,11
1413393956.005757570266724,24,1,24,0,11
1413393956.055755376815796,37,2,23,13,11
1413393956.105755329132080,43,0,35,6,11
1413393956.155757427215576,44,1,33,3,11
1413393956.205758333206177,46,0,36,5,11
1413393956.255759477615356,43,1,40,2,11
1413393956.305759906768799,45,1,39,3,11
1413393956.355760812759399,42,2,34,0,11
1413393956.405762195587158,41,3,32,3,11
1413393956.455762386322021,40,2,33,6,11
1413393956.505762577056885,38,3,38,0,11
1413393956.555762052536011,39,2,36,3,11
1413393956.605762004852295,38,1,38,0,11
1413393956.655761718750000,37,0,37,0,11
1413393956.705761671066284,37,1,37,0,11
1413393956.755760908126831,47,2,36,10,11
1413393956.805760860443115,44,0,43,0,11
1413393956.855761051177979,43,1,42,0,11
1413393956.905761241912842,40,2,37,0,11
1413393956.955761432647705,40,3,34,2,11
1413393957.005761623382568,41,0,35,5,11
1413393957.055761575698853,43,0,39,4,11
1413393957.105762243270874,45,5,41,3,11
1413393957.155762434005737,47,5,44,2,11
1413393957.205762147903442,42,0,41,1,11
1413393957.255762100219727,46,2,41,5,11
1413393957.305762052536011,45,2,43,0,11
1413393957.355762243270874,43,1,40,2,11
1413393957.405761957168579,48,1,37,6,11
1413393957.455761671066284,46,2,35,1,11
1413393957.505761861801147,41,0,34,5,11
1413393957.555762052536011,38,0,36,1,11
1413393957.605762481689453,35,1,34,0,11
1413393957.655762195587158,43,0,34,9,11
1413393957.705762386322021,43,1,42,0,11
1413393957.755762815475464,41,2,38,0,11
1413393957.805763006210327,44,4,37,5,11
1413393957.855763912200928,44,1,36,4,11
1413393957.905764579772949,40,3,35,1,11
1413393957.955765247344971,38,2,30,4,11
1413393958.005765199661255,41,1,31,7,11
1413393958.055764913558960,35,1,30,1,11
1413393958.105764865875244,41,0,31,7,11
1413393958.155764818191528,39,1,36,2,11
1413393958.205764532089233,36,5,34,0,11
1413393958.255763530731201,34,1,32,0,11
1413393958.305762529373169,40,2,30,7,11
1413393958.355761766433716,42,1,34,4,11
1413393958.405760526657104,44,1,37,4,11
1413393958.455760002136230,44,0,38,2,11
1413393958.505759477615356,48,2,39,5,11
1413393958.555758714675903,48,3,44,3,11
1413393958.605758190155029,49,9,46,2,11
1413393958.655757665634155,49,1,46,1,11
1413393958.705757141113281,49,4,46,1,11
1413393958.755758523941040,49,1,47,1,11
1413393958.805760145187378,49,1,47,1,11
1413393958.855761766433716,48,1,46,0,11
1413393958.905762434005737,48,3,45,3,11
1413393958.955762147903442,50,2,43,2,11
1413393959.005761623382568,49,0,42,0,11
1413393959.055760622024536,46,3,39,2,11
1413393959.105760574340820,40,0,33,2,11
1413393959.155760526657104,41,1,28,5,11
1413393959.205759525299072,47,8,31,9,11
1413393959.255757808685303,46,1,41,3,11
1413393959.305756092071533,45,1,41,2,11
1413393959.355755090713501,47,0,43,3,11
1413393959.405754327774048,48,2,46,2,11
1413393959.455754041671753,45,0,45,0,11
1413393959.505753993988037,48,1,45,3,11
1413393959.555753946304321,47,1,47,0,11
1413393959.605754137039185,45,1,43,0,11
1413393959.655753850936890,43,2,41,0,11
1413393959.705753326416016,41,3,38,3,11
1413393959.755753278732300,43,0,39,2,11
1413393959.805754661560059,46,2,40,4,11
1413393959.855755805969238,43,0,43,0,11
1413393959.905756950378418,43,6,43,0,11
1413393959.955757379531860,41,3,38,0,11
1413393960.005757331848145,40,1,33,0,11
1413393960.055757045745850,41,1,32,3,11
1413393960.105757236480713,41,1,34,5,11
1413393960.155755758285522,42,1,37,3,11
1413393960.205754995346069,44,0,40,3,11
1413393960.255754470825195,46,0,43,3,11
1413393960.305753707885742,47,0,46,1,11
1413393960.355753421783447,46,0,46,0,11
1413393960.405752658843994,50,1,46,4,11
1413393960.455752849578857,50,2,50,0,11
1413393960.505752801895142,50,6,50,0,11
1413393960.555752992630005,50,0,50,0,11
1413393960.605753421783447,50,7,50,0,11
1413393960.655753135681152,50,0,49,0,11
1413393960.705752134323120,46,1,43,0,11
1413393960.755751371383667,46,0,40,1,11
1413393960.805749177932739,50,9,40,6,11
1413393960.855747938156128,48,4,44,1,11
1413393960.905747413635254,48,0,43,1,11
1413393960.955747842788696,45,1,40,2,11
1413393961.005748987197876,38,2,33,1,11
1413393961.055751800537109,38,4,30,0,11
1413393961.105756998062134,38,1,27,4,11
1413393961.155760288238525,39,3,19,5,11
1413393961.205768585205078,48,3,10,12,11
1413393961.255770444869995,43,3,12,8,11
1413393961.305774450302124,34,4,17,8,11
1413393961.355774164199829,29,2,21,2,11
1413393961.405772209167480,28,6,17,2,11
1413393961.455770969390869,28,0,13,3,11
1413393961.505768060684204,27,0,14,5,11
1413393961.555764675140381,26,1,18,5,11
1413393961.605762958526611,26,1,19,2,11
1413393961.655761718750000,26,2,16,1,11
1413393961.705762624740601,26,5,14,4,11
1413393961.755763530731201,26,3,18,5,11
1413393961.805764198303223,25,0,22,2,11
1413393961.855761766433716,30,3,24,5,11
1413393961.905761241912842,33,1,28,4,11
1413393961.955760717391968,39,0,32,6,11
1413393962.005760669708252,42,1,38,4,11
1413393962.055762529373169,49,1,38,8,11
1413393962.105762720108032,48,2,41,1,11
1413393962.155762434005737,46,5,41,1,11
1413393962.205762863159180,45,9,38,4,11
1413393962.255763053894043,43,3,36,2,11
1413393962.305762290954590,37,2,28,1,11
1413393962.355763912200928,41,3,24,10,11
1413393962.405765771865845,34,5,29,1,11
1413393962.455767154693604,33,4,27,2,11
1413393962.505767583847046,28,3,25,1,11
1413393962.555767297744751,26,8,25,1,11
1413393962.605766296386719,38,2,21,16,11
1413393962.655765295028687,36,5,33,0,11
1413393962.705764293670654,35,1,32,1,11
1413393962.755763292312622,32,10,29,3,11
1413393962.805762767791748,29,12,23,3,11
1413393962.855763435363770,32,2,21,9,11
1413393962.905763626098633,28,1,23,1,11
1413393962.955763339996338,16,2,15,0,11
1413393963.005763530731201,14,4,13,1,11
1413393963.055764913558960,15,4,7,7,11
1413393963.105765342712402,14,3,9,0,11
1413393963.155765533447266,11,1,7,0,11
1413393963.205765962600708,8,8,5,0,11
1413393963.255766391754150,7,4,4,0,11
1413393963.305767059326172,16,2,2,12,11
1413393963.355767965316772,20,0,11,7,11
1413393963.405768156051636,21,7,16,1,11
1413393963.455768585205078,20,3,14,4,11
1413393963.505768537521362,21,6,15,2,11
1413393963.555768251419067,23,1,12,3,11
1413393963.605767965316772,23,2,11,3,11
1413393963.655768156051636,27,3,10,11,11
1413393963.705767393112183,28,2,19,4,11
1413393963.755766868591309,28,2,22,4,11
1413393963.805766820907593,29,4,22,4,11
1413393963.855767011642456,29,1,25,2,11
1413393963.905767202377319,28,5,24,4,11
1413393963.955767154693604,28,8,24,2,11
1413393964.005767107009888,30,9,23,6,11
1413393964.055767059326172,32,3,26,4,11
1413393964.105767011642456,32,8,30,2,11
1413393964.155766963958740,33,4,29,4,11
1413393964.205766677856445,33,4,31,2,11
1413393964.255766630172729,34,7,32,2,11
1413393964.305766344070435,39,1,32,7,11
1413393964.355766534805298,36,1,31,3,11
1413393964.405766487121582,37,2,30,3,11
1413393964.455766677856445,35,4,32,1,11
1413393964.505766153335571,38,7,30,6,11
1413393964.555766344070435,37,1,35,0,11
1413393964.605766296386719,39,2,31,6,11
1413393964.655766248703003,37,4,33,1,11
1413393964.705766201019287,34,1,32,0,11
1413393964.755766153335571,32,6,25,6,11
1413393964.805766582489014,32,3,27,0,11
1413393964.855767726898193,43,0,26,14,11
1413393964.905768632888794,42,3,36,4,11
1413393964.955769538879395,47,7,37,6,11
1413393965.005769729614258,39,2,35,1,11
1413393965.055769920349121,47,1,31,11,11
1413393965.105770111083984,44,11,37,2,11
1413393965.155769824981689,40,1,38,0,11
1413393965.205769777297974,37,5,36,1,11
1413393965.255769968032837,37,3,34,1,11
1413393965.305769920349121,34,1,33,0,11
1413393965.355769872665405,44,6,30,14,11
1413393965.405769824981689,42,9,41,0,11
1413393965.455769538879395,36,7,33,1,11
1413393965.505769252777100,34,1,32,0,11
1413393965.555768966674805,35,13,29,4,11
1413393965.605770111083984,45,7,31,11,11
1413393965.655769586563110,44,7,37,1,11
1413393965.705770015716553,44,14,37,3,11
1413393965.755770921707153,41,3,37,2,11
1413393965.805771589279175,48,3,39,8,11
1413393965.855771303176880,46,12,46,0,11
1413393965.905771255493164,46,0,46,0,11
1413393965.955770730972290,46,0,44,1,11
1413393966.005770921707153,49,1,45,3,11
1413393966.055769920349121,49,5,47,1,11
1413393966.105770349502563,47,0,43,0,11
1413393966.155770778656006,44,1,41,0,11
1413393966.205770730972290,41,2,39,1,11
1413393966.255771398544312,47,5,40,6,11
1413393966.305771589279175,47,6,41,2,11
1413393966.355770587921143,50,6,42,3,11
1413393966.405769586563110,47,4,43,2,11
1413393966.455769777297974,48,6,44,3,11
1413393966.505769491195679,46,6,44,0,11
1413393966.555769443511963,44,0,41,0,11
1413393966.605769395828247,42,1,38,0,11
1413393966.655768632888794,47,6,38,7,11
1413393966.705767631530762,44,9,42,2,11
1413393966.755766868591309,43,1,43,0,11
1413393966.805765628814697,41,3,38,0,11
1413393966.855764389038086,38,5,34,0,11
1413393966.905761957168579,40,2,33,3,11
1413393966.955759763717651,41,2,35,4,11
1413393967.005759000778198,44,1,38,5,11
1413393967.055758476257324,46,1,41,3,11
1413393967.105758190155029,43,2,40,1,11
1413393967.155757427215576,45,4,39,5,11
1413393967.205757379531860,41,0,40,1,11
1413393967.255757093429565,42,2,40,2,11
1413393967.305757284164429,42,1,38,2,11
1413393967.355757951736450,40,0,39,0,11
1413393967.405758142471313,40,1,37,2,11
1413393967.455757856369019,42,4,38,4,11
1413393967.505758047103882,48,4,41,6,11
1413393967.555758237838745,49,5,47,2,11
1413393967.605758428573608,47,2,46,1,11
1413393967.655758142471313,49,3,46,2,11
1413393967.705758333206177,50,3,47,1,11
1413393967.755757808685303,49,5,46,1,11
1413393967.805757761001587,48,5,48,0,11
1413393967.855757236480713,49,3,46,1,11
1413393967.905756473541260,45,3,41,1,11
1413393967.955755472183228,38,4,34,1,11
1413393968.005755186080933,36,1,34,0,11
1413393968.055755138397217,39,1,31,7,11
1413393968.105755805969238,41,2,35,4,11
1413393968.155756473541260,41,1,39,1,11
1413393968.205756664276123,45,1,39,6,11
1413393968.255756855010986,50,2,45,5,11
1413393968.305756568908691,50,5,49,0,11
1413393968.355756282806396,50,8,49,0,11
1413393968.405756711959839,49,15,47,1,11
1413393968.455756425857544,49,3,46,1,11
1413393968.505755901336670,50,5,46,3,11
1413393968.555755615234375,50,0,49,0,11
1413393968.605756282806396,49,19,49,0,11
1413393968.655756711959839,49,2,46,0,11
1413393968.705757617950439,49,1,45,1,11
1413393968.755758047103882,48,1,45,2,11
1413393968.805757284164429,48,5,46,0,11
1413393968.855756044387817,47,3,45,0,11
1413393968.905755281448364,49,4,43,3,11
1413393968.955754518508911,48,13,45,1,11
1413393969.005753755569458,48,24,46,2,11
1413393969.055753707885742,49,1,45,2,11
1413393969.105753660202026,50,6,45,1,11
1413393969.155753135681152,48,1,44,0,11
1413393969.205752611160278,49,5,43,3,11
1413393969.255751848220825,48,0,44,2,11
1413393969.305751085281372,49,4,43,2,11
1413393969.355751276016235,48,2,43,1,11
1413393969.405751228332520,43,3,40,0,11
1413393969.455751419067383,44,0,40,3,11
1413393969.505751609802246,50,0,42,7,11
1413393969.555751562118530,49,7,48,0,11
1413393969.605751514434814,48,17,43,2,11
1413393969.655751228332520,50,3,43,2,11
1413393969.705750942230225,50,6,43,3,11
1413393969.755750656127930,48,1,46,0,11
1413393969.805750846862793,49,2,43,3,11
1413393969.855750560760498,49,12,45,0,11
1413393969.905750513076782,45,0,44,0,11
1413393969.955750703811646,44,1,42,0,11
1413393970.005750417709351,45,1,39,3,11
1413393970.055749893188477,44,9,37,3,11
1413393970.105750083923340,41,4,37,0,11
1413393970.155749559402466,44,2,36,6,11
1413393970.205748796463013,49,11,42,6,11
1413393970.255747795104980,50,12,48,2,11
1413393970.305747270584106,50,4,49,0,11
1413393970.355747222900391,49,1,46,0,11
1413393970.405747413635254,50,1,45,2,11
1413393970.455747604370117,49,7,47,1,11
1413393970.505748510360718,48,3,48,0,11
1413393970.555748939514160,49,1,45,1,11
1413393970.605749845504761,50,33,46,1,11
1413393970.655750036239624,49,11,47,2,11
1413393970.705749988555908,50,4,48,1,11
1413393970.755749464035034,49,0,48,0,11
1413393970.805748462677002,48,7,47,1,11
1413393970.855747699737549,46,5,45,1,11
1413393970.905746936798096,48,0,45,2,11
1413393970.955747127532959,47,0,45,1,11
1413393971.005748271942139,45,0,42,0,11
1413393971.055750131607056,48,0,40,4,11
1413393971.105752468109131,47,0,43,1,11
1413393971.155755758285522,46,0,44,1,11
1413393971.205758571624756,47,14,43,3,11
1413393971.255759000778198,47,12,43,3,11
1413393971.305759429931641,45,2,45,0,11
1413393971.355759859085083,48,2,44,4,11
1413393971.405760288238525,46,1,43,2,11
1413393971.455760717391968,44,0,40,3,11
1413393971.505761384963989,42,2,39,0,11
1413393971.555762052536011,38,7,32,1,11
1413393971.605762720108032,36,1,28,2,11
1413393971.655762672424316,35,6,27,4,11
1413393971.705762386322021,33,5,28,0,11
1413393971.755761623382568,34,3,24,6,11
1413393971.805759906768799,46,1,28,14,11
1413393971.855757474899292,48,10,38,6,11
1413393971.905755996704102,47,0,45,0,11
1413393971.955754280090332,48,0,43,3,11
1413393972.005753278732300,49,1,46,1,11
1413393972.055752515792847,48,3,46,2,11
1413393972.105753183364868,48,0,47,0,11
1413393972.155754566192627,50,2,45,2,11
1413393972.205755472183228,48,7,46,0,11
1413393972.255755186080933,46,5,44,1,11
1413393972.305754423141479,50,19,45,5,11
1413393972.355753898620605,50,2,50,0,11
1413393972.405753612518311,50,5,50,0,11
1413393972.455753326416016,50,9,50,0,11
1413393972.505752801895142,50,3,47,0,11
1413393972.555752038955688,49,15,47,0,11
1413393972.605751991271973,46,2,44,1,11
1413393972.655752182006836,46,3,44,2,11
1413393972.705752849578857,46,0,45,0,11
1413393972.755753278732300,45,1,41,1,11
1413393972.805754661560059,47,10,41,4,11
1413393972.855755567550659,47,0,44,2,11
1413393972.905756235122681,49,11,46,2,11
1413393972.955756187438965,49,2,48,1,11
1413393973.005756378173828,49,0,49,0,11
1413393973.055756807327271,49,4,48,1,11
1413393973.105757236480713,49,0,49,0,11
1413393973.155757188796997,50,31,49,1,11
1413393973.205757141113281,49,0,49,0,11
1413393973.255757331848145,49,0,49,0,11
1413393973.305757045745850,49,1,48,0,11
1413393973.355757474899292,48,1,46,1,11
1413393973.405757427215576,48,13,46,1,11
1413393973.455757617950439,49,0,47,1,11
1413393973.505758047103882,49,11,46,2,11
1413393973.555758714675903,50,1,46,1,11
1413393973.605759620666504,48,2,45,0,11
1413393973.655761003494263,45,3,43,2,11
1413393973.705761909484863,45,3,43,1,11
1413393973.755763530731201,49,16,43,5,11
1413393973.805763959884644,46,1,43,1,11
1413393973.855763912200928,44,1,41,0,11
1413393973.905763626098633,41,1,37,0,11
1413393973.955763339996338,45,2,34,6,11
1413393974.005762577056885,43,3,30,5,11
1413393974.055762529373169,35,2,26,0,11
1413393974.105763196945190,32,4,19,9,11
1413393974.155763864517212,27,3,22,0,11
1413393974.205764293670654,19,1,16,0,11
1413393974.255764961242676,14,3,11,0,11
1413393974.305766105651855,12,4,11,0,11
1413393974.355770587921143,24,3,10,14,11
1413393974.405771970748901,23,1,20,0,11
1413393974.455772876739502,23,0,19,0,11
1413393974.505774497985840,28,7,19,8,11
1413393974.555774211883545,41,12,22,15,11
1413393974.605775117874146,42,5,29,2,11
1413393974.655775547027588,38,1,27,0,11
1413393974.705775737762451,36,7,24,6,11
1413393974.755776166915894,32,8,27,0,11
1413393974.805776119232178,28,7,23,3,11
1413393974.855776548385620,28,13,24,2,11
1413393974.905776023864746,25,7,21,1,11
1413393974.955775976181030,22,2,19,1,11
1413393975.005776405334473,22,4,20,1,11
1413393975.055776596069336,21,3,20,1,11
1413393975.105776786804199,24,4,21,3,11
1413393975.155776739120483,27,2,22,4,11
1413393975.205776691436768,29,3,25,3,11
1413393975.255777359008789,33,5,26,7,11
1413393975.305777072906494,37,2,33,4,11
1413393975.355777263641357,36,2,36,0,11
1413393975.405778169631958,46,5,33,11,11
1413393975.455777883529663,46,5,43,0,11
1413393975.505777359008789,46,5,41,4,11
1413393975.555776834487915,46,2,42,0,11
1413393975.605776548385620,48,2,38,4,11
1413393975.655776023864746,45,3,38,3,11
1413393975.705775737762451,43,5,38,4,11
1413393975.755775451660156,42,1,39,0,11
1413393975.805775165557861,45,1,38,4,11
1413393975.855775117874146,44,1,42,1,11
1413393975.905774831771851,41,2,39,0,11
1413393975.955774545669556,39,0,34,0,11
1413393976.005774021148682,42,2,31,7,11
1413393976.055773735046387,41,0,38,3,11
1413393976.105773448944092,47,2,40,6,11
1413393976.155773401260376,46,1,42,1,11
1413393976.205773115158081,47,0,40,4,11
1413393976.255773067474365,50,1,44,5,11
1413393976.305773019790649,47,10,44,0,11
1413393976.355773210525513,45,1,42,1,11
1413393976.405772924423218,45,2,41,2,11
1413393976.455772876739502,44,1,41,1,11
1413393976.505772829055786,48,2,40,7,11
1413393976.555773019790649,48,0,47,1,11
1413393976.605773210525513,48,2,45,1,11
1413393976.655772924423218,47,2,45,1,11
1413393976.705773115158081,50,4,46,4,11
1413393976.755772829055786,50,5,49,0,11
1413393976.805773019790649,49,0,48,0,11
1413393976.855773687362671,48,3,41,2,11
1413393976.905774354934692,46,5,41,1,11
1413393976.955775022506714,46,2,38,4,11
1413393977.005775213241577,46,3,42,3,11
1413393977.055774927139282,46,0,44,1,11
1413393977.105774402618408,46,0,45,0,11
1413393977.155773639678955,47,0,45,2,11
1413393977.205772161483765,47,2,46,0,11
1413393977.255770921707153,49,1,46,2,11
1413393977.305769920349121,48,2,46,0,11
1413393977.355769634246826,48,0,43,0,11
1413393977.405770063400269,46,1,43,1,11
1413393977.455770492553711,47,1,44,3,11
1413393977.505770921707153,49,9,46,2,11
1413393977.555771827697754,49,1,48,0,11
1413393977.605772733688354,50,9,47,2,11
1413393977.655772686004639,50,0,49,0,11
1413393977.705772876739502,50,0,47,1,11
1413393977.755772829055786,49,4,47,0,11
1413393977.805773019790649,48,0,47,1,11
1413393977.855773210525513,48,1,46,1,11
1413393977.905773162841797,49,3,47,1,11
1413393977.955773115158081,50,1,48,2,11
1413393978.005772829055786,50,2,49,0,11
1413393978.055773258209229,50,12,49,0,11
1413393978.105773448944092,49,7,47,0,11
1413393978.155773639678955,49,0,48,0,11
1413393978.205773830413818,49,7,47,1,11
1413393978.255774021148682,49,0,47,0,11
1413393978.305774211883545,48,2,45,1,11
1413393978.355774641036987,46,2,44,1,11
1413393978.405774593353271,46,1,45,0,11
1413393978.455774784088135,45,0,44,1,11
1413393978.505774736404419,46,1,41,3,11
1413393978.555774688720703,46,2,40,1,11
1413393978.605774641036987,44,1,38,3,11
1413393978.655773878097534,47,7,40,6,11
1413393978.705773353576660,46,7,43,2,11
1413393978.755772829055786,47,4,42,4,11
1413393978.805772542953491,45,3,41,2,11
1413393978.855772495269775,44,0,43,0,11
1413393978.905772686004639,42,0,40,1,11
1413393978.955772638320923,42,1,38,1,11
1413393979.005772829055786,40,1,38,0,11
1413393979.055772542953491,42,1,31,9,11
1413393979.105772733688354,41,0,38,1,11
1413393979.155772686004639,41,3,33,6,11
1413393979.205773115158081,44,3,37,5,11
1413393979.255773067474365,44,0,38,5,11
1413393979.305773019790649,47,0,44,3,11
1413393979.355773210525513,49,2,43,3,11
1413393979.405773162841797,45,0,41,0,11
1413393979.455772876739502,43,0,37,1,11
1413393979.505772829055786,39,4,34,0,11
1413393979.555772542953491,38,1,32,1,11
1413393979.605772495269775,33,0,28,1,11
1413393979.655772209167480,30,0,25,2,11
1413393979.705771923065186,27,2,26,0,11
1413393979.755771636962891,30,1,22,6,11
1413393979.805771589279175,33,2,28,3,11
1413393979.855771541595459,30,2,26,4,11
1413393979.905771732330322,29,1,28,1,11
1413393979.955771684646606,31,2,28,2,11
1413393980.005771636962891,41,1,27,12,11
1413393980.055772066116333,38,1,35,0,11
1413393980.105772495269775,50,7,36,13,11
1413393980.155772447586060,46,5,46,0,11
1413393980.205772399902344,50,2,46,4,11
1413393980.255772590637207,50,5,50,0,11
1413393980.305772542953491,47,8,44,0,11
1413393980.355772256851196,43,7,39,2,11
1413393980.405772209167480,40,1,38,0,11
1413393980.455771923065186,38,2,36,0,11
1413393980.505771398544312,40,7,32,7,11
1413393980.555770874023438,39,7,38,0,11
1413393980.605770349502563,38,3,38,0,11
1413393980.655770301818848,44,2,38,6,11
1413393980.705770254135132,47,5,42,4,11
1413393980.755770444869995,46,3,45,0,11
1413393980.805770635604858,45,4,42,1,11
1413393980.855771303176880,49,7,43,4,11
1413393980.905771493911743,49,2,46,2,11
1413393980.955771684646606,50,2,47,1,11
1413393981.005771875381470,48,11,46,0,11
1413393981.055771589279175,50,6,46,3,11
1413393981.105772018432617,49,7,46,1,11
1413393981.155771970748901,45,1,42,0,11
1413393981.205772161483765,44,1,41,0,11
1413393981.255772113800049,44,1,41,2,11
1413393981.305772781372070,47,1,41,5,11
1413393981.355773448944092,46,5,44,0,11
1413393981.405773401260376,45,4,43,0,11
1413393981.455774068832397,45,4,43,1,11
1413393981.505774259567261,48,5,43,4,11
1413393981.555774211883545,47,0,45,1,11
1413393981.605774402618408,47,4,44,3,11
1413393981.655774593353271,48,8,44,3,11
1413393981.705775022506714,50,4,46,2,11
1413393981.755775213241577,46,3,45,0,11
1413393981.805775165557861,45,6,44,1,11
1413393981.855775594711304,44,1,43,0,11
1413393981.905775785446167,43,3,42,0,11
1413393981.955775976181030,49,2,41,7,11
1413393982.005776166915894,49,2,48,0,11
1413393982.055776357650757,48,1,47,1,11
1413393982.105776786804199,50,2,46,2,11
1413393982.155776500701904,49,12,46,0,11
1413393982.205776453018188,48,3,45,2,11
1413393982.255776405334473,44,4,44,0,11
1413393982.305776357650757,46,3,41,5,11
1413393982.355776548385620,46,1,42,0,11
1413393982.405776739120483,44,2,41,0,11
1413393982.455776691436768,43,0,41,1,11
1413393982.505777120590210,42,2,41,0,11
1413393982.555777311325073,43,2,37,2,11
1413393982.605777502059937,34,6,29,1,11
1413393982.655777931213379,36,3,25,7,11
1413393982.705777883529663,38,7,29,5,11
1413393982.755777835845947,36,0,31,3,11
1413393982.805778026580811,32,3,30,0,11
1413393982.855778217315674,30,6,26,2,11
1413393982.905778408050537,34,2,24,6,11
1413393982.955778121948242,37,3,26,5,11
1413393983.005777835845947,30,3,23,1,11
1413393983.055777549743652,28,1,20,3,11
1413393983.105777978897095,37,3,22,11,11
1413393983.155778169631958,30,2,27,1,11
1413393983.205777883529663,34,4,27,6,11
1413393983.255777835845947,37,2,29,4,11
1413393983.305777549743652,31,3,25,1,11
1413393983.355777978897095,30,1,23,5,11
1413393983.405778169631958,28,3,24,1,11
1413393983.455778121948242,28,3,24,1,11
1413393983.505778789520264,28,3,21,5,11
1413393983.555778980255127,27,0,22,4,11
1413393983.605779170989990,25,7,24,0,11
1413393983.655779123306274,29,1,22,6,11
1413393983.705779075622559,28,1,26,1,11
1413393983.755779266357422,27,8,25,1,11
1413393983.805779218673706,29,5,25,4,11
1413393983.855779647827148,31,2,27,3,11
1413393983.905779600143433,32,2,25,6,11
1413393983.955779314041138,27,3,25,1,11
1413393984.005779266357422,27,3,24,0,11
1413393984.055779218673706,33,1,22,8,11
1413393984.105779409408569,31,0,30,0,11
1413393984.155779361724854,29,2,27,2,11
1413393984.205779314041138,30,4,27,3,11
1413393984.255779027938843,34,2,26,7,11
1413393984.305778980255127,38,3,32,5,11
1413393984.355779170989990,36,0,32,3,11
1413393984.405778884887695,37,0,31,3,11
1413393984.455778837203979,33,0,30,1,11
1413393984.505779027938843,31,1,27,3,11
1413393984.555778980255127,36,3,28,7,11
1413393984.605779170989990,32,2,32,0,11
1413393984.655779123306274,31,12,28,1,11
1413393984.705779075622559,26,3,24,0,11
1413393984.755779266357422,30,5,22,6,11
1413393984.805779457092285,27,3,24,3,11
1413393984.855779886245728,29,3,27,2,11
1413393984.905779838562012,28,6,24,3,11
1413393984.955780029296875,26,1,22,3,11
1413393985.005780696868896,27,3,22,5,11
1413393985.055780887603760,30,6,26,3,11
1413393985.105781316757202,30,3,29,0,11
1413393985.155781269073486,28,7,24,1,11
1413393985.205781221389771,28,5,25,0,11
1413393985.255781173706055,28,2,25,3,11
1413393985.305781364440918,28,6,28,0,11
1413393985.355781555175781,31,7,28,3,11
1413393985.405781269073486,35,5,30,4,11
1413393985.455781221389771,35,2,33,1,11
1413393985.505781173706055,33,4,31,0,11
1413393985.555781602859497,35,1,29,3,11
1413393985.605781793594360,33,6,28,3,11
1413393985.655781984329224,32,10,25,3,11
1413393985.705782413482666,29,2,24,0,11
1413393985.755782604217529,26,6,24,1,11
1413393985.805782794952393,27,5,24,2,11
1413393985.855783224105835,31,0,25,4,11
1413393985.905783176422119,31,1,27,2,11
1413393985.955783128738403,31,5,27,2,11
1413393986.005782604217529,33,3,27,3,11
1413393986.055781841278076,35,2,28,4,11
1413393986.105780839920044,34,2,30,2,11
1413393986.155778884887695,41,2,29,8,11
1413393986.205777645111084,39,2,30,1,11
1413393986.255775451660156,42,4,22,8,11
1413393986.305774688720703,40,2,26,3,11
1413393986.355774402618408,34,2,22,2,11
1413393986.405774116516113,35,3,22,5,11
1413393986.455773830413818,33,1,26,5,11
1413393986.505773544311523,33,2,28,1,11
1413393986.555773496627808,35,2,24,3,11
1413393986.605773925781250,31,1,23,2,11
1413393986.655774831771851,29,2,21,3,11
1413393986.705775022506714,30,2,21,4,11
1413393986.755775213241577,34,1,20,9,11
1413393986.805775880813599,37,0,27,5,11
1413393986.855777025222778,37,3,29,4,11
1413393986.905777931213379,36,2,30,2,11
1413393986.955778837203979,40,1,29,10,11
1413393987.005779743194580,43,1,39,4,11
1413393987.055780410766602,45,0,43,2,11
1413393987.105781316757202,47,6,45,2,11
1413393987.155781984329224,49,5,46,3,11
1413393987.205782175064087,48,0,48,0,11
1413393987.255782127380371,48,0,46,1,11
1413393987.305782318115234,49,5,46,1,11
1413393987.355783224105835,48,5,47,0,11
1413393987.405783653259277,50,0,47,3,11
1413393987.455784320831299,48,13,47,0,11
1413393987.505784511566162,47,0,45,1,11
1413393987.555784940719604,47,0,44,0,11
1413393987.605785608291626,45,1,41,3,11
1413393987.655786037445068,45,2,42,0,11
1413393987.705786705017090,48,4,34,6,11
1413393987.755787134170532,48,6,40,3,11
1413393987.805787324905396,43,2,40,0,11
1413393987.855787277221680,48,3,39,6,11
1413393987.905786752700806,46,9,41,2,11
1413393987.955786466598511,48,2,39,2,11
1413393988.005786418914795,43,1,38,2,11
1413393988.055786132812500,47,6,39,7,11
1413393988.105786561965942,46,1,44,0,11
1413393988.155786514282227,45,1,44,0,11
1413393988.205786466598511,45,2,43,1,11
1413393988.255786180496216,45,3,41,0,11
1413393988.305786132812500,44,4,39,1,11
1413393988.355786085128784,42,1,39,2,11
1413393988.405785799026489,41,1,39,0,11
1413393988.455785751342773,46,1,39,5,11
1413393988.505785226821899,47,11,43,3,11
1413393988.555784940719604,46,2,45,0,11
1413393988.605785131454468,44,5,43,1,11
1413393988.655785322189331,47,0,42,3,11
1413393988.705785751342773,46,1,43,2,11
1413393988.755785942077637,45,2,41,0,11
1413393988.805786371231079,46,1,38,3,11
1413393988.855786800384521,45,3,39,4,11
1413393988.905787467956543,42,2,38,1,11
1413393988.955787897109985,42,1,36,3,11
1413393989.005788087844849,41,0,36,4,11
1413393989.055788516998291,38,3,33,3,11
1413393989.105788469314575,46,5,33,8,11
1413393989.155788421630859,45,0,41,2,11
1413393989.205788135528564,41,3,38,1,11
1413393989.255787372589111,41,1,38,2,11
1413393989.305785655975342,39,3,32,4,11
1413393989.355785846710205,38,6,30,2,11
1413393989.405784130096436,38,9,32,4,11
1413393989.455783367156982,35,3,28,5,11
1413393989.505781650543213,42,6,29,11,11
1413393989.555781602859497,37,3,33,1,11
1413393989.605781316757202,34,8,29,3,11
1413393989.655781269073486,31,1,31,0,11
1413393989.705780744552612,29,1,28,0,11
1413393989.755779504776001,32,1,27,4,11
1413393989.805778264999390,32,2,30,2,11
1413393989.855778455734253,32,1,32,0,11
1413393989.905780792236328,43,1,31,11,11
1413393989.955780982971191,46,2,38,3,11
1413393990.005781412124634,47,3,39,4,11
1413393990.055781364440918,48,4,43,4,11
1413393990.105781316757202,49,6,43,3,11
1413393990.155781030654907,46,4,39,0,11
1413393990.205781459808350,45,3,34,5,11
1413393990.255781412124634,42,2,34,4,11
1413393990.305781364440918,38,1,32,0,11
1413393990.355781555175781,32,0,27,2,11
1413393990.405781507492065,32,0,29,3,11
1413393990.455781698226929,32,0,30,0,11
1413393990.505781888961792,32,0,28,0,11
1413393990.555781602859497,37,0,26,7,11
1413393990.605781555175781,40,1,32,5,11
1413393990.655781269073486,36,0,30,1,11
1413393990.705780744552612,42,2,24,10,11
1413393990.755780220031738,38,3,29,3,11
1413393990.805779933929443,35,0,29,4,11
1413393990.855780601501465,38,3,29,6,11
1413393990.905780553817749,36,0,34,0,11
1413393990.955781936645508,41,0,30,9,11
1413393991.005783557891846,40,2,35,1,11
1413393991.055783748626709,37,7,32,0,11
1413393991.105784416198730,31,6,28,0,11
1413393991.155784368515015,27,14,26,0,11
1413393991.205783605575562,28,9,27,1,11
1413393991.255784511566162,35,3,22,8,11
1413393991.305785179138184,30,2,22,0,11
1413393991.355786085128784,26,1,20,1,11
1413393991.405785560607910,21,0,17,2,11
1413393991.455787181854248,25,2,19,4,11
1413393991.505788803100586,23,2,23,0,11
1413393991.555790901184082,23,2,22,0,11
1413393991.605792760848999,23,0,22,0,11
1413393991.655794620513916,23,1,22,1,11
1413393991.705795049667358,23,0,23,0,11
1413393991.755795240402222,27,0,23,4,11
1413393991.805794239044189,27,0,27,0,11
1413393991.855793714523315,28,0,27,1,11
1413393991.905793190002441,26,6,25,0,11
1413393991.955791950225830,28,5,22,2,11
1413393992.005790948867798,27,3,25,0,11
1413393992.055790424346924,24,3,22,2,11
1413393992.105790615081787,34,2,24,10,11
1413393992.155790328979492,35,0,33,1,11
1413393992.205789804458618,38,1,35,3,11
1413393992.255787849426270,43,0,38,5,11
1413393992.305785417556763,43,1,41,0,11
1413393992.355785369873047,42,2,42,0,11
1413393992.405785799026489,44,0,40,3,11
1413393992.455786228179932,43,0,43,0,11
1413393992.505786895751953,43,0,43,0,11
1413393992.555787801742554,44,0,42,2,11
1413393992.605789899826050,45,0,44,1,11
1413393992.655791521072388,49,0,42,4,11
1413393992.705792665481567,47,1,44,0,11
1413393992.755791664123535,43,0,40,0,11
1413393992.805790662765503,47,1,37,8,11
1413393992.855788946151733,44,4,40,1,11
1413393992.905782938003540,44,6,35,2,11
1413393992.955777168273926,40,0,37,1,11
1413393993.005773067474365,38,0,37,0,11
1413393993.055770635604858,39,1,37,1,11
1413393993.105770826339722,40,0,38,2,11
1413393993.155769586563110,42,1,39,3,11
1413393993.205768108367920,43,2,42,1,11
1413393993.255765676498413,46,0,43,3,11
1413393993.305764913558960,49,0,46,3,11
1413393993.355765104293823,43,1,43,0,11
1413393993.405764818191528,42,0,40,2,11
1413393993.455764532089233,42,0,40,1,11
1413393993.505763053894043,44,0,41,2,11
1413393993.555760622024536,45,1,38,2,11
1413393993.605758905410767,45,10,39,0,11
1413393993.655757188796997,42,5,38,2,11
1413393993.705755472183228,45,8,38,4,11
1413393993.755755901336670,41,0,39,0,11
1413393993.805756330490112,38,1,36,0,11
1413393993.855757474899292,29,5,28,0,11
1413393993.905757427215576,26,0,26,0,11
1413393993.955757141113281,25,0,25,0,11
1413393994.005757093429565,25,1,25,0,11
1413393994.055757522583008,22,0,22,0,11
1413393994.105758190155029,23,1,21,2,11
1413393994.155758857727051,24,0,22,1,11
1413393994.205760478973389,26,0,23,2,11
1413393994.255761623382568,28,4,25,3,11
1413393994.305763006210327,31,3,28,3,11
1413393994.355764389038086,31,1,31,0,11
1413393994.405765533447266,31,6,28,0,11
1413393994.455767154693604,30,5,23,1,11
1413393994.505767822265625,28,1,22,3,11
1413393994.555768251419067,26,3,21,1,11
1413393994.605768680572510,25,4,23,1,11
1413393994.655768394470215,17,4,15,0,11
1413393994.705767869949341,15,5,12,0,11
1413393994.755766391754150,15,7,10,3,11
1413393994.805764675140381,15,2,10,2,11
1413393994.855761051177979,22,2,11,8,11
1413393994.905757904052734,21,1,18,1,11
1413393994.955750703811646,28,1,19,8,11
1413393995.005749702453613,29,0,27,2,11
1413393995.055746078491211,40,1,29,11,11
1413393995.105746269226074,42,1,39,2,11
1413393995.155744075775146,48,12,41,6,11
1413393995.205744743347168,46,2,46,0,11
1413393995.255745172500610,47,1,46,1,11
1413393995.305745124816895,48,4,47,1,11
1413393995.355745315551758,49,4,47,1,11
1413393995.405744552612305,49,0,47,0,11
1413393995.455744028091431,47,2,46,0,11
1413393995.505743503570557,47,2,44,2,11
1413393995.555742979049683,45,8,41,2,11
1413393995.605742692947388,45,0,43,1,11
1413393995.655742645263672,45,1,40,2,11
1413393995.705742120742798,41,0,35,0,11
1413393995.755741834640503,43,4,31,5,11
1413393995.805741310119629,36,1,31,1,11
1413393995.855741262435913,36,2,32,3,11
1413393995.905741214752197,42,1,32,9,11
1413393995.955741167068481,45,3,38,3,11
1413393996.005740880966187,42,0,34,1,11
1413393996.055740594863892,45,5,34,7,11
1413393996.105740785598755,40,1,37,0,11
1413393996.155740499496460,41,1,34,4,11
1413393996.205739974975586,41,0,36,2,11
1413393996.255739450454712,44,9,35,5,11
1413393996.305739402770996,43,2,41,0,11
1413393996.355739593505859,42,1,41,1,11
1413393996.405739545822144,43,2,39,1,11
1413393996.455739736557007,49,6,40,6,11
1413393996.505739688873291,48,1,45,3,11
1413393996.555739879608154,47,0,46,0,11
1413393996.605740308761597,44,1,39,0,11
1413393996.655740022659302,48,7,38,6,11
1413393996.705740928649902,44,0,42,0,11
1413393996.755741357803345,40,3,38,0,11
1413393996.805742025375366,44,0,35,7,11
1413393996.855742692947388,48,4,38,7,11
1413393996.905742883682251,48,7,44,2,11
1413393996.955742597579956,47,0,45,1,11
1413393997.005743026733398,50,8,45,3,11
1413393997.055742979049683,48,6,47,0,11
1413393997.105743169784546,48,0,45,2,11
1413393997.155743360519409,48,0,46,0,11
1413393997.205743312835693,48,0,46,1,11
1413393997.255743026733398,50,19,47,3,11
1413393997.305742979049683,48,3,48,0,11
1413393997.355743169784546,49,0,48,1,11
1413393997.405743122100830,49,0,49,0,11
1413393997.455743074417114,46,2,44,1,11
1413393997.505743026733398,48,2,42,3,11
1413393997.555742979049683,48,4,45,1,11
1413393997.605743169784546,48,8,45,2,11
1413393997.655743122100830,49,10,47,1,11
1413393997.705743074417114,49,2,48,1,11
1413393997.755743026733398,49,3,49,0,11
1413393997.805743217468262,49,4,49,0,11
1413393997.855743408203125,50,15,49,1,11
1413393997.905743360519409,50,2,50,0,11
1413393997.955743312835693,50,1,48,0,11
1413393998.005743265151978,50,6,48,0,11
1413393998.055743455886841,47,7,46,0,11
1413393998.105743646621704,48,1,45,1,11
1413393998.155743598937988,46,1,45,1,11
1413393998.205743551254272,49,2,45,4,11
1413393998.255743503570557,48,1,47,0,11
1413393998.305743455886841,48,2,47,0,11
1413393998.355743646621704,48,0,47,1,11
1413393998.405743837356567,47,0,47,0,11
1413393998.455743551254272,47,0,47,0,11
1413393998.505743265151978,48,6,47,1,11
1413393998.555743217468262,48,0,48,0,11
1413393998.605743169784546,48,0,48,0,11
1413393998.655743122100830,50,4,47,2,11
1413393998.705743074417114,50,1,47,0,11
1413393998.755743026733398,49,1,46,0,11
1413393998.805742979049683,48,3,46,1,11
1413393998.855742931365967,47,0,46,0,11
1413393998.905742883682251,45,1,45,0,11
1413393998.955742835998535,44,1,44,0,11
1413393999.005742788314819,43,1,43,0,11
1413393999.055742740631104,42,0,42,0,11
1413393999.105741977691650,42,4,41,1,11
1413393999.155741691589355,42,4,42,0,11
1413393999.205741405487061,39,0,39,0,11
1413393999.255741357803345,33,2,33,0,11
1413393999.305741310119629,29,0,29,0,11
1413393999.355741500854492,29,1,28,0,11
1413393999.405741453170776,28,0,26,1,11
1413393999.455741643905640,26,0,23,0,11
1413393999.505741834640503,25,1,22,1,11
1413393999.555742025375366,21,0,21,0,11
1413393999.605742216110229,21,0,19,0,11
1413393999.655742406845093,20,0,18,0,11
1413393999.705743551254272,22,0,18,4,11
1413393999.755743741989136,26,0,22,4,11
1413393999.805743694305420,24,0,19,0,11
1413393999.855743885040283,20,1,14,0,11
1413393999.905743837356567,16,0,11,3,11
1413393999.955743789672852,10,2,9,0,11
1413394000.005743503570557,7,5,3,1,11
1413394000.055743217468262,7,0,4,0,11
1413394000.105743646621704,6,2,3,2,11
1413394000.155743360519409,5,3,5,0,11
1413394000.205743312835693,6,0,4,1,11
1413394000.255743265151978,7,2,5,1,11
1413394000.305743217468262,8,0,5,2,11
1413394000.355743169784546,6,5,5,1,11
1413394000.405743598937988,6,6,5,0,11
1413394000.455743551254272,8,0,5,2,11
1413394000.505744695663452,7,1,5,2,11
1413394000.555744647979736,7,1,6,0,11
1413394000.605744838714600,7,0,5,0,11
1413394000.655743122100830,11,0,5,5,11
1413394000.705744266510010,15,0,10,5,11
1413394000.755744218826294,16,0,15,1,11
1413394000.805743932723999,19,0,16,3,11
1413394000.855744123458862,19,0,19,0,11
1413394000.905742645263672,25,0,19,6,11
1413394000.955743074417114,31,6,25,6,11
1413394001.005743026733398,36,0,31,5,11
1413394001.055742979049683,36,0,36,0,11
1413394001.105743169784546,36,0,36,0,11
1413394001.155743122100830,36,0,36,0,11
1413394001.205743074417114,36,0,36,0,11
1413394001.255743026733398,37,0,36,1,11
1413394001.305742979049683,37,0,37,0,11
1413394001.355742931365967,37,0,37,0,11
1413394001.405742883682251,37,0,37,0,11
1413394001.455742835998535,37,0,37,0,11
1413394001.505742788314819,41,0,37,4,11
1413394001.555742740631104,41,0,41,0,11
1413394001.605742931365967,41,1,41,0,11
1413394001.655742883682251,41,0,41,0,11
1413394001.705742835998535,41,0,41,0,11
1413394001.755742788314819,41,0,41,0,11
1413394001.805742740631104,41,0,41,0,11
1413394001.855742931365967,41,0,41,0,11
1413394001.905742883682251,41,0,41,0,11
1413394001.955742835998535,39,0,39,0,11
1413394002.005742788314819,37,0,37,0,11
1413394002.055742502212524,37,0,36,0,11
1413394002.105742692947388,37,0,36,0,11
1413394002.155742645263672,35,0,35,0,11
1413394002.205742597579956,35,0,34,1,11
1413394002.255742549896240,35,0,35,0,11
1413394002.305742502212524,35,0,35,0,11
1413394002.355742692947388,35,0,35,0,11
1413394002.405742645263672,35,0,35,0,11
1413394002.455742597579956,35,0,35,0,11
1413394002.505742549896240,35,0,35,0,11
1413394002.555742502212524,35,0,35,0,11
1413394002.605742692947388,35,0,35,0,11
1413394002.655742645263672,35,0,35,0,11
1413394002.705742597579956,35,0,35,0,11
1413394002.755742549896240,35,0,35,0,11
1413394002.805742502212524,35,0,35,0,11
1413394002.855742692947388,35,0,35,0,11
1413394002.905742645263672,33,0,33,0,11
1413394002.955742597579956,32,0,31,0,11
1413394003.005742549896240,32,0,31,0,11
1413394003.055742502212524,30,0,30,0,11
1413394003.105742692947388,28,1,28,0,11
1413394003.155742645263672,27,0,26,0,11
1413394003.205742597579956,27,0,26,0,11
1413394003.255742549896240,26,0,26,0,11
1413394003.305742502212524,27,0,26,1,11
1413394003.355742692947388,26,1,26,0,11
