# timestamp (sec),slam_feats_in_state,msckf_feats_used,slam_feats_updated,slam_feats_delayed_init,clones
1413393890.058792114257812,0,13,0,0,5
1413393890.105388402938843,17,16,0,17,6
1413393890.155348777770996,17,0,17,0,7
1413393890.205190658569336,17,3,17,0,8
1413393890.255137920379639,17,1,17,0,9
1413393890.305358171463013,17,2,17,0,10
1413393890.355547666549683,17,1,17,0,11
1413393890.405642271041870,17,2,16,0,11
1413393890.455506324768066,18,1,15,2,11
1413393890.505449771881104,18,1,17,1,11
1413393890.555045127868652,30,1,18,12,11
1413393890.605301141738892,35,1,26,8,11
1413393890.656105041503906,38,0,34,3,11
1413393890.706737518310547,48,7,37,11,11
1413393890.756854534149170,49,3,48,1,11
1413393890.806869506835938,50,0,49,1,11
1413393890.856863260269165,50,4,50,0,11
1413393890.906829833984375,50,2,50,0,11
1413393890.956824064254761,50,3,50,0,11
1413393891.006805419921875,50,0,50,0,11
1413393891.056737184524536,50,5,49,0,11
1413393891.106652498245239,50,1,49,0,11
1413393891.156594991683960,49,3,48,0,11
1413393891.206595420837402,48,1,47,0,11
1413393891.256592512130737,49,0,47,2,11
1413393891.306564331054688,50,6,49,1,11
1413393891.356599330902100,47,4,46,0,11
1413393891.406616210937500,42,4,38,0,11
1413393891.456629514694214,41,3,37,2,11
1413393891.506552934646606,40,3,36,2,11
1413393891.556491613388062,40,0,37,2,11
1413393891.606377363204956,40,0,39,1,11
1413393891.656197309494019,45,0,39,5,11
1413393891.706119060516357,45,0,44,0,11
1413393891.756019592285156,47,1,44,3,11
1413393891.805946826934814,47,0,45,1,11
1413393891.855923414230347,47,0,45,0,11
1413393891.905848741531372,50,2,43,4,11
1413393891.955779314041138,50,8,46,1,11
1413393892.005740880966187,44,11,41,1,11
1413393892.055769681930542,45,1,41,1,11
1413393892.105870723724365,48,8,39,5,11
1413393892.155827760696411,49,0,42,2,11
1413393892.205739259719849,48,0,45,2,11
1413393892.255695343017578,47,1,46,0,11
1413393892.305685997009277,46,4,46,0,11
1413393892.355666399002075,47,6,45,2,11
1413393892.405607223510742,46,0,43,0,11
1413393892.455537796020508,44,0,42,0,11
1413393892.505508899688721,44,0,40,4,11
1413393892.555488109588623,45,4,42,2,11
1413393892.605505704879761,46,1,43,1,11
1413393892.655529022216797,47,4,42,4,11
1413393892.705571889877319,46,8,43,3,11
1413393892.755613088607788,50,0,43,4,11
1413393892.805615425109863,49,3,45,0,11
1413393892.855619668960571,47,9,43,1,11
1413393892.905603885650635,45,4,43,0,11
1413393892.955583572387695,44,3,41,2,11
1413393893.005584955215454,40,0,39,0,11
1413393893.055600643157959,37,0,36,0,11
1413393893.105602979660034,48,1,34,11,11
1413393893.155619859695435,49,5,44,2,11
1413393893.205592393875122,47,3,46,0,11
1413393893.255576610565186,47,2,45,1,11
1413393893.305514097213745,50,22,45,3,11
1413393893.355507850646973,49,7,47,0,11
1413393893.405508756637573,48,1,47,1,11
1413393893.455523252487183,48,11,46,1,11
1413393893.505518674850464,49,18,46,2,11
1413393893.555505037307739,49,6,46,1,11
1413393893.605496168136597,46,2,42,0,11
1413393893.655487060546875,44,4,41,1,11
1413393893.705484867095947,43,5,42,1,11
1413393893.755485057830811,42,6,37,1,11
1413393893.805486440658569,43,7,38,1,11
1413393893.855488061904907,44,15,37,5,11
1413393893.905490398406982,45,9,35,6,11
1413393893.955485820770264,37,5,33,1,11
1413393894.005481481552124,33,4,32,1,11
1413393894.055473089218140,39,7,32,6,11
1413393894.105469703674316,38,4,36,1,11
1413393894.155477523803711,39,6,34,2,11
1413393894.205477952957153,37,9,34,1,11
1413393894.255484580993652,38,3,32,5,11
1413393894.305489540100098,37,1,35,0,11
1413393894.355492353439331,34,7,32,0,11
1413393894.405492067337036,43,5,31,11,11
1413393894.455489873886108,46,0,42,3,11
1413393894.505488872528076,50,0,45,5,11
1413393894.555489063262939,50,4,49,0,11
1413393894.605492591857910,50,6,49,0,11
1413393894.655505895614624,50,2,48,1,11
1413393894.705515146255493,50,1,49,0,11
1413393894.755523204803467,48,7,47,0,11
1413393894.805531263351440,49,1,47,2,11
1413393894.855547666549683,47,6,46,0,11
1413393894.905566453933716,46,1,43,0,11
1413393894.955584287643433,46,1,40,2,11
1413393895.005598068237305,45,1,40,3,11
1413393895.055613756179810,46,2,43,3,11
1413393895.105610370635986,45,1,44,0,11
1413393895.155596256256104,49,4,44,4,11
1413393895.205589294433594,49,6,46,1,11
1413393895.255589962005615,47,1,44,1,11
1413393895.305591106414795,45,3,40,3,11
1413393895.355592250823975,47,2,41,5,11
1413393895.405590772628784,44,1,41,2,11
1413393895.455587387084961,44,2,41,2,11
1413393895.505589246749878,46,2,43,3,11
1413393895.555589199066162,45,4,43,1,11
1413393895.605593681335449,45,2,42,0,11
1413393895.655591487884521,43,6,37,4,11
1413393895.705589771270752,40,1,37,1,11
1413393895.755585432052612,36,3,31,2,11
1413393895.805579662322998,35,5,30,3,11
1413393895.855573415756226,32,6,28,1,11
1413393895.905576467514038,31,9,26,3,11
1413393895.955574512481689,28,0,26,1,11
1413393896.005574941635132,29,0,23,2,11
1413393896.055575132369995,27,4,21,1,11
1413393896.105570793151855,26,1,21,2,11
1413393896.155560493469238,24,6,20,2,11
1413393896.205550909042358,24,2,20,0,11
1413393896.255546808242798,22,2,18,1,11
1413393896.305535316467285,22,3,19,2,11
1413393896.355542421340942,24,1,17,3,11
1413393896.405546665191650,24,0,18,0,11
1413393896.455522298812866,26,2,17,7,11
1413393896.505522012710571,28,1,22,4,11
1413393896.555507183074951,28,1,21,3,11
1413393896.605493068695068,34,5,21,8,11
1413393896.655496120452881,32,0,27,2,11
1413393896.705493688583374,32,1,28,1,11
1413393896.755500078201294,31,0,25,1,11
1413393896.805504798889160,29,1,25,0,11
1413393896.855502605438232,35,0,25,8,11
1413393896.905492067337036,36,0,31,3,11
1413393896.955484867095947,36,1,33,0,11
1413393897.005472421646118,35,1,32,1,11
1413393897.055455446243286,35,1,29,2,11
1413393897.105450153350830,36,3,31,2,11
1413393897.155464887619019,37,2,32,4,11
1413393897.205482721328735,39,4,31,4,11
1413393897.255498409271240,40,1,39,1,11
1413393897.305493831634521,43,1,39,3,11
1413393897.355501413345337,46,0,40,3,11
1413393897.405505895614624,46,1,41,2,11
1413393897.455516338348389,46,4,40,5,11
1413393897.505538225173950,47,1,41,3,11
1413393897.555575609207153,47,2,44,0,11
1413393897.605598688125610,46,0,44,2,11
1413393897.655630350112915,47,1,46,1,11
1413393897.705635070800781,47,1,45,1,11
1413393897.755636930465698,48,1,27,1,11
1413393897.805646181106567,47,4,32,5,11
1413393897.855644226074219,46,2,36,9,11
1413393897.905618190765381,45,7,44,0,11
1413393897.955619812011719,44,1,43,0,11
1413393898.005618810653687,43,3,42,1,11
1413393898.055597305297852,41,2,39,1,11
1413393898.105586290359497,42,2,39,2,11
1413393898.155539751052856,44,6,39,5,11
1413393898.205515861511230,39,7,33,4,11
1413393898.255506515502930,38,1,34,1,11
1413393898.305504322052002,34,2,31,0,11
1413393898.355500936508179,30,3,29,0,11
1413393898.405494689941406,27,3,25,0,11
1413393898.455492734909058,20,4,18,0,11
1413393898.505521059036255,22,0,16,4,11
1413393898.555572748184204,21,0,15,0,11
1413393898.605613946914673,21,13,12,4,11
1413393898.655644893646240,21,4,14,4,11
1413393898.705677986145020,22,1,16,4,11
1413393898.755705595016479,22,2,19,2,11
1413393898.805711507797241,21,1,17,1,11
1413393898.855708122253418,22,2,17,1,11
1413393898.905707120895386,16,2,9,1,11
1413393898.955702304840088,15,0,10,1,11
1413393899.005699634552002,13,5,10,2,11
1413393899.055708646774292,12,3,12,0,11
1413393899.105709075927734,14,2,10,2,11
1413393899.155744552612305,19,2,12,5,11
1413393899.205757856369019,24,11,9,7,11
1413393899.255766630172729,33,5,17,10,11
1413393899.305768728256226,29,11,17,6,11
1413393899.355770826339722,25,3,22,0,11
1413393899.405764341354370,20,4,17,1,11
1413393899.455760478973389,16,1,16,0,11
1413393899.505749464035034,12,2,10,1,11
1413393899.555737018585205,10,3,9,0,11
1413393899.605738878250122,5,2,3,2,11
1413393899.655733585357666,4,0,4,0,11
1413393899.705738544464111,6,1,4,2,11
1413393899.755746841430664,6,0,6,0,11
1413393899.805745363235474,12,5,5,6,11
1413393899.855742216110229,13,15,3,1,11
1413393899.905746936798096,14,1,4,2,11
1413393899.955761671066284,10,1,3,3,11
1413393900.005774021148682,7,4,6,1,11
1413393900.055789709091187,8,2,4,1,11
1413393900.105783224105835,8,0,5,0,11
1413393900.155777454376221,4,3,3,0,11
1413393900.205767154693604,4,3,3,1,11
1413393900.255767583847046,3,1,2,0,11
1413393900.305778503417969,4,1,2,1,11
1413393900.355787038803101,5,8,2,2,11
1413393900.405791997909546,6,6,4,1,11
1413393900.455741405487061,9,5,5,4,11
1413393900.505741834640503,15,5,8,7,11
1413393900.555729150772095,19,9,8,5,11
1413393900.605728387832642,20,7,12,2,11
1413393900.655727863311768,18,6,12,4,11
1413393900.705726146697998,19,3,14,4,11
1413393900.755724191665649,21,2,18,2,11
1413393900.805721759796143,20,2,19,0,11
1413393900.855722188949585,20,0,18,1,11
1413393900.905720472335815,18,0,17,0,11
1413393900.955711364746094,18,7,16,1,11
1413393901.005709171295166,20,7,16,2,11
1413393901.055711030960083,22,14,17,4,11
1413393901.105710268020630,23,8,21,1,11
1413393901.155709266662598,20,2,20,0,11
1413393901.205707788467407,20,6,18,1,11
1413393901.255714416503906,20,5,19,0,11
1413393901.305720329284668,20,5,19,1,11
1413393901.355730533599854,17,9,17,0,11
1413393901.405740022659302,18,3,16,1,11
1413393901.455751419067383,18,2,17,0,11
1413393901.505764722824097,16,6,16,0,11
1413393901.555779695510864,15,6,15,0,11
1413393901.605778455734253,17,2,15,2,11
1413393901.655793190002441,29,4,17,12,11
1413393901.705797433853149,33,6,26,5,11
1413393901.755816221237183,39,4,28,6,11
1413393901.805824995040894,43,9,35,6,11
1413393901.855823755264282,45,7,38,2,11
1413393901.905822515487671,40,4,39,1,11
1413393901.955819845199585,40,1,38,1,11
1413393902.005819082260132,40,1,39,0,11
1413393902.055817604064941,44,1,39,5,11
1413393902.105814695358276,46,1,43,3,11
1413393902.155814647674561,46,1,45,0,11
1413393902.205813646316528,46,1,43,1,11
1413393902.255811452865601,48,3,44,3,11
1413393902.305811882019043,47,6,45,2,11
1413393902.355812072753906,46,5,46,0,11
1413393902.405815839767456,46,13,41,3,11
1413393902.455815076828003,46,14,42,3,11
1413393902.505814313888550,47,1,44,2,11
1413393902.555813074111938,46,3,45,0,11
1413393902.605814695358276,48,4,44,4,11
1413393902.655813932418823,48,1,46,0,11
1413393902.705813884735107,49,5,46,1,11
1413393902.755812883377075,46,3,45,0,11
1413393902.805812120437622,46,4,42,2,11
1413393902.855809450149536,41,12,39,0,11
1413393902.905805349349976,38,8,36,0,11
1413393902.955802440643311,36,2,35,0,11
1413393903.005803346633911,39,4,33,3,11
1413393903.055805206298828,40,1,34,4,11
1413393903.105806827545166,38,2,38,0,11
1413393903.155810594558716,39,0,37,2,11
1413393903.205813884735107,41,1,38,2,11
1413393903.255816936492920,41,4,39,0,11
1413393903.305819034576416,40,2,37,0,11
1413393903.355822801589966,38,3,36,1,11
1413393903.405825614929199,38,4,37,1,11
1413393903.455822467803955,38,3,37,0,11
1413393903.505821943283081,39,1,36,1,11
1413393903.555820941925049,41,1,35,3,11
1413393903.605818510055542,37,3,36,0,11
1413393903.655820131301880,42,3,33,7,11
1413393903.705820083618164,43,0,37,1,11
1413393903.755824327468872,43,2,34,5,11
1413393903.805824518203735,46,1,36,8,11
1413393903.855826854705811,44,1,43,0,11
1413393903.905829668045044,47,4,43,4,11
1413393903.955830574035645,45,2,45,0,11
1413393904.005832433700562,45,4,44,1,11
1413393904.055832862854004,50,3,44,5,11
1413393904.105830192565918,49,1,47,0,11
1413393904.155824184417725,49,3,46,1,11
1413393904.205810070037842,50,4,47,2,11
1413393904.255794525146484,50,10,47,1,11
1413393904.305784702301025,50,0,48,0,11
1413393904.355780601501465,49,3,48,1,11
1413393904.405778646469116,48,3,47,1,11
1413393904.455775976181030,50,2,47,2,11
1413393904.505779266357422,49,5,45,0,11
1413393904.555788993835449,49,2,43,0,11
1413393904.605803251266479,45,5,44,1,11
1413393904.655818223953247,48,2,41,5,11
1413393904.705827713012695,50,2,45,2,11
1413393904.755829572677612,49,4,47,1,11
1413393904.805829286575317,48,4,44,1,11
1413393904.855830907821655,49,7,44,3,11
1413393904.905832052230835,44,1,44,0,11
1413393904.955835103988647,44,5,42,2,11
1413393905.005834102630615,41,1,39,1,11
1413393905.055837631225586,39,4,31,3,11
1413393905.105839014053345,38,2,30,5,11
1413393905.155838966369629,37,1,34,3,11
1413393905.205843448638916,38,2,34,4,11
1413393905.255845785140991,40,1,36,3,11
1413393905.305845737457275,41,1,38,2,11
1413393905.355848312377930,39,0,37,2,11
1413393905.405848503112793,42,3,38,4,11
1413393905.455848455429077,41,3,40,0,11
1413393905.505848169326782,42,1,39,2,11
1413393905.555847644805908,43,1,41,2,11
1413393905.605847835540771,46,4,40,5,11
1413393905.655843973159790,50,6,44,4,11
1413393905.705840587615967,49,5,43,1,11
1413393905.755839347839355,48,1,40,1,11
1413393905.805837631225586,44,0,38,2,11
1413393905.855836391448975,43,0,37,4,11
1413393905.905835866928101,42,1,40,1,11
1413393905.955835580825806,42,0,40,1,11
1413393906.005835056304932,44,1,39,4,11
1413393906.055834293365479,47,2,41,4,11
1413393906.105833292007446,48,3,41,4,11
1413393906.155833959579468,48,0,43,1,11
1413393906.205825567245483,50,8,40,3,11
1413393906.255822658538818,48,1,41,3,11
1413393906.305821180343628,47,5,43,2,11
1413393906.355823993682861,46,4,41,2,11
1413393906.405828952789307,44,1,42,1,11
1413393906.455836534500122,39,1,38,0,11
1413393906.505843162536621,39,3,37,0,11
1413393906.555847644805908,37,0,36,0,11
1413393906.605849266052246,40,0,36,4,11
1413393906.655848026275635,42,1,39,2,11
1413393906.705852746963501,43,0,40,2,11
1413393906.755853652954102,45,3,41,3,11
1413393906.805857181549072,47,4,41,4,11
1413393906.855859279632568,49,0,45,3,11
1413393906.905860185623169,50,6,47,2,11
1413393906.955860137939453,50,2,48,0,11
1413393907.005859851837158,50,2,48,1,11
1413393907.055854320526123,48,3,47,0,11
1413393907.105842828750610,48,0,46,0,11
1413393907.155827522277832,50,3,44,3,11
1413393907.205813407897949,49,5,46,1,11
1413393907.255802392959595,47,0,45,1,11
1413393907.305791378021240,48,0,45,1,11
1413393907.355777978897095,47,2,45,1,11
1413393907.405764818191528,48,2,45,2,11
1413393907.455756425857544,49,0,47,2,11
1413393907.505762100219727,50,3,49,1,11
1413393907.555764675140381,50,1,50,0,11
1413393907.605762481689453,50,3,50,0,11
1413393907.655751228332520,50,5,50,0,11
1413393907.705742359161377,49,4,48,0,11
1413393907.755736351013184,49,2,48,0,11
1413393907.805723190307617,49,6,48,1,11
1413393907.855719089508057,50,0,48,1,11
1413393907.905712127685547,50,0,45,0,11
1413393907.955709695816040,49,4,44,0,11
1413393908.005711793899536,47,2,44,2,11
1413393908.055716037750244,47,0,46,1,11
1413393908.105719804763794,49,3,46,2,11
1413393908.155722141265869,50,0,48,1,11
1413393908.205719470977783,50,2,49,1,11
1413393908.255719184875488,49,6,48,0,11
1413393908.305725097656250,50,3,48,1,11
1413393908.355740785598755,50,7,49,1,11
1413393908.405742168426514,50,11,50,0,11
1413393908.455732107162476,50,4,49,0,11
1413393908.505726575851440,50,0,48,0,11
1413393908.555723667144775,49,5,48,0,11
1413393908.605722904205322,49,3,48,1,11
1413393908.655722141265869,49,0,49,0,11
1413393908.705728292465210,49,2,48,0,11
1413393908.755733013153076,49,0,48,0,11
1413393908.805736303329468,50,0,46,2,11
1413393908.855736255645752,50,4,49,0,11
1413393908.905732631683350,50,3,49,1,11
1413393908.955739974975586,50,5,50,0,11
1413393909.005748510360718,50,7,50,0,11
1413393909.055760622024536,50,1,50,0,11
1413393909.105769157409668,50,0,49,0,11
1413393909.155781507492065,50,7,49,0,11
1413393909.205789089202881,49,4,49,0,11
1413393909.255791902542114,49,0,49,0,11
1413393909.305794239044189,49,4,48,0,11
1413393909.355796098709106,49,0,48,0,11
1413393909.405797481536865,48,0,48,0,11
1413393909.455799102783203,49,0,48,1,11
1413393909.505799055099487,50,4,49,1,11
1413393909.555799245834351,50,6,50,0,11
1413393909.605798959732056,50,5,50,0,11
1413393909.655795097351074,49,14,48,0,11
1413393909.705794095993042,48,1,46,0,11
1413393909.755792617797852,47,4,43,2,11
1413393909.805790424346924,46,3,42,2,11
1413393909.855787992477417,42,1,39,1,11
1413393909.905786037445068,42,3,37,2,11
1413393909.955784797668457,40,0,39,0,11
1413393910.005784511566162,38,1,37,1,11
1413393910.055782794952393,39,1,37,1,11
1413393910.105784416198730,39,2,36,2,11
1413393910.155785083770752,45,0,37,7,11
1413393910.205787181854248,46,2,40,4,11
1413393910.255790710449219,45,15,42,2,11
1413393910.305792331695557,49,6,42,5,11
1413393910.355792999267578,50,3,46,1,11
1413393910.405794143676758,49,14,47,1,11
1413393910.455793857574463,48,1,46,1,11
1413393910.505792140960693,44,4,42,2,11
1413393910.555791616439819,44,1,44,0,11
1413393910.605791807174683,43,1,43,0,11
1413393910.655790805816650,43,3,43,0,11
1413393910.705790281295776,43,3,41,0,11
1413393910.755787134170532,50,6,40,7,11
1413393910.805784463882446,48,3,45,2,11
1413393910.855781316757202,48,11,47,1,11
1413393910.905775785446167,48,6,46,1,11
1413393910.955772638320923,48,5,45,2,11
1413393911.005773067474365,46,9,44,1,11
1413393911.055774688720703,43,1,42,0,11
1413393911.105779170989990,43,8,41,1,11
1413393911.155781507492065,41,5,39,0,11
1413393911.205785036087036,42,8,36,1,11
1413393911.255786657333374,39,0,36,0,11
1413393911.305787324905396,40,3,36,4,11
1413393911.355787515640259,40,6,39,0,11
1413393911.405788183212280,38,7,35,0,11
1413393911.455790281295776,49,11,33,12,11
1413393911.505787849426270,46,1,37,1,11
1413393911.555783510208130,45,9,32,3,11
1413393911.605783700942993,43,15,34,6,11
1413393911.655789852142334,43,6,36,4,11
1413393911.705787658691406,42,7,31,0,11
1413393911.755781888961792,44,1,24,5,11
1413393911.805774688720703,46,4,26,10,11
1413393911.855774641036987,45,1,34,6,11
1413393911.905768632888794,44,6,34,3,11
1413393911.955768585205078,43,12,34,2,11
1413393912.005777835845947,39,7,35,1,11
1413393912.055780410766602,39,1,32,4,11
1413393912.105780124664307,37,2,34,0,11
1413393912.155769586563110,38,2,30,6,11
1413393912.205761432647705,45,4,31,12,11
1413393912.255760669708252,43,0,40,1,11
1413393912.305759429931641,39,8,36,0,11
1413393912.355757236480713,37,6,35,0,11
1413393912.405756950378418,34,1,29,1,11
1413393912.455756664276123,32,1,27,0,11
1413393912.505755901336670,30,7,26,4,11
1413393912.555760145187378,27,6,22,3,11
1413393912.605764150619507,24,8,18,4,11
1413393912.655767679214478,24,3,16,1,11
1413393912.705770015716553,21,5,17,1,11
1413393912.755775213241577,17,5,16,1,11
1413393912.805777788162231,21,1,16,5,11
1413393912.855781078338623,21,4,20,0,11
1413393912.905782461166382,21,3,20,0,11
1413393912.955786228179932,22,1,19,2,11
1413393913.005789756774902,24,6,20,4,11
1413393913.055792093276978,29,0,24,5,11
1413393913.105791091918945,38,5,29,9,11
1413393913.155786752700806,39,2,35,3,11
1413393913.205785989761353,41,1,37,3,11
1413393913.255782604217529,46,5,37,6,11
1413393913.305778741836548,46,6,40,1,11
1413393913.355777502059937,44,5,38,3,11
1413393913.405775547027588,44,6,38,5,11
1413393913.455773115158081,47,9,40,6,11
1413393913.505769491195679,48,4,46,2,11
1413393913.555767059326172,44,4,42,0,11
1413393913.605764627456665,42,5,41,0,11
1413393913.655761480331421,38,3,38,0,11
1413393913.705760717391968,38,5,37,0,11
1413393913.755764961242676,37,8,30,0,11
1413393913.805768489837646,36,0,18,0,11
1413393913.855772972106934,36,1,9,6,11
1413393913.905776500701904,27,4,9,6,11
1413393913.955786228179932,35,2,15,14,11
1413393914.005789518356323,31,4,24,4,11
1413393914.055796146392822,31,8,23,3,11
1413393914.105801105499268,29,0,21,3,11
1413393914.155816078186035,28,1,20,5,11
1413393914.205828428268433,30,1,22,6,11
1413393914.255837917327881,30,6,26,1,11
1413393914.305845260620117,39,2,26,12,11
1413393914.355846166610718,36,3,34,1,11
1413393914.405843973159790,34,1,34,0,11
1413393914.455839157104492,33,7,32,0,11
1413393914.505834817886353,42,9,31,10,11
1413393914.555831193923950,41,2,40,1,11
1413393914.605832815170288,40,3,38,1,11
1413393914.655832767486572,43,3,36,4,11
1413393914.705834627151489,40,1,36,1,11
1413393914.755835771560669,45,3,35,9,11
1413393914.805835723876953,49,2,44,5,11
1413393914.855836868286133,48,12,45,1,11
1413393914.905837774276733,45,2,44,0,11
1413393914.955837249755859,43,4,43,0,11
1413393915.005837678909302,49,2,42,7,11
1413393915.055838346481323,45,3,44,0,11
1413393915.105838298797607,45,4,44,0,11
1413393915.155838966369629,46,8,43,3,11
1413393915.205840349197388,46,2,45,0,11
1413393915.255841493606567,46,2,45,0,11
1413393915.305843591690063,45,6,45,0,11
1413393915.355846405029297,47,4,42,4,11
1413393915.405848026275635,48,4,47,1,11
1413393915.455848455429077,49,10,45,2,11
1413393915.505847454071045,47,9,45,1,11
1413393915.555844783782959,45,2,45,0,11
1413393915.605843067169189,44,2,44,0,11
1413393915.655841350555420,47,2,42,3,11
1413393915.705841064453125,44,1,43,0,11
1413393915.755839109420776,44,5,38,6,11
1413393915.805838108062744,48,1,44,4,11
1413393915.855836629867554,50,2,47,2,11
1413393915.905835628509521,50,3,49,0,11
1413393915.955835342407227,49,3,49,0,11
1413393916.005835771560669,50,2,49,1,11
1413393916.055835723876953,50,7,50,0,11
1413393916.105837106704712,50,17,50,0,11
1413393916.155836820602417,48,1,47,0,11
1413393916.205836296081543,47,1,46,0,11
1413393916.255836486816406,43,2,43,0,11
1413393916.305835723876953,47,2,42,5,11
1413393916.355834960937500,47,2,45,2,11
1413393916.405833005905151,44,2,44,0,11
1413393916.455832242965698,42,1,36,0,11
1413393916.505831480026245,42,1,30,2,11
1413393916.555831432342529,44,2,25,9,11
1413393916.605831623077393,42,1,29,4,11
1413393916.655831813812256,43,1,32,5,11
1413393916.705832242965698,47,8,35,9,11
1413393916.755832195281982,46,0,41,1,11
1413393916.805835008621216,49,2,42,6,11
1413393916.855838060379028,49,1,46,1,11
1413393916.905841350555420,48,5,46,1,11
1413393916.955847263336182,47,4,45,2,11
1413393917.005851984024048,46,0,45,0,11
1413393917.055855751037598,47,0,43,1,11
1413393917.105857610702515,45,1,40,1,11
1413393917.155856609344482,46,3,39,1,11
1413393917.205856800079346,48,1,37,6,11
1413393917.255853652954102,48,3,43,3,11
1413393917.305847644805908,48,4,42,4,11
1413393917.355846405029297,48,0,44,3,11
1413393917.405845165252686,49,2,44,2,11
1413393917.455842256546021,47,1,41,1,11
1413393917.505841493606567,44,6,41,1,11
1413393917.555841445922852,41,1,38,0,11
1413393917.605841159820557,40,0,32,1,11
1413393917.655840873718262,36,0,30,0,11
1413393917.705840826034546,31,2,26,0,11
1413393917.755842685699463,31,0,21,6,11
1413393917.805844068527222,28,0,23,0,11
1413393917.855844497680664,25,3,23,0,11
1413393917.905844211578369,20,0,18,0,11
1413393917.955843925476074,20,0,15,0,11
1413393918.005843162536621,18,1,15,1,11
1413393918.055842161178589,19,1,12,5,11
1413393918.105841159820557,24,1,16,6,11
1413393918.155839920043945,21,4,20,0,11
1413393918.205839395523071,21,0,20,1,11
1413393918.255839347839355,23,0,21,2,11
1413393918.305840492248535,24,0,22,1,11
1413393918.355841636657715,25,0,21,2,11
1413393918.405841350555420,28,2,22,4,11
1413393918.455841541290283,30,0,23,4,11
1413393918.505842685699463,27,3,20,5,11
1413393918.555842876434326,26,1,22,1,11
1413393918.605844259262085,22,0,20,0,11
1413393918.655843734741211,18,0,15,1,11
1413393918.705842733383179,17,3,7,9,11
1413393918.755843162536621,18,5,12,2,11
1413393918.805843830108643,18,6,13,2,11
1413393918.855845212936401,17,6,13,4,11
1413393918.905845642089844,19,0,13,6,11
1413393918.955844402313232,20,4,16,3,11
1413393919.005843162536621,16,4,12,0,11
1413393919.055839300155640,14,2,13,0,11
1413393919.105834960937500,12,3,8,3,11
1413393919.155833005905151,12,2,10,0,11
1413393919.205829143524170,12,4,7,4,11
1413393919.255825757980347,15,7,8,6,11
1413393919.305825948715210,12,10,12,0,11
1413393919.355825424194336,13,5,12,1,11
1413393919.405827045440674,17,1,10,5,11
1413393919.455827713012695,16,2,13,0,11
1413393919.505827665328979,16,5,12,2,11
1413393919.555827617645264,17,6,13,3,11
1413393919.605829238891602,17,5,13,4,11
1413393919.655829906463623,19,2,16,3,11
1413393919.705830574035645,18,0,16,2,11
1413393919.755831480026245,21,2,18,3,11
1413393919.805832862854004,26,2,21,5,11
1413393919.855832338333130,39,1,26,13,11
1413393919.905833244323730,41,2,37,3,11
1413393919.955833673477173,44,2,38,4,11
1413393920.005832672119141,43,2,40,2,11
1413393920.055831670761108,36,4,33,0,11
1413393920.105829954147339,36,2,30,5,11
1413393920.155828714370728,37,1,32,4,11
1413393920.205828189849854,41,1,35,4,11
1413393920.255826473236084,40,1,39,0,11
1413393920.305825710296631,42,0,39,3,11
1413393920.355826139450073,47,1,40,6,11
1413393920.405825614929199,49,0,43,3,11
1413393920.455824375152588,48,1,44,1,11
1413393920.505822420120239,49,2,44,3,11
1413393920.555819749832153,48,2,45,1,11
1413393920.605815410614014,48,6,43,3,11
1413393920.655813455581665,48,4,46,1,11
1413393920.705810308456421,49,6,47,2,11
1413393920.755808353424072,50,13,49,1,11
1413393920.805806398391724,50,4,50,0,11
1413393920.855804920196533,49,4,49,0,11
1413393920.905804157257080,49,1,48,1,11
1413393920.955803871154785,48,1,47,0,11
1413393921.005803823471069,46,6,42,1,11
1413393921.055803060531616,43,0,40,1,11
1413393921.105803251266479,46,3,39,6,11
1413393921.155802488327026,45,2,42,1,11
1413393921.205801963806152,47,11,42,4,11
1413393921.255802392959595,46,2,45,1,11
1413393921.305803298950195,48,2,44,4,11
1413393921.355806350708008,47,6,45,2,11
1413393921.405807495117188,47,2,46,1,11
1413393921.455808639526367,48,1,46,1,11
1413393921.505811214447021,48,3,47,0,11
1413393921.555811405181885,46,21,45,1,11
1413393921.605811119079590,50,1,45,4,11
1413393921.655811071395874,50,2,48,0,11
1413393921.705809593200684,49,4,47,0,11
1413393921.755808830261230,49,0,47,1,11
1413393921.805807352066040,50,12,48,2,11
1413393921.855807304382324,50,2,48,0,11
1413393921.905807971954346,50,2,47,0,11
1413393921.955807924270630,48,6,46,0,11
1413393922.005806684494019,49,13,46,3,11
1413393922.055807590484619,49,1,48,0,11
1413393922.105808258056641,49,0,48,0,11
1413393922.155807495117188,48,17,46,0,11
1413393922.205807447433472,48,1,46,0,11
1413393922.255808830261230,44,2,42,0,11
1413393922.305809497833252,46,2,42,3,11
1413393922.355809211730957,44,4,43,0,11
1413393922.405807018280029,49,4,41,6,11
1413393922.455803632736206,40,5,40,0,11
1413393922.505799531936646,41,3,37,1,11
1413393922.555795192718506,45,2,40,5,11
1413393922.605791807174683,48,7,41,5,11
1413393922.655790090560913,47,2,45,0,11
1413393922.705788850784302,46,2,43,0,11
1413393922.755792379379272,48,12,43,4,11
1413393922.805792808532715,48,6,46,1,11
1413393922.855794668197632,48,10,47,1,11
1413393922.905794382095337,48,3,47,0,11
1413393922.955791950225830,49,2,45,1,11
1413393923.005791425704956,50,14,46,2,11
1413393923.055789470672607,48,1,46,0,11
1413393923.105789899826050,46,2,43,1,11
1413393923.155790090560913,44,4,43,0,11
1413393923.205792188644409,47,6,41,5,11
1413393923.255792617797852,45,11,40,1,11
1413393923.305792808532715,49,9,40,5,11
1413393923.355787277221680,48,13,44,2,11
1413393923.405783891677856,45,4,45,0,11
1413393923.455779314041138,41,10,40,1,11
1413393923.505775213241577,42,3,34,3,11
1413393923.555771827697754,36,9,30,0,11
1413393923.605770111083984,33,8,28,3,11
1413393923.655770063400269,33,7,25,1,11
1413393923.705772876739502,30,17,25,0,11
1413393923.755775690078735,26,11,23,2,11
1413393923.805778741836548,24,13,22,1,11
1413393923.855781316757202,23,2,22,0,11
1413393923.905787706375122,22,7,19,1,11
1413393923.955793380737305,23,4,17,4,11
1413393924.005794048309326,21,2,19,0,11
1413393924.055794477462769,16,5,15,0,11
1413393924.105794906616211,19,9,15,4,11
1413393924.155795574188232,17,8,17,0,11
1413393924.205795764923096,23,6,16,6,11
1413393924.255796194076538,23,10,18,1,11
1413393924.305795431137085,28,7,19,7,11
1413393924.355796098709106,28,5,22,4,11
1413393924.405796527862549,28,5,23,3,11
1413393924.455796003341675,28,10,25,2,11
1413393924.505795478820801,26,5,23,1,11
1413393924.555795192718506,25,6,22,0,11
1413393924.605794429779053,23,2,17,3,11
1413393924.655794143676758,20,12,14,1,11
1413393924.705794095993042,19,5,13,2,11
1413393924.755794286727905,17,5,9,2,11
1413393924.805793523788452,17,4,9,4,11
1413393924.855793237686157,15,2,11,2,11
1413393924.905790090560913,15,9,11,1,11
1413393924.955790281295776,15,4,11,3,11
1413393925.005787611007690,20,5,13,6,11
1413393925.055785179138184,17,8,14,0,11
1413393925.105783462524414,16,10,11,1,11
1413393925.155781745910645,18,7,10,5,11
1413393925.205779314041138,23,1,12,7,11
1413393925.255778074264526,23,7,10,2,11
1413393925.305776834487915,19,6,10,0,11
1413393925.355777263641357,15,3,8,3,11
1413393925.405777215957642,12,4,7,2,11
1413393925.455777406692505,10,6,6,0,11
1413393925.505777597427368,11,2,7,2,11
1413393925.555779933929443,9,13,7,1,11
1413393925.605774879455566,13,4,8,4,11
1413393925.655776262283325,13,3,9,2,11
1413393925.705777168273926,12,7,9,0,11
1413393925.755776405334473,16,7,8,6,11
1413393925.805776596069336,14,11,13,0,11
1413393925.855776548385620,20,0,12,8,11
1413393925.905776500701904,24,9,19,4,11
1413393925.955775976181030,23,6,21,0,11
1413393926.005775213241577,22,5,20,1,11
1413393926.055774688720703,26,2,20,6,11
1413393926.105774641036987,28,6,25,3,11
1413393926.155775308609009,29,5,27,1,11
1413393926.205775260925293,32,0,27,3,11
1413393926.255776405334473,37,2,29,6,11
1413393926.305777549743652,38,2,35,2,11
1413393926.355779409408569,42,0,36,5,11
1413393926.405781269073486,40,3,38,1,11
1413393926.455781698226929,45,2,39,6,11
1413393926.505783557891846,47,0,44,3,11
1413393926.555784463882446,46,1,42,2,11
1413393926.605785131454468,44,0,39,1,11
1413393926.655786514282227,44,1,39,4,11
1413393926.705786466598511,43,1,38,2,11
1413393926.755786657333374,45,1,35,4,11
1413393926.805785179138184,46,0,36,4,11
1413393926.855783939361572,46,1,37,5,11
1413393926.905783176422119,42,3,38,0,11
1413393926.955782413482666,40,1,35,1,11
1413393927.005782842636108,42,0,34,4,11
1413393927.055783271789551,42,0,36,2,11
1413393927.105783700942993,43,0,35,3,11
1413393927.155786514282227,46,0,37,5,11
1413393927.205790281295776,48,1,40,6,11
1413393927.255791187286377,49,1,43,3,11
1413393927.305792808532715,49,3,45,0,11
1413393927.355794429779053,44,2,39,2,11
1413393927.405798435211182,49,5,38,7,11
1413393927.455800294876099,43,2,40,1,11
1413393927.505800008773804,44,3,35,7,11
1413393927.555799961090088,47,1,37,6,11
1413393927.605799674987793,44,5,36,4,11
1413393927.655798673629761,43,3,36,3,11
1413393927.705799102783203,41,4,36,2,11
1413393927.755799293518066,42,6,37,4,11
1413393927.805800199508667,41,1,40,1,11
1413393927.855801343917847,39,3,38,1,11
1413393927.905802965164185,36,1,36,0,11
1413393927.955803155899048,33,3,32,0,11
1413393928.005803346633911,32,1,30,0,11
1413393928.055802583694458,30,8,27,2,11
1413393928.105803251266479,29,5,28,0,11
1413393928.155803203582764,30,4,29,1,11
1413393928.205802679061890,32,5,29,3,11
1413393928.255803108215332,31,5,30,1,11
1413393928.305803537368774,32,8,29,2,11
1413393928.355803251266479,30,4,20,6,11
1413393928.405803203582764,32,2,25,3,11
1413393928.455803394317627,33,2,28,4,11
1413393928.505803823471069,33,2,27,3,11
1413393928.555804729461670,36,2,26,3,11
1413393928.605805635452271,31,3,24,2,11
1413393928.655805587768555,29,4,22,6,11
1413393928.705803871154785,26,3,25,0,11
1413393928.755800724029541,25,2,24,0,11
1413393928.805797100067139,22,2,21,1,11
1413393928.855794191360474,21,3,19,0,11
1413393928.905792713165283,21,1,18,0,11
1413393928.955789804458618,21,1,14,3,11
1413393929.005788326263428,21,1,15,1,11
1413393929.055783033370972,24,3,14,7,11
1413393929.105782985687256,24,1,17,2,11
1413393929.155782222747803,24,2,17,1,11
1413393929.205781459808350,22,2,17,3,11
1413393929.255780458450317,23,1,21,2,11
1413393929.305780172348022,28,1,22,5,11
1413393929.355780363082886,33,0,25,6,11
1413393929.405780553817749,33,2,31,1,11
1413393929.455780982971191,32,0,28,0,11
1413393929.505780696868896,30,0,27,1,11
1413393929.555780649185181,30,0,25,2,11
1413393929.605781316757202,30,1,26,1,11
1413393929.655781507492065,28,1,26,1,11
1413393929.705781459808350,27,2,26,0,11
1413393929.755781888961792,27,1,26,0,11
1413393929.805781841278076,26,2,25,0,11
1413393929.855782508850098,26,1,23,0,11
1413393929.905782938003540,26,0,18,4,11
1413393929.955782413482666,26,1,23,2,11
1413393930.005781888961792,25,1,23,0,11
1413393930.055781364440918,23,1,20,1,11
1413393930.105782032012939,20,4,17,1,11
1413393930.155782461166382,21,2,13,2,11
1413393930.205782890319824,22,6,14,2,11
1413393930.255783319473267,22,1,13,6,11
1413393930.305783748626709,21,0,18,1,11
1413393930.355784177780151,23,1,18,4,11
1413393930.405785083770752,26,4,21,3,11
1413393930.455785036087036,24,1,24,0,11
1413393930.505786657333374,27,9,24,3,11
1413393930.555786848068237,35,2,26,8,11
1413393930.605787992477417,41,0,33,7,11
1413393930.655788660049438,45,0,39,5,11
1413393930.705790996551514,49,6,42,4,11
1413393930.755791425704956,47,6,44,0,11
1413393930.805791616439819,47,1,43,2,11
1413393930.855792284011841,46,10,37,3,11
1413393930.905791997909546,45,3,38,2,11
1413393930.955792665481567,43,2,39,1,11
1413393931.005792617797852,45,8,35,6,11
1413393931.055792093276978,41,0,38,0,11
1413393931.105792284011841,38,2,37,0,11
1413393931.155789136886597,38,1,35,1,11
1413393931.205788135528564,42,1,35,4,11
1413393931.255787611007690,39,0,37,1,11
1413393931.305786132812500,41,7,35,3,11
1413393931.355786323547363,44,0,36,6,11
1413393931.405785799026489,43,4,38,1,11
1413393931.455785512924194,48,5,36,6,11
1413393931.505785226821899,47,0,41,3,11
1413393931.555783987045288,44,1,42,0,11
1413393931.605782747268677,47,0,39,5,11
1413393931.655782699584961,46,4,40,1,11
1413393931.705783128738403,42,2,41,0,11
1413393931.755782842636108,42,5,37,3,11
1413393931.805783033370972,45,4,34,6,11
1413393931.855783462524414,41,1,37,0,11
1413393931.905784130096436,39,5,35,4,11
1413393931.955784559249878,38,0,37,0,11
1413393932.005784511566162,37,1,34,0,11
1413393932.055784702301025,38,4,34,2,11
1413393932.105785369873047,41,2,35,6,11
1413393932.155784606933594,42,1,39,2,11
1413393932.205783843994141,44,0,36,5,11
1413393932.255782604217529,45,9,36,5,11
1413393932.305782079696655,47,0,36,5,11
1413393932.355781555175781,40,5,37,0,11
1413393932.405780315399170,41,1,34,5,11
1413393932.455780267715454,38,2,37,0,11
1413393932.505779743194580,36,4,36,0,11
1413393932.555778741836548,42,3,34,7,11
1413393932.605778694152832,39,3,38,0,11
1413393932.655778169631958,47,4,36,8,11
1413393932.705777883529663,44,0,40,3,11
1413393932.755776882171631,48,2,42,6,11
1413393932.805776834487915,42,1,42,0,11
1413393932.855777025222778,47,7,39,6,11
1413393932.905776977539062,46,0,42,0,11
1413393932.955776453018188,48,3,39,4,11
1413393933.005776405334473,43,6,39,2,11
1413393933.055776357650757,42,1,38,3,11
1413393933.105776071548462,41,0,37,3,11
1413393933.155776262283325,41,2,38,0,11
1413393933.205775976181030,43,2,35,4,11
1413393933.255775928497314,41,0,38,0,11
1413393933.305775403976440,43,2,38,4,11
1413393933.355775833129883,44,0,41,3,11
1413393933.405775308609009,47,1,43,3,11
1413393933.455776214599609,47,7,45,0,11
1413393933.505776405334473,46,0,43,0,11
1413393933.555776596069336,44,1,41,0,11
1413393933.605776071548462,46,6,38,6,11
1413393933.655775070190430,47,1,42,4,11
1413393933.705774068832397,48,1,45,2,11
1413393933.755774736404419,49,6,47,1,11
1413393933.805774688720703,50,4,44,2,11
1413393933.855774879455566,47,1,43,0,11
1413393933.905774831771851,46,2,42,2,11
1413393933.955773830413818,44,0,41,0,11
1413393934.005772829055786,43,2,41,2,11
1413393934.055771350860596,48,5,41,5,11
1413393934.105770826339722,45,4,41,0,11
1413393934.155770540237427,49,3,38,7,11
1413393934.205769777297974,48,3,43,2,11
1413393934.255767822265625,46,1,42,2,11
1413393934.305766344070435,45,5,41,2,11
1413393934.355765819549561,46,1,40,3,11
1413393934.405765295028687,49,1,43,4,11
1413393934.455765008926392,48,7,45,2,11
1413393934.505764961242676,47,4,46,0,11
1413393934.555765628814697,46,4,44,0,11
1413393934.605766534805298,48,14,42,2,11
1413393934.655767440795898,46,3,44,0,11
1413393934.705768108367920,45,1,44,1,11
1413393934.755769014358521,47,1,44,3,11
1413393934.805769205093384,46,4,45,0,11
1413393934.855769157409668,49,8,42,4,11
1413393934.905768871307373,48,5,43,1,11
1413393934.955767869949341,43,2,39,2,11
1413393935.005769014358521,47,6,36,8,11
1413393935.055768251419067,43,0,38,3,11
1413393935.105768442153931,38,7,35,1,11
1413393935.155769109725952,36,6,31,0,11
1413393935.205770015716553,43,1,30,9,11
1413393935.255770921707153,38,3,35,2,11
1413393935.305770635604858,47,7,34,12,11
1413393935.355769872665405,46,1,45,0,11
1413393935.405766248703003,45,2,43,0,11
1413393935.455764055252075,46,2,39,4,11
1413393935.505763530731201,43,1,39,0,11
1413393935.555761814117432,48,16,35,7,11
1413393935.605760335922241,46,16,40,3,11
1413393935.655760049819946,44,2,41,1,11
1413393935.705759525299072,42,4,39,0,11
1413393935.755758762359619,47,11,37,7,11
1413393935.805758714675903,46,0,44,1,11
1413393935.855758428573608,48,0,43,3,11
1413393935.905756473541260,50,2,45,2,11
1413393935.955754995346069,48,3,45,0,11
1413393936.005754470825195,45,2,41,2,11
1413393936.055754184722900,45,2,41,2,11
1413393936.105753421783447,43,11,36,2,11
1413393936.155752420425415,43,12,31,9,11
1413393936.205754756927490,48,10,35,9,11
1413393936.255753278732300,44,4,42,0,11
1413393936.305752038955688,44,1,42,2,11
1413393936.355754137039185,45,3,39,5,11
1413393936.405754566192627,43,4,42,1,11
1413393936.455754280090332,40,9,40,0,11
1413393936.505753755569458,39,3,39,0,11
1413393936.555753707885742,38,2,34,0,11
1413393936.605754137039185,40,7,27,5,11
1413393936.655753374099731,31,2,24,0,11
1413393936.705752134323120,25,3,18,4,11
1413393936.755750417709351,19,2,14,1,11
1413393936.805749893188477,25,3,14,8,11
1413393936.855749607086182,21,3,21,0,11
1413393936.905749320983887,18,3,17,0,11
1413393936.955751180648804,30,2,16,13,11
1413393937.005751609802246,29,1,28,1,11
1413393937.055752038955688,29,4,27,1,11
1413393937.105753183364868,28,4,26,0,11
1413393937.155754327774048,34,0,25,8,11
1413393937.205755472183228,32,4,31,1,11
1413393937.255757808685303,40,0,32,8,11
1413393937.305758476257324,44,1,39,4,11
1413393937.355759859085083,46,3,40,5,11
1413393937.405760288238525,45,1,44,1,11
1413393937.455760240554810,44,2,41,0,11
1413393937.505760908126831,46,2,41,2,11
1413393937.555762290954590,44,1,42,2,11
1413393937.605765104293823,47,1,44,3,11
1413393937.655766487121582,50,7,47,3,11
1413393937.705767869949341,50,1,50,0,11
1413393937.755769729614258,50,2,49,0,11
1413393937.805770874023438,49,2,48,0,11
1413393937.855772972106934,50,7,48,2,11
1413393937.905771493911743,50,8,50,0,11
1413393937.955770969390869,50,4,50,0,11
1413393938.005770921707153,50,3,50,0,11
1413393938.055771827697754,50,0,50,0,11
1413393938.105771780014038,50,4,50,0,11
1413393938.155772924423218,50,1,50,0,11
1413393938.205773830413818,50,1,50,0,11
1413393938.255774259567261,50,5,50,0,11
1413393938.305773973464966,50,2,50,0,11
1413393938.355773687362671,49,0,49,0,11
1413393938.405772447586060,50,12,49,1,11
1413393938.455771684646606,50,7,46,0,11
1413393938.505771875381470,49,6,47,0,11
1413393938.555771112442017,49,2,45,2,11
1413393938.605772018432617,49,2,44,0,11
1413393938.655772209167480,46,0,44,0,11
1413393938.705772161483765,47,2,44,3,11
1413393938.755772590637207,48,3,45,3,11
1413393938.805774211883545,47,0,44,0,11
1413393938.855776548385620,49,1,43,2,11
1413393938.905778169631958,45,0,42,1,11
1413393938.955779790878296,45,1,43,1,11
1413393939.005782365798950,47,8,40,5,11
1413393939.055786609649658,47,8,39,1,11
1413393939.105795145034790,46,4,34,4,11
1413393939.155801534652710,46,1,32,3,11
1413393939.205795288085938,45,2,35,4,11
1413393939.255792379379272,47,7,38,8,11
1413393939.305790901184082,45,0,44,0,11
1413393939.355791568756104,47,0,43,2,11
1413393939.405793905258179,43,1,38,0,11
1413393939.455799341201782,39,10,34,1,11
1413393939.505801677703857,36,1,32,0,11
1413393939.555800437927246,34,5,28,1,11
1413393939.605800628662109,38,4,25,9,11
1413393939.655797243118286,30,3,26,3,11
1413393939.705785512924194,32,2,29,3,11
1413393939.755776166915894,32,2,32,0,11
1413393939.805762290954590,32,1,29,1,11
1413393939.855748176574707,34,5,26,4,11
1413393939.905741214752197,30,8,27,0,11
1413393939.955738306045532,32,13,21,6,11
1413393940.005738019943237,26,8,15,0,11
1413393940.055737018585205,25,0,15,3,11
1413393940.105736017227173,19,2,14,2,11
1413393940.155730009078979,23,4,15,4,11
1413393940.205729961395264,24,3,16,5,11
1413393940.255725860595703,23,1,22,0,11
1413393940.305723428726196,23,1,22,1,11
1413393940.355718612670898,22,0,22,0,11
1413393940.405710935592651,23,0,22,1,11
1413393940.455706834793091,31,2,20,8,11
1413393940.505704164505005,39,2,20,10,11
1413393940.555704355239868,38,1,32,3,11
1413393940.605704069137573,39,3,33,3,11
1413393940.655711650848389,40,3,32,4,11
1413393940.705719232559204,35,2,27,4,11
1413393940.755725145339966,33,0,28,3,11
1413393940.805736303329468,33,0,30,2,11
1413393940.855742216110229,33,1,32,1,11
1413393940.905747175216675,33,12,32,0,11
1413393940.955751180648804,33,14,31,0,11
1413393941.005757570266724,36,4,29,5,11
1413393941.055756330490112,34,11,29,0,11
1413393941.105755567550659,34,8,27,3,11
1413393941.155756235122681,32,1,29,0,11
1413393941.205759048461914,30,4,26,0,11
1413393941.255767107009888,28,3,23,2,11
1413393941.305773735046387,28,1,25,1,11
1413393941.355782508850098,26,1,23,2,11
1413393941.405788421630859,27,5,25,2,11
1413393941.455797195434570,28,3,27,1,11
1413393941.505804777145386,34,2,22,8,11
1413393941.555809020996094,39,4,28,7,11
1413393941.605812788009644,45,4,32,8,11
1413393941.655810594558716,48,1,37,5,11
1413393941.705807685852051,45,2,40,1,11
1413393941.755804300308228,39,5,35,3,11
1413393941.805801630020142,40,3,35,2,11
1413393941.855796575546265,39,5,35,2,11
1413393941.905788660049438,38,9,34,1,11
1413393941.955779552459717,42,8,34,5,11
1413393942.005772352218628,39,16,32,4,11
1413393942.055768013000488,36,16,28,1,11
1413393942.105764865875244,35,9,25,1,11
1413393942.155765056610107,29,3,22,1,11
1413393942.205765485763550,26,5,21,0,11
1413393942.255770683288574,25,7,19,2,11
1413393942.305775880813599,27,0,18,4,11
1413393942.355791091918945,30,1,19,5,11
1413393942.405798912048340,28,1,21,1,11
1413393942.455807209014893,25,2,19,0,11
1413393942.505815505981445,26,0,14,4,11
1413393942.555825948715210,25,3,16,2,11
1413393942.605833768844604,24,1,17,4,11
1413393942.655845880508423,32,4,20,9,11
1413393942.705849409103394,34,1,28,5,11
1413393942.755850076675415,37,7,33,3,11
1413393942.805846452713013,38,8,33,4,11
1413393942.855843305587769,44,1,35,8,11
1413393942.905840635299683,43,0,43,0,11
1413393942.955837726593018,43,0,42,1,11
1413393943.005838155746460,43,2,41,2,11
1413393943.055841922760010,44,6,42,2,11
1413393943.105849504470825,46,19,43,3,11
1413393943.155853748321533,49,16,43,4,11
1413393943.205855369567871,50,9,43,1,11
1413393943.255854606628418,46,2,42,0,11
1413393943.305852651596069,46,4,42,4,11
1413393943.355849504470825,47,5,46,1,11
1413393943.405843973159790,50,1,47,3,11
1413393943.455839395523071,50,0,48,0,11
1413393943.505832433700562,49,4,49,0,11
1413393943.555825471878052,48,1,48,0,11
1413393943.605818986892700,48,0,48,0,11
1413393943.655813455581665,47,0,45,0,11
1413393943.705811738967896,48,2,44,3,11
1413393943.755811691284180,50,11,47,3,11
1413393943.805811405181885,49,5,49,0,11
1413393943.855812549591064,49,4,47,0,11
1413393943.905812025070190,50,5,46,1,11
1413393943.955814599990845,46,4,43,0,11
1413393944.005814790725708,46,1,43,1,11
1413393944.055816411972046,44,1,43,0,11
1413393944.105816364288330,44,3,42,1,11
1413393944.155818462371826,44,1,43,1,11
1413393944.205816984176636,46,6,42,3,11
1413393944.255817413330078,47,2,43,2,11
1413393944.305817842483521,48,2,44,2,11
1413393944.355819225311279,48,6,42,3,11
1413393944.405821323394775,47,1,42,1,11
1413393944.455821990966797,44,1,40,3,11
1413393944.505821943283081,42,0,37,3,11
1413393944.555819749832153,44,0,39,2,11
1413393944.605817556381226,42,2,39,0,11
1413393944.655817747116089,41,1,39,0,11
1413393944.705819845199585,40,0,38,2,11
1413393944.755821228027344,44,0,39,5,11
1413393944.805820465087891,50,1,44,6,11
1413393944.855819463729858,49,0,49,0,11
1413393944.905817985534668,45,2,45,0,11
1413393944.955816030502319,47,0,44,2,11
1413393945.005816221237183,49,5,46,2,11
1413393945.055816888809204,48,10,48,0,11
1413393945.105817556381226,49,3,45,2,11
1413393945.155819892883301,48,3,44,1,11
1413393945.205820798873901,46,1,41,3,11
1413393945.255820751190186,47,5,42,3,11
1413393945.305820703506470,46,4,42,2,11
1413393945.355821132659912,44,6,38,3,11
1413393945.405820131301880,39,1,36,1,11
1413393945.455820560455322,39,0,37,2,11
1413393945.505818605422974,38,0,38,0,11
1413393945.555814743041992,36,1,36,0,11
1413393945.605812549591064,37,4,35,2,11
1413393945.655812501907349,37,2,34,0,11
1413393945.705810546875000,36,4,33,1,11
1413393945.755810737609863,34,0,32,1,11
1413393945.805810213088989,36,1,33,2,11
1413393945.855811119079590,37,2,34,2,11
1413393945.905813932418823,38,0,35,2,11
1413393945.955817461013794,39,1,34,2,11
1413393946.005821704864502,38,3,33,0,11
1413393946.055825233459473,37,2,33,2,11
1413393946.105828046798706,35,1,35,0,11
1413393946.155829429626465,36,1,33,3,11
1413393946.205829858779907,34,2,31,2,11
1413393946.255831003189087,36,0,29,6,11
1413393946.305830955505371,36,0,33,1,11
1413393946.355831861495972,35,0,32,0,11
1413393946.405832052230835,34,1,31,0,11
1413393946.455832481384277,37,1,28,5,11
1413393946.505832195281982,36,0,28,0,11
1413393946.555832624435425,34,0,26,2,11
1413393946.605832576751709,28,0,20,3,11
1413393946.655833244323730,29,0,23,2,11
1413393946.705832719802856,27,3,23,3,11
1413393946.755831718444824,30,0,24,3,11
1413393946.805829048156738,33,0,26,4,11
1413393946.855825662612915,34,0,27,3,11
1413393946.905820846557617,33,1,27,0,11
1413393946.955816507339478,32,4,25,3,11
1413393947.005813121795654,26,1,24,2,11
1413393947.055810451507568,29,0,26,3,11
1413393947.105809926986694,35,1,28,7,11
1413393947.155812025070190,35,2,34,0,11
1413393947.205814838409424,33,0,32,0,11
1413393947.255816221237183,35,0,31,4,11
1413393947.305817604064941,34,1,34,0,11
1413393947.355818510055542,33,1,31,0,11
1413393947.405818223953247,31,1,29,0,11
1413393947.455817699432373,29,0,25,1,11
1413393947.505817651748657,29,2,25,0,11
1413393947.555817842483521,30,2,22,4,11
1413393947.605817794799805,30,0,24,2,11
1413393947.655817747116089,29,1,21,2,11
1413393947.705817699432373,28,0,22,0,11
1413393947.755817890167236,23,12,20,1,11
1413393947.805818080902100,20,6,16,2,11
1413393947.855818748474121,15,7,13,0,11
1413393947.905818462371826,19,6,8,9,11
1413393947.955819129943848,16,7,15,0,11
1413393948.005819797515869,13,7,13,0,11
1413393948.055820941925049,14,4,12,2,11
1413393948.105821847915649,18,7,14,4,11
1413393948.155822277069092,20,4,16,2,11
1413393948.205822944641113,24,5,18,4,11
1413393948.255822420120239,29,4,22,7,11
1413393948.305822134017944,29,8,29,0,11
1413393948.355820417404175,38,3,25,13,11
1413393948.405819892883301,36,3,34,1,11
1413393948.455819129943848,45,1,35,9,11
1413393948.505819320678711,44,0,40,2,11
1413393948.555819988250732,44,2,42,0,11
1413393948.605818510055542,48,9,40,6,11
1413393948.655817747116089,47,0,45,0,11
1413393948.705817461013794,46,2,45,0,11
1413393948.755816936492920,45,2,44,0,11
1413393948.805817365646362,46,0,45,1,11
1413393948.855818510055542,49,13,44,4,11
1413393948.905818223953247,49,1,48,0,11
1413393948.955815792083740,48,0,44,2,11
1413393949.005813837051392,47,0,44,1,11
1413393949.055812597274780,47,2,45,2,11
1413393949.105810880661011,50,4,47,3,11
1413393949.155809402465820,49,4,46,0,11
1413393949.205807685852051,49,13,46,1,11
1413393949.255807161331177,48,10,46,2,11
1413393949.305807113647461,47,5,47,0,11
1413393949.355808496475220,46,1,45,1,11
1413393949.405809640884399,46,3,43,0,11
1413393949.455810785293579,48,13,42,2,11
1413393949.505813121795654,43,0,41,0,11
1413393949.555815696716309,42,0,41,1,11
1413393949.605818033218384,41,1,40,0,11
1413393949.655819177627563,41,0,40,0,11
1413393949.705819606781006,40,1,39,0,11
1413393949.755819559097290,40,1,39,0,11
1413393949.805819511413574,47,1,39,8,11
1413393949.855820417404175,48,16,47,1,11
1413393949.905820608139038,47,0,45,0,11
1413393949.955821514129639,48,0,44,1,11
1413393950.005821466445923,46,1,44,0,11
1413393950.055821895599365,46,9,44,2,11
1413393950.105820417404175,45,4,44,0,11
1413393950.155818700790405,47,10,41,3,11
1413393950.205817461013794,45,4,41,0,11
1413393950.255816936492920,44,2,41,1,11
1413393950.305817127227783,44,1,41,2,11
1413393950.355817794799805,43,4,38,0,11
1413393950.405818223953247,42,0,37,0,11
1413393950.455818414688110,43,1,35,6,11
1413393950.505817651748657,47,6,38,7,11
1413393950.555817842483521,45,3,43,0,11
1413393950.605817556381226,50,1,43,5,11
1413393950.655817270278931,48,34,45,1,11
1413393950.705817222595215,45,0,43,0,11
1413393950.755817174911499,45,3,41,3,11
1413393950.805817604064941,43,4,42,1,11
1413393950.855818033218384,38,2,37,0,11
1413393950.905817747116089,35,2,32,0,11
1413393950.955818176269531,31,5,27,1,11
1413393951.005817890167236,28,5,26,1,11
1413393951.055816411972046,44,7,26,18,11
1413393951.105816125869751,46,1,44,2,11
1413393951.155815839767456,46,2,46,0,11
1413393951.205815792083740,45,2,45,0,11
1413393951.255815505981445,47,13,42,3,11
1413393951.305815458297729,44,3,43,0,11
1413393951.355815649032593,43,4,42,1,11
1413393951.405815362930298,42,6,41,0,11
1413393951.455815076828003,41,0,40,0,11
1413393951.505815029144287,50,7,40,10,11
1413393951.555815219879150,48,1,45,0,11
1413393951.605815649032593,46,2,42,1,11
1413393951.655816316604614,44,11,43,1,11
1413393951.705816745758057,44,0,44,0,11
1413393951.755817651748657,44,0,41,0,11
1413393951.805818080902100,43,2,40,0,11
1413393951.855818748474121,46,9,39,5,11
1413393951.905818939208984,47,5,43,3,11
1413393951.955818891525269,44,4,43,1,11
1413393952.005818605422974,44,2,42,0,11
1413393952.055818319320679,43,0,40,0,11
1413393952.105818510055542,48,5,39,7,11
1413393952.155818462371826,46,0,46,0,11
1413393952.205818414688110,45,3,45,0,11
1413393952.255818367004395,47,6,42,4,11
1413393952.305818080902100,46,3,45,0,11
1413393952.355818033218384,45,1,43,1,11
1413393952.405817985534668,50,4,44,5,11
1413393952.455817699432373,49,11,48,1,11
1413393952.505817890167236,48,1,47,1,11
1413393952.555817842483521,49,1,48,1,11
1413393952.605817317962646,49,1,47,0,11
1413393952.655817031860352,49,4,43,0,11
1413393952.705816984176636,47,8,43,1,11
1413393952.755816936492920,45,2,42,1,11
1413393952.805817365646362,49,1,43,5,11
1413393952.855817317962646,49,2,44,2,11
1413393952.905817508697510,48,2,46,0,11
1413393952.955817461013794,46,7,43,1,11
1413393953.005817413330078,46,1,43,0,11
1413393953.055816411972046,48,5,42,4,11
1413393953.105815887451172,47,2,44,1,11
1413393953.155814886093140,47,3,43,3,11
1413393953.205813884735107,46,1,45,1,11
1413393953.255814313888550,46,0,46,0,11
1413393953.305814027786255,49,3,45,4,11
1413393953.355813264846802,49,4,49,0,11
1413393953.405812740325928,50,4,49,1,11
1413393953.455811738967896,49,8,49,0,11
1413393953.505810737609863,49,0,48,0,11
1413393953.555809259414673,48,4,46,1,11
1413393953.605809211730957,45,0,44,1,11
1413393953.655809879302979,43,5,40,3,11
1413393953.705810308456421,46,0,42,4,11
1413393953.755810737609863,43,0,43,0,11
1413393953.805810928344727,43,0,43,0,11
1413393953.855811357498169,45,0,42,3,11
1413393953.905811548233032,47,2,44,2,11
1413393953.955811500549316,47,0,46,0,11
1413393954.005811452865601,50,2,46,4,11
1413393954.055811166763306,50,11,50,0,11
1413393954.105811595916748,50,0,50,0,11
1413393954.155811548233032,49,7,48,0,11
1413393954.205811977386475,50,1,49,1,11
1413393954.255812168121338,50,5,50,0,11
1413393954.305812358856201,50,3,50,0,11
1413393954.355813026428223,50,6,49,0,11
1413393954.405812978744507,50,1,49,0,11
1413393954.455813169479370,47,2,47,0,11
1413393954.505813360214233,46,0,45,0,11
1413393954.555813550949097,43,2,41,1,11
1413393954.605813980102539,48,6,42,5,11
1413393954.655813932418823,49,2,44,2,11
1413393954.705814599990845,48,4,45,1,11
1413393954.755814552307129,46,3,43,2,11
1413393954.805814504623413,45,1,44,1,11
1413393954.855814933776855,46,14,42,4,11
1413393954.905814886093140,47,1,43,2,11
1413393954.955814838409424,49,2,44,2,11
1413393955.005814790725708,46,12,40,3,11
1413393955.055814743041992,41,6,40,0,11
1413393955.105814695358276,41,3,38,3,11
1413393955.155814409255981,41,1,39,0,11
1413393955.205814123153687,49,5,37,9,11
1413393955.255812883377075,48,2,46,2,11
1413393955.305812120437622,48,5,45,1,11
1413393955.355811834335327,43,3,38,2,11
1413393955.405811309814453,44,3,35,7,11
1413393955.455810785293579,39,0,33,4,11
1413393955.505810737609863,33,1,31,0,11
1413393955.555809974670410,27,12,25,0,11
1413393955.605809926986694,26,3,23,1,11
1413393955.655809640884399,25,3,23,1,11
1413393955.705809593200684,22,0,20,0,11
1413393955.755809783935547,20,4,17,0,11
1413393955.805809736251831,21,3,15,4,11
1413393955.855809450149536,29,4,19,10,11
1413393955.905809164047241,29,5,27,0,11
1413393955.955808877944946,29,1,27,0,11
1413393956.005808830261230,33,3,26,6,11
1413393956.055808782577515,37,1,32,4,11
1413393956.105809688568115,39,3,33,4,11
1413393956.155809402465820,40,4,31,1,11
1413393956.205809116363525,37,2,29,1,11
1413393956.255808830261230,33,3,27,1,11
1413393956.305808305740356,32,0,25,3,11
1413393956.355808734893799,33,7,26,5,11
1413393956.405809402465820,34,1,29,3,11
1413393956.455809354782104,36,3,31,3,11
1413393956.505809307098389,36,2,33,3,11
1413393956.555808782577515,41,4,35,6,11
1413393956.605808734893799,40,0,40,0,11
1413393956.655808448791504,39,0,39,0,11
1413393956.705808401107788,37,0,37,0,11
1413393956.755807638168335,43,0,37,6,11
1413393956.805807590484619,44,0,42,1,11
1413393956.855808019638062,48,1,43,4,11
1413393956.905807971954346,44,2,41,1,11
1413393956.955808162689209,47,3,41,4,11
1413393957.005808591842651,46,1,42,3,11
1413393957.055808544158936,48,0,43,3,11
1413393957.105809211730957,46,5,45,1,11
1413393957.155808925628662,46,2,45,1,11
1413393957.205808877944946,45,0,42,3,11
1413393957.255808591842651,44,2,43,1,11
1413393957.305808544158936,44,2,44,0,11
1413393957.355808734893799,42,3,41,0,11
1413393957.405808925628662,49,3,37,8,11
1413393957.455808639526367,44,0,39,0,11
1413393957.505808830261230,40,0,38,1,11
1413393957.555808782577515,45,8,35,9,11
1413393957.605808973312378,45,0,42,1,11
1413393957.655808925628662,45,2,41,2,11
1413393957.705809116363525,46,1,42,2,11
1413393957.755809307098389,43,7,41,0,11
1413393957.805809497833252,42,1,38,4,11
1413393957.855810165405273,39,1,36,0,11
1413393957.905810832977295,37,2,32,0,11
1413393957.955811023712158,42,2,28,8,11
1413393958.005810976028442,38,0,32,1,11
1413393958.055810689926147,45,2,30,11,11
1413393958.105810880661011,44,1,39,2,11
1413393958.155810594558716,47,2,38,5,11
1413393958.205810070037842,50,5,42,5,11
1413393958.255808591842651,47,0,45,0,11
1413393958.305807352066040,49,1,42,3,11
1413393958.355806350708008,49,1,43,1,11
1413393958.405805349349976,48,4,42,2,11
1413393958.455804824829102,48,2,40,3,11
1413393958.505804300308228,48,0,43,2,11
1413393958.555803775787354,48,6,44,3,11
1413393958.605803489685059,49,2,46,2,11
1413393958.655802965164185,49,3,48,1,11
1413393958.705802679061890,48,4,48,0,11
1413393958.755803346633911,49,0,45,1,11
1413393958.805804729461670,49,3,45,1,11
1413393958.855805635452271,48,0,45,3,11
1413393958.905806303024292,48,6,43,2,11
1413393958.955805778503418,46,1,44,0,11
1413393959.005804777145386,47,1,43,3,11
1413393959.055803775787354,46,2,40,0,11
1413393959.105803251266479,44,1,35,2,11
1413393959.155803203582764,42,3,36,3,11
1413393959.205802917480469,40,0,36,2,11
1413393959.255801200866699,46,3,34,10,11
1413393959.305799722671509,46,3,42,3,11
1413393959.355798959732056,49,0,43,4,11
1413393959.405798435211182,48,3,45,0,11
1413393959.455798149108887,45,1,43,1,11
1413393959.505798101425171,46,0,44,2,11
1413393959.555798053741455,45,1,44,0,11
1413393959.605797529220581,45,2,41,2,11
1413393959.655796766281128,43,2,42,0,11
1413393959.705796241760254,39,0,38,1,11
1413393959.755796432495117,41,2,38,2,11
1413393959.805798053741455,42,2,38,3,11
1413393959.855799436569214,41,1,41,0,11
1413393959.905800819396973,41,4,39,2,11
1413393959.955801248550415,39,0,38,0,11
1413393960.005801439285278,42,1,37,3,11
1413393960.055800676345825,42,0,38,1,11
1413393960.105800867080688,44,0,38,5,11
1413393960.155800342559814,42,1,41,0,11
1413393960.205799818038940,42,0,40,1,11
1413393960.255798816680908,45,0,41,4,11
1413393960.305798530578613,45,0,43,1,11
1413393960.355798721313477,49,5,44,4,11
1413393960.405798196792603,45,1,45,0,11
1413393960.455798387527466,46,0,45,1,11
1413393960.505798578262329,49,3,46,3,11
1413393960.555798530578613,50,1,49,1,11
1413393960.605799198150635,50,2,50,0,11
1413393960.655800342559814,50,9,49,0,11
1413393960.705800533294678,48,0,47,0,11
1413393960.755800724029541,48,8,46,1,11
1413393960.805800676345825,47,1,45,0,11
1413393960.855801105499268,47,1,42,1,11
1413393960.905801773071289,47,10,42,2,11
1413393960.955802440643311,49,7,43,4,11
1413393961.005803346633911,42,2,40,0,11
1413393961.055805683135986,42,5,38,1,11
1413393961.105811595916748,42,2,38,2,11
1413393961.155814647674561,42,3,23,2,11
1413393961.205817937850952,44,6,15,2,11
1413393961.255826950073242,41,6,14,14,11
1413393961.305831432342529,36,4,24,5,11
1413393961.355831384658813,34,1,22,2,11
1413393961.405830621719360,32,3,13,5,11
1413393961.455828666687012,31,0,14,5,11
1413393961.505824565887451,31,3,16,8,11
1413393961.555821418762207,30,1,21,3,11
1413393961.605819463729858,30,0,19,3,11
1413393961.655818462371826,30,0,16,3,11
1413393961.705819129943848,30,1,17,5,11
1413393961.755819797515869,31,5,21,7,11
1413393961.805820465087891,31,0,27,2,11
1413393961.855820655822754,31,0,28,1,11
1413393961.905817985534668,39,0,28,9,11
1413393961.955817937850952,40,0,36,2,11
1413393962.005816936492920,41,0,38,2,11
1413393962.055816888809204,41,1,40,1,11
1413393962.105817079544067,40,1,40,0,11
1413393962.155817270278931,50,4,38,10,11
1413393962.205817222595215,47,4,41,0,11
1413393962.255816698074341,46,17,37,3,11
1413393962.305815935134888,41,6,38,1,11
1413393962.355817317962646,32,0,32,0,11
1413393962.405818939208984,30,3,24,0,11
1413393962.455820083618164,30,3,21,1,11
1413393962.505820751190186,31,2,19,9,11
1413393962.555820465087891,29,4,27,1,11
1413393962.605820178985596,28,2,25,2,11
1413393962.655819177627563,27,2,26,0,11
1413393962.705818414688110,24,8,24,0,11
1413393962.755817890167236,22,15,21,0,11
1413393962.805818557739258,27,18,14,11,11
1413393962.855818748474121,25,3,22,2,11
1413393962.905818223953247,24,9,17,5,11
1413393962.955817937850952,17,5,12,3,11
1413393963.005818128585815,15,5,13,0,11
1413393963.055818557739258,13,8,7,4,11
1413393963.105818748474121,12,4,9,1,11
1413393963.155819416046143,11,5,7,2,11
1413393963.205820083618164,12,7,8,3,11
1413393963.255820274353027,11,4,10,0,11
1413393963.305820465087891,17,2,9,7,11
1413393963.355820417404175,20,8,14,5,11
1413393963.405820608139038,21,3,17,3,11
1413393963.455821037292480,24,5,16,7,11
1413393963.505820989608765,24,3,21,1,11
1413393963.555820465087891,23,5,19,0,11
1413393963.605820655822754,24,4,17,2,11
1413393963.655819654464722,27,2,17,7,11
1413393963.705819129943848,28,1,22,3,11
1413393963.755818605422974,33,1,20,7,11
1413393963.805819034576416,36,2,24,6,11
1413393963.855819702148438,34,2,29,2,11
1413393963.905819892883301,33,9,28,2,11
1413393963.955820083618164,32,5,26,1,11
1413393964.005820512771606,30,10,25,3,11
1413393964.055820465087891,27,5,27,0,11
1413393964.105820655822754,29,3,26,3,11
1413393964.155820608139038,31,2,27,4,11
1413393964.205820083618164,31,3,27,3,11
1413393964.255819797515869,32,6,28,2,11
1413393964.305819749832153,34,6,29,3,11
1413393964.355819940567017,34,7,26,5,11
1413393964.405819892883301,34,3,29,3,11
1413393964.455819845199585,36,2,30,2,11
1413393964.505819320678711,32,9,28,3,11
1413393964.555819034576416,35,6,28,4,11
1413393964.605819225311279,35,7,32,1,11
1413393964.655818700790405,35,10,29,4,11
1413393964.705818176269531,34,2,26,3,11
1413393964.755818367004395,32,10,24,2,11
1413393964.805818557739258,27,3,23,1,11
1413393964.855820178985596,36,1,22,13,11
1413393964.905821084976196,34,14,28,0,11
1413393964.955821752548218,35,5,26,2,11
1413393965.005822658538818,38,0,22,13,11
1413393965.055823087692261,32,3,28,0,11
1413393965.105823516845703,34,2,25,7,11
1413393965.155823230743408,38,8,29,8,11
1413393965.205823183059692,35,5,35,0,11
1413393965.255823373794556,37,4,28,4,11
1413393965.305823326110840,35,4,30,0,11
1413393965.355823516845703,34,9,27,6,11
1413393965.405823230743408,46,10,30,16,11
1413393965.455822944641113,45,9,42,0,11
1413393965.505822181701660,40,5,36,0,11
1413393965.555821657180786,37,10,32,2,11
1413393965.605821371078491,37,10,31,2,11
1413393965.655820846557617,43,13,31,9,11
1413393965.705821275711060,40,4,34,1,11
1413393965.755822181701660,38,8,31,2,11
1413393965.805822849273682,34,2,30,2,11
1413393965.855822324752808,33,9,31,1,11
1413393965.905820608139038,34,3,29,4,11
1413393965.955820322036743,34,2,33,1,11
1413393966.005820035934448,40,2,34,6,11
1413393966.055820226669312,39,4,39,0,11
1413393966.105820178985596,43,1,37,4,11
1413393966.155820369720459,44,3,40,2,11
1413393966.205820322036743,48,3,41,6,11
1413393966.255819797515869,49,14,46,2,11
1413393966.305820226669312,47,2,44,1,11
1413393966.355820178985596,46,6,38,2,11
1413393966.405819892883301,46,4,39,2,11
1413393966.455819845199585,47,7,38,7,11
1413393966.505819797515869,45,11,40,2,11
1413393966.555819988250732,44,1,41,1,11
1413393966.605820417404175,40,2,38,0,11
1413393966.655820369720459,39,2,35,1,11
1413393966.705820322036743,35,3,32,0,11
1413393966.755820274353027,32,2,29,0,11
1413393966.805819988250732,30,4,28,0,11
1413393966.855818748474121,36,3,24,8,11
1413393966.905817747116089,34,2,28,0,11
1413393966.955816268920898,34,1,26,3,11
1413393967.005815982818604,37,5,28,7,11
1413393967.055815458297729,37,3,33,3,11
1413393967.105814933776855,42,3,34,6,11
1413393967.155814170837402,43,4,36,5,11
1413393967.205813646316528,40,0,40,0,11
1413393967.255813121795654,40,2,38,2,11
1413393967.305812835693359,40,3,38,1,11
1413393967.355813026428223,39,2,35,1,11
1413393967.405812978744507,41,3,34,3,11
1413393967.455812931060791,45,1,37,7,11
1413393967.505812883377075,43,2,42,0,11
1413393967.555813074111938,48,5,39,7,11
1413393967.605813264846802,46,4,44,2,11
1413393967.655812978744507,48,2,44,4,11
1413393967.705813169479370,49,4,44,2,11
1413393967.755812883377075,49,3,44,1,11
1413393967.805812358856201,48,3,45,1,11
1413393967.855811357498169,46,7,43,0,11
1413393967.905809879302979,42,0,37,0,11
1413393967.955808877944946,39,1,28,3,11
1413393968.005808115005493,36,1,30,1,11
1413393968.055808305740356,37,2,30,6,11
1413393968.105808734893799,38,2,33,3,11
1413393968.155809164047241,39,0,36,2,11
1413393968.205809354782104,41,1,36,5,11
1413393968.255809307098389,46,3,41,5,11
1413393968.305809020996094,50,6,45,4,11
1413393968.355808973312378,50,1,49,0,11
1413393968.405808925628662,49,3,48,1,11
1413393968.455809116363525,50,9,47,1,11
1413393968.505808591842651,50,2,46,0,11
1413393968.555808544158936,48,14,45,0,11
1413393968.605808973312378,48,17,44,2,11
1413393968.655809402465820,48,0,46,1,11
1413393968.705810070037842,49,1,45,3,11
1413393968.755810260772705,49,0,47,0,11
1413393968.805809497833252,48,1,46,1,11
1413393968.855808496475220,47,1,47,0,11
1413393968.905807256698608,49,4,44,3,11
1413393968.955806970596313,50,6,47,1,11
1413393969.005806922912598,47,4,46,0,11
1413393969.055806636810303,47,9,43,2,11
1413393969.105806827545166,48,2,45,2,11
1413393969.155806064605713,47,13,43,1,11
1413393969.205804824829102,50,9,42,3,11
1413393969.255803823471069,47,3,44,1,11
1413393969.305803298950195,47,0,43,2,11
1413393969.355803489685059,45,3,43,0,11
1413393969.405803680419922,45,2,43,1,11
1413393969.455803871154785,43,0,41,2,11
1413393969.505803346633911,49,3,42,6,11
1413393969.555803298950195,48,2,47,0,11
1413393969.605803728103638,50,3,45,3,11
1413393969.655803442001343,47,6,44,0,11
1413393969.705803394317627,47,2,42,3,11
1413393969.755803346633911,49,9,45,3,11
1413393969.805803298950195,49,4,48,1,11
1413393969.855803012847900,50,12,48,1,11
1413393969.905802726745605,49,0,49,0,11
1413393969.955803155899048,48,0,46,0,11
1413393970.005802869796753,46,0,43,0,11
1413393970.055803060531616,45,2,40,1,11
1413393970.105803251266479,47,12,40,4,11
1413393970.155803442001343,44,1,41,1,11
1413393970.205803632736206,43,3,43,0,11
1413393970.255803585052490,47,1,42,4,11
1413393970.305803537368774,49,0,46,2,11
1413393970.355803728103638,48,5,48,0,11
1413393970.405803680419922,50,4,48,2,11
1413393970.455803871154785,49,13,48,0,11
1413393970.505804300308228,49,2,48,0,11
1413393970.555804491043091,49,2,46,0,11
1413393970.605805158615112,47,17,45,2,11
1413393970.655805587768555,49,16,46,2,11
1413393970.705805778503418,49,12,46,1,11
1413393970.755805492401123,50,0,47,2,11
1413393970.805804729461670,46,1,45,0,11
1413393970.855803489685059,46,1,43,1,11
1413393970.905802488327026,45,1,42,0,11
1413393970.955801725387573,48,1,40,4,11
1413393971.005802631378174,50,0,40,4,11
1413393971.055804729461670,49,5,41,1,11
1413393971.105807065963745,47,0,39,3,11
1413393971.155810832977295,44,0,38,1,11
1413393971.205813884735107,44,4,39,3,11
1413393971.255814790725708,48,9,41,7,11
1413393971.305815458297729,47,6,45,2,11
1413393971.355816841125488,47,7,44,3,11
1413393971.405816555023193,45,2,44,1,11
1413393971.455816268920898,42,0,42,0,11
1413393971.505815505981445,40,1,39,0,11
1413393971.555815935134888,43,3,39,3,11
1413393971.605815887451172,43,5,41,1,11
1413393971.655815601348877,47,6,39,6,11
1413393971.705815076828003,46,5,42,1,11
1413393971.755814313888550,44,1,38,1,11
1413393971.805812358856201,47,4,36,5,11
1413393971.855811119079590,43,3,38,3,11
1413393971.905809879302979,42,0,41,0,11
1413393971.955807924270630,47,0,41,6,11
1413393972.005807399749756,47,0,46,0,11
1413393972.055807113647461,46,1,43,2,11
1413393972.105807781219482,46,0,45,1,11
1413393972.155809402465820,49,2,45,4,11
1413393972.205810308456421,49,14,46,1,11
1413393972.255810022354126,49,3,43,0,11
1413393972.305809020996094,49,1,42,2,11
1413393972.355809450149536,48,16,42,3,11
1413393972.405809164047241,47,1,44,2,11
1413393972.455809354782104,50,2,44,4,11
1413393972.505810260772705,50,3,46,0,11
1413393972.555810928344727,48,1,45,0,11
1413393972.605811357498169,47,19,45,1,11
1413393972.655811309814453,44,0,43,1,11
1413393972.705811023712158,44,3,44,0,11
1413393972.755811214447021,44,2,42,1,11
1413393972.805811643600464,48,5,42,5,11
1413393972.855812311172485,46,0,46,0,11
1413393972.905812740325928,46,1,46,0,11
1413393972.955813169479370,50,11,46,4,11
1413393973.005813360214233,50,2,50,0,11
1413393973.055813789367676,50,0,50,0,11
1413393973.105814456939697,50,13,48,0,11
1413393973.155814647674561,50,17,47,0,11
1413393973.205815076828003,48,14,46,0,11
1413393973.255815267562866,47,0,45,1,11
1413393973.305815458297729,47,2,46,0,11
1413393973.355815887451172,45,2,45,0,11
1413393973.405815839767456,48,1,45,3,11
1413393973.455816030502319,47,0,46,0,11
1413393973.505816221237183,47,0,45,0,11
1413393973.555817127227783,48,10,43,3,11
1413393973.605817317962646,46,2,43,0,11
1413393973.655817508697510,44,3,41,0,11
1413393973.705817461013794,47,8,39,5,11
1413393973.755817890167236,47,9,44,2,11
1413393973.805817365646362,47,8,44,3,11
1413393973.855816602706909,46,1,45,1,11
1413393973.905816555023193,47,6,41,3,11
1413393973.955816268920898,47,1,38,0,11
1413393974.005815982818604,43,1,31,1,11
1413393974.055815935134888,32,5,23,1,11
1413393974.105816602706909,23,1,14,1,11
1413393974.155818939208984,23,4,11,7,11
1413393974.205820083618164,17,9,14,0,11
1413393974.255821228027344,16,4,12,0,11
1413393974.305824756622314,17,1,11,6,11
1413393974.355827093124390,21,3,13,5,11
1413393974.405830144882202,23,3,15,3,11
1413393974.455831527709961,19,4,14,0,11
1413393974.505834341049194,26,4,13,9,11
1413393974.555836677551270,36,6,18,14,11
1413393974.605838060379028,35,5,26,0,11
1413393974.655839204788208,36,7,25,2,11
1413393974.705840110778809,35,10,25,7,11
1413393974.755840301513672,33,5,29,1,11
1413393974.805840253829956,29,3,26,2,11
1413393974.855840682983398,27,2,26,0,11
1413393974.905840635299683,27,6,23,2,11
1413393974.955840587615967,24,1,22,1,11
1413393975.005840539932251,24,4,23,0,11
1413393975.055840492248535,26,4,22,3,11
1413393975.105840444564819,28,3,25,2,11
1413393975.155840158462524,31,3,22,8,11
1413393975.205840110778809,30,3,28,0,11
1413393975.255840539932251,34,1,27,6,11
1413393975.305840253829956,35,2,31,3,11
1413393975.355840682983398,37,4,33,3,11
1413393975.405840635299683,46,6,36,9,11
1413393975.455840587615967,46,3,44,1,11
1413393975.505840063095093,46,4,39,3,11
1413393975.555839776992798,46,2,38,1,11
1413393975.605839729309082,45,3,37,2,11
1413393975.655839681625366,42,2,37,4,11
1413393975.705839157104492,42,1,37,4,11
1413393975.755838632583618,46,0,40,5,11
1413393975.805838108062744,46,1,43,3,11
1413393975.855838060379028,44,0,42,0,11
1413393975.905837774276733,46,2,39,3,11
1413393975.955837249755859,43,4,40,0,11
1413393976.005836963653564,41,4,38,1,11
1413393976.055836677551270,40,0,39,1,11
1413393976.105836629867554,43,2,38,4,11
1413393976.155836582183838,43,1,39,2,11
1413393976.205836296081543,44,1,40,3,11
1413393976.255835771560669,43,1,42,1,11
1413393976.305835485458374,45,0,40,3,11
1413393976.355835199356079,46,2,41,3,11
1413393976.405834674835205,45,2,42,2,11
1413393976.455834627151489,45,3,42,2,11
1413393976.505834579467773,46,1,41,5,11
1413393976.555834770202637,45,1,45,0,11
1413393976.605834960937500,48,1,43,3,11
1413393976.655834913253784,47,3,43,2,11
1413393976.705834865570068,49,2,45,3,11
1413393976.755834817886353,49,3,46,1,11
1413393976.805835247039795,48,1,45,0,11
1413393976.855835676193237,47,3,42,1,11
1413393976.905836105346680,48,2,43,2,11
1413393976.955836534500122,46,1,42,3,11
1413393977.005836486816406,49,3,45,3,11
1413393977.055836200714111,48,3,46,0,11
1413393977.105835914611816,47,2,45,1,11
1413393977.155835390090942,48,1,46,2,11
1413393977.205834150314331,48,2,46,0,11
1413393977.255833148956299,49,0,46,1,11
1413393977.305832386016846,48,1,47,1,11
1413393977.355832338333130,48,0,48,0,11
1413393977.405832529067993,48,1,47,0,11
1413393977.455833196640015,49,5,47,1,11
1413393977.505833625793457,50,2,48,2,11
1413393977.555834293365479,49,2,48,0,11
1413393977.605835199356079,49,1,46,0,11
1413393977.655835151672363,49,5,46,1,11
1413393977.705835342407227,49,3,46,2,11
1413393977.755835294723511,48,2,47,0,11
1413393977.805835247039795,48,0,47,1,11
1413393977.855835437774658,47,0,46,1,11
1413393977.905835390090942,50,4,47,3,11
1413393977.955835342407227,49,1,49,0,11
1413393978.005835294723511,49,3,47,0,11
1413393978.055835723876953,49,12,47,0,11
1413393978.105835914611816,48,1,46,1,11
1413393978.155836105346680,49,1,47,1,11
1413393978.205836296081543,50,1,48,2,11
1413393978.255836725234985,50,6,49,0,11
1413393978.305836677551270,49,3,47,0,11
1413393978.355837345123291,48,2,46,1,11
1413393978.405837535858154,46,2,44,2,11
1413393978.455837488174438,45,1,44,0,11
1413393978.505837678909302,47,0,42,2,11
1413393978.555837392807007,42,1,40,1,11
1413393978.605837106704712,37,0,35,1,11
1413393978.655836582183838,49,1,34,12,11
1413393978.705835819244385,47,7,42,2,11
1413393978.755835294723511,44,0,43,0,11
1413393978.805835008621216,41,0,41,0,11
1413393978.855834960937500,47,0,41,6,11
1413393978.905834913253784,48,0,47,1,11
1413393978.955835103988647,50,4,48,2,11
1413393979.005835056304932,48,1,45,0,11
1413393979.055835008621216,44,0,41,0,11
1413393979.105835199356079,46,1,38,7,11
1413393979.155834913253784,46,0,44,1,11
1413393979.205835103988647,41,1,40,0,11
1413393979.255834817886353,40,1,37,2,11
1413393979.305834770202637,42,0,38,4,11
1413393979.355834722518921,40,0,40,0,11
1413393979.405834436416626,41,1,36,4,11
1413393979.455834150314331,41,0,34,1,11
1413393979.505834102630615,38,0,30,0,11
1413393979.555833816528320,36,0,25,2,11
1413393979.605833768844604,32,3,24,4,11
1413393979.655833721160889,35,1,24,9,11
1413393979.705833196640015,37,1,32,2,11
1413393979.755832910537720,33,1,31,1,11
1413393979.805832624435425,36,0,30,5,11
1413393979.855832576751709,35,1,29,5,11
1413393979.905832529067993,34,0,34,0,11
1413393979.955832242965698,34,0,33,0,11
1413393980.005832433700562,45,4,31,12,11
1413393980.055832386016846,43,0,41,0,11
1413393980.105832576751709,42,0,42,0,11
1413393980.155832529067993,39,1,38,1,11
1413393980.205832481384277,48,3,37,10,11
1413393980.255832672119141,49,1,45,2,11
1413393980.305832862854004,48,1,43,1,11
1413393980.355832815170288,43,5,38,2,11
1413393980.405832529067993,40,1,38,0,11
1413393980.455832004547119,40,1,38,1,11
1413393980.505831480026245,44,7,33,9,11
1413393980.555830955505371,42,4,40,0,11
1413393980.605830907821655,41,5,40,0,11
1413393980.655830860137939,39,1,38,0,11
1413393980.705830812454224,39,3,38,0,11
1413393980.755831241607666,48,11,35,11,11
1413393980.805830478668213,49,0,43,2,11
1413393980.855829715728760,47,1,45,0,11
1413393980.905829191207886,46,1,45,1,11
1413393980.955829143524170,49,4,45,4,11
1413393981.005829334259033,49,1,47,0,11
1413393981.055829763412476,48,1,46,0,11
1413393981.105830669403076,46,4,45,1,11
1413393981.155831813812256,45,10,39,4,11
1413393981.205832242965698,46,3,44,1,11
1413393981.255832672119141,44,2,44,0,11
1413393981.305832862854004,44,3,43,0,11
1413393981.355833530426025,46,6,41,4,11
1413393981.405833959579468,47,1,43,2,11
1413393981.455834388732910,45,2,44,0,11
1413393981.505834579467773,44,0,44,0,11
1413393981.555835008621216,49,0,44,5,11
1413393981.605835437774658,48,2,47,0,11
1413393981.655835866928101,48,6,44,2,11
1413393981.705836296081543,46,5,45,0,11
1413393981.755836725234985,50,9,45,4,11
1413393981.805837154388428,49,1,48,1,11
1413393981.855837821960449,49,1,49,0,11
1413393981.905838012695312,49,4,48,1,11
1413393981.955838203430176,49,0,49,0,11
1413393982.005837917327881,50,3,49,1,11
1413393982.055838108062744,49,2,47,0,11
1413393982.105838537216187,50,2,47,1,11
1413393982.155838251113892,49,2,46,2,11
1413393982.205838203430176,46,3,44,0,11
1413393982.255837917327881,46,6,40,5,11
1413393982.305838108062744,44,1,42,0,11
1413393982.355838298797607,45,1,40,3,11
1413393982.405838251113892,44,4,43,1,11
1413393982.455838441848755,44,1,43,0,11
1413393982.505838632583618,43,0,42,0,11
1413393982.555838823318481,43,2,38,1,11
1413393982.605839252471924,37,6,29,1,11
1413393982.655839681625366,33,6,24,3,11
1413393982.705839872360229,28,3,24,2,11
1413393982.755839824676514,29,2,22,5,11
1413393982.805840015411377,29,3,26,3,11
1413393982.855839967727661,30,7,27,2,11
1413393982.905840158462524,37,2,26,7,11
1413393982.955840110778809,39,3,28,5,11
1413393983.005839586257935,36,3,27,0,11
1413393983.055839538574219,31,4,22,3,11
1413393983.105839729309082,29,5,23,2,11
1413393983.155839443206787,33,1,23,8,11
1413393983.205839395523071,30,5,27,1,11
1413393983.255839347839355,28,2,26,1,11
1413393983.305839061737061,22,2,20,1,11
1413393983.355839252471924,26,1,20,5,11
1413393983.405839204788208,23,2,21,0,11
1413393983.455839157104492,23,4,18,1,11
1413393983.505839586257935,24,1,16,5,11
1413393983.555839776992798,25,0,18,6,11
1413393983.605839729309082,25,4,21,4,11
1413393983.655839920043945,26,2,23,3,11
1413393983.705839872360229,27,3,24,1,11
1413393983.755839824676514,25,6,20,1,11
1413393983.805839776992798,26,4,20,4,11
1413393983.855839967727661,27,3,20,5,11
1413393983.905840158462524,27,0,23,4,11
1413393983.955839872360229,27,4,23,4,11
1413393984.005839824676514,26,1,25,0,11
1413393984.055839538574219,31,1,23,6,11
1413393984.105839490890503,35,2,28,5,11
1413393984.155839443206787,33,2,29,1,11
1413393984.205839395523071,29,4,28,0,11
1413393984.255839109420776,27,0,24,2,11
1413393984.305839061737061,33,3,24,8,11
1413393984.355839252471924,33,1,30,3,11
1413393984.405838966369629,34,2,29,3,11
1413393984.455838918685913,34,0,30,0,11
1413393984.505838871002197,32,2,26,3,11
1413393984.555838823318481,37,6,28,9,11
1413393984.605839014053345,33,4,31,2,11
1413393984.655838966369629,30,7,28,0,11
1413393984.705838918685913,25,2,23,0,11
1413393984.755839109420776,27,3,21,5,11
1413393984.805839300155640,26,5,23,3,11
1413393984.855839729309082,29,4,26,3,11
1413393984.905839681625366,27,5,22,4,11
1413393984.955839633941650,24,3,23,0,11
1413393985.005839586257935,25,5,21,4,11
1413393985.055839776992798,28,4,24,3,11
1413393985.105839967727661,28,5,26,0,11
1413393985.155839920043945,26,9,22,1,11
1413393985.205840110778809,25,3,22,1,11
1413393985.255840539932251,28,2,23,5,11
1413393985.305840492248535,29,4,27,1,11
1413393985.355840921401978,29,5,25,1,11
1413393985.405840396881104,31,1,25,4,11
1413393985.455840349197388,30,1,28,2,11
1413393985.505840063095093,31,7,29,1,11
1413393985.555840253829956,33,2,28,2,11
1413393985.605840682983398,31,9,27,2,11
1413393985.655840635299683,32,4,25,4,11
1413393985.705840826034546,29,2,24,1,11
1413393985.755841493606567,29,3,24,2,11
1413393985.805841922760010,28,3,24,2,11
1413393985.855842590332031,31,4,26,4,11
1413393985.905843019485474,30,11,28,1,11
1413393985.955843210220337,31,4,27,1,11
1413393986.005842685699463,34,3,25,4,11
1413393986.055841445922852,39,1,27,7,11
1413393986.105840206146240,38,0,33,2,11
1413393986.155838012695312,42,7,34,6,11
1413393986.205836772918701,38,2,27,0,11
1413393986.255834817886353,41,5,19,8,11
1413393986.305833816528320,35,2,20,3,11
1413393986.355833530426025,31,2,18,4,11
1413393986.405833482742310,30,1,19,4,11
1413393986.455832958221436,30,2,19,4,11
1413393986.505832672119141,30,4,18,3,11
1413393986.555832862854004,32,1,17,6,11
1413393986.605833292007446,31,2,18,5,11
1413393986.655833721160889,29,0,17,3,11
1413393986.705834150314331,28,0,17,4,11
1413393986.755833864212036,30,0,16,8,11
1413393986.805834531784058,33,0,18,6,11
1413393986.855835676193237,32,0,22,3,11
1413393986.905837059020996,29,4,21,4,11
1413393986.955838680267334,30,1,23,5,11
1413393987.005841016769409,33,1,28,4,11
1413393987.055842399597168,34,1,30,2,11
1413393987.105844259262085,39,0,32,5,11
1413393987.155845642089844,43,0,37,6,11
1413393987.205846071243286,42,0,39,1,11
1413393987.255846261978149,48,2,40,6,11
1413393987.305846452713013,48,11,45,2,11
1413393987.355847358703613,50,4,47,2,11
1413393987.405847787857056,49,8,48,1,11
1413393987.455848455429077,49,0,49,0,11
1413393987.505849123001099,49,6,47,1,11
1413393987.555850505828857,50,9,48,1,11
1413393987.605851411819458,49,2,46,1,11
1413393987.655851840972900,49,1,44,0,11
1413393987.705852031707764,49,2,40,2,11
1413393987.755852222442627,49,4,41,3,11
1413393987.805852651596069,48,5,43,3,11
1413393987.855852842330933,49,1,44,2,11
1413393987.905852556228638,49,7,43,2,11
1413393987.955852031707764,46,4,41,0,11
1413393988.005851984024048,46,4,40,5,11
1413393988.055851697921753,45,1,42,2,11
1413393988.105852127075195,46,4,43,1,11
1413393988.155852079391479,50,1,44,5,11
1413393988.205852031707764,49,0,48,0,11
1413393988.255851745605469,48,1,46,0,11
1413393988.305851459503174,46,3,42,1,11
1413393988.355851173400879,46,4,43,2,11
1413393988.405850887298584,48,6,44,3,11
1413393988.455850362777710,48,4,46,1,11
1413393988.505849599838257,47,11,45,1,11
1413393988.555849075317383,47,2,44,2,11
1413393988.605849266052246,47,3,44,3,11
1413393988.655849218368530,47,2,43,2,11
1413393988.705849409103394,44,4,44,0,11
1413393988.755849599838257,44,2,42,1,11
1413393988.805850028991699,43,2,40,0,11
1413393988.855850696563721,43,8,38,2,11
1413393988.905851125717163,37,1,32,1,11
1413393988.955851554870605,36,5,31,1,11
1413393989.005851745605469,35,1,29,4,11
1413393989.055852413177490,40,4,32,8,11
1413393989.105852603912354,44,1,38,5,11
1413393989.155852556228638,44,4,43,0,11
1413393989.205852508544922,40,3,38,0,11
1413393989.255851984024048,42,2,37,3,11
1413393989.305850744247437,37,6,36,1,11
1413393989.355849981307983,39,7,33,4,11
1413393989.405848741531372,40,5,33,4,11
1413393989.455848455429077,39,8,31,7,11
1413393989.505848169326782,36,4,34,1,11
1413393989.555848836898804,30,6,30,0,11
1413393989.605848550796509,32,6,30,2,11
1413393989.655848741531372,31,1,29,0,11
1413393989.705848932266235,29,2,25,1,11
1413393989.755848884582520,27,0,26,1,11
1413393989.805848598480225,27,0,26,1,11
1413393989.855849027633667,26,1,23,0,11
1413393989.905848264694214,30,4,22,4,11
1413393989.955848932266235,33,2,22,7,11
1413393990.005848646163940,34,1,28,2,11
1413393990.055848598480225,40,1,27,11,11
1413393990.105848550796509,45,5,38,6,11
1413393990.155848979949951,48,3,40,5,11
1413393990.205848932266235,47,5,40,1,11
1413393990.255848884582520,41,1,36,1,11
1413393990.305848598480225,35,1,29,1,11
1413393990.355848789215088,32,0,27,2,11
1413393990.405848503112793,31,3,28,2,11
1413393990.455848693847656,35,2,29,5,11
1413393990.505848884582520,34,1,32,0,11
1413393990.555848598480225,33,0,29,1,11
1413393990.605848550796509,34,0,29,1,11
1413393990.655848741531372,32,2,25,4,11
1413393990.705847978591919,32,2,26,1,11
1413393990.755847454071045,30,2,21,6,11
1413393990.805847406387329,28,6,24,2,11
1413393990.855847358703613,30,1,23,4,11
1413393990.905847311019897,30,1,24,1,11
1413393990.955845594406128,35,3,25,7,11
1413393991.005845069885254,30,1,27,0,11
1413393991.055844068527222,33,3,24,4,11
1413393991.105843305587769,26,2,24,0,11
1413393991.155842304229736,31,14,19,7,11
1413393991.205841541290283,28,3,25,0,11
1413393991.255841493606567,26,1,22,0,11
1413393991.305842161178589,22,4,18,0,11
1413393991.355843782424927,19,5,16,0,11
1413393991.405844688415527,16,1,15,1,11
1413393991.455846309661865,16,2,16,0,11
1413393991.505847215652466,16,3,16,0,11
1413393991.555849552154541,21,0,16,5,11
1413393991.605850696563721,20,0,20,0,11
1413393991.655851125717163,20,0,20,0,11
1413393991.705851554870605,21,0,19,1,11
1413393991.755851984024048,22,0,18,2,11
1413393991.805852651596069,22,0,20,0,11
1413393991.855854272842407,20,0,20,0,11
1413393991.905855655670166,20,0,19,1,11
1413393991.955856561660767,19,2,18,0,11
1413393992.005858659744263,21,4,18,2,11
1413393992.055858373641968,20,6,19,1,11
1413393992.105860233306885,31,3,17,11,11
1413393992.155858278274536,29,0,27,0,11
1413393992.205857276916504,31,0,26,5,11
1413393992.255854845046997,31,0,31,0,11
1413393992.305851459503174,34,0,28,3,11
1413393992.355850934982300,39,0,34,5,11
1413393992.405851125717163,39,1,39,0,11
1413393992.455851554870605,40,0,39,1,11
1413393992.505853176116943,46,0,40,6,11
1413393992.555853605270386,47,3,46,1,11
1413393992.605855703353882,49,2,46,2,11
1413393992.655856609344482,49,2,48,0,11
1413393992.705857276916504,48,2,46,0,11
1413393992.755856037139893,46,0,43,0,11
1413393992.805855035781860,45,0,42,1,11
1413393992.855854272842407,42,3,41,0,11
1413393992.905852556228638,46,7,39,6,11
1413393992.955852746963501,45,0,43,2,11
1413393993.005852460861206,46,0,45,1,11
1413393993.055853128433228,46,0,45,0,11
1413393993.105853796005249,47,0,45,1,11
1413393993.155853271484375,45,3,44,1,11
1413393993.205852746963501,45,0,45,0,11
1413393993.255853176116943,47,0,44,2,11
1413393993.305852413177490,48,0,46,2,11
1413393993.355851411819458,43,2,43,0,11
1413393993.405851125717163,39,0,39,0,11
1413393993.455851316452026,39,1,39,0,11
1413393993.505851507186890,43,0,38,5,11
1413393993.555852174758911,43,3,43,0,11
1413393993.605853557586670,43,12,41,0,11
1413393993.655853271484375,42,13,38,1,11
1413393993.705853223800659,41,4,36,1,11
1413393993.755854368209839,41,4,34,4,11
1413393993.805855274200439,39,6,35,0,11
1413393993.855856657028198,28,6,24,1,11
1413393993.905857801437378,24,1,23,1,11
1413393993.955857992172241,22,0,22,0,11
1413393994.005858898162842,21,2,19,2,11
1413393994.055859565734863,21,0,21,0,11
1413393994.105860233306885,20,1,19,1,11
1413393994.155860900878906,20,1,18,0,11
1413393994.205862045288086,20,1,18,0,11
1413393994.255863428115845,19,0,18,1,11
1413393994.305865526199341,20,5,19,1,11
1413393994.355867624282837,28,4,18,8,11
1413393994.405869007110596,31,5,23,4,11
1413393994.455870628356934,30,4,21,2,11
1413393994.505871057510376,25,3,15,1,11
1413393994.555871009826660,20,0,14,1,11
1413393994.605871438980103,18,4,14,2,11
1413393994.655870437622070,16,2,14,1,11
1413393994.705869913101196,13,5,9,0,11
1413393994.755869626998901,10,0,6,0,11
1413393994.805868625640869,9,2,6,2,11
1413393994.855867147445679,12,1,7,4,11
1413393994.905861616134644,22,1,10,10,11
1413393994.955860614776611,23,2,21,2,11
1413393995.005857944488525,33,1,23,10,11
1413393995.055858135223389,34,3,33,1,11
1413393995.105856418609619,47,2,34,13,11
1413393995.155856370925903,49,4,47,2,11
1413393995.205854415893555,49,13,48,0,11
1413393995.255854368209839,49,0,48,0,11
1413393995.305853366851807,49,7,48,1,11
1413393995.355853080749512,49,0,49,0,11
1413393995.405852079391479,49,0,47,0,11
1413393995.455851316452026,49,2,45,1,11
1413393995.505850791931152,46,2,42,1,11
1413393995.555850028991699,44,6,38,1,11
1413393995.605849742889404,43,0,36,1,11
1413393995.655849218368530,44,12,31,7,11
1413393995.705848932266235,40,0,34,1,11
1413393995.755848646163940,37,0,31,0,11
1413393995.805848121643066,34,1,31,1,11
1413393995.855848312377930,31,0,29,0,11
1413393995.905848503112793,34,1,25,3,11
1413393995.955848455429077,34,1,27,2,11
1413393996.005848407745361,34,1,28,3,11
1413393996.055848836898804,31,1,30,0,11
1413393996.105849027633667,27,2,27,0,11
1413393996.155848979949951,40,2,26,14,11
1413393996.205849170684814,39,0,37,0,11
1413393996.255849599838257,47,2,37,8,11
1413393996.305849790573120,41,5,39,2,11
1413393996.355850219726562,46,3,38,7,11
1413393996.405850410461426,46,1,42,2,11
1413393996.455850601196289,45,1,43,0,11
1413393996.505850553512573,45,0,42,1,11
1413393996.555850744247437,43,1,41,0,11
1413393996.605851173400879,39,4,35,0,11
1413393996.655851125717163,45,1,36,7,11
1413393996.705851793289185,43,0,41,1,11
1413393996.755851984024048,37,3,36,0,11
1413393996.805852413177490,44,3,34,8,11
1413393996.855852842330933,44,4,41,0,11
1413393996.905853033065796,47,1,40,6,11
1413393996.955852746963501,50,3,46,4,11
1413393997.005852937698364,50,4,49,0,11
1413393997.055852890014648,50,16,48,0,11
1413393997.105853080749512,50,0,48,1,11
1413393997.155853033065796,50,0,49,0,11
1413393997.205852746963501,50,9,48,1,11
1413393997.255852699279785,50,11,49,0,11
1413393997.305852651596069,50,1,49,1,11
1413393997.355852842330933,50,4,48,0,11
1413393997.405853033065796,49,4,46,0,11
1413393997.455852985382080,44,2,41,1,11
1413393997.505853176116943,45,1,43,2,11
1413393997.555853366851807,47,2,44,2,11
1413393997.605853557586670,47,2,43,0,11
1413393997.655853986740112,50,15,43,4,11
1413393997.705854177474976,47,10,46,1,11
1413393997.755854129791260,47,0,47,0,11
1413393997.805854320526123,48,6,45,3,11
1413393997.855854511260986,49,11,47,2,11
1413393997.905854701995850,48,2,47,0,11
1413393997.955854892730713,49,2,44,1,11
1413393998.005854845046997,48,3,44,1,11
1413393998.055854797363281,48,6,42,3,11
1413393998.105854988098145,48,1,45,1,11
1413393998.155855178833008,46,1,44,1,11
1413393998.205855131149292,45,1,44,0,11
1413393998.255855083465576,43,4,42,0,11
1413393998.305855035781860,43,7,41,2,11
1413393998.355855226516724,43,1,42,0,11
1413393998.405855178833008,44,1,42,1,11
1413393998.455855131149292,47,7,43,4,11
1413393998.505855083465576,47,0,47,0,11
1413393998.555854797363281,46,4,46,0,11
1413393998.605854988098145,46,0,44,1,11
1413393998.655854940414429,46,2,45,0,11
1413393998.705855131149292,46,0,45,1,11
1413393998.755854845046997,47,2,45,1,11
1413393998.805854320526123,49,4,46,2,11
1413393998.855854272842407,48,0,47,0,11
1413393998.905853986740112,48,3,46,1,11
1413393998.955853462219238,47,0,47,0,11
1413393999.005853414535522,46,0,46,0,11
1413393999.055853128433228,47,3,46,1,11
1413393999.105853319168091,45,0,45,0,11
1413393999.155853033065796,43,0,41,0,11
1413393999.205852985382080,40,0,36,0,11
1413393999.255852937698364,39,1,34,2,11
1413393999.305852890014648,32,0,31,0,11
1413393999.355852842330933,41,1,28,9,11
1413393999.405853986740112,42,6,38,2,11
1413393999.455854177474976,37,0,36,0,11
1413393999.505854368209839,38,0,32,3,11
1413393999.555854558944702,38,0,35,1,11
1413393999.605854988098145,37,0,36,0,11
1413393999.655855178833008,38,2,32,2,11
1413393999.705855369567871,36,0,28,0,11
1413393999.755855321884155,33,1,21,0,11
1413393999.805855751037598,26,1,16,1,11
1413393999.855855941772461,17,0,13,0,11
1413393999.905856370925903,14,0,10,2,11
1413393999.955856323242188,10,2,10,0,11
1413394000.005857944488525,13,0,7,4,11
1413394000.055857896804810,12,2,6,1,11
1413394000.105858087539673,8,7,3,0,11
1413394000.155858039855957,6,2,3,0,11
1413394000.205857992172241,3,1,3,0,11
1413394000.255857944488525,3,3,3,0,11
1413394000.305857896804810,3,3,1,1,11
1413394000.355857372283936,3,11,0,2,11
1413394000.405857086181641,4,2,0,2,11
1413394000.455857038497925,7,1,1,3,11
1413394000.505856990814209,5,0,2,0,11
1413394000.555856466293335,7,0,2,3,11
1413394000.605856418609619,9,0,3,4,11
1413394000.655855178833008,12,0,7,3,11
1413394000.705855369567871,15,0,9,5,11
1413394000.755855321884155,15,0,15,0,11
1413394000.805855035781860,20,0,15,5,11
1413394000.855855226516724,20,0,20,0,11
1413394000.905854463577271,23,0,20,3,11
1413394000.955854415893555,30,0,23,7,11
1413394001.005854129791260,30,0,30,0,11
1413394001.055854082107544,30,0,30,0,11
1413394001.105854272842407,30,0,30,0,11
1413394001.155854225158691,31,0,30,1,11
1413394001.205854177474976,31,0,31,0,11
1413394001.255854129791260,31,0,31,0,11
1413394001.305854082107544,31,0,31,0,11
1413394001.355854272842407,31,0,31,0,11
1413394001.405854225158691,31,0,31,0,11
1413394001.455854177474976,31,0,31,0,11
1413394001.505854129791260,34,0,31,3,11
1413394001.555853843688965,34,0,34,0,11
1413394001.605854034423828,36,0,34,2,11
1413394001.655853986740112,36,0,36,0,11
1413394001.705853939056396,36,0,36,0,11
1413394001.755853891372681,36,0,36,0,11
1413394001.805853843688965,36,0,36,0,11
1413394001.855854034423828,36,0,36,0,11
1413394001.905853986740112,36,0,36,0,11
1413394001.955853939056396,35,0,34,0,11
1413394002.005853891372681,35,0,34,0,11
1413394002.055853843688965,34,0,34,0,11
1413394002.105854034423828,34,0,34,0,11
1413394002.155853986740112,34,0,34,0,11
1413394002.205853939056396,34,0,33,0,11
1413394002.255853891372681,34,0,33,0,11
1413394002.305853843688965,33,0,33,0,11
1413394002.355854034423828,33,0,33,0,11
1413394002.405853986740112,33,0,33,0,11
1413394002.455853939056396,33,0,33,0,11
1413394002.505853891372681,33,0,33,0,11
1413394002.555853843688965,33,0,33,0,11
1413394002.605854034423828,33,0,33,0,11
1413394002.655853986740112,34,0,33,1,11
1413394002.705853939056396,34,0,34,0,11
1413394002.755853891372681,34,0,34,0,11
1413394002.805853843688965,34,0,34,0,11
1413394002.855854034423828,34,0,34,0,11
1413394002.905853986740112,32,0,31,0,11
1413394002.955853939056396,29,0,29,0,11
1413394003.005853891372681,29,0,29,0,11
1413394003.055853843688965,28,0,28,0,11
1413394003.105854034423828,27,1,27,0,11
1413394003.155853986740112,27,1,27,0,11
1413394003.205853939056396,27,0,27,0,11
1413394003.255853891372681,27,0,27,0,11
1413394003.305853843688965,27,0,27,0,11
1413394003.355854034423828,27,0,27,0,11
