# timestamp (sec),slam_feats_in_state,msckf_feats_used,slam_feats_updated,slam_feats_delayed_init,clones
1403715893.775182962417603,0,8,0,0,5
1403715893.833132028579712,16,13,0,16,6
1403715893.886466741561890,16,0,16,0,7
1403715893.938833951950073,16,0,16,0,8
1403715893.988208770751953,16,0,15,0,9
1403715894.038688659667969,16,0,8,0,10
1403715894.092229843139648,15,1,10,1,11
1403715894.142050981521606,15,0,11,4,11
1403715894.190618753433228,20,0,14,6,11
1403715894.241134643554688,21,0,19,2,11
1403715894.291302919387817,28,0,19,7,11
1403715894.341270208358765,27,0,20,2,11
1403715894.391115903854370,31,2,25,4,11
1403715894.438802003860474,42,21,27,13,11
1403715894.488485336303711,45,0,39,4,11
1403715894.538061618804932,43,0,43,0,11
1403715894.587611675262451,46,0,39,3,11
1403715894.637571334838867,46,0,43,0,11
1403715894.687229156494141,46,0,40,1,11
1403715894.736773967742920,44,1,26,1,11
1403715894.786537170410156,42,0,14,3,11
1403715894.836019754409790,43,1,16,15,11
1403715894.885883808135986,41,0,30,9,11
1403715894.935897350311279,41,0,38,1,11
1403715894.985924959182739,39,0,37,0,11
1403715895.035729885101318,38,6,28,3,11
1403715895.085767030715942,37,0,21,1,11
1403715895.135756731033325,37,2,21,7,11
1403715895.185757160186768,36,0,24,8,11
1403715895.235742807388306,35,1,29,0,11
1403715895.285671234130859,35,1,25,4,11
1403715895.335657358169556,33,0,27,3,11
1403715895.385693311691284,33,0,27,1,11
1403715895.435807466506958,32,3,25,1,11
1403715895.485826492309570,33,0,20,4,11
1403715895.535810470581055,32,0,22,3,11
1403715895.585866689682007,35,1,23,9,11
1403715895.635872840881348,40,18,32,6,11
1403715895.685908794403076,40,0,35,2,11
1403715895.735907554626465,40,0,35,1,11
1403715895.785899639129639,38,0,33,1,11
1403715895.835908889770508,38,1,35,1,11
1403715895.885917186737061,37,1,33,1,11
1403715895.935911178588867,36,3,34,1,11
1403715895.985929012298584,36,1,34,1,11
1403715896.035926818847656,40,2,35,4,11
1403715896.085924625396729,41,0,36,3,11
1403715896.135962486267090,42,2,39,1,11
1403715896.185975551605225,42,0,39,2,11
1403715896.235987186431885,44,24,39,3,11
1403715896.285860061645508,44,0,33,0,11
1403715896.335788726806641,42,2,17,0,11
1403715896.385784864425659,42,0,20,9,11
1403715896.435768127441406,38,0,28,10,11
1403715896.485711097717285,38,2,36,0,11
1403715896.535677194595337,45,1,34,7,11
1403715896.585765361785889,44,1,39,2,11
1403715896.635908365249634,44,1,39,3,11
1403715896.685958623886108,41,0,36,0,11
1403715896.736111879348755,40,1,28,0,11
1403715896.786112070083618,38,0,0,2,11
1403715896.836457967758179,42,7,2,15,11
1403715896.886456727981567,35,0,13,18,11
1403715896.936498641967773,35,0,30,0,11
1403715896.986499547958374,34,0,31,3,11
1403715897.036524534225464,34,0,31,0,11
1403715897.086624145507812,34,0,31,0,11
1403715897.136815071105957,35,0,29,4,11
1403715897.186973810195923,35,0,32,0,11
1403715897.237107992172241,33,0,30,2,11
1403715897.287203550338745,33,4,31,1,11
1403715897.337238550186157,34,2,29,1,11
1403715897.387246131896973,35,5,25,3,11
1403715897.437353849411011,37,13,22,7,11
1403715897.487210988998413,40,1,31,7,11
1403715897.537038087844849,39,2,35,0,11
1403715897.586917877197266,40,1,33,3,11
1403715897.636792182922363,39,3,34,2,11
1403715897.686534166336060,45,2,30,7,11
1403715897.736394882202148,46,3,39,2,11
1403715897.786363124847412,43,3,39,3,11
1403715897.836339712142944,41,2,39,0,11
1403715897.886319398880005,46,3,37,7,11
1403715897.936305999755859,45,6,42,1,11
1403715897.986338853836060,44,3,34,0,11
1403715898.036243915557861,39,20,26,1,11
1403715898.086221456527710,36,1,21,4,11
1403715898.136230468750000,32,6,22,2,11
1403715898.186260938644409,29,8,19,3,11
1403715898.236336708068848,25,4,21,2,11
1403715898.286451339721680,23,5,22,0,11
1403715898.336609840393066,30,1,22,7,11
1403715898.386676549911499,30,3,26,1,11
1403715898.436731576919556,28,8,23,0,11
1403715898.486753702163696,26,4,24,0,11
1403715898.536728620529175,25,7,23,1,11
1403715898.586734771728516,25,4,21,0,11
1403715898.636803150177002,28,6,17,5,11
1403715898.686859607696533,26,5,20,3,11
1403715898.736916542053223,21,7,14,0,11
1403715898.786968708038330,17,3,1,5,11
1403715898.836967945098877,14,0,1,1,11
1403715898.886980533599854,15,0,1,8,11
1403715898.936971187591553,11,3,8,2,11
1403715898.986956357955933,11,3,9,1,11
1403715899.036972284317017,19,1,5,10,11
1403715899.086959362030029,22,1,9,4,11
1403715899.136885643005371,24,9,17,4,11
1403715899.186879634857178,21,1,20,1,11
1403715899.236869573593140,29,8,17,9,11
1403715899.286851167678833,34,1,24,7,11
1403715899.336847782135010,29,8,27,1,11
1403715899.386826515197754,36,4,26,9,11
1403715899.436844825744629,33,5,32,1,11
1403715899.486869573593140,34,3,30,3,11
1403715899.536932706832886,35,5,32,1,11
1403715899.586998224258423,34,6,29,0,11
1403715899.637079477310181,36,2,27,5,11
1403715899.687082052230835,34,2,29,2,11
1403715899.737072467803955,35,4,2,1,11
1403715899.787091493606567,39,3,3,9,11
1403715899.837092638015747,29,2,6,19,11
1403715899.887061595916748,36,6,23,8,11
1403715899.937100887298584,38,3,29,7,11
1403715899.987109899520874,38,3,36,2,11
1403715900.037124156951904,38,2,38,0,11
1403715900.087155580520630,41,3,36,3,11
1403715900.137190818786621,41,2,38,2,11
1403715900.187254428863525,36,1,36,0,11
1403715900.237302064895630,36,0,34,1,11
1403715900.287331581115723,36,2,35,0,11
1403715900.337353229522705,36,2,32,1,11
1403715900.387379884719849,41,5,34,6,11
1403715900.437344551086426,44,2,34,6,11
1403715900.487316608428955,45,1,28,7,11
1403715900.537360191345215,38,5,10,1,11
1403715900.587419748306274,40,2,10,12,11
1403715900.637468814849854,34,5,15,12,11
1403715900.687619686126709,36,7,21,5,11
1403715900.737637996673584,31,5,16,3,11
1403715900.787656545639038,30,2,14,4,11
1403715900.837655782699585,23,2,11,5,11
1403715900.887635707855225,23,1,14,4,11
1403715900.937643527984619,23,2,18,3,11
1403715900.987661123275757,24,0,21,3,11
1403715901.037643909454346,23,3,21,0,11
1403715901.087638139724731,22,1,20,0,11
1403715901.137628316879272,25,5,19,3,11
1403715901.187615633010864,23,4,17,3,11
1403715901.237615585327148,22,3,17,2,11
1403715901.287600755691528,21,3,19,2,11
1403715901.337564468383789,24,1,21,3,11
1403715901.387562036514282,22,1,21,0,11
1403715901.437567949295044,23,4,19,1,11
1403715901.487569093704224,22,0,17,1,11
1403715901.537494897842407,26,2,6,6,11
1403715901.587474822998047,26,1,3,2,11
1403715901.637448549270630,25,2,5,11,11
1403715901.687431573867798,25,1,14,9,11
1403715901.737429141998291,24,1,21,0,11
1403715901.787395954132080,24,0,20,1,11
1403715901.837360858917236,23,0,12,1,11
1403715901.887314558029175,23,2,6,1,11
1403715901.937304258346558,23,1,2,9,11
1403715901.987246990203857,24,0,10,8,11
1403715902.037213802337646,24,1,17,5,11
1403715902.087135314941406,25,1,21,2,11
1403715902.137094020843506,24,1,17,0,11
1403715902.187079906463623,24,2,14,1,11
1403715902.237092494964600,23,5,13,5,11
1403715902.287101984024048,23,5,15,3,11
1403715902.337084770202637,23,5,16,2,11
1403715902.387027263641357,25,1,18,6,11
1403715902.437025547027588,26,3,23,3,11
1403715902.487013101577759,29,6,25,4,11
1403715902.537013053894043,29,1,29,0,11
1403715902.587000846862793,29,2,28,1,11
1403715902.636980772018433,31,3,29,2,11
1403715902.686978101730347,34,3,30,3,11
1403715902.736953735351562,37,3,33,3,11
1403715902.786933183670044,37,1,36,1,11
1403715902.836904764175415,41,1,35,4,11
1403715902.886873960494995,42,3,36,3,11
1403715902.936812877655029,42,4,39,2,11
1403715902.986793994903564,40,2,37,2,11
1403715903.036752939224243,38,5,36,1,11
1403715903.086699247360229,42,5,34,5,11
1403715903.136674880981445,41,5,39,0,11
1403715903.186669588088989,42,3,38,4,11
1403715903.236667871475220,42,2,42,0,11
1403715903.286624670028687,41,5,40,0,11
1403715903.336584329605103,42,2,39,2,11
1403715903.386582374572754,44,7,38,4,11
1403715903.436561584472656,44,5,40,3,11
1403715903.486561536788940,38,2,35,0,11
1403715903.536534786224365,43,3,31,7,11
1403715903.586541891098022,40,7,33,2,11
1403715903.636549472808838,37,0,32,1,11
1403715903.686560869216919,40,1,32,5,11
1403715903.736569643020630,32,5,30,1,11
1403715903.786568641662598,37,5,24,8,11
1403715903.836576223373413,25,12,21,1,11
1403715903.886603593826294,25,4,15,9,11
1403715903.936615228652954,22,3,19,0,11
1403715903.986624479293823,15,4,13,0,11
1403715904.036621093750000,13,2,11,0,11
1403715904.086608409881592,15,3,9,4,11
1403715904.136573314666748,15,6,12,1,11
1403715904.186549425125122,15,2,11,1,11
1403715904.236480712890625,19,1,11,6,11
1403715904.286450147628784,19,3,17,2,11
1403715904.336394786834717,24,3,17,5,11
1403715904.386390209197998,24,4,19,0,11
1403715904.436370611190796,23,2,18,1,11
1403715904.486338376998901,24,1,19,4,11
1403715904.536309719085693,25,0,21,2,11
1403715904.586281776428223,25,3,19,3,11
1403715904.636267423629761,25,0,21,2,11
1403715904.686223745346069,27,1,18,7,11
1403715904.736193656921387,25,1,20,2,11
1403715904.786182880401611,22,1,17,1,11
1403715904.836181879043579,22,3,15,3,11
1403715904.886215209960938,25,2,13,6,11
1403715904.936187028884888,24,3,18,2,11
1403715904.986153364181519,28,1,14,7,11
1403715905.036133050918579,23,2,17,1,11
1403715905.086116790771484,22,1,13,3,11
1403715905.136099576950073,21,1,13,1,11
1403715905.186053276062012,22,6,13,6,11
1403715905.236040592193604,20,0,16,0,11
1403715905.286060571670532,19,3,12,0,11
1403715905.336053371429443,17,1,12,3,11
1403715905.386042118072510,15,2,12,1,11
1403715905.436028480529785,14,3,13,0,11
1403715905.485980272293091,19,1,13,6,11
1403715905.535962104797363,19,4,13,4,11
1403715905.586000442504883,21,0,13,2,11
1403715905.636039257049561,22,6,8,3,11
1403715905.686079978942871,20,7,8,2,11
1403715905.736105680465698,19,3,9,6,11
1403715905.786222219467163,26,5,14,11,11
1403715905.836242437362671,28,2,22,2,11
1403715905.886237382888794,26,2,23,0,11
1403715905.936251878738403,26,2,21,4,11
1403715905.986250400543213,25,1,23,1,11
1403715906.036237716674805,31,2,20,9,11
1403715906.086148977279663,28,3,22,2,11
1403715906.136059522628784,27,2,21,1,11
1403715906.185945987701416,28,1,10,5,11
1403715906.235903501510620,25,3,5,5,11
1403715906.285836219787598,26,1,6,12,11
1403715906.335835695266724,24,0,14,4,11
1403715906.385838031768799,22,0,20,1,11
1403715906.435840129852295,21,1,21,0,11
1403715906.485827207565308,23,4,20,2,11
1403715906.535822868347168,23,4,20,2,11
1403715906.585811376571655,21,2,20,0,11
1403715906.635802507400513,21,4,15,1,11
1403715906.685787200927734,22,3,12,2,11
1403715906.735773563385010,20,2,7,3,11
1403715906.785763263702393,19,0,5,4,11
1403715906.835745573043823,21,1,5,11,11
1403715906.885748386383057,15,0,12,0,11
1403715906.935746908187866,13,0,11,2,11
1403715906.985743999481201,14,0,9,3,11
1403715907.035744428634644,10,1,9,1,11
1403715907.085725069046021,16,0,10,6,11
1403715907.135722875595093,14,0,12,1,11
1403715907.185720205307007,14,0,12,0,11
1403715907.235693931579590,22,1,11,10,11
1403715907.285690546035767,22,0,20,0,11
1403715907.335689544677734,17,0,15,0,11
1403715907.385694980621338,17,2,13,3,11
1403715907.435679674148560,17,0,15,2,11
1403715907.485683679580688,17,0,17,0,11
1403715907.535666227340698,23,1,15,8,11
1403715907.585669517517090,23,3,20,3,11
1403715907.635674238204956,25,3,22,3,11
1403715907.685676097869873,24,1,23,1,11
1403715907.735684871673584,32,0,22,9,11
1403715907.785704374313354,35,2,23,6,11
1403715907.835693359375000,30,4,21,6,11
1403715907.885674238204956,29,2,25,2,11
1403715907.935651779174805,28,1,24,2,11
1403715907.985641479492188,28,3,25,1,11
1403715908.035622835159302,34,3,24,9,11
1403715908.085607290267944,46,1,30,15,11
1403715908.135613203048706,43,1,30,0,11
1403715908.185631275177002,39,2,27,1,11
1403715908.235634088516235,31,0,10,3,11
1403715908.285652637481689,33,0,10,6,11
1403715908.335662364959717,22,0,11,6,11
1403715908.385653972625732,19,0,10,0,11
1403715908.435654401779175,18,0,10,3,11
1403715908.485647678375244,13,0,10,1,11
1403715908.535667657852173,24,0,8,13,11
1403715908.585656642913818,22,0,14,0,11
1403715908.635643959045410,17,0,10,2,11
1403715908.685631275177002,15,0,9,3,11
1403715908.735618591308594,14,2,4,2,11
1403715908.785609006881714,11,3,5,0,11
1403715908.835609912872314,6,1,4,1,11
1403715908.885572910308838,14,1,5,9,11
1403715908.935586214065552,26,1,10,13,11
1403715908.985584735870361,26,1,25,0,11
1403715909.035578727722168,26,3,25,1,11
1403715909.085572242736816,24,4,24,0,11
1403715909.135562896728516,33,1,22,11,11
1403715909.185532093048096,42,7,26,16,11
1403715909.235529661178589,40,0,40,0,11
1403715909.285523176193237,40,1,40,0,11
1403715909.335510969161987,47,1,39,8,11
1403715909.385493993759155,48,18,45,3,11
1403715909.435499191284180,47,2,47,0,11
1403715909.485503673553467,42,1,40,0,11
1403715909.535518884658813,43,0,38,2,11
1403715909.585514307022095,41,0,36,1,11
1403715909.635512351989746,41,1,36,1,11
1403715909.685517787933350,36,2,27,1,11
1403715909.735512971878052,44,12,24,10,11
1403715909.785524606704712,40,0,24,5,11
1403715909.835531473159790,34,1,24,1,11
1403715909.885533809661865,29,1,20,3,11
1403715909.935541868209839,22,5,18,1,11
1403715909.985537290573120,29,6,12,11,11
1403715910.035538196563721,24,4,17,0,11
1403715910.085529804229736,15,1,12,1,11
1403715910.135523557662964,10,6,0,1,11
1403715910.185498714447021,12,1,2,3,11
1403715910.235492229461670,4,4,1,1,11
1403715910.285485744476318,4,6,3,0,11
1403715910.335451126098633,1,11,1,0,11
1403715910.385390043258667,2,5,0,2,11
1403715910.435389995574951,2,3,0,0,11
1403715910.485389947891235,2,1,0,0,11
1403715910.535383224487305,5,2,0,5,11
1403715910.585385560989380,13,2,1,8,11
1403715910.635375261306763,13,3,11,0,11
1403715910.685368061065674,13,5,4,1,11
1403715910.735372304916382,14,8,9,4,11
1403715910.785371780395508,23,0,12,10,11
1403715910.835381269454956,28,3,18,6,11
1403715910.885381698608398,31,1,26,4,11
1403715910.935377836227417,34,6,27,5,11
1403715910.985374689102173,31,5,29,1,11
1403715911.035357952117920,32,4,30,1,11
1403715911.085348606109619,34,1,31,3,11
1403715911.135353326797485,38,0,33,5,11
1403715911.185353755950928,37,9,33,0,11
1403715911.235348463058472,40,6,30,5,11
1403715911.285351991653442,38,1,32,3,11
1403715911.335365772247314,34,3,25,2,11
1403715911.385374307632446,30,0,25,0,11
1403715911.435386896133423,19,5,16,2,11
1403715911.485425472259521,24,2,18,6,11
1403715911.535428285598755,24,1,16,1,11
1403715911.585430860519409,23,3,15,0,11
1403715911.635426521301270,17,6,12,4,11
1403715911.685441732406616,14,5,13,0,11
1403715911.735435009002686,14,2,13,0,11
1403715911.785428524017334,14,4,12,2,11
1403715911.835435390472412,25,3,13,11,11
1403715911.885441303253174,24,0,22,0,11
1403715911.935461997985840,30,3,21,6,11
1403715911.985480070114136,32,2,27,4,11
1403715912.035493373870850,35,1,30,5,11
1403715912.085490465164185,38,7,33,4,11
1403715912.135489702224731,37,1,36,0,11
1403715912.185479164123535,43,1,34,9,11
1403715912.235471725463867,47,5,40,5,11
1403715912.285473346710205,46,2,44,0,11
1403715912.335474252700806,45,5,39,4,11
1403715912.385474681854248,45,1,42,0,11
1403715912.435484647750854,46,3,39,3,11
1403715912.485494613647461,43,1,38,0,11
1403715912.535509347915649,42,3,38,2,11
1403715912.585548162460327,47,6,35,9,11
1403715912.635549068450928,46,2,40,1,11
1403715912.685565710067749,43,2,33,0,11
1403715912.735567808151245,39,2,20,2,11
1403715912.785568952560425,37,1,22,3,11
1403715912.835570573806763,32,5,13,4,11
1403715912.885576486587524,24,0,11,1,11
1403715912.935577154159546,16,1,1,1,11
1403715912.985577106475830,12,0,2,4,11
1403715913.035576820373535,5,0,2,2,11
1403715913.085576534271240,4,1,2,0,11
1403715913.135577201843262,4,3,1,1,11
1403715913.185577392578125,4,1,1,1,11
1403715913.235575675964355,4,2,2,1,11
1403715913.285573482513428,4,2,2,1,11
1403715913.335571527481079,4,0,3,0,11
1403715913.385555982589722,6,1,1,3,11
1403715913.435554265975952,5,3,2,0,11
1403715913.485521078109741,13,1,2,8,11
1403715913.535498142242432,21,2,8,11,11
1403715913.585489273071289,22,1,14,1,11
1403715913.635443210601807,31,0,11,12,11
1403715913.685431718826294,31,0,12,4,11
1403715913.735410690307617,30,5,11,4,11
1403715913.785381555557251,29,1,8,10,11
1403715913.835342168807983,32,0,14,7,11
1403715913.885333776473999,30,1,22,4,11
1403715913.935350894927979,32,4,23,6,11
1403715913.985336542129517,31,5,30,1,11
1403715914.035344839096069,34,7,28,4,11
1403715914.085378885269165,38,2,29,5,11
1403715914.135420083999634,37,3,31,3,11
1403715914.185422420501709,39,2,33,4,11
1403715914.235410451889038,39,2,28,1,11
1403715914.285373210906982,41,4,28,4,11
1403715914.335329771041870,47,2,31,15,11
1403715914.385291576385498,49,3,46,3,11
1403715914.435270547866821,49,9,48,0,11
1403715914.485268115997314,49,5,46,1,11
1403715914.535265922546387,46,5,45,0,11
1403715914.585261821746826,47,0,43,3,11
1403715914.635255575180054,47,4,39,1,11
1403715914.685257911682129,45,1,33,1,11
1403715914.735249757766724,41,4,27,2,11
1403715914.785227537155151,38,1,16,2,11
1403715914.835210561752319,39,1,8,8,11
1403715914.885214090347290,35,1,10,10,11
1403715914.935214996337891,32,1,20,8,11
1403715914.985217332839966,31,0,28,3,11
1403715915.035222530364990,38,3,31,7,11
1403715915.085242509841919,43,0,38,5,11
1403715915.135248899459839,47,0,43,4,11
1403715915.185239315032959,47,1,47,0,11
1403715915.235195875167847,48,7,46,1,11
1403715915.285192251205444,48,3,46,0,11
1403715915.335191011428833,50,20,47,2,11
1403715915.385209798812866,49,1,48,0,11
1403715915.435218811035156,48,2,45,2,11
1403715915.485222101211548,49,1,46,2,11
1403715915.535214424133301,49,1,48,1,11
1403715915.585202217102051,50,1,48,1,11
1403715915.635162591934204,50,7,48,0,11
1403715915.685122251510620,48,3,45,0,11
1403715915.735084533691406,47,6,44,0,11
1403715915.785040378570557,46,4,43,2,11
1403715915.835024118423462,46,5,45,1,11
1403715915.885020971298218,46,2,46,0,11
1403715915.934990167617798,49,6,45,3,11
1403715915.984967708587646,50,1,46,1,11
1403715916.034971952438354,50,5,47,1,11
1403715916.084993839263916,50,3,42,1,11
1403715916.134998083114624,49,3,45,1,11
1403715916.185018777847290,48,0,44,1,11
1403715916.235041618347168,48,4,42,5,11
1403715916.285048246383667,48,5,35,3,11
1403715916.335053443908691,46,4,36,0,11
1403715916.385045289993286,45,2,35,7,11
1403715916.435023069381714,44,3,35,3,11
1403715916.485014200210571,39,1,24,1,11
1403715916.534981250762939,42,2,16,10,11
1403715916.584968805313110,40,3,26,7,11
1403715916.634958744049072,37,1,32,3,11
1403715916.684954881668091,38,2,32,3,11
1403715916.734953641891479,36,4,31,1,11
1403715916.784955024719238,35,1,27,4,11
1403715916.834954261779785,36,2,31,4,11
1403715916.884958028793335,38,2,30,4,11
1403715916.934967279434204,41,2,32,4,11
1403715916.984967708587646,39,0,35,1,11
1403715917.034973621368408,42,5,18,7,11
1403715917.084985256195068,40,5,25,3,11
1403715917.135011911392212,37,9,23,12,11
1403715917.185016870498657,31,4,24,0,11
1403715917.235024213790894,28,0,20,1,11
1403715917.285028457641602,24,0,21,1,11
1403715917.335033416748047,24,2,22,1,11
1403715917.385044813156128,23,0,22,1,11
1403715917.435063362121582,22,2,19,0,11
1403715917.485089540481567,26,0,17,4,11
1403715917.535111904144287,26,1,14,3,11
1403715917.585132360458374,30,0,5,7,11
1403715917.635126113891602,28,2,3,5,11
1403715917.685122251510620,23,0,5,6,11
1403715917.735117197036743,23,0,8,9,11
1403715917.785109281539917,23,0,10,3,11
1403715917.835107326507568,23,0,4,3,11
1403715917.885103225708008,23,1,2,7,11
1403715917.935104370117188,23,0,6,9,11
1403715917.985105276107788,22,0,6,4,11
1403715918.035105466842651,22,1,1,3,11
1403715918.085105180740356,22,0,3,9,11
1403715918.135098934173584,21,0,12,8,11
1403715918.185087442398071,21,0,17,1,11
1403715918.235082149505615,20,0,13,0,11
1403715918.285078287124634,20,1,11,3,11
1403715918.335078001022339,19,4,12,3,11
1403715918.385080575942993,19,2,15,2,11
1403715918.435070991516113,19,2,13,2,11
1403715918.485055923461914,21,2,15,2,11
1403715918.535047054290771,19,6,14,4,11
1403715918.585025548934937,23,1,17,4,11
1403715918.635018348693848,25,4,21,3,11
1403715918.685006141662598,28,1,22,4,11
1403715918.734983921051025,31,4,25,5,11
1403715918.784984111785889,33,4,25,5,11
1403715918.834981918334961,34,1,29,3,11
1403715918.884980201721191,33,3,31,2,11
1403715918.934964895248413,38,1,32,6,11
1403715918.984960556030273,40,2,34,2,11
1403715919.034953117370605,45,2,35,7,11
1403715919.084928512573242,48,7,40,6,11
1403715919.134920835494995,47,4,45,1,11
1403715919.184933423995972,48,6,43,3,11
1403715919.234941720962524,48,1,45,0,11
1403715919.284958124160767,49,14,43,3,11
1403715919.334961652755737,48,0,41,1,11
1403715919.384927272796631,47,11,42,1,11
1403715919.434912204742432,44,0,42,0,11
1403715919.484880685806274,45,0,42,2,11
1403715919.534857749938965,45,1,44,1,11
1403715919.584834337234497,45,3,44,0,11
1403715919.634775638580322,48,15,44,3,11
1403715919.684748649597168,49,5,45,2,11
1403715919.734746456146240,49,0,48,0,11
1403715919.784741878509521,48,6,46,0,11
1403715919.834743022918701,49,2,46,2,11
1403715919.884739398956299,49,13,48,1,11
1403715919.934741973876953,50,0,48,1,11
1403715919.984732151031494,50,12,47,0,11
1403715920.034731864929199,50,3,47,1,11
1403715920.084726095199585,50,0,47,2,11
1403715920.134711265563965,50,2,48,0,11
1403715920.184702396392822,49,0,48,0,11
1403715920.234697818756104,48,25,48,0,11
1403715920.284709930419922,50,3,46,2,11
1403715920.334696531295776,47,0,47,0,11
1403715920.384696722030640,50,4,47,3,11
1403715920.434693098068237,49,4,45,0,11
1403715920.484696149826050,48,16,44,1,11
1403715920.534693479537964,47,2,42,2,11
1403715920.584693908691406,49,9,42,3,11
1403715920.634697675704956,50,1,44,4,11
1403715920.684700012207031,47,4,42,1,11
1403715920.734708547592163,47,4,38,0,11
1403715920.784714698791504,46,13,35,5,11
1403715920.834734916687012,46,8,28,5,11
1403715920.884751796722412,47,2,32,3,11
1403715920.934757471084595,39,0,32,3,11
1403715920.984775781631470,37,7,33,1,11
1403715921.034780979156494,38,3,31,4,11
1403715921.084781408309937,41,3,31,6,11
1403715921.134781599044800,37,6,29,2,11
1403715921.184793949127197,42,4,33,8,11
1403715921.234804153442383,39,9,38,0,11
1403715921.284812927246094,40,1,35,1,11
1403715921.334834337234497,46,0,27,8,11
1403715921.384848594665527,44,4,35,3,11
1403715921.434854984283447,43,4,36,6,11
1403715921.484854459762573,45,4,41,2,11
1403715921.534848690032959,46,10,41,4,11
1403715921.584844112396240,47,1,44,2,11
1403715921.634840965270996,47,6,44,1,11
1403715921.684833526611328,47,10,44,1,11
1403715921.734832525253296,43,1,41,0,11
1403715921.784832239151001,41,4,35,0,11
1403715921.834831953048706,38,2,27,2,11
1403715921.884834766387939,39,2,28,5,11
1403715921.934836387634277,36,2,31,3,11
1403715921.984836816787720,40,2,30,6,11
1403715922.034838676452637,37,0,31,0,11
1403715922.084834098815918,32,2,25,2,11
1403715922.134835004806519,31,6,18,4,11
1403715922.184832811355591,27,6,20,1,11
1403715922.234827518463135,20,5,19,0,11
1403715922.284827232360840,27,3,15,9,11
1403715922.334827184677124,25,4,23,0,11
1403715922.384827852249146,23,2,20,2,11
1403715922.434828519821167,26,11,21,3,11
1403715922.484832525253296,25,4,21,0,11
1403715922.534833669662476,23,3,18,1,11
1403715922.584832429885864,17,3,16,0,11
1403715922.634834051132202,17,0,15,1,11
1403715922.684837818145752,17,4,15,0,11
1403715922.734840393066406,18,4,13,3,11
1403715922.784837484359741,21,2,15,4,11
1403715922.834832668304443,26,2,17,7,11
1403715922.884830474853516,25,2,20,1,11
1403715922.934832334518433,25,0,17,3,11
1403715922.984836816787720,27,4,21,4,11
1403715923.034838199615479,27,1,20,2,11
1403715923.084837913513184,29,2,20,3,11
1403715923.134839534759521,30,0,20,4,11
1403715923.184843778610229,33,0,21,7,11
1403715923.234843254089355,32,0,22,2,11
1403715923.284850835800171,33,1,15,3,11
1403715923.334856033325195,25,3,13,1,11
1403715923.384863853454590,23,2,14,5,11
1403715923.434862852096558,21,5,19,1,11
1403715923.484869241714478,24,4,18,5,11
1403715923.534868001937866,24,2,22,1,11
1403715923.584868431091309,37,3,21,14,11
1403715923.634867668151855,39,5,35,3,11
1403715923.684867620468140,38,2,35,0,11
1403715923.734864234924316,40,0,34,3,11
1403715923.784861803054810,39,0,35,2,11
1403715923.834856033325195,39,2,37,2,11
1403715923.884847402572632,39,1,35,2,11
1403715923.934838771820068,43,2,31,4,11
1403715923.984829187393188,42,7,28,2,11
1403715924.034830331802368,41,1,18,5,11
1403715924.084827899932861,36,3,13,1,11
1403715924.134831666946411,29,0,13,5,11
1403715924.184832096099854,23,4,15,4,11
1403715924.234839439392090,25,5,12,3,11
1403715924.284842729568481,25,2,10,3,11
1403715924.334844350814819,20,2,5,3,11
1403715924.384846210479736,19,4,7,4,11
1403715924.434846639633179,16,5,10,4,11
1403715924.484848260879517,17,3,10,2,11
1403715924.534849882125854,15,4,12,1,11
1403715924.584853410720825,14,1,11,3,11
1403715924.634855270385742,14,3,12,1,11
1403715924.684852123260498,15,5,13,1,11
1403715924.734849929809570,13,3,9,1,11
1403715924.784850597381592,13,3,9,1,11
1403715924.834856033325195,13,4,7,5,11
1403715924.884851455688477,11,12,10,0,11
1403715924.934851884841919,10,10,6,2,11
1403715924.984847307205200,12,2,4,4,11
1403715925.034858465194702,16,3,8,6,11
1403715925.084861278533936,11,5,9,0,11
1403715925.134867668151855,7,10,4,1,11
1403715925.184866428375244,6,6,4,0,11
1403715925.234864473342896,5,3,2,0,11
1403715925.284825325012207,19,4,1,15,11
1403715925.334821224212646,19,2,7,4,11
1403715925.384818792343140,16,0,8,0,11
1403715925.434797525405884,11,11,5,3,11
1403715925.484784603118896,9,3,3,3,11
1403715925.534718036651611,22,3,4,13,11
1403715925.584715366363525,23,6,8,7,11
1403715925.634718894958496,24,1,15,3,11
1403715925.684724330902100,21,6,17,3,11
1403715925.734730243682861,20,6,19,0,11
1403715925.784739017486572,20,3,17,3,11
1403715925.834745168685913,20,10,20,0,11
1403715925.884760379791260,23,3,19,3,11
1403715925.934762477874756,24,7,21,1,11
1403715925.984765052795410,28,8,22,5,11
1403715926.034760713577271,25,3,24,1,11
1403715926.084758758544922,28,6,22,5,11
1403715926.134754180908203,31,6,25,4,11
1403715926.184754848480225,29,4,23,1,11
1403715926.234753608703613,28,6,18,2,11
1403715926.284749984741211,27,9,17,4,11
1403715926.334747552871704,28,4,16,7,11
1403715926.384736537933350,23,10,19,1,11
1403715926.434734582901001,20,1,15,1,11
1403715926.484732151031494,19,4,10,3,11
1403715926.534720897674561,19,7,11,7,11
1403715926.584712266921997,17,0,16,0,11
1403715926.634699821472168,21,7,14,5,11
1403715926.684692621231079,21,4,18,3,11
1403715926.734691858291626,22,5,21,1,11
1403715926.784698247909546,27,5,22,5,11
1403715926.834700107574463,28,2,25,1,11
1403715926.884699821472168,33,5,25,6,11
1403715926.934694051742554,36,3,31,5,11
1403715926.984692335128784,36,1,36,0,11
1403715927.034671783447266,40,6,35,5,11
1403715927.084664583206177,45,5,40,5,11
1403715927.134661436080933,46,5,44,1,11
1403715927.184648275375366,49,4,43,3,11
1403715927.234641790390015,41,8,36,1,11
1403715927.284640312194824,40,2,32,5,11
1403715927.334635019302368,40,2,33,5,11
1403715927.384632349014282,40,4,32,6,11
1403715927.434628248214722,39,2,38,0,11
1403715927.484621047973633,39,4,33,5,11
1403715927.534619808197021,46,8,33,10,11
1403715927.584623813629150,44,0,41,0,11
1403715927.634626150131226,40,1,39,0,11
1403715927.684634447097778,37,3,35,0,11
1403715927.734640359878540,37,2,35,2,11
1403715927.784658908843994,40,0,36,3,11
1403715927.834686756134033,44,1,38,4,11
1403715927.884687900543213,48,9,40,5,11
1403715927.934695959091187,45,3,41,0,11
1403715927.984703302383423,44,2,41,1,11
1403715928.034702301025391,43,4,38,2,11
1403715928.084694385528564,47,12,38,7,11
1403715928.134699106216431,40,3,37,0,11
1403715928.184703350067139,36,2,32,0,11
1403715928.234713554382324,31,2,30,0,11
1403715928.284719944000244,33,1,28,4,11
1403715928.334719419479370,29,5,25,0,11
1403715928.384717226028442,23,4,19,0,11
1403715928.434715747833252,20,5,18,0,11
1403715928.484715461730957,25,2,14,5,11
1403715928.534712314605713,12,4,8,1,11
1403715928.584682703018188,18,2,4,9,11
1403715928.634673357009888,14,8,8,1,11
1403715928.684641122817993,17,4,6,4,11
1403715928.734618663787842,19,8,9,7,11
1403715928.784595489501953,23,6,13,6,11
1403715928.834589004516602,17,3,16,0,11
1403715928.884577512741089,21,0,14,7,11
1403715928.934582710266113,18,8,18,0,11
1403715928.984591722488403,19,1,17,1,11
1403715929.034598827362061,20,0,14,1,11
1403715929.084603071212769,18,2,14,1,11
1403715929.134620428085327,20,4,12,4,11
1403715929.184636592864990,24,2,13,6,11
1403715929.234644651412964,22,0,11,2,11
1403715929.284650325775146,20,1,5,1,11
1403715929.334652185440063,15,5,1,3,11
1403715929.384660482406616,14,0,4,5,11
1403715929.434661865234375,14,2,7,5,11
1403715929.484665870666504,14,3,7,1,11
1403715929.534662246704102,12,1,7,0,11
1403715929.584661245346069,10,0,4,2,11
1403715929.634658098220825,9,0,5,0,11
1403715929.684643030166626,9,0,0,3,11
1403715929.734633207321167,9,1,1,1,11
1403715929.784632682800293,7,0,1,3,11
1403715929.834611892700195,7,1,3,2,11
1403715929.884612798690796,6,0,2,0,11
1403715929.934613227844238,6,0,1,1,11
1403715929.984617710113525,11,0,1,8,11
1403715930.034599781036377,13,2,4,3,11
1403715930.084572553634644,18,1,6,5,11
1403715930.134572029113770,16,1,10,3,11
1403715930.184570312500000,16,3,12,2,11
1403715930.234566926956177,22,0,12,7,11
1403715930.284558534622192,24,0,17,3,11
1403715930.334555864334106,29,1,19,7,11
1403715930.384553432464600,37,0,26,10,11
1403715930.434543132781982,44,2,35,7,11
1403715930.484544992446899,45,0,42,3,11
1403715930.534548282623291,48,2,43,4,11
1403715930.584549903869629,49,14,46,2,11
1403715930.634556293487549,46,0,45,1,11
1403715930.684566259384155,48,1,44,3,11
1403715930.734574317932129,50,0,47,2,11
1403715930.784589767456055,49,1,48,0,11
1403715930.834602355957031,49,1,49,0,11
1403715930.884614944458008,50,7,48,1,11
1403715930.934620618820190,50,1,49,0,11
1403715930.984615802764893,50,0,48,1,11
1403715931.034616708755493,49,8,47,0,11
1403715931.084616661071777,48,2,46,0,11
1403715931.134615898132324,48,2,45,2,11
1403715931.184610843658447,50,15,46,3,11
1403715931.234609603881836,49,2,48,0,11
1403715931.284609317779541,49,1,46,1,11
1403715931.334606885910034,49,4,46,1,11
1403715931.384605407714844,48,10,44,2,11
1403715931.434601545333862,50,10,44,2,11
1403715931.484601020812988,49,11,43,2,11
1403715931.534599065780640,46,10,42,1,11
1403715931.584598064422607,43,2,40,2,11
1403715931.634605884552002,47,2,40,5,11
1403715931.684600353240967,43,0,42,0,11
1403715931.734602928161621,40,2,37,0,11
1403715931.784600973129272,42,7,33,6,11
1403715931.834601163864136,37,8,32,1,11
1403715931.884601354598999,34,7,29,0,11
1403715931.934601068496704,29,7,25,0,11
1403715931.984599828720093,23,8,22,1,11
1403715932.034599304199219,25,7,22,2,11
1403715932.084598064422607,25,9,20,2,11
1403715932.134596347808838,29,5,20,7,11
1403715932.184596538543701,29,5,22,1,11
1403715932.234594583511353,23,7,18,0,11
1403715932.284594058990479,25,4,12,6,11
1403715932.334598779678345,20,9,12,0,11
1403715932.384605884552002,20,5,10,5,11
1403715932.434611082077026,20,4,15,4,11
1403715932.484620809555054,20,4,17,0,11
1403715932.534624814987183,23,2,17,4,11
1403715932.584631443023682,23,3,20,2,11
1403715932.634633779525757,22,4,22,0,11
1403715932.684633731842041,21,1,19,1,11
1403715932.734644651412964,19,3,19,0,11
1403715932.784652948379517,20,3,19,1,11
1403715932.834665298461914,24,0,20,4,11
1403715932.884662151336670,23,1,22,0,11
1403715932.934658288955688,31,8,20,8,11
1403715932.984648227691650,33,4,26,2,11
1403715933.034649372100830,31,2,23,1,11
1403715933.084650516510010,30,3,11,3,11
1403715933.134654045104980,29,2,12,2,11
1403715933.184660196304321,24,2,12,10,11
1403715933.234658956527710,24,2,21,1,11
1403715933.284662961959839,18,1,18,0,11
1403715933.334660291671753,17,3,17,0,11
1403715933.384657382965088,16,3,14,1,11
1403715933.434655666351318,14,9,14,0,11
1403715933.484650611877441,13,3,12,0,11
1403715933.534645795822144,14,6,3,1,11
1403715933.584634065628052,13,3,7,0,11
1403715933.634586572647095,12,1,2,8,11
1403715933.684521198272705,19,1,2,9,11
1403715933.734475374221802,23,0,4,5,11
1403715933.784451246261597,21,0,6,5,11
1403715933.834447383880615,18,1,4,4,11
1403715933.884440183639526,16,0,8,2,11
1403715933.934429168701172,12,4,9,2,11
1403715933.984309911727905,18,6,10,7,11
1403715934.034246921539307,25,17,10,13,11
1403715934.084247350692749,21,11,10,0,11
1403715934.134248971939087,11,14,6,0,11
1403715934.184247970581055,8,3,3,1,11
1403715934.234245061874390,7,6,3,1,11
1403715934.284239530563354,2,1,1,1,11
1403715934.334239006042480,2,0,2,0,11
1403715934.384239673614502,1,5,1,0,11
1403715934.434240341186523,0,7,0,0,11
1403715934.484244585037231,0,3,0,0,11
1403715934.534248590469360,0,3,0,0,11
1403715934.584260702133179,1,0,0,1,11
1403715934.634260654449463,1,0,0,0,11
1403715934.684260845184326,1,1,0,0,11
1403715934.734261274337769,0,1,0,0,11
1403715934.784261465072632,0,0,0,0,11
1403715934.834267377853394,1,1,0,1,11
1403715934.884315490722656,7,0,0,6,11
1403715934.934338569641113,10,4,4,3,11
1403715934.984342813491821,14,13,6,5,11
1403715935.034344911575317,17,4,4,5,11
1403715935.084336519241333,18,9,7,6,11
1403715935.134334802627563,7,3,4,2,11
1403715935.184331178665161,6,4,6,0,11
1403715935.234328508377075,7,1,5,1,11
1403715935.284327983856201,7,2,5,0,11
1403715935.334330081939697,11,2,5,5,11
1403715935.384333133697510,9,1,6,0,11
1403715935.434344530105591,10,6,5,1,11
1403715935.484353780746460,10,5,4,4,11
1403715935.534366607666016,13,7,7,5,11
1403715935.584377527236938,15,4,11,3,11
1403715935.634386539459229,18,2,13,3,11
1403715935.684389114379883,19,2,10,2,11
1403715935.734404087066650,21,4,11,6,11
1403715935.784415960311890,23,2,17,6,11
1403715935.834421396255493,30,2,21,9,11
1403715935.884433031082153,37,0,25,7,11
1403715935.934456586837769,44,0,27,8,11
1403715935.984499931335449,48,2,29,8,11
1403715936.034522294998169,45,2,13,2,11
1403715936.084541320800781,42,4,0,4,11
1403715936.134541034698486,26,0,1,7,11
1403715936.184540987014771,17,2,7,8,11
1403715936.234541177749634,15,0,11,0,11
1403715936.284536838531494,14,2,4,1,11
1403715936.334536075592041,14,1,2,2,11
1403715936.384533882141113,13,3,1,6,11
1403715936.434527873992920,13,2,6,3,11
1403715936.484520912170410,12,2,8,2,11
1403715936.534515857696533,12,0,8,1,11
1403715936.584513425827026,12,1,3,1,11
1403715936.634511232376099,11,2,4,1,11
1403715936.684508085250854,11,0,4,6,11
1403715936.734426021575928,16,0,7,5,11
1403715936.784404754638672,21,0,8,6,11
1403715936.834394931793213,22,0,10,3,11
1403715936.884395360946655,20,0,12,4,11
1403715936.934394359588623,17,2,9,0,11
1403715936.984395027160645,27,0,13,11,11
1403715937.034395456314087,30,0,24,5,11
1403715937.084393739700317,30,1,27,3,11
1403715937.134390830993652,30,0,27,0,11
1403715937.184389591217041,31,0,23,1,11
1403715937.234387636184692,28,0,24,2,11
1403715937.284390449523926,36,1,26,9,11
1403715937.334378480911255,40,0,33,5,11
1403715937.384375095367432,46,2,39,6,11
1403715937.434372901916504,48,6,41,4,11
1403715937.484367847442627,44,6,40,2,11
1403715937.534359216690063,47,2,42,5,11
1403715937.584355115890503,49,0,44,3,11
1403715937.634351491928101,47,3,43,1,11
1403715937.684355258941650,41,4,39,0,11
1403715937.734356403350830,43,0,37,6,11
1403715937.784361362457275,41,2,40,0,11
1403715937.834362030029297,40,2,38,1,11
1403715937.884358406066895,47,4,36,10,11
1403715937.934354066848755,46,3,45,0,11
1403715937.984348535537720,45,3,43,0,11
1403715938.034346818923950,46,0,38,4,11
1403715938.084345102310181,45,9,37,4,11
1403715938.134344577789307,43,0,38,2,11
1403715938.184346675872803,40,1,38,0,11
1403715938.234337091445923,40,1,37,3,11
1403715938.284329652786255,45,13,34,9,11
1403715938.334330797195435,44,5,41,0,11
1403715938.384330034255981,42,6,40,0,11
1403715938.434334993362427,40,7,35,0,11
1403715938.484340667724609,41,4,37,2,11
1403715938.534353017807007,36,1,35,0,11
1403715938.584344148635864,36,3,30,0,11
1403715938.634335517883301,41,1,30,7,11
1403715938.684301614761353,46,16,33,9,11
1403715938.734285831451416,45,2,31,1,11
1403715938.784271240234375,43,1,24,1,11
1403715938.834264039993286,37,0,24,5,11
1403715938.884251117706299,34,2,28,5,11
1403715938.934248924255371,34,1,33,0,11
1403715938.984241247177124,44,1,25,11,11
1403715939.034247398376465,43,1,40,0,11
1403715939.084247589111328,43,0,39,4,11
1403715939.134248971939087,48,2,41,6,11
1403715939.184251070022583,44,11,39,0,11
1403715939.234249353408813,41,10,35,3,11
1403715939.284252882003784,44,5,34,7,11
1403715939.334250211715698,46,5,37,6,11
1403715939.384252786636353,41,2,33,1,11
1403715939.434250593185425,36,3,23,0,11
1403715939.484247922897339,32,4,23,4,11
1403715939.534247875213623,30,1,18,3,11
1403715939.584246158599854,26,1,20,1,11
1403715939.634246349334717,22,1,20,2,11
1403715939.684242010116577,21,6,16,3,11
1403715939.734241962432861,19,3,17,0,11
1403715939.784241676330566,17,1,16,0,11
1403715939.834245443344116,19,1,16,3,11
1403715939.884241819381714,22,5,19,3,11
1403715939.934232234954834,32,1,20,10,11
1403715939.984225988388062,32,1,29,1,11
1403715940.034231901168823,32,2,30,1,11
1403715940.084246158599854,37,1,31,6,11
1403715940.134244203567505,36,4,35,0,11
1403715940.184241771697998,41,15,32,5,11
1403715940.234231710433960,48,3,35,8,11
1403715940.284217357635498,48,2,38,4,11
1403715940.334208250045776,46,3,31,1,11
1403715940.384204149246216,32,5,21,2,11
1403715940.434200525283813,25,2,19,4,11
1403715940.484196901321411,25,1,21,1,11
1403715940.534199237823486,23,2,18,1,11
1403715940.584194660186768,21,2,15,2,11
1403715940.634193658828735,18,2,15,0,11
1403715940.684192180633545,16,3,10,3,11
1403715940.734184741973877,20,0,13,6,11
1403715940.784173250198364,24,0,17,6,11
1403715940.834172010421753,27,0,22,3,11
1403715940.884170770645142,25,2,24,0,11
1403715940.934168577194214,33,8,24,8,11
1403715940.984166622161865,38,21,31,6,11
1403715941.034163475036621,46,14,34,8,11
1403715941.084153413772583,42,17,23,4,11
1403715941.134153604507446,25,1,10,0,11
1403715941.184154748916626,15,6,8,2,11
1403715941.234152555465698,6,6,5,0,11
1403715941.284154891967773,6,3,2,1,11
1403715941.334155082702637,4,8,1,0,11
1403715941.384154796600342,1,5,0,0,11
1403715941.434150695800781,0,10,0,0,11
1403715941.484149694442749,0,2,0,0,11
1403715941.534148931503296,0,4,0,0,11
1403715941.584116697311401,6,7,0,6,11
1403715941.634104490280151,10,3,4,4,11
1403715941.684085130691528,15,2,5,5,11
1403715941.734075069427490,17,3,7,6,11
1403715941.784063816070557,23,6,10,12,11
1403715941.834060668945312,22,1,19,2,11
1403715941.884052276611328,27,1,22,5,11
1403715941.934048175811768,37,1,24,10,11
1403715941.984059333801270,40,1,32,3,11
1403715942.034076452255249,42,2,28,5,11
1403715942.084090232849121,42,3,29,3,11
1403715942.134096622467041,42,4,28,6,11
1403715942.184099435806274,42,3,29,7,11
1403715942.234095096588135,38,8,24,4,11
1403715942.284093141555786,30,3,20,2,11
1403715942.334087848663330,27,3,16,5,11
1403715942.384083271026611,26,4,19,2,11
1403715942.434084177017212,16,3,14,0,11
1403715942.484083890914917,14,1,12,0,11
1403715942.534084320068359,14,1,12,2,11
1403715942.584085464477539,7,3,7,0,11
1403715942.634079456329346,5,2,3,2,11
1403715942.684079647064209,3,3,2,1,11
1403715942.734080076217651,3,7,0,3,11
1403715942.784063816070557,8,6,3,5,11
1403715942.834048509597778,12,4,6,4,11
1403715942.884044408798218,22,1,8,10,11
1403715942.934041738510132,20,4,15,1,11
1403715942.984036445617676,24,1,16,6,11
1403715943.034029722213745,30,1,20,8,11
1403715943.084027528762817,33,1,27,3,11
1403715943.134014368057251,46,7,15,16,11
1403715943.183994531631470,50,20,24,5,11
1403715943.233978509902954,46,7,27,4,11
1403715943.283963918685913,40,6,21,8,11
1403715943.333960294723511,36,1,10,0,11
1403715943.383961439132690,31,4,6,5,11
1403715943.433964252471924,17,2,6,5,11
1403715943.483968734741211,14,2,9,2,11
1403715943.533971786499023,13,2,8,2,11
1403715943.583975553512573,13,3,4,1,11
1403715943.633979082107544,12,0,4,1,11
1403715943.683981418609619,9,3,1,3,11
1403715943.733981370925903,9,0,3,1,11
1403715943.783982038497925,8,0,2,3,11
1403715943.833982944488525,8,0,4,1,11
1403715943.883984804153442,7,2,3,1,11
1403715943.933984994888306,7,0,2,1,11
1403715943.983985900878906,6,1,1,1,11
1403715944.033990621566772,7,0,0,3,11
1403715944.083991289138794,6,0,2,1,11
1403715944.133992195129395,5,0,3,1,11
1403715944.183997869491577,4,1,3,0,11
1403715944.233998775482178,4,3,1,0,11
1403715944.284000396728516,4,3,0,1,11
1403715944.334004402160645,3,2,1,1,11
1403715944.384005546569824,3,1,2,1,11
1403715944.434034585952759,7,0,1,4,11
1403715944.484034776687622,6,0,1,0,11
1403715944.534035205841064,5,1,0,1,11
1403715944.584035158157349,2,0,1,0,11
1403715944.634035110473633,2,0,1,1,11
1403715944.684035062789917,2,0,2,0,11
1403715944.734035015106201,2,0,2,0,11
1403715944.784034967422485,2,1,2,0,11
1403715944.834034681320190,2,1,2,0,11
1403715944.884034395217896,2,4,2,0,11
1403715944.934034347534180,2,5,2,0,11
1403715944.984034538269043,3,0,2,1,11
1403715945.034032106399536,7,5,2,4,11
1403715945.084030628204346,5,13,4,0,11
1403715945.134034156799316,8,8,4,3,11
1403715945.184041500091553,11,10,4,4,11
1403715945.234044790267944,9,8,7,0,11
1403715945.284044981002808,5,5,4,0,11
1403715945.334045171737671,9,6,3,6,11
1403715945.384045600891113,9,7,7,0,11
1403715945.434045553207397,9,3,7,0,11
1403715945.484042882919312,7,3,7,0,11
1403715945.534038543701172,12,2,6,6,11
1403715945.584027767181396,12,0,10,0,11
1403715945.634003162384033,20,1,11,8,11
1403715945.683992385864258,26,1,19,7,11
1403715945.733986854553223,31,3,25,5,11
1403715945.783986806869507,33,7,30,2,11
1403715945.833989143371582,35,0,20,3,11
1403715945.883995056152344,32,3,22,0,11
1403715945.934001207351685,28,1,17,8,11
1403715945.984007358551025,25,2,23,0,11
1403715946.034009695053101,16,1,16,0,11
1403715946.084012031555176,14,0,13,0,11
1403715946.134022712707520,13,3,13,0,11
1403715946.184025526046753,10,1,10,0,11
1403715946.234023571014404,12,0,9,3,11
1403715946.284025430679321,14,1,11,2,11
1403715946.334032773971558,17,0,13,3,11
1403715946.384034156799316,24,3,16,8,11
1403715946.434046745300293,29,1,17,6,11
1403715946.484064817428589,41,6,8,12,11
1403715946.534069538116455,32,13,10,3,11
1403715946.584071636199951,24,5,8,7,11
1403715946.634071588516235,15,3,12,1,11
1403715946.684070587158203,13,9,10,1,11
1403715946.734067440032959,12,12,7,1,11
1403715946.784064531326294,9,1,6,1,11
1403715946.834053039550781,11,6,7,3,11
1403715946.884046316146851,10,7,8,1,11
1403715946.934044837951660,11,3,8,1,11
1403715946.984047889709473,10,1,7,0,11
1403715947.034052610397339,9,4,5,2,11
1403715947.084053039550781,7,1,5,0,11
1403715947.134051322937012,14,4,3,11,11
1403715947.184051752090454,14,6,9,1,11
1403715947.234051227569580,14,1,12,0,11
1403715947.284053802490234,14,1,11,3,11
1403715947.334053993225098,15,0,13,1,11
1403715947.384052276611328,15,3,14,1,11
1403715947.434054374694824,15,4,11,1,11
1403715947.484054803848267,17,1,10,2,11
1403715947.534056663513184,20,6,9,6,11
1403715947.584056854248047,18,4,12,4,11
1403715947.634063005447388,12,9,6,2,11
1403715947.684068202972412,14,2,8,4,11
1403715947.734072685241699,15,2,11,3,11
1403715947.784075975418091,16,1,11,3,11
1403715947.834083557128906,14,4,12,0,11
1403715947.884086370468140,9,5,8,1,11
1403715947.934090137481689,6,7,5,0,11
1403715947.984091997146606,6,7,2,2,11
1403715948.034091949462891,12,2,3,8,11
1403715948.084092855453491,13,3,11,1,11
1403715948.134097814559937,16,2,12,4,11
1403715948.184102058410645,25,2,16,9,11
1403715948.234109163284302,36,3,24,12,11
1403715948.284117698669434,40,0,36,4,11
1403715948.334138154983521,50,1,40,10,11
1403715948.384157180786133,50,10,45,0,11
1403715948.434166431427002,50,5,29,0,11
1403715948.484169721603394,45,15,30,1,11
1403715948.534163713455200,44,10,22,14,11
1403715948.584156990051270,42,4,33,1,11
1403715948.634158849716187,37,3,31,5,11
1403715948.684164047241211,33,5,31,0,11
1403715948.734170198440552,34,2,31,2,11
1403715948.784175634384155,31,0,27,0,11
1403715948.834182739257812,27,2,19,2,11
1403715948.884189128875732,25,2,14,2,11
1403715948.934195280075073,21,0,15,0,11
1403715948.984204530715942,20,0,11,5,11
1403715949.034210205078125,17,2,14,0,11
1403715949.084217071533203,17,4,8,2,11
1403715949.134218454360962,16,2,1,1,11
1403715949.184254407882690,19,0,2,10,11
1403715949.234256744384766,15,3,5,3,11
1403715949.284260034561157,15,4,6,0,11
1403715949.334264516830444,13,2,1,5,11
1403715949.384264469146729,11,0,2,1,11
1403715949.434264659881592,10,2,2,4,11
1403715949.484263896942139,7,2,4,1,11
1403715949.534262657165527,6,1,5,0,11
1403715949.584260702133179,6,2,2,1,11
1403715949.634259700775146,7,3,3,1,11
1403715949.684257507324219,7,1,1,3,11
1403715949.734256982803345,7,1,3,0,11
1403715949.784254550933838,6,1,3,2,11
1403715949.834254264831543,6,0,2,1,11
1403715949.884253501892090,6,1,3,0,11
1403715949.934252738952637,6,1,2,3,11
1403715949.984252691268921,6,0,4,0,11
1403715950.034235000610352,14,5,4,9,11
1403715950.084233522415161,15,5,10,2,11
1403715950.134232044219971,18,3,10,4,11
1403715950.184231281280518,10,4,8,0,11
1403715950.234230518341064,8,12,7,0,11
1403715950.284228324890137,6,6,6,0,11
1403715950.334228515625000,6,5,6,0,11
1403715950.384226560592651,9,5,6,3,11
1403715950.434225559234619,11,0,9,2,11
1403715950.484226942062378,9,7,9,0,11
1403715950.534225463867188,10,4,9,1,11
1403715950.584227561950684,15,3,7,7,11
1403715950.634226083755493,15,6,14,1,11
1403715950.684224843978882,16,5,14,2,11
1403715950.734225034713745,15,3,12,0,11
1403715950.784225940704346,16,11,10,2,11
1403715950.834227085113525,13,0,8,3,11
1403715950.884226322174072,15,1,11,3,11
1403715950.934224605560303,13,4,13,0,11
1403715950.984219312667847,13,1,12,1,11
1403715951.034215927124023,12,2,9,0,11
1403715951.084209442138672,16,4,8,7,11
1403715951.134205341339111,17,1,9,2,11
1403715951.184206485748291,17,5,8,1,11
1403715951.234205722808838,14,6,8,5,11
1403715951.284204959869385,12,1,11,1,11
1403715951.334203481674194,11,1,10,1,11
1403715951.384203910827637,5,7,5,0,11
1403715951.434202194213867,5,0,5,0,11
1403715951.484199523925781,5,1,5,0,11
1403715951.534195661544800,6,4,5,1,11
1403715951.584185361862183,13,3,5,7,11
1403715951.634173631668091,17,0,12,5,11
1403715951.684170007705688,21,3,16,4,11
1403715951.734156131744385,28,2,17,8,11
1403715951.784146070480347,40,3,22,13,11
1403715951.834140300750732,47,10,32,10,11
1403715951.884123086929321,46,19,31,2,11
1403715951.934112071990967,47,17,34,4,11
1403715951.984110593795776,43,10,33,5,11
1403715952.034112453460693,42,2,28,1,11
1403715952.084111452102661,34,8,19,2,11
1403715952.134109258651733,27,6,10,1,11
1403715952.184107303619385,17,3,5,4,11
1403715952.234105348587036,4,7,2,1,11
1403715952.284104585647583,3,5,1,0,11
1403715952.334104537963867,2,0,0,0,11
1403715952.384104013442993,2,2,0,2,11
1403715952.434100866317749,2,6,2,0,11
1403715952.484075069427490,8,0,0,6,11
1403715952.534062147140503,10,1,0,2,11
1403715952.584061622619629,10,0,0,3,11
1403715952.634061336517334,4,1,1,0,11
1403715952.684061527252197,3,1,0,1,11
1403715952.734061479568481,2,0,1,0,11
1403715952.784061193466187,1,1,1,0,11
1403715952.834057092666626,2,0,0,1,11
1403715952.884056568145752,1,1,0,0,11
1403715952.934056520462036,0,1,0,0,11
1403715952.984056472778320,1,3,0,1,11
1403715953.034041404724121,4,5,0,3,11
1403715953.084041357040405,0,0,0,0,11
1403715953.134041309356689,0,0,0,0,11
1403715953.184039115905762,0,4,0,0,11
1403715953.234038829803467,0,2,0,0,11
1403715953.284039020538330,0,2,0,0,11
1403715953.334020137786865,2,2,0,2,11
1403715953.384019851684570,3,1,1,2,11
1403715953.434017181396484,4,2,2,1,11
1403715953.484014511108398,8,4,3,4,11
1403715953.534014701843262,9,5,4,2,11
1403715953.584015846252441,12,4,3,3,11
1403715953.634018659591675,12,0,5,3,11
1403715953.684020042419434,20,5,9,10,11
1403715953.734020948410034,24,5,15,6,11
1403715953.784021854400635,38,5,17,18,11
1403715953.834019660949707,44,2,35,7,11
1403715953.884021759033203,45,8,39,6,11
1403715953.934024572372437,45,7,38,3,11
1403715953.984029293060303,48,10,36,5,11
1403715954.034031629562378,45,8,37,2,11
1403715954.084032058715820,34,3,29,1,11
1403715954.134032487869263,31,8,23,1,11
1403715954.184033155441284,28,3,23,3,11
1403715954.234035968780518,27,10,20,1,11
1403715954.284038066864014,24,2,14,2,11
1403715954.334039688110352,16,3,9,2,11
1403715954.384044647216797,14,7,9,1,11
1403715954.434045314788818,12,1,5,3,11
1403715954.484047412872314,13,4,8,1,11
1403715954.534056425094604,13,14,6,5,11
1403715954.584060192108154,11,6,6,0,11
1403715954.634061574935913,9,0,5,1,11
1403715954.684084653854370,15,4,3,9,11
1403715954.734087944030762,16,1,7,1,11
1403715954.784089803695679,15,0,5,2,11
1403715954.834100484848022,21,0,7,11,11
1403715954.884102106094360,20,2,11,3,11
1403715954.934116125106812,26,8,14,6,11
1403715954.984115600585938,23,5,19,3,11
1403715955.034118890762329,24,8,20,3,11
1403715955.084117889404297,20,6,18,0,11
1403715955.134117364883423,17,6,16,0,11
1403715955.184114933013916,12,8,11,1,11
1403715955.234113216400146,12,7,11,0,11
1403715955.284110784530640,13,5,7,1,11
1403715955.334109306335449,13,2,9,1,11
1403715955.384109258651733,9,5,8,1,11
1403715955.434110403060913,11,9,9,2,11
1403715955.484112501144409,11,3,10,0,11
1403715955.534114837646484,13,2,10,2,11
1403715955.584116458892822,20,4,10,10,11
1403715955.634120464324951,22,1,18,3,11
1403715955.684119701385498,29,5,19,7,11
1403715955.734112262725830,29,3,23,2,11
1403715955.784105062484741,29,2,26,2,11
1403715955.834102153778076,42,14,25,14,11
1403715955.884104728698730,42,4,24,2,11
1403715955.934103488922119,41,4,17,6,11
1403715955.984102010726929,33,4,12,8,11
1403715956.034101247787476,27,3,11,2,11
1403715956.084100484848022,17,8,11,2,11
1403715956.134097099304199,14,3,8,1,11
1403715956.184086322784424,14,6,7,2,11
1403715956.234082460403442,12,1,7,2,11
1403715956.284086227416992,13,1,9,3,11
1403715956.334075927734375,14,4,10,2,11
1403715956.384072303771973,15,2,11,1,11
1403715956.434056282043457,14,6,7,3,11
1403715956.484055280685425,7,3,4,0,11
1403715956.534019231796265,11,0,3,7,11
1403715956.584017515182495,12,1,7,1,11
1403715956.634011983871460,16,1,8,4,11
1403715956.684012889862061,19,1,12,7,11
1403715956.734004259109497,20,0,17,1,11
1403715956.784001827239990,24,0,18,5,11
1403715956.833997249603271,24,1,22,2,11
1403715956.883991718292236,27,7,24,3,11
1403715956.933989048004150,31,2,27,4,11
1403715956.983989000320435,37,3,29,6,11
1403715957.033984899520874,43,0,32,7,11
1403715957.083981513977051,43,2,36,4,11
1403715957.133976221084595,46,2,34,6,11
1403715957.183974742889404,35,1,32,0,11
1403715957.233973026275635,32,3,27,3,11
1403715957.283971786499023,27,4,23,3,11
1403715957.333974838256836,33,5,20,7,11
1403715957.383976459503174,30,4,23,0,11
1403715957.433984518051147,35,2,21,9,11
1403715957.483987092971802,29,3,28,0,11
1403715957.533985614776611,25,9,25,0,11
1403715957.583984375000000,24,3,21,3,11
1403715957.633981943130493,21,2,19,0,11
1403715957.683979749679565,19,1,15,1,11
1403715957.733973503112793,20,4,16,3,11
1403715957.783966302871704,21,23,19,2,11
1403715957.833966493606567,21,0,18,0,11
1403715957.883963584899902,22,2,16,2,11
1403715957.933964252471924,22,2,13,5,11
1403715957.983959674835205,25,3,13,4,11
1403715958.033960580825806,21,2,13,1,11
1403715958.083961725234985,17,3,11,1,11
1403715958.133963584899902,11,6,5,1,11
1403715958.183964490890503,11,2,7,1,11
1403715958.233961105346680,10,3,7,3,11
1403715958.283967733383179,11,3,9,1,11
1403715958.333967924118042,8,2,7,0,11
1403715958.383980274200439,9,4,6,3,11
1403715958.434005260467529,14,8,7,6,11
1403715958.484008073806763,13,4,5,3,11
1403715958.534015893936157,18,3,7,6,11
1403715958.584020137786865,19,1,13,4,11
1403715958.634020328521729,17,0,16,0,11
1403715958.684019088745117,17,2,14,2,11
1403715958.734021663665771,18,4,14,3,11
1403715958.784021377563477,20,4,17,2,11
1403715958.834018230438232,22,3,17,5,11
1403715958.884014844894409,25,6,22,3,11
1403715958.934013366699219,25,6,25,0,11
1403715958.984013080596924,25,3,25,0,11
1403715959.034009695053101,25,7,21,3,11
1403715959.084008932113647,26,0,24,1,11
1403715959.134009838104248,28,4,24,3,11
1403715959.184009313583374,30,3,27,3,11
1403715959.234009027481079,31,2,29,1,11
1403715959.284009218215942,30,1,28,0,11
1403715959.334009408950806,28,8,22,3,11
1403715959.384008169174194,23,3,18,1,11
1403715959.434007883071899,20,5,14,3,11
1403715959.484006881713867,26,2,18,8,11
1403715959.534005403518677,27,1,24,1,11
1403715959.584001779556274,25,1,18,3,11
1403715959.633995294570923,27,2,17,5,11
1403715959.683987855911255,25,3,22,0,11
1403715959.733985185623169,22,9,19,0,11
1403715959.783988475799561,21,6,16,0,11
1403715959.833987236022949,22,7,11,4,11
1403715959.883990049362183,22,5,11,2,11
1403715959.933990478515625,20,8,6,3,11
1403715959.983987092971802,18,2,7,4,11
1403715960.033984184265137,14,4,12,1,11
1403715960.083980321884155,14,13,11,1,11
1403715960.133979558944702,14,0,11,0,11
1403715960.183979272842407,11,1,9,1,11
1403715960.233976125717163,11,25,10,1,11
1403715960.283975362777710,10,3,7,0,11
1403715960.333975315093994,10,2,4,1,11
1403715960.383974075317383,7,8,5,1,11
1403715960.433957815170288,11,0,4,7,11
1403715960.483955860137939,11,1,5,0,11
1403715960.533952713012695,11,1,6,0,11
1403715960.583948850631714,6,0,6,0,11
1403715960.633944034576416,7,1,6,1,11
1403715960.683940887451172,8,1,4,1,11
1403715960.733939409255981,8,2,5,0,11
1403715960.783934354782104,7,5,3,2,11
1403715960.833929061889648,8,5,5,1,11
1403715960.883929252624512,7,0,6,1,11
1403715960.933924913406372,9,3,6,3,11
1403715960.983919620513916,15,1,6,6,11
1403715961.033919572830200,16,4,11,1,11
1403715961.083917379379272,11,2,7,2,11
1403715961.133915662765503,10,3,6,0,11
1403715961.183912277221680,9,2,4,1,11
1403715961.233906030654907,10,1,3,4,11
1403715961.283886194229126,14,0,7,5,11
1403715961.333883523941040,16,2,12,3,11
1403715961.383882045745850,16,4,13,1,11
1403715961.433882474899292,16,11,14,1,11
1403715961.483882427215576,17,13,14,3,11
1403715961.533882379531860,23,11,15,6,11
1403715961.583883285522461,20,3,15,0,11
1403715961.633883953094482,18,2,13,2,11
1403715961.683883428573608,18,2,13,2,11
1403715961.733883380889893,16,18,13,0,11
1403715961.783885240554810,16,6,8,2,11
1403715961.833886861801147,12,5,5,2,11
1403715961.883888959884644,9,15,5,1,11
1403715961.933890819549561,7,4,6,0,11
1403715961.983893394470215,5,5,4,0,11
1403715962.033891916275024,6,0,2,3,11
1403715962.083894968032837,8,1,2,4,11
1403715962.133895397186279,8,3,3,0,11
1403715962.183898925781250,7,0,3,1,11
1403715962.233902454376221,4,0,3,1,11
1403715962.283903360366821,2,1,1,0,11
1403715962.333906412124634,3,1,0,1,11
1403715962.383908271789551,2,6,0,1,11
1403715962.433915138244629,4,1,0,2,11
1403715962.483941793441772,16,1,0,13,11
1403715962.533942461013794,15,1,9,0,11
1403715962.583943367004395,14,4,8,2,11
1403715962.633942365646362,15,11,8,6,11
1403715962.683942794799805,15,1,12,1,11
1403715962.733943462371826,15,1,10,0,11
1403715962.783945083618164,13,5,8,0,11
1403715962.833944320678711,12,2,7,3,11
1403715962.883944272994995,9,2,5,0,11
1403715962.933944702148438,8,4,5,0,11
1403715962.983944654464722,6,1,3,1,11
1403715963.033945083618164,3,4,2,1,11
1403715963.083945274353027,3,1,2,1,11
1403715963.133943080902100,11,11,2,8,11
1403715963.183944225311279,14,9,1,4,11
1403715963.233947038650513,16,14,1,5,11
1403715963.283952474594116,18,10,3,9,11
1403715963.333958148956299,19,5,6,6,11
1403715963.383961200714111,19,4,10,2,11
1403715963.433966636657715,17,7,1,4,11
1403715963.483967781066895,15,4,4,0,11
1403715963.533968448638916,9,0,3,5,11
1403715963.583971738815308,10,4,5,1,11
1403715963.633974313735962,12,1,5,3,11
1403715963.683975696563721,16,11,7,7,11
1403715963.733974695205688,15,5,13,0,11
1403715963.783973455429077,15,0,13,1,11
1403715963.833972215652466,14,3,12,1,11
1403715963.883970975875854,17,2,11,3,11
1403715963.933971405029297,17,0,7,1,11
1403715963.983971118927002,17,1,8,2,11
1403715964.033971071243286,16,1,10,6,11
1403715964.083970308303833,24,5,15,8,11
1403715964.133970260620117,27,9,20,3,11
1403715964.183974504470825,30,5,22,5,11
1403715964.233976125717163,38,1,26,10,11
1403715964.283978700637817,41,0,36,3,11
1403715964.333971261978149,47,2,38,9,11
1403715964.383968830108643,46,0,46,0,11
1403715964.433966398239136,46,2,46,0,11
1403715964.483964204788208,47,3,45,2,11
1403715964.533962488174438,49,2,47,2,11
1403715964.583960771560669,50,8,49,1,11
1403715964.633960962295532,50,7,49,0,11
1403715964.683956384658813,49,17,49,0,11
1403715964.733952999114990,49,5,45,0,11
1403715964.783952474594116,49,12,36,1,11
1403715964.833952665328979,45,7,28,1,11
1403715964.883952379226685,36,4,13,4,11
1403715964.933952093124390,34,4,16,5,11
1403715964.983951807022095,25,5,19,5,11
1403715965.033951282501221,23,2,22,0,11
1403715965.083951234817505,22,5,21,0,11
1403715965.133948564529419,21,5,20,0,11
1403715965.183944463729858,19,4,17,1,11
1403715965.233942747116089,30,2,18,12,11
1403715965.283947706222534,45,4,28,17,11
1403715965.333952188491821,42,1,39,0,11
1403715965.383957624435425,48,3,25,8,11
1403715965.433957338333130,44,1,22,3,11
1403715965.483951091766357,39,1,16,8,11
1403715965.533944606781006,36,0,22,7,11
1403715965.583938121795654,33,2,17,4,11
1403715965.633930444717407,30,1,13,0,11
1403715965.683924436569214,27,2,12,6,11
1403715965.733916997909546,22,9,18,3,11
1403715965.783908843994141,23,10,20,2,11
1403715965.833894729614258,24,8,19,1,11
1403715965.883889436721802,21,3,19,1,11
1403715965.933882474899292,22,6,15,2,11
1403715965.983880758285522,20,3,18,0,11
1403715966.033881664276123,20,1,15,3,11
1403715966.083881616592407,16,2,13,1,11
1403715966.133882522583008,14,3,9,2,11
1403715966.183884859085083,16,0,6,3,11
1403715966.233888149261475,16,2,9,3,11
1403715966.283894538879395,19,0,10,7,11
1403715966.333898544311523,24,3,8,5,11
1403715966.383906364440918,31,0,14,9,11
1403715966.433910846710205,29,1,21,3,11
1403715966.483912229537964,27,2,20,1,11
1403715966.533913612365723,23,5,19,0,11
1403715966.583913564682007,21,1,13,1,11
1403715966.633912086486816,19,0,14,0,11
1403715966.683908939361572,19,3,13,5,11
1403715966.733906984329224,20,0,17,1,11
1403715966.783903360366821,18,3,16,0,11
1403715966.833898305892944,17,0,16,0,11
1403715966.883887767791748,19,1,13,3,11
1403715966.933875322341919,21,4,16,2,11
1403715966.983860015869141,23,15,16,5,11
1403715967.033852815628052,25,17,19,2,11
1403715967.083847284317017,28,10,20,5,11
1403715967.133840560913086,36,6,23,10,11
1403715967.183840751647949,37,4,26,4,11
1403715967.233839750289917,35,7,20,3,11
1403715967.283838748931885,28,3,10,3,11
1403715967.333838224411011,20,4,9,1,11
1403715967.383837938308716,13,0,6,3,11
1403715967.433846473693848,13,3,8,3,11
1403715967.483848810195923,11,0,8,0,11
1403715967.533853292465210,10,0,8,0,11
1403715967.583873987197876,16,1,8,8,11
1403715967.633877277374268,15,2,13,0,11
1403715967.683877229690552,15,1,12,1,11
1403715967.733881473541260,15,3,9,2,11
1403715967.783881664276123,14,4,5,0,11
1403715967.833882093429565,13,1,1,3,11
1403715967.883883953094482,14,0,2,7,11
1403715967.933887720108032,19,2,4,9,11
1403715967.983888149261475,18,0,8,2,11
1403715968.033889770507812,16,0,9,1,11
1403715968.083891630172729,11,4,8,1,11
1403715968.133894205093384,11,0,7,2,11
1403715968.183897018432617,13,0,8,3,11
1403715968.233900308609009,12,1,8,0,11
1403715968.283919095993042,18,1,8,7,11
1403715968.333920717239380,21,1,12,6,11
1403715968.383922815322876,29,4,18,8,11
1403715968.433923959732056,36,7,26,10,11
1403715968.483923912048340,40,2,30,5,11
1403715968.533921957015991,41,4,31,4,11
1403715968.583916902542114,41,2,13,7,11
1403715968.633914947509766,41,0,17,2,11
1403715968.683909177780151,38,6,20,17,11
1403715968.733908414840698,38,0,37,1,11
1403715968.783910512924194,39,0,36,1,11
1403715968.833912611007690,42,0,35,3,11
1403715968.883917808532715,39,1,35,3,11
1403715968.933921098709106,39,0,35,1,11
1403715968.983931303024292,40,0,32,1,11
1403715969.033930540084839,42,4,33,5,11
1403715969.083931207656860,48,14,30,9,11
1403715969.133930444717407,47,4,27,0,11
1403715969.183930635452271,44,1,23,6,11
1403715969.233931303024292,32,1,24,3,11
1403715969.283933401107788,34,3,23,8,11
1403715969.333936691284180,27,1,19,0,11
1403715969.383938312530518,24,2,17,0,11
1403715969.433940410614014,15,7,14,0,11
1403715969.483941555023193,9,1,9,0,11
1403715969.533941268920898,8,3,7,1,11
1403715969.583940505981445,7,0,7,0,11
1403715969.633941650390625,14,2,6,7,11
1403715969.683940410614014,15,3,12,1,11
1403715969.733941316604614,27,1,13,13,11
1403715969.783945322036743,26,2,25,0,11
1403715969.833944082260132,42,9,25,17,11
1403715969.883938312530518,49,25,40,7,11
1403715969.933930635452271,48,20,39,1,11
1403715969.983930587768555,41,5,33,0,11
1403715970.033928871154785,41,3,30,7,11
1403715970.083928823471069,35,1,24,2,11
1403715970.133929252624512,31,5,19,0,11
1403715970.183930397033691,24,4,16,2,11
1403715970.233931064605713,17,6,14,1,11
1403715970.283933162689209,13,5,10,0,11
1403715970.333935737609863,12,0,9,2,11
1403715970.383936405181885,11,1,10,0,11
1403715970.433947563171387,15,4,9,4,11
1403715970.483949422836304,16,1,10,2,11
1403715970.533957004547119,21,1,14,7,11
1403715970.583956718444824,28,4,21,7,11
1403715970.633951902389526,37,1,22,9,11
1403715970.683949947357178,46,3,24,10,11
1403715970.733950138092041,46,0,28,6,11
1403715970.783950805664062,37,4,26,4,11
1403715970.833950281143188,33,1,25,3,11
1403715970.883950233459473,29,3,20,4,11
1403715970.933951377868652,25,3,19,2,11
1403715970.983953237533569,19,1,15,0,11
1403715971.033952236175537,15,7,10,4,11
1403715971.083952665328979,11,5,10,0,11
1403715971.133950233459473,9,0,6,0,11
1403715971.183945417404175,17,1,5,9,11
1403715971.233944654464722,12,0,11,0,11
1403715971.283937692642212,22,4,10,11,11
1403715971.333931684494019,37,12,20,17,11
1403715971.383925199508667,48,11,35,11,11
1403715971.433923244476318,48,7,30,0,11
1403715971.483916521072388,45,18,25,2,11
1403715971.533916234970093,35,5,27,6,11
1403715971.583914518356323,29,3,27,1,11
1403715971.633913040161133,28,2,27,0,11
1403715971.683911085128784,27,5,24,1,11
1403715971.733910083770752,21,5,20,0,11
1403715971.783909559249878,12,3,12,0,11
1403715971.833908796310425,7,7,7,0,11
1403715971.883909463882446,7,2,7,0,11
1403715971.933910846710205,16,4,6,9,11
1403715971.983911275863647,15,2,11,0,11
1403715972.033910751342773,25,4,9,12,11
1403715972.083909749984741,26,0,14,3,11
1403715972.133908510208130,29,1,14,6,11
1403715972.183903694152832,34,0,18,11,11
1403715972.233901023864746,35,1,22,5,11
1403715972.283900022506714,31,3,20,0,11
1403715972.333896636962891,33,0,20,12,11
1403715972.383900403976440,33,2,24,1,11
1403715972.433900594711304,37,0,22,6,11
1403715972.483906269073486,36,0,25,5,11
1403715972.533914089202881,44,0,25,11,11
1403715972.583916902542114,42,2,16,1,11
1403715972.633919954299927,42,4,18,5,11
1403715972.683922052383423,39,2,12,16,11
1403715972.733923196792603,41,0,23,2,11
1403715972.783924102783203,41,2,18,12,11
1403715972.833924531936646,44,0,27,7,11
1403715972.883920669555664,39,0,35,3,11
1403715972.933917760848999,43,0,38,5,11
1403715972.983916282653809,43,0,43,0,11
1403715973.033915519714355,44,1,43,1,11
1403715973.083915948867798,44,0,44,0,11
1403715973.133915424346924,47,1,42,3,11
1403715973.183913946151733,50,7,45,3,11
1403715973.233909845352173,49,0,46,2,11
1403715973.283905744552612,50,1,48,1,11
1403715973.333900213241577,49,11,49,0,11
1403715973.383892536163330,50,2,46,1,11
1403715973.433884143829346,50,5,49,0,11
1403715973.483880281448364,49,4,49,0,11
1403715973.533878803253174,50,5,48,1,11
1403715973.583878517150879,49,1,48,0,11
1403715973.633878707885742,47,1,47,0,11
1403715973.683879852294922,40,2,40,0,11
1403715973.733881711959839,40,0,36,1,11
1403715973.783883571624756,48,1,39,8,11
1403715973.833885431289673,47,0,47,0,11
1403715973.883886098861694,46,0,46,0,11
1403715973.933887243270874,47,8,44,3,11
1403715973.983888149261475,49,0,47,2,11
1403715974.033890724182129,50,3,49,1,11
1403715974.083890199661255,50,4,50,0,11
1403715974.133891820907593,50,28,50,0,11
1403715974.183888912200928,50,31,50,0,11
1403715974.233887910842896,50,1,50,0,11
1403715974.283887863159180,50,0,50,0,11
1403715974.333887815475464,50,0,49,0,11
1403715974.383890867233276,50,0,48,0,11
1403715974.433893203735352,48,1,48,0,11
1403715974.483893394470215,48,0,47,0,11
1403715974.533894300460815,49,4,48,1,11
1403715974.583894252777100,49,1,49,0,11
1403715974.633893489837646,49,4,42,1,11
1403715974.683895111083984,49,2,39,1,11
1403715974.733896017074585,45,26,44,1,11
1403715974.783896446228027,50,19,45,5,11
1403715974.833898305892944,50,1,50,0,11
1403715974.883897542953491,50,0,45,0,11
1403715974.933899164199829,48,0,38,0,11
1403715974.983900308609009,45,0,40,4,11
1403715975.033900737762451,48,0,44,4,11
1403715975.083901405334473,48,1,48,0,11
1403715975.133900642395020,50,5,48,2,11
1403715975.183900356292725,50,3,50,0,11
1403715975.233900547027588,50,3,50,0,11
1403715975.283898830413818,50,4,50,0,11
1403715975.333896398544312,49,26,21,0,11
1403715975.383893489837646,49,12,34,3,11
1403715975.433892488479614,44,2,37,7,11
1403715975.483892202377319,44,1,44,0,11
1403715975.533892393112183,46,0,44,2,11
1403715975.583891630172729,48,0,46,2,11
1403715975.633889675140381,49,29,48,1,11
1403715975.683889627456665,49,0,48,0,11
1403715975.733889818191528,50,2,47,1,11
1403715975.783889770507812,49,1,40,1,11
1403715975.833890199661255,48,1,5,2,11
1403715975.883890628814697,42,3,8,8,11
1403715975.933891057968140,36,8,10,19,11
1403715975.983892917633057,39,3,21,7,11
1403715976.033893823623657,38,0,22,3,11
1403715976.083894491195679,32,0,22,1,11
1403715976.133896112442017,30,0,23,4,11
1403715976.183896303176880,27,0,25,0,11
1403715976.233898878097534,36,4,8,9,11
1403715976.283899068832397,36,1,3,2,11
1403715976.333899021148682,36,1,3,18,11
1403715976.383899450302124,29,0,20,6,11
1403715976.433899402618408,28,0,26,1,11
1403715976.483898639678955,27,1,27,0,11
1403715976.533899307250977,27,0,26,0,11
1403715976.583899497985840,26,0,4,0,11
1403715976.633899450302124,25,1,0,1,11
1403715976.683899164199829,29,0,2,25,11
1403715976.733899593353271,28,1,23,1,11
1403715976.783900260925293,28,1,24,0,11
1403715976.833900451660156,24,1,24,0,11
1403715976.883900403976440,24,1,24,0,11
1403715976.933901071548462,25,1,24,1,11
1403715976.983900308609009,30,1,23,5,11
1403715977.033901214599609,32,0,29,2,11
1403715977.083902120590210,39,0,11,8,11
1403715977.133902549743652,47,4,19,9,11
1403715977.183901786804199,44,11,16,12,11
1403715977.233901739120483,42,0,24,7,11
1403715977.283901691436768,38,0,20,5,11
1403715977.333901643753052,37,0,27,4,11
1403715977.383902072906494,35,0,31,4,11
1403715977.433902502059937,36,2,34,2,11
1403715977.483901739120483,36,0,32,0,11
1403715977.533902645111084,35,0,17,0,11
1403715977.583902835845947,34,3,8,3,11
1403715977.633902788162231,34,0,11,15,11
1403715977.683902978897095,35,0,26,9,11
1403715977.733903646469116,43,3,29,8,11
1403715977.783904790878296,37,8,33,2,11
1403715977.833905220031738,38,0,34,3,11
1403715977.883906602859497,37,0,28,0,11
1403715977.933907270431519,36,0,28,1,11
1403715977.983907222747803,34,1,25,7,11
1403715978.033907890319824,34,3,29,0,11
1403715978.083907842636108,29,2,26,0,11
1403715978.133908033370972,28,0,22,1,11
1403715978.183908224105835,23,0,17,0,11
1403715978.233904123306274,29,3,14,11,11
1403715978.283904075622559,26,0,22,1,11
1403715978.333903312683105,25,2,21,1,11
1403715978.383903026580811,27,1,19,7,11
1403715978.433902502059937,26,1,19,3,11
1403715978.483902215957642,36,4,18,14,11
1403715978.533901691436768,34,5,28,3,11
1403715978.583901643753052,25,2,25,0,11
1403715978.633902788162231,21,3,18,0,11
1403715978.683902502059937,24,2,17,4,11
1403715978.733901739120483,19,5,17,0,11
1403715978.783901453018188,16,1,12,3,11
1403715978.833901405334473,14,6,10,2,11
1403715978.883901119232178,8,4,5,0,11
1403715978.933901309967041,14,3,4,8,11
1403715978.983901500701904,13,5,7,2,11
1403715979.033902406692505,16,5,10,3,11
1403715979.083901882171631,19,2,7,6,11
1403715979.133901357650757,18,7,11,1,11
1403715979.183900833129883,17,4,10,4,11
1403715979.233899831771851,18,1,14,2,11
1403715979.283899068832397,22,2,11,8,11
1403715979.333899021148682,15,3,13,0,11
1403715979.383899688720703,14,1,11,2,11
1403715979.433900356292725,13,3,9,0,11
1403715979.483900308609009,14,0,10,2,11
1403715979.533900499343872,11,1,8,1,11
1403715979.583901405334473,13,3,6,3,11
1403715979.633901119232178,14,5,3,3,11
1403715979.683901071548462,12,3,3,0,11
1403715979.733900070190430,13,3,2,7,11
1403715979.783901453018188,17,4,5,7,11
1403715979.833901405334473,13,1,5,1,11
1403715979.883903026580811,15,4,4,6,11
1403715979.933902502059937,16,2,4,5,11
1403715979.983902692794800,14,6,7,1,11
1403715980.033902168273926,16,5,6,7,11
1403715980.083902359008789,13,5,5,1,11
1403715980.133902311325073,12,4,4,0,11
1403715980.183902740478516,11,5,4,5,11
1403715980.233902692794800,10,2,9,1,11
1403715980.283902883529663,11,4,10,1,11
1403715980.333903074264526,12,2,9,1,11
1403715980.383903026580811,10,1,7,0,11
1403715980.433902978897095,8,5,7,0,11
1403715980.483902931213379,9,3,6,2,11
1403715980.533903360366821,11,5,3,4,11
1403715980.583903074264526,10,7,5,0,11
1403715980.633903026580811,11,2,3,4,11
1403715980.683902502059937,13,6,3,6,11
1403715980.733902692794800,10,3,3,0,11
1403715980.783902645111084,16,1,3,9,11
1403715980.833902120590210,16,4,11,4,11
1403715980.883901834487915,19,4,12,3,11
1403715980.933902025222778,22,2,14,5,11
1403715980.983902215957642,22,3,15,4,11
1403715981.033901453018188,21,3,8,6,11
1403715981.083901405334473,18,2,9,2,11
1403715981.133901119232178,16,2,10,1,11
1403715981.183900117874146,18,5,6,8,11
1403715981.233899593353271,19,4,6,5,11
1403715981.283900022506714,18,1,10,1,11
1403715981.333899736404419,15,1,9,3,11
1403715981.383899450302124,14,3,12,0,11
1403715981.433899164199829,14,1,8,5,11
1403715981.483899593353271,19,4,9,7,11
1403715981.533900022506714,20,0,11,2,11
1403715981.583899974822998,19,1,4,3,11
1403715981.633899927139282,16,1,3,1,11
1403715981.683899641036987,13,1,0,5,11
1403715981.733897924423218,13,0,1,4,11
1403715981.783896446228027,11,1,2,2,11
1403715981.833893299102783,9,0,1,2,11
1403715981.883893251419067,8,0,1,2,11
1403715981.933892965316772,6,3,3,1,11
1403715981.983893156051636,5,0,3,1,11
1403715982.033893346786499,5,0,4,0,11
1403715982.083893537521362,4,1,1,0,11
1403715982.133893489837646,4,1,1,0,11
1403715982.183893442153931,3,0,0,2,11
1403715982.233893394470215,1,1,0,0,11
1403715982.283893585205078,0,2,0,0,11
1403715982.333893537521362,0,0,0,0,11
1403715982.383896112442017,3,0,0,3,11
1403715982.433897495269775,7,0,3,4,11
1403715982.483899593353271,17,4,5,12,11
1403715982.533900260925293,20,2,12,5,11
1403715982.583900690078735,26,6,12,9,11
1403715982.633900642395020,21,1,20,0,11
1403715982.683902025222778,24,1,13,5,11
1403715982.733903884887695,30,3,9,8,11
1403715982.783905267715454,29,1,20,5,11
1403715982.833905458450317,25,5,23,1,11
1403715982.883906602859497,28,6,21,6,11
1403715982.933907508850098,32,1,22,8,11
1403715982.983907222747803,27,1,22,0,11
1403715983.033906936645508,18,3,15,0,11
1403715983.083906650543213,16,1,12,1,11
1403715983.133907556533813,20,2,8,8,11
1403715983.183907747268677,18,5,14,2,11
1403715983.233907699584961,18,4,14,2,11
1403715983.283908128738403,18,2,14,3,11
1403715983.333907604217529,16,1,3,4,11
1403715983.383907556533813,14,2,4,2,11
1403715983.433907032012939,14,3,6,6,11
1403715983.483906745910645,17,4,9,4,11
1403715983.533906459808350,24,5,13,9,11
1403715983.583906412124634,12,9,11,0,11
1403715983.633906364440918,15,7,10,3,11
1403715983.683906316757202,14,3,11,1,11
1403715983.733906269073486,20,5,12,6,11
1403715983.783906459808350,18,8,15,2,11
1403715983.833906173706055,20,1,14,2,11
1403715983.883906602859497,20,5,11,4,11
1403715983.933906555175781,17,4,12,1,11
1403715983.983906745910645,16,5,12,1,11
1403715984.033908367156982,14,6,10,2,11
1403715984.083908557891846,18,4,12,5,11
1403715984.133908510208130,13,2,11,0,11
1403715984.183908700942993,15,2,8,2,11
1403715984.233908653259277,12,4,7,0,11
1403715984.283909082412720,8,0,5,0,11
1403715984.333909034729004,6,1,0,0,11
1403715984.383910417556763,6,8,3,2,11
1403715984.433910846710205,5,2,3,0,11
1403715984.483911514282227,6,3,3,1,11
1403715984.533911943435669,5,7,3,1,11
1403715984.583913087844849,2,2,0,1,11
1403715984.633913040161133,0,4,0,0,11
1403715984.683912515640259,0,9,0,0,11
1403715984.733912706375122,2,5,0,2,11
1403715984.783912897109985,2,14,0,0,11
1403715984.833913087844849,2,5,0,0,11
1403715984.883913278579712,2,2,0,2,11
1403715984.933913469314575,3,3,1,1,11
1403715984.983913421630859,3,6,2,1,11
1403715985.033913373947144,3,6,2,1,11
1403715985.083914518356323,7,4,3,4,11
1403715985.133914947509766,7,9,6,0,11
1403715985.183913230895996,17,0,6,10,11
1403715985.233913183212280,17,2,14,1,11
1403715985.283913373947144,17,1,12,1,11
1403715985.333913564682007,22,1,13,7,11
1403715985.383913755416870,20,0,18,0,11
1403715985.433913469314575,21,5,17,3,11
1403715985.483914136886597,27,2,19,7,11
1403715985.533914804458618,24,2,22,1,11
1403715985.583915472030640,29,4,18,5,11
1403715985.633915662765503,26,8,20,0,11
1403715985.683916091918945,21,6,19,0,11
1403715985.733916282653809,21,5,14,3,11
1403715985.783915758132935,21,2,8,1,11
1403715985.833915233612061,24,0,3,6,11
1403715985.883912801742554,20,1,4,5,11
1403715985.933911561965942,17,1,5,3,11
1403715985.983909845352173,12,2,10,0,11
1403715986.033908843994141,10,0,9,0,11
1403715986.083902120590210,14,0,9,5,11
1403715986.133901596069336,14,1,4,0,11
1403715986.183900833129883,15,0,2,2,11
1403715986.233895301818848,18,1,1,12,11
1403715986.283895254135132,18,0,7,2,11
1403715986.333895683288574,23,0,6,9,11
1403715986.383895397186279,20,0,3,3,11
1403715986.433897256851196,31,3,6,13,11
1403715986.483898878097534,30,0,10,11,11
1403715986.533901691436768,33,0,14,3,11
1403715986.583904027938843,32,1,14,10,11
1403715986.633904457092285,27,0,25,1,11
1403715986.683905124664307,26,1,25,0,11
1403715986.733905076980591,29,4,25,3,11
1403715986.783904314041138,28,0,24,1,11
1403715986.833902597427368,28,0,25,0,11
1403715986.883901834487915,28,0,22,4,11
1403715986.933900356292725,27,1,24,0,11
1403715986.983899116516113,28,2,24,3,11
1403715987.033897161483765,33,1,25,6,11
1403715987.083896398544312,42,2,30,11,11
1403715987.133900403976440,42,1,37,1,11
1403715987.183901309967041,49,9,40,7,11
1403715987.233900070190430,49,5,43,3,11
1403715987.283898115158081,50,6,46,2,11
1403715987.333895921707153,50,2,48,1,11
1403715987.383895158767700,49,3,49,0,11
1403715987.433894872665405,48,8,46,0,11
1403715987.483894586563110,49,1,47,1,11
1403715987.533895492553711,49,1,48,1,11
1403715987.583896398544312,49,10,47,0,11
1403715987.633897304534912,48,0,45,0,11
1403715987.683897495269775,48,0,45,2,11
1403715987.733896732330322,48,1,47,1,11
1403715987.783898353576660,49,5,48,1,11
1403715987.833899736404419,48,14,45,1,11
1403715987.883899211883545,48,11,45,2,11
1403715987.933899164199829,44,2,42,1,11
1403715987.983899116516113,46,0,43,3,11
1403715988.033898353576660,48,1,45,2,11
1403715988.083896875381470,46,3,46,0,11
1403715988.133895635604858,46,1,43,0,11
1403715988.183894634246826,48,2,43,2,11
1403715988.233893632888794,45,1,44,0,11
1403715988.283893346786499,45,1,44,0,11
1403715988.333892583847046,49,6,43,5,11
1403715988.383890867233276,49,6,48,1,11
1403715988.433890104293823,50,7,49,1,11
1403715988.483887672424316,50,6,50,0,11
1403715988.533887624740601,50,2,50,0,11
1403715988.583887100219727,50,5,50,0,11
1403715988.633887290954590,50,0,47,0,11
1403715988.683886766433716,50,0,47,0,11
1403715988.733886480331421,47,1,45,0,11
1403715988.783885717391968,47,5,44,0,11
1403715988.833885669708252,47,3,42,2,11
1403715988.883885622024536,45,3,43,0,11
1403715988.933885812759399,44,0,40,1,11
1403715988.983885765075684,45,3,41,1,11
1403715989.033885955810547,43,0,42,1,11
1403715989.083884716033936,45,0,42,2,11
1403715989.133884668350220,46,0,40,1,11
1403715989.183884143829346,47,0,41,2,11
1403715989.233884096145630,43,1,43,0,11
1403715989.283884048461914,43,0,43,0,11
1403715989.333884000778198,44,1,42,1,11
1403715989.383883953094482,44,0,43,0,11
1403715989.433883428573608,44,2,43,1,11
1403715989.483883142471313,44,0,43,0,11
1403715989.533883571624756,47,0,43,3,11
1403715989.583884000778198,50,8,46,4,11
1403715989.633884429931641,50,4,48,0,11
1403715989.683884382247925,50,2,44,0,11
1403715989.733884572982788,48,1,44,0,11
1403715989.783885002136230,44,3,44,0,11
1403715989.833885192871094,43,0,43,0,11
1403715989.883886098861694,43,0,42,0,11
1403715989.933887004852295,43,2,43,0,11
1403715989.983886480331421,43,1,42,0,11
1403715990.033886194229126,46,2,42,3,11
1403715990.083884954452515,46,0,40,1,11
1403715990.133885383605957,46,1,34,1,11
1403715990.183884143829346,43,1,23,1,11
1403715990.233884096145630,38,2,3,2,11
1403715990.283884286880493,27,0,1,3,11
1403715990.333884239196777,15,1,5,8,11
1403715990.383884429931641,14,0,12,2,11
1403715990.433884382247925,14,0,14,0,11
1403715990.483884572982788,14,3,13,0,11
1403715990.533884763717651,13,2,10,0,11
1403715990.583884954452515,11,5,9,0,11
1403715990.633885383605957,9,8,7,1,11
1403715990.683885335922241,8,9,7,0,11
1403715990.733886718750000,9,4,6,3,11
1403715990.783887147903442,12,7,7,3,11
1403715990.833887100219727,12,4,7,1,11
1403715990.883887290954590,18,1,7,11,11
1403715990.933886766433716,23,1,14,8,11
1403715990.983886718750000,22,0,18,1,11
1403715991.033885478973389,26,0,15,7,11
1403715991.083884477615356,23,1,19,0,11
1403715991.133882999420166,23,0,15,3,11
1403715991.183883190155029,23,0,20,2,11
1403715991.233883619308472,23,0,19,1,11
1403715991.283883810043335,21,0,19,0,11
1403715991.333884000778198,19,0,19,0,11
1403715991.383883953094482,19,3,19,0,11
1403715991.433883905410767,19,0,19,0,11
1403715991.483883857727051,19,0,19,0,11
1403715991.533884048461914,19,0,19,0,11
1403715991.583884000778198,19,0,19,0,11
1403715991.633883953094482,20,0,19,1,11
1403715991.683883666992188,22,0,20,2,11
1403715991.733883619308472,25,1,22,3,11
1403715991.783883810043335,25,0,25,0,11
1403715991.833883762359619,26,0,25,1,11
1403715991.883883714675903,26,0,26,0,11
1403715991.933883666992188,26,0,25,0,11
1403715991.983883619308472,29,0,24,3,11
1403715992.033883810043335,29,0,27,1,11
1403715992.083883762359619,28,0,28,0,11
1403715992.133883714675903,28,0,27,0,11
1403715992.183883666992188,28,0,27,0,11
1403715992.233883619308472,27,0,27,0,11
1403715992.283883810043335,27,0,27,0,11
1403715992.333883523941040,27,0,27,0,11
1403715992.383883476257324,27,0,27,0,11
1403715992.433883428573608,27,0,27,0,11
1403715992.483883380889893,27,0,27,0,11
1403715992.533883571624756,27,0,27,0,11
1403715992.583883523941040,27,0,27,0,11
1403715992.633883476257324,27,0,27,0,11
1403715992.683883190155029,27,0,27,0,11
1403715992.733883142471313,27,0,27,0,11
1403715992.783883333206177,27,0,25,0,11
1403715992.833883285522461,27,0,22,0,11
1403715992.883883237838745,25,0,21,0,11
1403715992.933883190155029,22,0,21,0,11
1403715992.983883142471313,21,0,21,0,11
1403715993.033883333206177,21,0,20,0,11
1403715993.083883285522461,21,0,19,0,11
1403715993.133883237838745,21,0,19,1,11
1403715993.183883190155029,21,0,19,1,11
1403715993.233882904052734,21,0,20,0,11
1403715993.283883333206177,20,0,20,0,11
1403715993.333883285522461,20,0,20,0,11
1403715993.383883237838745,20,0,20,0,11
1403715993.433883190155029,20,0,20,0,11
1403715993.483883142471313,20,0,20,0,11
1403715993.533883333206177,20,0,20,0,11
1403715993.583883285522461,21,0,20,1,11
1403715993.633883237838745,21,0,21,0,11
1403715993.683883190155029,21,0,21,0,11
1403715993.733883142471313,21,0,21,0,11
1403715993.783883333206177,21,0,21,0,11
1403715993.833883285522461,21,0,21,0,11
1403715993.883883237838745,21,0,21,0,11
1403715993.933883190155029,21,0,21,0,11
1403715993.983883142471313,21,0,21,0,11
