# timestamp (sec),slam_feats_in_state,msckf_feats_used,slam_feats_updated,slam_feats_delayed_init,clones
1403715893.793679714202881,0,15,0,0,5
1403715893.838473558425903,20,17,0,20,6
1403715893.890320062637329,20,0,20,0,7
1403715893.940989494323730,20,0,20,0,8
1403715893.991354465484619,19,0,18,0,9
1403715894.042029380798340,19,1,18,0,10
1403715894.091415643692017,18,0,18,0,11
1403715894.139242410659790,18,0,18,0,11
1403715894.187380313873291,20,1,17,3,11
1403715894.235983848571777,22,2,20,2,11
1403715894.285638332366943,27,1,22,5,11
1403715894.335598945617676,26,1,26,0,11
1403715894.386162757873535,30,3,26,4,11
1403715894.436394929885864,43,19,30,13,11
1403715894.486784934997559,46,0,41,4,11
1403715894.537081956863403,46,0,43,0,11
1403715894.587095975875854,48,1,42,3,11
1403715894.637123584747314,48,0,46,2,11
1403715894.686956405639648,49,0,46,1,11
1403715894.736268281936646,49,1,43,1,11
1403715894.785756349563599,49,2,39,0,11
1403715894.835341930389404,47,3,41,4,11
1403715894.885095834732056,49,0,45,3,11
1403715894.935077190399170,44,6,44,0,11
1403715894.985148668289185,44,1,27,1,11
1403715895.035154819488525,42,20,35,3,11
1403715895.085237979888916,40,0,36,3,11
1403715895.135201692581177,39,2,39,0,11
1403715895.184916973114014,39,0,37,0,11
1403715895.234893560409546,38,2,37,0,11
1403715895.284884929656982,44,0,35,9,11
1403715895.334785699844360,42,0,40,2,11
1403715895.384804487228394,44,1,40,2,11
1403715895.435130357742310,47,9,39,4,11
1403715895.485149860382080,47,0,43,3,11
1403715895.535136938095093,49,4,46,3,11
1403715895.585161924362183,49,1,46,0,11
1403715895.635305404663086,48,24,45,0,11
1403715895.685322761535645,50,3,45,5,11
1403715895.735272645950317,50,1,48,0,11
1403715895.785266876220703,49,1,45,0,11
1403715895.835229158401489,48,0,45,1,11
1403715895.885207176208496,47,0,40,2,11
1403715895.935263156890869,47,0,41,1,11
1403715895.985262393951416,46,1,33,3,11
1403715896.035278797149658,46,4,37,5,11
1403715896.085286378860474,43,0,38,1,11
1403715896.135275602340698,43,1,38,3,11
1403715896.185299873352051,42,0,40,2,11
1403715896.235657453536987,44,21,41,2,11
1403715896.285561084747314,45,0,41,2,11
1403715896.335368871688843,42,1,36,1,11
1403715896.385318756103516,42,0,39,1,11
1403715896.435318231582642,43,0,38,3,11
1403715896.485270500183105,42,0,37,1,11
1403715896.535297870635986,44,8,38,4,11
1403715896.585307121276855,43,2,41,1,11
1403715896.635341882705688,44,0,41,2,11
1403715896.685360908508301,45,1,43,1,11
1403715896.735256910324097,45,1,43,1,11
1403715896.785215616226196,45,0,44,0,11
1403715896.835265874862671,45,17,43,1,11
1403715896.885235548019409,45,1,43,1,11
1403715896.935219287872314,44,0,43,0,11
1403715896.985177755355835,44,0,25,1,11
1403715897.035174608230591,42,0,10,4,11
1403715897.085187196731567,38,1,4,12,11
1403715897.135330915451050,36,2,16,13,11
1403715897.185457229614258,33,1,21,4,11
1403715897.235471725463867,33,0,17,0,11
1403715897.285446643829346,29,2,18,4,11
1403715897.335481643676758,29,0,19,7,11
1403715897.385487794876099,28,1,25,0,11
1403715897.435443878173828,26,4,25,1,11
1403715897.485425710678101,26,3,25,0,11
1403715897.535356044769287,26,2,25,0,11
1403715897.585349082946777,26,2,20,1,11
1403715897.635284423828125,32,2,23,6,11
1403715897.685253858566284,36,1,22,6,11
1403715897.735203981399536,46,1,29,11,11
1403715897.785196542739868,45,3,37,6,11
1403715897.835230112075806,44,2,43,0,11
1403715897.885232448577881,42,3,40,1,11
1403715897.935248136520386,48,4,39,7,11
1403715897.985208034515381,47,3,44,0,11
1403715898.035187721252441,46,16,41,2,11
1403715898.085185050964355,41,6,39,0,11
1403715898.135186910629272,40,5,36,0,11
1403715898.185228347778320,39,5,28,8,11
1403715898.235184669494629,34,2,28,0,11
1403715898.285128116607666,33,2,29,1,11
1403715898.335118055343628,30,1,26,1,11
1403715898.385177850723267,30,4,23,0,11
1403715898.435241222381592,27,12,12,2,11
1403715898.485313415527344,26,6,11,3,11
1403715898.535321235656738,23,5,2,7,11
1403715898.585316419601440,21,4,6,2,11
1403715898.635422706604004,28,3,8,18,11
1403715898.685370206832886,26,3,15,1,11
1403715898.735335826873779,26,5,15,0,11
1403715898.785294532775879,17,6,10,6,11
1403715898.835261106491089,17,0,14,1,11
1403715898.885236978530884,17,4,15,0,11
1403715898.935191631317139,16,4,14,2,11
1403715898.985118389129639,15,8,12,1,11
1403715899.035017728805542,19,3,5,5,11
1403715899.084946155548096,22,2,8,7,11
1403715899.134871244430542,21,7,13,7,11
1403715899.184871435165405,20,5,19,0,11
1403715899.234824419021606,24,4,16,8,11
1403715899.284780025482178,24,4,21,0,11
1403715899.334764480590820,30,5,18,9,11
1403715899.384703636169434,34,3,23,7,11
1403715899.434691429138184,29,3,27,1,11
1403715899.484669685363770,33,4,27,6,11
1403715899.534639120101929,35,2,30,2,11
1403715899.584615945816040,42,7,30,9,11
1403715899.634671688079834,41,0,37,2,11
1403715899.684674263000488,41,9,31,0,11
1403715899.734713792800903,46,10,0,7,11
1403715899.784710407257080,42,4,1,4,11
1403715899.834710121154785,32,4,4,21,11
1403715899.884731531143188,30,3,25,4,11
1403715899.934711456298828,29,3,27,0,11
1403715899.984620332717896,29,1,26,0,11
1403715900.034549474716187,28,2,24,2,11
1403715900.084519863128662,28,3,13,1,11
1403715900.134483575820923,28,2,15,1,11
1403715900.184457302093506,27,3,16,11,11
1403715900.234449863433838,27,0,24,0,11
1403715900.284425020217896,26,3,23,0,11
1403715900.334408044815063,27,2,22,4,11
1403715900.384407758712769,28,3,25,1,11
1403715900.434376239776611,33,0,25,6,11
1403715900.484298229217529,39,3,29,10,11
1403715900.534341335296631,37,4,27,4,11
1403715900.584332704544067,38,3,29,5,11
1403715900.634400129318237,36,4,27,1,11
1403715900.684446096420288,38,8,20,9,11
1403715900.734457492828369,35,2,27,1,11
1403715900.784462213516235,32,3,24,4,11
1403715900.834477424621582,26,1,24,0,11
1403715900.884521722793579,30,0,23,5,11
1403715900.934569120407104,29,4,26,0,11
1403715900.984604120254517,31,8,19,3,11
1403715901.034613609313965,29,2,17,0,11
1403715901.084658861160278,27,2,6,7,11
1403715901.134659051895142,24,2,8,3,11
1403715901.184670448303223,20,2,7,5,11
1403715901.234676122665405,20,2,8,5,11
1403715901.284670352935791,19,0,12,2,11
1403715901.334701061248779,19,1,10,4,11
1403715901.384743452072144,19,0,7,1,11
1403715901.434786319732666,18,3,7,4,11
1403715901.484787464141846,17,1,7,5,11
1403715901.534777164459229,16,1,5,0,11
1403715901.584777116775513,16,0,0,4,11
1403715901.634776115417480,16,1,4,7,11
1403715901.684762716293335,16,0,9,5,11
1403715901.734757184982300,16,1,11,0,11
1403715901.784757852554321,16,1,10,2,11
1403715901.834740161895752,20,1,5,7,11
1403715901.884715080261230,21,3,12,2,11
1403715901.934699296951294,19,2,11,5,11
1403715901.984688520431519,16,0,11,0,11
1403715902.034677505493164,17,4,11,3,11
1403715902.084671497344971,18,0,11,4,11
1403715902.134677171707153,17,1,11,0,11
1403715902.184678077697754,18,0,11,4,11
1403715902.234682559967041,17,3,14,2,11
1403715902.284697532653809,18,2,15,1,11
1403715902.334709882736206,17,4,12,1,11
1403715902.384721994400024,18,1,15,2,11
1403715902.434730291366577,19,3,17,2,11
1403715902.484738826751709,22,6,16,4,11
1403715902.534745693206787,22,1,20,1,11
1403715902.584748983383179,31,3,21,10,11
1403715902.634701013565063,39,2,30,8,11
1403715902.684696912765503,40,1,36,1,11
1403715902.734684705734253,43,2,36,5,11
1403715902.784673929214478,44,1,36,4,11
1403715902.834663867950439,48,3,38,4,11
1403715902.884658336639404,43,0,40,2,11
1403715902.934633493423462,46,0,39,5,11
1403715902.984606742858887,48,6,44,2,11
1403715903.034613370895386,44,4,44,0,11
1403715903.084594011306763,40,3,40,0,11
1403715903.134580850601196,36,7,35,0,11
1403715903.184584856033325,37,3,33,3,11
1403715903.234616041183472,35,6,34,1,11
1403715903.284639835357666,39,1,33,5,11
1403715903.334661722183228,38,3,36,0,11
1403715903.384694814682007,45,1,36,8,11
1403715903.434692144393921,43,2,42,0,11
1403715903.484689474105835,39,4,34,3,11
1403715903.534655332565308,47,7,30,9,11
1403715903.584654569625854,43,3,37,0,11
1403715903.634656190872192,37,2,35,0,11
1403715903.684662580490112,45,6,32,10,11
1403715903.734703540802002,39,2,38,0,11
1403715903.784720420837402,36,2,31,0,11
1403715903.834746837615967,25,12,22,0,11
1403715903.884775161743164,25,4,14,6,11
1403715903.934778928756714,21,2,19,0,11
1403715903.984773874282837,13,1,11,1,11
1403715904.034777641296387,15,5,11,2,11
1403715904.084760665893555,14,4,13,0,11
1403715904.134753227233887,13,11,12,0,11
1403715904.184731960296631,13,2,12,0,11
1403715904.234694480895996,23,5,12,11,11
1403715904.284658432006836,23,5,23,0,11
1403715904.334642887115479,29,2,22,7,11
1403715904.384630680084229,28,5,27,0,11
1403715904.434624910354614,33,5,27,5,11
1403715904.484626770019531,33,4,31,1,11
1403715904.534642219543457,41,1,32,8,11
1403715904.584662914276123,34,3,33,1,11
1403715904.634695768356323,34,1,33,0,11
1403715904.684696674346924,31,1,24,1,11
1403715904.734663963317871,33,5,18,7,11
1403715904.784642934799194,30,1,16,3,11
1403715904.834630250930786,30,2,12,4,11
1403715904.884619951248169,34,3,15,12,11
1403715904.934612989425659,30,3,20,4,11
1403715904.984622001647949,32,1,26,4,11
1403715905.034640073776245,32,4,26,5,11
1403715905.084662914276123,29,1,25,1,11
1403715905.134672880172729,27,0,22,0,11
1403715905.184655427932739,30,9,17,5,11
1403715905.234640359878540,29,0,20,3,11
1403715905.284645080566406,25,2,21,0,11
1403715905.334651470184326,25,0,20,3,11
1403715905.384663343429565,24,1,20,1,11
1403715905.434639930725098,30,2,18,7,11
1403715905.484649181365967,30,4,20,3,11
1403715905.534664869308472,24,3,18,0,11
1403715905.584728002548218,31,2,18,11,11
1403715905.634786128997803,30,10,23,3,11
1403715905.684789419174194,31,4,22,3,11
1403715905.734811305999756,29,2,22,1,11
1403715905.784835815429688,33,5,23,7,11
1403715905.834843873977661,30,2,25,1,11
1403715905.884851694107056,30,2,22,2,11
1403715905.934857845306396,25,1,19,2,11
1403715905.984867811203003,30,2,18,7,11
1403715906.034849643707275,32,2,21,7,11
1403715906.084807634353638,27,3,17,3,11
1403715906.134748935699463,24,6,18,2,11
1403715906.184688091278076,27,1,14,8,11
1403715906.234680891036987,22,4,11,1,11
1403715906.284674167633057,17,2,11,2,11
1403715906.334651947021484,25,1,13,11,11
1403715906.384656906127930,24,1,24,0,11
1403715906.434647798538208,25,1,21,3,11
1403715906.484646320343018,26,3,22,1,11
1403715906.534638404846191,29,3,19,4,11
1403715906.584636926651001,27,3,20,1,11
1403715906.634635448455811,23,1,18,3,11
1403715906.684631109237671,23,3,18,2,11
1403715906.734618186950684,25,3,19,3,11
1403715906.784619331359863,22,1,19,0,11
1403715906.834627389907837,21,1,15,4,11
1403715906.884627580642700,16,4,7,0,11
1403715906.934623956680298,16,1,6,1,11
1403715906.984629631042480,8,2,5,3,11
1403715907.034637689590454,8,3,1,4,11
1403715907.084628820419312,10,2,2,2,11
1403715907.134629249572754,5,0,1,0,11
1403715907.184629201889038,4,0,1,2,11
1403715907.234637022018433,17,2,3,14,11
1403715907.284630775451660,18,1,14,1,11
1403715907.334630966186523,17,0,13,0,11
1403715907.384636402130127,17,3,12,3,11
1403715907.434630155563354,16,0,14,1,11
1403715907.484632968902588,15,0,15,0,11
1403715907.534622430801392,21,0,13,8,11
1403715907.584625244140625,21,2,18,2,11
1403715907.634625673294067,24,1,20,3,11
1403715907.684635639190674,22,0,21,0,11
1403715907.734657287597656,28,5,20,7,11
1403715907.784671306610107,26,3,17,3,11
1403715907.834665060043335,27,4,11,6,11
1403715907.884656667709351,24,1,13,3,11
1403715907.934648752212524,25,0,12,6,11
1403715907.984643697738647,23,1,13,2,11
1403715908.034628868103027,23,1,15,3,11
1403715908.084596872329712,30,0,18,12,11
1403715908.134589195251465,29,2,27,1,11
1403715908.184586048126221,27,1,25,2,11
1403715908.234584569931030,28,0,23,3,11
1403715908.284570455551147,39,0,23,14,11
1403715908.334571361541748,35,1,33,1,11
1403715908.384561777114868,33,2,32,1,11
1403715908.434563159942627,33,0,31,2,11
1403715908.484556198120117,32,3,30,2,11
1403715908.534549236297607,36,1,24,7,11
1403715908.584535598754883,31,1,28,1,11
1403715908.634514093399048,37,0,25,11,11
1403715908.684502124786377,39,1,34,4,11
1403715908.734524965286255,33,0,24,0,11
1403715908.784518957138062,37,0,23,8,11
1403715908.834500074386597,32,1,29,2,11
1403715908.884482622146606,32,0,28,1,11
1403715908.934455633163452,47,2,28,17,11
1403715908.984417676925659,49,11,44,3,11
1403715909.034410953521729,46,0,43,0,11
1403715909.084412813186646,43,1,35,0,11
1403715909.134377241134644,45,2,33,7,11
1403715909.184404134750366,32,2,31,0,11
1403715909.234401226043701,39,0,30,9,11
1403715909.284427165985107,38,1,36,0,11
1403715909.334447860717773,49,0,35,11,11
1403715909.384447574615479,46,1,42,2,11
1403715909.434473752975464,44,1,41,0,11
1403715909.484489917755127,41,10,34,6,11
1403715909.534495353698730,41,1,38,0,11
1403715909.584501504898071,49,3,37,10,11
1403715909.634498596191406,47,3,42,1,11
1403715909.684504508972168,43,1,38,0,11
1403715909.734501838684082,46,4,32,6,11
1403715909.784507036209106,43,2,35,0,11
1403715909.834521770477295,42,7,31,6,11
1403715909.884531974792480,39,1,29,0,11
1403715909.934537410736084,35,3,23,0,11
1403715909.984542131423950,23,2,20,0,11
1403715910.034546613693237,18,6,16,0,11
1403715910.084558963775635,24,5,10,9,11
1403715910.134561061859131,19,8,14,2,11
1403715910.184578180313110,19,4,14,3,11
1403715910.234574079513550,12,2,10,0,11
1403715910.284578323364258,10,1,6,0,11
1403715910.334584474563599,0,6,0,0,11
1403715910.384599685668945,3,9,0,3,11
1403715910.434596300125122,3,4,2,0,11
1403715910.484593152999878,3,3,2,0,11
1403715910.534613370895386,15,2,2,13,11
1403715910.584604501724243,19,5,13,4,11
1403715910.634601354598999,18,1,13,0,11
1403715910.684589147567749,19,4,9,3,11
1403715910.734572172164917,20,4,10,5,11
1403715910.784547805786133,28,1,7,10,11
1403715910.834551334381104,26,1,10,1,11
1403715910.884555816650391,25,0,8,4,11
1403715910.934551000595093,21,1,3,11,11
1403715910.984551191329956,15,2,11,0,11
1403715911.034566879272461,13,1,10,1,11
1403715911.084583759307861,12,1,8,0,11
1403715911.134589433670044,11,0,6,0,11
1403715911.184590101242065,11,2,0,3,11
1403715911.234589338302612,11,1,3,2,11
1403715911.284590244293213,10,1,5,5,11
1403715911.334581851959229,10,1,10,0,11
1403715911.384581327438354,9,1,9,0,11
1403715911.434584140777588,5,2,2,2,11
1403715911.484625101089478,15,3,2,10,11
1403715911.534621477127075,15,1,12,1,11
1403715911.584609746932983,19,1,11,6,11
1403715911.634609460830688,15,1,11,2,11
1403715911.684604644775391,14,2,11,3,11
1403715911.734600067138672,18,2,14,4,11
1403715911.784595251083374,15,0,14,1,11
1403715911.834583282470703,26,4,13,12,11
1403715911.884555339813232,27,0,20,2,11
1403715911.934517621994019,33,2,15,6,11
1403715911.984509229660034,29,1,4,2,11
1403715912.034489154815674,29,3,2,8,11
1403715912.084484815597534,23,4,6,11,11
1403715912.134488821029663,21,0,15,0,11
1403715912.184486627578735,18,1,15,1,11
1403715912.234493732452393,17,0,16,1,11
1403715912.284502267837524,17,3,17,0,11
1403715912.334498167037964,19,3,17,2,11
1403715912.384489297866821,27,1,17,8,11
1403715912.434499263763428,32,2,23,5,11
1403715912.484511137008667,30,1,24,0,11
1403715912.534519672393799,31,5,22,4,11
1403715912.584529161453247,26,8,23,0,11
1403715912.634522914886475,31,3,24,7,11
1403715912.684536218643188,36,6,23,8,11
1403715912.734542369842529,39,3,25,6,11
1403715912.784544944763184,38,5,29,3,11
1403715912.834546566009521,38,10,28,8,11
1403715912.884550809860229,31,1,20,0,11
1403715912.934552431106567,24,2,15,1,11
1403715912.984553813934326,16,2,9,3,11
1403715913.034555912017822,9,1,5,1,11
1403715913.084581851959229,14,0,4,7,11
1403715913.134582042694092,10,4,3,1,11
1403715913.184581041336060,10,1,5,1,11
1403715913.234583377838135,14,1,5,8,11
1403715913.284589290618896,13,4,11,1,11
1403715913.334591388702393,12,0,9,1,11
1403715913.384589672088623,12,5,6,1,11
1403715913.434590339660645,16,8,11,5,11
1403715913.484584569931030,19,2,15,4,11
1403715913.534579038619995,29,3,19,10,11
1403715913.584569454193115,29,2,28,1,11
1403715913.634565353393555,31,1,27,3,11
1403715913.684561967849731,38,3,29,7,11
1403715913.734571695327759,41,1,34,4,11
1403715913.784600973129272,47,2,37,7,11
1403715913.834617853164673,48,5,43,3,11
1403715913.884630441665649,47,1,44,2,11
1403715913.934604883193970,47,5,39,3,11
1403715913.984599590301514,45,1,28,1,11
1403715914.034561634063721,47,6,27,7,11
1403715914.084523200988770,42,0,29,7,11
1403715914.134500980377197,46,0,35,6,11
1403715914.184492349624634,43,4,41,0,11
1403715914.234480857849121,39,2,34,1,11
1403715914.284444093704224,42,5,31,4,11
1403715914.334419250488281,40,1,32,5,11
1403715914.384406805038452,40,0,35,3,11
1403715914.434371709823608,49,2,37,10,11
1403715914.484373092651367,49,4,47,2,11
1403715914.534383535385132,47,2,47,0,11
1403715914.584392786026001,48,6,46,2,11
1403715914.634386301040649,49,5,47,2,11
1403715914.684388637542725,50,2,49,1,11
1403715914.734381437301636,48,2,47,0,11
1403715914.784361124038696,48,2,38,0,11
1403715914.834381818771362,47,5,44,0,11
1403715914.884398460388184,44,1,36,2,11
1403715914.934383869171143,46,5,34,7,11
1403715914.984373092651367,45,4,39,1,11
1403715915.034368991851807,47,4,40,6,11
1403715915.084377527236938,48,1,26,2,11
1403715915.134372949600220,48,0,28,1,11
1403715915.184338331222534,40,9,26,12,11
1403715915.234301328659058,41,7,23,1,11
1403715915.284271001815796,42,4,27,3,11
1403715915.334258556365967,42,4,23,11,11
1403715915.384251594543457,41,4,29,4,11
1403715915.434247255325317,43,2,27,5,11
1403715915.484247922897339,45,2,29,7,11
1403715915.534275531768799,47,0,34,8,11
1403715915.584275722503662,47,1,43,3,11
1403715915.634286165237427,45,5,45,0,11
1403715915.684277296066284,45,2,44,1,11
1403715915.734274864196777,45,3,44,0,11
1403715915.784223794937134,47,12,42,3,11
1403715915.834222555160522,46,4,45,0,11
1403715915.884224414825439,45,1,44,0,11
1403715915.934235811233521,45,10,43,0,11
1403715915.984271764755249,44,1,41,1,11
1403715916.034332275390625,44,3,37,1,11
1403715916.084336519241333,46,1,2,4,11
1403715916.134337425231934,46,2,2,4,11
1403715916.184338331222534,40,3,5,30,11
1403715916.234349489212036,37,0,35,1,11
1403715916.284342050552368,37,1,31,1,11
1403715916.334357261657715,37,4,31,0,11
1403715916.384370565414429,36,0,23,4,11
1403715916.434365987777710,35,4,13,1,11
1403715916.484366893768311,27,0,5,1,11
1403715916.534374237060547,27,0,3,13,11
1403715916.584376573562622,26,3,14,7,11
1403715916.634378910064697,25,0,19,2,11
1403715916.684388637542725,24,3,12,1,11
1403715916.734388351440430,23,1,4,1,11
1403715916.784388065338135,20,2,5,5,11
1403715916.834391832351685,19,2,7,9,11
1403715916.884401798248291,19,2,13,0,11
1403715916.934400796890259,16,1,0,2,11
1403715916.984400033950806,13,0,2,0,11
1403715917.034413814544678,14,0,2,12,11
1403715917.084417581558228,14,0,12,0,11
1403715917.134480476379395,19,3,10,8,11
1403715917.184524774551392,22,4,10,7,11
1403715917.234530687332153,20,1,14,0,11
1403715917.284546136856079,18,1,14,4,11
1403715917.334543943405151,19,2,17,1,11
1403715917.384549617767334,17,1,16,0,11
1403715917.434567451477051,19,1,15,4,11
1403715917.484583139419556,21,2,18,2,11
1403715917.534598112106323,25,1,18,4,11
1403715917.584618568420410,26,0,17,2,11
1403715917.634621858596802,29,2,14,5,11
1403715917.684617280960083,36,1,10,12,11
1403715917.734602928161621,33,2,14,3,11
1403715917.784596681594849,27,1,5,4,11
1403715917.834575891494751,25,0,6,6,11
1403715917.884563684463501,17,1,6,2,11
1403715917.934562921524048,17,0,2,4,11
1403715917.984564781188965,16,1,5,4,11
1403715918.034565210342407,15,0,2,5,11
1403715918.084564447402954,14,1,7,0,11
1403715918.134544849395752,14,0,5,7,11
1403715918.184539079666138,14,0,8,0,11
1403715918.234537601470947,14,1,6,2,11
1403715918.284537315368652,13,0,5,3,11
1403715918.334551095962524,13,4,8,2,11
1403715918.384556531906128,15,6,9,5,11
1403715918.434558391571045,15,1,11,0,11
1403715918.484565734863281,20,0,10,6,11
1403715918.534568309783936,22,6,13,5,11
1403715918.584569931030273,25,1,16,4,11
1403715918.634567975997925,27,1,19,5,11
1403715918.684575080871582,28,0,21,4,11
1403715918.734576940536499,32,1,25,6,11
1403715918.784578323364258,35,3,25,4,11
1403715918.834566354751587,32,5,26,1,11
1403715918.884561061859131,32,2,27,3,11
1403715918.934549331665039,35,7,29,6,11
1403715918.984541177749634,35,1,32,1,11
1403715919.034533262252808,38,2,33,3,11
1403715919.084513664245605,49,1,36,12,11
1403715919.134497880935669,50,3,47,2,11
1403715919.184463500976562,50,7,45,0,11
1403715919.234452009201050,50,7,46,1,11
1403715919.284442186355591,49,6,45,2,11
1403715919.334439039230347,49,1,46,0,11
1403715919.384433269500732,48,1,43,1,11
1403715919.434365510940552,49,12,44,2,11
1403715919.484348773956299,47,0,46,1,11
1403715919.534314393997192,48,1,40,1,11
1403715919.584281206130981,48,0,28,1,11
1403715919.634245634078979,46,0,40,5,11
1403715919.684232234954834,46,2,45,1,11
1403715919.734214067459106,48,0,46,2,11
1403715919.784195423126221,49,6,48,1,11
1403715919.834178447723389,49,8,49,0,11
1403715919.884160041809082,47,7,44,0,11
1403715919.934165477752686,47,1,43,1,11
1403715919.984164953231812,48,19,43,4,11
1403715920.034174442291260,50,8,47,2,11
1403715920.084182739257812,50,3,48,0,11
1403715920.134204387664795,49,0,43,1,11
1403715920.184223890304565,48,0,34,0,11
1403715920.234242916107178,49,2,24,11,11
1403715920.284251928329468,47,0,13,5,11
1403715920.334270238876343,43,0,34,5,11
1403715920.384262561798096,37,0,34,0,11
1403715920.434264898300171,37,0,32,0,11
1403715920.484269142150879,37,0,28,4,11
1403715920.534265279769897,36,1,28,1,11
1403715920.584272146224976,38,3,18,7,11
1403715920.634279489517212,35,2,18,6,11
1403715920.684278249740601,32,2,20,3,11
1403715920.734287023544312,27,0,20,2,11
1403715920.784292697906494,27,9,20,3,11
1403715920.834301233291626,26,5,20,1,11
1403715920.884314060211182,27,2,19,5,11
1403715920.934319972991943,25,1,20,1,11
1403715920.984325647354126,28,2,18,4,11
1403715921.034330606460571,27,3,19,2,11
1403715921.084328651428223,27,5,16,4,11
1403715921.134333610534668,23,4,19,1,11
1403715921.184348583221436,22,5,20,1,11
1403715921.234361648559570,23,1,21,2,11
1403715921.284374237060547,26,2,22,3,11
1403715921.334393501281738,27,6,20,1,11
1403715921.384405374526978,30,5,13,5,11
1403715921.434411764144897,45,2,18,21,11
1403715921.484414815902710,46,2,38,7,11
1403715921.534409523010254,49,4,43,3,11
1403715921.584410190582275,46,0,45,0,11
1403715921.634407520294189,46,6,45,1,11
1403715921.684401273727417,45,4,42,0,11
1403715921.734398126602173,42,4,35,2,11
1403715921.784392833709717,44,11,29,4,11
1403715921.834394693374634,45,4,25,8,11
1403715921.884397506713867,42,2,25,2,11
1403715921.934397697448730,38,4,25,4,11
1403715921.984401702880859,34,3,27,4,11
1403715922.034405708312988,32,1,27,0,11
1403715922.084400653839111,29,10,27,0,11
1403715922.134400367736816,28,6,20,5,11
1403715922.184400081634521,25,6,23,0,11
1403715922.234400033950806,22,4,17,1,11
1403715922.284401178359985,21,4,15,0,11
1403715922.334405183792114,25,2,15,8,11
1403715922.384405612945557,22,5,17,2,11
1403715922.434405565261841,26,7,19,4,11
1403715922.484401226043701,26,1,20,3,11
1403715922.534399271011353,25,4,21,1,11
1403715922.584400892257690,21,11,14,2,11
1403715922.634400129318237,17,3,14,0,11
1403715922.684392213821411,16,4,11,3,11
1403715922.734387874603271,14,4,10,0,11
1403715922.784378051757812,16,1,8,4,11
1403715922.834372520446777,16,1,7,3,11
1403715922.884368181228638,14,2,9,0,11
1403715922.934363365173340,16,0,9,5,11
1403715922.984365224838257,17,2,8,3,11
1403715923.034367084503174,21,0,9,7,11
1403715923.084367036819458,25,3,11,6,11
1403715923.134366989135742,25,0,15,3,11
1403715923.184371471405029,23,0,17,3,11
1403715923.234369516372681,22,0,10,1,11
1403715923.284374475479126,21,6,8,2,11
1403715923.334381341934204,19,2,2,8,11
1403715923.384381771087646,17,1,5,1,11
1403715923.434385538101196,12,1,2,4,11
1403715923.484387397766113,10,1,4,2,11
1403715923.534389257431030,11,3,2,3,11
1403715923.584390401840210,9,0,3,0,11
1403715923.634390830993652,9,0,0,4,11
1403715923.684386968612671,10,1,2,3,11
1403715923.734386920928955,10,0,1,3,11
1403715923.784387350082397,8,0,2,0,11
1403715923.834389209747314,6,0,2,2,11
1403715923.884388208389282,7,0,2,3,11
1403715923.934387683868408,8,1,3,1,11
1403715923.984387397766113,9,0,3,3,11
1403715924.034398317337036,13,2,4,6,11
1403715924.084392547607422,19,1,7,8,11
1403715924.134391069412231,18,3,8,1,11
1403715924.184391736984253,18,4,6,3,11
1403715924.234393596649170,15,4,3,3,11
1403715924.284392833709717,14,0,3,4,11
1403715924.334393024444580,12,3,5,4,11
1403715924.384394645690918,21,2,6,10,11
1403715924.434395790100098,20,4,11,2,11
1403715924.484396457672119,19,4,11,3,11
1403715924.534397602081299,15,3,12,0,11
1403715924.584400892257690,16,3,8,4,11
1403715924.634402990341187,13,1,9,1,11
1403715924.684404373168945,13,3,9,1,11
1403715924.734407901763916,12,5,9,2,11
1403715924.784412145614624,13,9,11,2,11
1403715924.834418296813965,16,8,10,6,11
1403715924.884419202804565,16,4,10,0,11
1403715924.934429645538330,19,6,6,6,11
1403715924.984436750411987,14,6,8,1,11
1403715925.034456968307495,13,5,7,4,11
1403715925.084473609924316,14,5,8,4,11
1403715925.134477376937866,13,5,7,2,11
1403715925.184474229812622,11,5,4,3,11
1403715925.234462499618530,21,0,4,13,11
1403715925.284467458724976,23,2,12,3,11
1403715925.334458112716675,21,7,10,3,11
1403715925.384454488754272,13,3,11,0,11
1403715925.434433221817017,14,8,9,3,11
1403715925.484428405761719,12,2,10,0,11
1403715925.534391164779663,18,4,7,8,11
1403715925.584374904632568,19,6,8,6,11
1403715925.634375810623169,21,4,11,3,11
1403715925.684384346008301,19,3,12,3,11
1403715925.734391927719116,18,2,12,3,11
1403715925.784403562545776,22,2,15,7,11
1403715925.834401130676270,22,6,18,1,11
1403715925.884400606155396,20,10,15,2,11
1403715925.934403181076050,21,9,14,5,11
1403715925.984416484832764,28,9,18,8,11
1403715926.034412145614624,27,3,15,1,11
1403715926.084409952163696,29,3,15,6,11
1403715926.134407520294189,29,8,18,8,11
1403715926.184409856796265,29,1,19,1,11
1403715926.234416961669922,27,8,16,3,11
1403715926.284422636032104,24,1,15,5,11
1403715926.334424018859863,18,4,15,1,11
1403715926.384419918060303,16,6,12,2,11
1403715926.434417486190796,16,2,11,2,11
1403715926.484415531158447,13,5,10,1,11
1403715926.534414052963257,16,3,9,6,11
1403715926.584407329559326,17,5,13,1,11
1403715926.634395360946655,22,6,12,9,11
1403715926.684392690658569,21,10,21,0,11
1403715926.734392881393433,25,2,21,4,11
1403715926.784403085708618,28,7,23,4,11
1403715926.834401130676270,28,3,24,2,11
1403715926.884395599365234,32,7,22,5,11
1403715926.934382915496826,35,1,22,5,11
1403715926.984376907348633,34,1,27,2,11
1403715927.034343004226685,33,2,26,5,11
1403715927.084319353103638,34,3,26,2,11
1403715927.134289026260376,40,3,24,8,11
1403715927.184238672256470,47,3,30,11,11
1403715927.234216451644897,43,7,37,5,11
1403715927.284204483032227,46,5,39,5,11
1403715927.334197998046875,42,1,40,0,11
1403715927.384186267852783,43,7,34,7,11
1403715927.434177398681641,46,1,39,3,11
1403715927.484166145324707,45,8,37,4,11
1403715927.534180641174316,43,3,38,1,11
1403715927.584191083908081,41,1,35,0,11
1403715927.634213209152222,48,4,35,9,11
1403715927.684242010116577,42,2,39,2,11
1403715927.734262704849243,43,0,40,1,11
1403715927.784291267395020,45,0,40,3,11
1403715927.834327697753906,45,0,36,2,11
1403715927.884358882904053,49,7,39,6,11
1403715927.934364318847656,44,0,43,0,11
1403715927.984373569488525,43,2,41,0,11
1403715928.034371376037598,42,2,38,1,11
1403715928.084366321563721,47,18,35,8,11
1403715928.134366989135742,42,5,41,0,11
1403715928.184370279312134,36,2,35,0,11
1403715928.234355926513672,36,3,30,3,11
1403715928.284363508224487,33,4,30,1,11
1403715928.334364891052246,30,6,26,0,11
1403715928.384372234344482,23,10,21,0,11
1403715928.434379816055298,21,2,12,0,11
1403715928.484376192092896,22,6,5,1,11
1403715928.534371852874756,12,6,5,1,11
1403715928.584372043609619,6,0,5,1,11
1403715928.634352207183838,14,5,5,8,11
1403715928.684335470199585,14,5,11,2,11
1403715928.734323024749756,14,4,7,1,11
1403715928.784291744232178,21,2,9,9,11
1403715928.834289312362671,20,2,15,3,11
1403715928.884281635284424,21,5,17,2,11
1403715928.934283733367920,19,8,18,0,11
1403715928.984288215637207,22,0,16,4,11
1403715929.034297943115234,25,2,19,5,11
1403715929.084304094314575,23,3,22,0,11
1403715929.134333610534668,29,2,20,7,11
1403715929.184338808059692,36,3,26,8,11
1403715929.234339714050293,35,0,32,0,11
1403715929.284341335296631,42,3,29,10,11
1403715929.334342479705811,42,9,34,2,11
1403715929.384359836578369,38,4,21,0,11
1403715929.434350490570068,41,10,21,9,11
1403715929.484347581863403,33,8,26,6,11
1403715929.534332990646362,32,9,30,0,11
1403715929.584318399429321,36,7,26,5,11
1403715929.634309530258179,35,2,28,2,11
1403715929.684295892715454,33,0,29,1,11
1403715929.734278440475464,33,2,30,2,11
1403715929.784261226654053,33,6,30,2,11
1403715929.834254980087280,32,1,29,0,11
1403715929.884246587753296,39,5,26,9,11
1403715929.934250116348267,49,2,34,12,11
1403715929.984250545501709,47,2,44,0,11
1403715930.034247875213623,46,4,25,3,11
1403715930.084229946136475,48,16,25,4,11
1403715930.134234189987183,40,1,24,11,11
1403715930.184240102767944,40,2,34,1,11
1403715930.234238862991333,39,0,30,4,11
1403715930.284251213073730,43,0,34,5,11
1403715930.334263563156128,41,1,37,2,11
1403715930.384270906448364,41,0,39,1,11
1403715930.434279918670654,41,0,40,1,11
1403715930.484287500381470,47,0,38,8,11
1403715930.534288883209229,47,1,46,0,11
1403715930.584289312362671,50,1,46,4,11
1403715930.634282588958740,49,2,48,0,11
1403715930.684266567230225,48,21,48,0,11
1403715930.734254598617554,50,3,48,2,11
1403715930.784245729446411,48,1,48,0,11
1403715930.834223985671997,49,6,48,1,11
1403715930.884225845336914,49,3,48,1,11
1403715930.934229135513306,47,2,46,1,11
1403715930.984229326248169,47,0,46,0,11
1403715931.034230709075928,49,4,44,3,11
1403715931.084234714508057,50,1,44,2,11
1403715931.134239196777344,48,2,43,1,11
1403715931.184235334396362,47,10,42,3,11
1403715931.234223127365112,47,5,43,1,11
1403715931.284215211868286,46,17,42,2,11
1403715931.334212303161621,48,2,41,5,11
1403715931.384214878082275,45,5,42,0,11
1403715931.434216737747192,50,6,40,6,11
1403715931.484217882156372,44,5,41,1,11
1403715931.534220695495605,39,5,37,0,11
1403715931.584221124649048,38,2,31,6,11
1403715931.634218931198120,38,1,36,0,11
1403715931.684213638305664,39,3,34,3,11
1403715931.734209060668945,34,0,31,1,11
1403715931.784204721450806,32,5,25,5,11
1403715931.834203481674194,29,2,25,1,11
1403715931.884201288223267,32,8,20,11,11
1403715931.934203147888184,30,9,27,1,11
1403715931.984202146530151,26,3,23,0,11
1403715932.034200668334961,26,2,22,2,11
1403715932.084197998046875,27,5,20,4,11
1403715932.134196043014526,27,6,22,0,11
1403715932.184195041656494,28,4,19,5,11
1403715932.234189510345459,26,4,15,5,11
1403715932.284190654754639,24,1,15,1,11
1403715932.334190368652344,20,6,12,1,11
1403715932.384190797805786,18,3,11,4,11
1403715932.434191226959229,17,5,15,1,11
1403715932.484194040298462,19,4,15,3,11
1403715932.534193754196167,20,1,18,1,11
1403715932.584190607070923,20,5,19,1,11
1403715932.634188652038574,21,5,17,1,11
1403715932.684187889099121,20,4,13,0,11
1403715932.734181165695190,17,1,8,3,11
1403715932.784178495407104,17,3,8,4,11
1403715932.834171295166016,17,1,8,2,11
1403715932.884165287017822,16,0,7,2,11
1403715932.934154033660889,15,5,7,3,11
1403715932.984138488769531,14,5,9,2,11
1403715933.034137010574341,12,1,6,1,11
1403715933.084120273590088,13,1,3,2,11
1403715933.134112358093262,12,1,5,3,11
1403715933.184112787246704,12,2,6,4,11
1403715933.234112977981567,12,2,9,0,11
1403715933.284113883972168,9,4,4,1,11
1403715933.334117174148560,8,3,4,0,11
1403715933.384118318557739,8,1,3,3,11
1403715933.434121131896973,7,2,3,1,11
1403715933.484136343002319,9,6,3,4,11
1403715933.534139633178711,10,4,5,3,11
1403715933.584147453308105,13,6,6,5,11
1403715933.634143114089966,16,0,6,10,11
1403715933.684144973754883,21,1,15,5,11
1403715933.734144210815430,20,0,19,0,11
1403715933.784139156341553,28,0,19,8,11
1403715933.834133148193359,27,3,26,0,11
1403715933.884121179580688,29,4,26,2,11
1403715933.934115648269653,36,9,20,8,11
1403715933.984092712402344,39,24,24,8,11
1403715934.034088373184204,33,8,27,4,11
1403715934.084086418151855,29,12,18,3,11
1403715934.134081363677979,22,6,8,1,11
1403715934.184079885482788,16,3,4,1,11
1403715934.234078645706177,8,0,2,1,11
1403715934.284079313278198,2,5,2,0,11
1403715934.334075927734375,2,0,2,0,11
1403715934.384076356887817,0,9,0,0,11
1403715934.434076070785522,0,6,0,0,11
1403715934.484076023101807,0,0,0,0,11
1403715934.534095048904419,0,8,0,0,11
1403715934.584095478057861,0,2,0,0,11
1403715934.634117364883423,3,1,0,3,11
1403715934.684118509292603,3,1,2,0,11
1403715934.734139919281006,9,1,2,6,11
1403715934.784138917922974,8,1,7,0,11
1403715934.834125041961670,11,1,5,3,11
1403715934.884101152420044,14,2,6,4,11
1403715934.934078454971313,19,6,10,7,11
1403715934.984071969985962,30,12,16,12,11
1403715935.034067153930664,33,2,20,6,11
1403715935.084066867828369,28,8,13,2,11
1403715935.134065389633179,17,8,9,5,11
1403715935.184062004089355,13,1,13,0,11
1403715935.234057426452637,11,4,11,0,11
1403715935.284054756164551,11,1,11,0,11
1403715935.334048271179199,11,1,8,0,11
1403715935.384048223495483,11,1,6,1,11
1403715935.434045791625977,8,8,7,0,11
1403715935.484030485153198,9,5,5,4,11
1403715935.534008264541626,11,4,6,4,11
1403715935.583998918533325,11,3,7,2,11
1403715935.633983612060547,14,5,8,5,11
1403715935.683975458145142,14,2,11,1,11
1403715935.733975410461426,18,3,11,7,11
1403715935.783973217010498,25,3,17,7,11
1403715935.833969116210938,28,2,23,5,11
1403715935.883972883224487,36,1,26,9,11
1403715935.933985948562622,44,0,35,8,11
1403715935.983998537063599,43,0,42,0,11
1403715936.034045934677124,48,8,41,5,11
1403715936.084072589874268,47,1,44,1,11
1403715936.134085178375244,46,2,32,1,11
1403715936.184091091156006,47,14,32,3,11
1403715936.234088182449341,35,2,29,6,11
1403715936.284084081649780,34,4,29,0,11
1403715936.334075927734375,32,3,25,0,11
1403715936.384080171585083,33,3,21,6,11
1403715936.434080362319946,32,2,25,1,11
1403715936.484079360961914,25,1,21,1,11
1403715936.534076213836670,25,1,21,1,11
1403715936.584068775177002,24,1,22,1,11
1403715936.634062051773071,23,5,22,1,11
1403715936.684041976928711,29,1,20,6,11
1403715936.734035015106201,29,0,25,0,11
1403715936.784024715423584,28,2,24,1,11
1403715936.834018468856812,39,0,25,14,11
1403715936.884014606475830,41,2,38,2,11
1403715936.934014558792114,42,2,22,1,11
1403715936.984016180038452,45,3,33,4,11
1403715937.034022092819214,44,3,37,7,11
1403715937.084022283554077,46,1,42,3,11
1403715937.134020090103149,46,0,44,0,11
1403715937.184018850326538,46,0,43,1,11
1403715937.234014511108398,48,2,40,5,11
1403715937.284021377563477,48,1,43,1,11
1403715937.334028005599976,47,0,43,1,11
1403715937.384041786193848,47,5,40,3,11
1403715937.434045553207397,47,0,28,3,11
1403715937.484044075012207,43,6,21,3,11
1403715937.534035921096802,38,0,18,9,11
1403715937.584025144577026,37,0,26,6,11
1403715937.634016752243042,39,2,26,9,11
1403715937.684014081954956,37,3,34,0,11
1403715937.734012126922607,38,2,33,3,11
1403715937.784011602401733,37,4,33,1,11
1403715937.834011316299438,35,2,33,1,11
1403715937.884012699127197,33,3,31,1,11
1403715937.934014081954956,33,4,33,0,11
1403715937.984014034271240,36,2,31,3,11
1403715938.034014225006104,32,2,31,0,11
1403715938.084018707275391,44,8,28,14,11
1403715938.134019136428833,47,0,41,4,11
1403715938.184019327163696,45,1,42,2,11
1403715938.234027147293091,49,13,44,5,11
1403715938.284037828445435,45,18,40,1,11
1403715938.334050178527832,45,4,38,2,11
1403715938.384057521820068,41,4,37,0,11
1403715938.434061288833618,38,3,36,0,11
1403715938.484064340591431,37,2,33,0,11
1403715938.534070014953613,30,6,25,1,11
1403715938.584069728851318,29,3,29,0,11
1403715938.634077310562134,29,1,25,0,11
1403715938.684099197387695,42,4,24,16,11
1403715938.734104871749878,40,1,38,0,11
1403715938.784106254577637,38,2,38,0,11
1403715938.834112644195557,42,5,37,4,11
1403715938.884118556976318,49,6,40,9,11
1403715938.934119701385498,49,4,49,0,11
1403715938.984120130538940,50,9,48,1,11
1403715939.034111976623535,50,3,48,0,11
1403715939.084109306335449,50,2,47,1,11
1403715939.134095668792725,47,12,46,1,11
1403715939.184093713760376,40,3,39,1,11
1403715939.234100341796875,39,8,38,0,11
1403715939.284099340438843,38,4,36,1,11
1403715939.334096908569336,37,3,36,0,11
1403715939.384093761444092,38,4,30,2,11
1403715939.434094190597534,36,8,26,0,11
1403715939.484095811843872,32,4,17,5,11
1403715939.534097433090210,28,3,15,3,11
1403715939.584106445312500,29,3,13,6,11
1403715939.634109258651733,25,5,11,5,11
1403715939.684113264083862,17,0,10,2,11
1403715939.734123945236206,16,1,7,5,11
1403715939.784127712249756,16,1,9,1,11
1403715939.834131002426147,14,0,7,2,11
1403715939.884160041809082,20,1,8,9,11
1403715939.934161424636841,18,0,4,0,11
1403715939.984164476394653,17,0,4,0,11
1403715940.034203052520752,21,0,1,17,11
1403715940.084207296371460,21,2,15,0,11
1403715940.134215116500854,22,1,14,4,11
1403715940.184232950210571,21,3,13,2,11
1403715940.234238147735596,20,3,11,0,11
1403715940.284250020980835,24,2,9,9,11
1403715940.334262132644653,24,3,15,5,11
1403715940.384271144866943,25,10,13,4,11
1403715940.434281826019287,28,9,18,5,11
1403715940.484281778335571,27,3,21,4,11
1403715940.534281969070435,27,7,22,0,11
1403715940.584281206130981,27,0,22,2,11
1403715940.634280443191528,24,2,23,1,11
1403715940.684280872344971,19,1,17,2,11
1403715940.734273195266724,23,1,18,5,11
1403715940.784269094467163,22,0,18,1,11
1403715940.834260225296021,30,0,17,8,11
1403715940.884254932403564,27,6,22,1,11
1403715940.934247016906738,35,7,21,10,11
1403715940.984243869781494,40,15,23,8,11
1403715941.034229993820190,43,14,25,5,11
1403715941.084219217300415,42,24,18,11,11
1403715941.134220361709595,22,5,12,1,11
1403715941.184221506118774,17,5,9,3,11
1403715941.234216690063477,7,7,4,0,11
1403715941.284219503402710,5,4,4,0,11
1403715941.334219455718994,3,7,3,0,11
1403715941.384219884872437,2,5,2,0,11
1403715941.434224843978882,1,11,1,0,11
1403715941.484224319458008,1,2,1,0,11
1403715941.534226655960083,1,5,1,0,11
1403715941.584245681762695,7,3,1,6,11
1403715941.634250164031982,7,2,4,1,11
1403715941.684252262115479,11,2,3,4,11
1403715941.734260320663452,12,3,6,4,11
1403715941.784259796142578,15,4,7,7,11
1403715941.834258794784546,13,1,12,0,11
1403715941.884253263473511,17,1,12,5,11
1403715941.934250354766846,30,2,17,13,11
1403715941.984251976013184,33,0,30,3,11
1403715942.034252643585205,36,0,33,3,11
1403715942.084261894226074,37,6,34,3,11
1403715942.134264469146729,36,6,30,2,11
1403715942.184263229370117,39,4,30,4,11
1403715942.234263658523560,31,7,30,0,11
1403715942.284266233444214,27,4,21,1,11
1403715942.334266662597656,26,4,18,2,11
1403715942.384264469146729,25,2,18,4,11
1403715942.434262275695801,14,0,12,1,11
1403715942.484261274337769,11,0,10,0,11
1403715942.534260272979736,10,2,8,1,11
1403715942.584260702133179,5,5,4,0,11
1403715942.634271383285522,9,2,3,6,11
1403715942.684277057647705,11,4,4,4,11
1403715942.734279632568359,4,5,0,3,11
1403715942.784287214279175,8,5,2,4,11
1403715942.834289550781250,9,3,2,2,11
1403715942.884313583374023,20,0,4,12,11
1403715942.934316635131836,17,2,6,2,11
1403715942.984331130981445,22,1,8,5,11
1403715943.034350156784058,28,1,13,15,11
1403715943.084362506866455,35,2,28,7,11
1403715943.134395599365234,49,5,35,14,11
1403715943.184418201446533,49,15,44,1,11
1403715943.234429359436035,48,19,40,1,11
1403715943.284442424774170,45,15,33,5,11
1403715943.334447622299194,38,1,29,0,11
1403715943.384447097778320,33,4,17,1,11
1403715943.434443712234497,25,6,14,2,11
1403715943.484440565109253,22,4,6,5,11
1403715943.534435033798218,21,3,11,4,11
1403715943.584436416625977,17,0,12,3,11
1403715943.634437561035156,22,0,13,5,11
1403715943.684444189071655,19,1,11,0,11
1403715943.734448909759521,17,1,11,0,11
1403715943.784452915191650,11,1,9,1,11
1403715943.834435462951660,18,0,5,7,11
1403715943.884434938430786,19,0,2,3,11
1403715943.934434652328491,16,0,1,2,11
1403715943.984467506408691,25,0,3,18,11
1403715944.034471750259399,24,1,10,3,11
1403715944.084484100341797,25,11,11,1,11
1403715944.134497880935669,22,1,12,8,11
1403715944.184507846832275,22,2,19,2,11
1403715944.234513998031616,21,2,16,0,11
1403715944.284514188766479,18,4,13,1,11
1403715944.334514617919922,18,3,15,2,11
1403715944.384515285491943,18,1,16,2,11
1403715944.434516191482544,15,1,15,0,11
1403715944.484516620635986,11,1,11,0,11
1403715944.534520149230957,10,4,8,2,11
1403715944.584520339965820,9,2,9,0,11
1403715944.634523153305054,11,2,8,2,11
1403715944.684525012969971,19,1,9,8,11
1403715944.734526395797729,20,0,4,3,11
1403715944.784528493881226,27,0,0,7,11
1403715944.834528446197510,19,0,0,6,11
1403715944.884534597396851,17,0,5,5,11
1403715944.934539556503296,16,1,8,5,11
1403715944.984539270401001,16,5,11,1,11
1403715945.034537315368652,16,10,7,2,11
1403715945.084537267684937,11,8,7,0,11
1403715945.134551286697388,13,8,3,5,11
1403715945.184551954269409,9,2,5,0,11
1403715945.234552621841431,7,6,4,1,11
1403715945.284556627273560,6,4,2,2,11
1403715945.334553956985474,5,8,3,0,11
1403715945.384553909301758,3,11,2,0,11
1403715945.434552907943726,3,1,1,1,11
1403715945.484534025192261,9,1,1,6,11
1403715945.534533977508545,8,4,1,1,11
1403715945.584512472152710,12,1,0,5,11
1403715945.634475708007812,17,0,1,11,11
1403715945.684472799301147,17,1,6,1,11
1403715945.734469652175903,14,4,7,1,11
1403715945.784459114074707,11,3,7,3,11
1403715945.834446430206299,14,0,8,3,11
1403715945.884445190429688,13,4,10,1,11
1403715945.934439897537231,11,1,8,2,11
1403715945.984434127807617,12,2,9,1,11
1403715946.034430742263794,10,9,7,0,11
1403715946.084428548812866,9,2,3,0,11
1403715946.134421586990356,10,1,3,4,11
1403715946.184416294097900,8,2,5,2,11
1403715946.234411239624023,13,0,7,5,11
1403715946.284405469894409,14,0,10,2,11
1403715946.334387779235840,26,0,7,13,11
1403715946.384377479553223,30,2,14,6,11
1403715946.434368371963501,34,0,16,7,11
1403715946.484359979629517,37,6,22,12,11
1403715946.534356117248535,36,12,31,2,11
1403715946.584354639053345,30,10,25,0,11
1403715946.634356498718262,25,6,18,2,11
1403715946.684359073638916,20,4,16,3,11
1403715946.734364986419678,21,17,16,1,11
1403715946.784370422363281,19,1,14,2,11
1403715946.834376096725464,20,6,15,5,11
1403715946.884383678436279,20,5,17,0,11
1403715946.934388160705566,16,4,8,1,11
1403715946.984398841857910,16,3,6,4,11
1403715947.034401893615723,13,9,5,1,11
1403715947.084420680999756,21,1,3,10,11
1403715947.134419679641724,13,3,4,1,11
1403715947.184418916702271,14,1,3,4,11
1403715947.234418869018555,12,1,3,4,11
1403715947.284422159194946,12,0,7,2,11
1403715947.334426164627075,12,0,7,3,11
1403715947.384420871734619,20,3,7,9,11
1403715947.434424638748169,19,3,13,1,11
1403715947.484427928924561,18,1,11,3,11
1403715947.534428358078003,15,4,10,2,11
1403715947.584435701370239,22,5,11,9,11
1403715947.634436130523682,17,10,14,3,11
1403715947.684433937072754,19,1,17,2,11
1403715947.734433174133301,19,2,17,1,11
1403715947.784432411193848,21,2,16,3,11
1403715947.834434986114502,18,6,15,0,11
1403715947.884438514709473,14,4,13,0,11
1403715947.934441328048706,8,11,4,0,11
1403715947.984442472457886,7,5,4,0,11
1403715948.034447908401489,11,2,4,7,11
1403715948.084449052810669,11,5,10,1,11
1403715948.134456157684326,15,3,10,5,11
1403715948.184446334838867,25,2,10,10,11
1403715948.234433650970459,31,0,15,7,11
1403715948.284415960311890,32,0,23,5,11
1403715948.334395408630371,39,3,24,12,11
1403715948.384374618530273,50,13,36,11,11
1403715948.434374570846558,50,5,47,1,11
1403715948.484372615814209,49,22,48,0,11
1403715948.534368515014648,48,10,43,1,11
1403715948.584371089935303,47,9,36,2,11
1403715948.634369134902954,40,5,30,2,11
1403715948.684365510940552,33,5,29,0,11
1403715948.734360218048096,30,3,27,1,11
1403715948.784353971481323,27,0,17,0,11
1403715948.834346294403076,22,1,15,1,11
1403715948.884337425231934,21,1,12,5,11
1403715948.934337139129639,18,1,3,1,11
1403715948.984335422515869,16,3,3,1,11
1403715949.034328460693359,13,0,1,9,11
1403715949.084322452545166,16,1,5,5,11
1403715949.134318351745605,17,3,7,3,11
1403715949.184315204620361,15,2,8,2,11
1403715949.234312534332275,17,2,10,5,11
1403715949.284307003021240,16,2,13,1,11
1403715949.334305763244629,16,2,3,0,11
1403715949.384305477142334,15,1,0,1,11
1403715949.434296369552612,15,1,1,11,11
1403715949.484293937683105,13,1,7,5,11
1403715949.534296035766602,13,0,10,0,11
1403715949.584297418594360,14,0,8,1,11
1403715949.634301900863647,12,3,7,1,11
1403715949.684303283691406,11,0,3,2,11
1403715949.734303951263428,9,1,3,0,11
1403715949.784307718276978,10,1,4,5,11
1403715949.834309101104736,14,4,8,5,11
1403715949.884313106536865,17,1,13,3,11
1403715949.934316635131836,21,1,14,6,11
1403715949.984318971633911,23,6,16,3,11
1403715950.034322261810303,28,11,14,6,11
1403715950.084321022033691,34,6,20,9,11
1403715950.134319782257080,30,7,22,4,11
1403715950.184319019317627,30,6,22,5,11
1403715950.234320163726807,24,1,21,3,11
1403715950.284320354461670,24,6,18,5,11
1403715950.334323406219482,24,3,21,1,11
1403715950.384323835372925,22,3,20,0,11
1403715950.434322595596313,20,3,19,0,11
1403715950.484322309494019,16,9,15,0,11
1403715950.534319400787354,16,4,14,0,11
1403715950.584315061569214,16,6,14,2,11
1403715950.634311437606812,19,4,14,3,11
1403715950.684311151504517,18,1,14,0,11
1403715950.734306573867798,17,3,11,4,11
1403715950.784309148788452,15,8,11,3,11
1403715950.834308862686157,15,1,12,2,11
1403715950.884313344955444,19,0,11,5,11
1403715950.934316158294678,21,5,13,2,11
1403715950.984318733215332,18,1,12,1,11
1403715951.034319162368774,13,2,9,0,11
1403715951.084321022033691,16,4,6,5,11
1403715951.134321928024292,14,0,10,1,11
1403715951.184326648712158,12,2,7,2,11
1403715951.234326362609863,12,5,3,0,11
1403715951.284325838088989,10,1,3,2,11
1403715951.334325075149536,7,1,2,3,11
1403715951.384321212768555,2,5,2,0,11
1403715951.434319734573364,3,1,1,1,11
1403715951.484319210052490,3,1,1,0,11
1403715951.534318208694458,3,1,0,1,11
1403715951.584299802780151,10,0,1,8,11
1403715951.634299278259277,10,1,1,1,11
1403715951.684257507324219,16,0,2,6,11
1403715951.734239339828491,16,2,5,8,11
1403715951.784234762191772,24,3,11,8,11
1403715951.834236860275269,33,4,19,11,11
1403715951.884237527847290,31,3,20,3,11
1403715951.934240341186523,36,4,20,6,11
1403715951.984238862991333,34,4,21,6,11
1403715952.034237861633301,34,4,24,1,11
1403715952.084238052368164,27,6,21,1,11
1403715952.134236812591553,23,4,17,1,11
1403715952.184235095977783,15,9,13,1,11
1403715952.234235048294067,13,9,10,0,11
1403715952.284236907958984,9,5,5,0,11
1403715952.334237337112427,6,1,3,1,11
1403715952.384236335754395,4,3,4,0,11
1403715952.434235572814941,5,3,4,1,11
1403715952.484234094619751,6,1,4,1,11
1403715952.534233808517456,6,1,2,0,11
1403715952.584236145019531,8,2,1,3,11
1403715952.634235382080078,8,1,2,3,11
1403715952.684235334396362,8,1,2,1,11
1403715952.734229326248169,9,1,2,3,11
1403715952.784228086471558,6,2,1,1,11
1403715952.834223747253418,7,2,0,2,11
1403715952.884224176406860,7,2,0,3,11
1403715952.934223175048828,5,2,2,0,11
1403715952.984214305877686,6,6,3,3,11
1403715953.034202337265015,9,9,1,3,11
1403715953.084200859069824,5,1,3,0,11
1403715953.134200811386108,4,1,1,1,11
1403715953.184189081192017,4,7,1,3,11
1403715953.234189271926880,3,5,2,0,11
1403715953.284190654754639,2,6,2,0,11
1403715953.334189891815186,3,2,2,1,11
1403715953.384187698364258,3,4,0,2,11
1403715953.434189319610596,4,2,2,1,11
1403715953.484190225601196,4,1,2,1,11
1403715953.534191608428955,5,3,3,1,11
1403715953.584198236465454,8,2,4,4,11
1403715953.634203910827637,10,2,3,2,11
1403715953.684213161468506,23,6,0,13,11
1403715953.734220743179321,21,3,2,5,11
1403715953.784229278564453,25,7,5,11,11
1403715953.834233045578003,27,2,17,9,11
1403715953.884233713150024,26,5,25,1,11
1403715953.934233188629150,25,7,24,0,11
1403715953.984232664108276,31,6,22,7,11
1403715954.034232854843140,28,12,23,2,11
1403715954.084233522415161,22,4,17,1,11
1403715954.134234189987183,17,5,13,1,11
1403715954.184235334396362,13,3,10,0,11
1403715954.234237194061279,12,9,10,0,11
1403715954.284240007400513,12,3,6,2,11
1403715954.334245204925537,14,2,3,6,11
1403715954.384250640869141,15,3,5,4,11
1403715954.434254407882690,13,2,6,4,11
1403715954.484256982803345,14,3,8,2,11
1403715954.534260511398315,14,11,6,5,11
1403715954.584262132644653,12,6,8,0,11
1403715954.634264945983887,15,0,6,5,11
1403715954.684268236160278,15,6,5,3,11
1403715954.734272241592407,13,3,9,0,11
1403715954.784277677536011,12,0,6,3,11
1403715954.834289789199829,19,1,4,8,11
1403715954.884294033050537,20,0,12,4,11
1403715954.934297561645508,20,7,14,1,11
1403715954.984299421310425,23,7,15,6,11
1403715955.034300327301025,18,2,17,1,11
1403715955.084300041198730,18,2,17,1,11
1403715955.134299039840698,17,8,17,0,11
1403715955.184299707412720,14,8,11,2,11
1403715955.234298467636108,17,5,13,3,11
1403715955.284296274185181,18,2,15,3,11
1403715955.334297895431519,17,3,14,0,11
1403715955.384299516677856,13,3,11,0,11
1403715955.434298753738403,13,8,7,3,11
1403715955.484299421310425,13,0,9,2,11
1403715955.534304141998291,18,3,11,7,11
1403715955.584305286407471,20,2,16,4,11
1403715955.634310007095337,22,2,18,3,11
1403715955.684311628341675,28,2,21,6,11
1403715955.734307765960693,28,2,27,1,11
1403715955.784300088882446,28,2,27,0,11
1403715955.834293842315674,42,5,23,14,11
1403715955.884293794631958,42,5,31,2,11
1403715955.934292554855347,38,5,27,2,11
1403715955.984292745590210,34,4,26,1,11
1403715956.034295320510864,28,4,22,3,11
1403715956.084296226501465,22,6,19,0,11
1403715956.134296417236328,20,0,16,0,11
1403715956.184297323226929,19,2,16,0,11
1403715956.234298944473267,20,2,15,3,11
1403715956.284301042556763,20,1,15,1,11
1403715956.334304094314575,18,2,14,0,11
1403715956.384304523468018,20,1,8,6,11
1403715956.434305191040039,16,4,8,1,11
1403715956.484306097030640,11,6,5,2,11
1403715956.534300088882446,15,1,3,7,11
1403715956.584301233291626,16,1,3,2,11
1403715956.634301424026489,18,0,2,6,11
1403715956.684301614761353,19,0,4,8,11
1403715956.734302759170532,19,0,12,4,11
1403715956.784305334091187,19,0,12,3,11
1403715956.834306001663208,19,0,7,1,11
1403715956.884305953979492,18,4,3,2,11
1403715956.934342384338379,30,1,5,20,11
1403715956.984346389770508,29,3,15,5,11
1403715957.034349918365479,32,0,18,4,11
1403715957.084347009658813,26,2,17,5,11
1403715957.134346246719360,25,1,8,0,11
1403715957.184342622756958,23,3,5,4,11
1403715957.234342813491821,19,1,4,10,11
1403715957.284342527389526,15,0,13,0,11
1403715957.334342479705811,13,1,13,0,11
1403715957.384342193603516,13,7,13,0,11
1403715957.434341907501221,15,0,13,2,11
1403715957.484342575073242,19,6,11,5,11
1403715957.534344911575317,15,7,9,0,11
1403715957.584347486495972,19,3,7,6,11
1403715957.634351015090942,18,4,12,3,11
1403715957.684353828430176,19,2,5,3,11
1403715957.734358787536621,20,1,3,5,11
1403715957.784370183944702,14,21,8,2,11
1403715957.834378719329834,15,5,7,3,11
1403715957.884383916854858,15,2,7,4,11
1403715957.934385061264038,14,2,9,1,11
1403715957.984388113021851,13,4,7,4,11
1403715958.034389495849609,12,3,11,0,11
1403715958.084392309188843,11,3,8,1,11
1403715958.134393215179443,10,4,7,0,11
1403715958.184394598007202,10,4,4,3,11
1403715958.234393596649170,9,2,6,2,11
1403715958.284393310546875,10,1,8,1,11
1403715958.334391593933105,12,1,8,4,11
1403715958.384390830993652,20,4,11,8,11
1403715958.434387207031250,17,11,16,0,11
1403715958.484387159347534,20,3,13,7,11
1403715958.534387350082397,25,1,17,7,11
1403715958.584387779235840,27,2,20,3,11
1403715958.634390354156494,27,0,20,1,11
1403715958.684388399124146,25,2,16,3,11
1403715958.734388351440430,21,2,18,0,11
1403715958.784388065338135,20,7,18,1,11
1403715958.834384441375732,20,5,19,1,11
1403715958.884381771087646,22,7,19,3,11
1403715958.934382200241089,22,3,22,0,11
1403715958.984385013580322,23,2,19,2,11
1403715959.034388542175293,24,8,19,4,11
1403715959.084388971328735,23,3,23,0,11
1403715959.134393692016602,26,1,22,4,11
1403715959.184392452239990,26,1,26,0,11
1403715959.234394550323486,27,4,25,2,11
1403715959.284396409988403,29,3,26,2,11
1403715959.334397792816162,26,4,20,1,11
1403715959.384397745132446,24,5,18,3,11
1403715959.434398412704468,21,1,14,3,11
1403715959.484400987625122,25,2,13,6,11
1403715959.534403562545776,21,3,16,0,11
1403715959.584407329559326,20,4,8,5,11
1403715959.634411811828613,18,2,11,4,11
1403715959.684427499771118,22,3,15,7,11
1403715959.734434127807617,22,11,10,0,11
1403715959.784436702728271,22,2,3,0,11
1403715959.834450006484985,14,0,6,4,11
1403715959.884466648101807,14,1,9,4,11
1403715959.934468030929565,14,4,10,0,11
1403715959.984467744827271,15,0,10,2,11
1403715960.034466505050659,12,3,11,0,11
1403715960.084462881088257,12,15,8,1,11
1403715960.134462118148804,12,2,9,1,11
1403715960.184460163116455,11,3,6,3,11
1403715960.234450817108154,11,21,6,3,11
1403715960.284447908401489,9,3,6,1,11
1403715960.334447145462036,7,0,7,0,11
1403715960.384441852569580,8,6,5,3,11
1403715960.434437036514282,12,1,7,4,11
1403715960.484436035156250,12,0,9,1,11
1403715960.534434080123901,12,0,10,1,11
1403715960.584429740905762,11,0,10,0,11
1403715960.634425401687622,13,1,10,2,11
1403715960.684423923492432,14,0,12,1,11
1403715960.734421014785767,13,2,12,0,11
1403715960.784418582916260,14,3,10,1,11
1403715960.834417104721069,13,5,10,0,11
1403715960.884417295455933,11,0,11,0,11
1403715960.934417486190796,10,3,10,0,11
1403715960.984415769577026,18,2,10,8,11
1403715961.034417152404785,20,1,16,3,11
1403715961.084417581558228,16,2,14,1,11
1403715961.134418010711670,13,3,12,0,11
1403715961.184419631958008,12,0,10,1,11
1403715961.234423637390137,14,1,11,2,11
1403715961.284430265426636,18,2,12,5,11
1403715961.334433317184448,21,4,17,3,11
1403715961.384441614151001,28,4,15,9,11
1403715961.434445619583130,28,6,15,2,11
1403715961.484449625015259,27,5,12,2,11
1403715961.534451484680176,20,1,12,2,11
1403715961.584452390670776,17,2,14,1,11
1403715961.634449720382690,15,1,12,1,11
1403715961.684448957443237,13,3,8,0,11
1403715961.734448671340942,11,13,9,0,11
1403715961.784448623657227,12,2,8,2,11
1403715961.834447860717773,11,7,8,1,11
1403715961.884447813034058,8,13,7,0,11
1403715961.934448003768921,6,1,4,1,11
1403715961.984447479248047,4,2,3,0,11
1403715962.034446477890015,4,0,1,2,11
1403715962.084446668624878,6,1,1,4,11
1403715962.134447336196899,8,2,4,2,11
1403715962.184447050094604,6,0,4,0,11
1403715962.234447240829468,6,1,4,1,11
1403715962.284448623657227,4,1,4,0,11
1403715962.334449529647827,4,3,1,0,11
1403715962.384445667266846,4,2,1,1,11
1403715962.434456348419189,4,1,0,3,11
1403715962.484467983245850,15,3,2,11,11
1403715962.534468650817871,16,1,11,2,11
1403715962.584468603134155,13,3,10,1,11
1403715962.634468078613281,13,7,7,3,11
1403715962.684469223022461,13,1,7,1,11
1403715962.734469652175903,11,1,5,1,11
1403715962.784471035003662,10,1,5,1,11
1403715962.834470510482788,9,3,4,2,11
1403715962.884471893310547,7,3,4,1,11
1403715962.934471368789673,6,5,3,2,11
1403715962.984471797943115,6,2,3,1,11
1403715963.034471988677979,4,2,2,1,11
1403715963.084470272064209,5,6,1,3,11
1403715963.134469509124756,11,6,3,7,11
1403715963.184469461441040,12,7,2,3,11
1403715963.234469890594482,14,14,3,3,11
1403715963.284469842910767,18,4,3,10,11
1403715963.334473848342896,22,5,9,8,11
1403715963.384475469589233,22,0,14,1,11
1403715963.434480190277100,18,13,11,6,11
1403715963.484484195709229,16,9,14,0,11
1403715963.534488677978516,16,15,12,1,11
1403715963.584490060806274,15,13,12,1,11
1403715963.634490966796875,21,5,13,8,11
1403715963.684494018554688,28,8,17,8,11
1403715963.734507083892822,33,6,14,7,11
1403715963.784509420394897,27,3,15,1,11
1403715963.834514379501343,20,4,11,2,11
1403715963.884520530700684,23,2,13,7,11
1403715963.934522867202759,23,2,18,3,11
1403715963.984524726867676,23,1,21,0,11
1403715964.034528970718384,28,0,21,7,11
1403715964.084530830383301,25,6,23,0,11
1403715964.134532928466797,39,3,25,14,11
1403715964.184530973434448,41,5,36,2,11
1403715964.234525918960571,49,7,38,8,11
1403715964.284521579742432,47,0,45,1,11
1403715964.334515810012817,46,11,45,1,11
1403715964.384516477584839,47,4,46,1,11
1403715964.434515953063965,48,2,46,1,11
1403715964.484514474868774,49,7,47,1,11
1403715964.534510612487793,48,0,40,1,11
1403715964.584503173828125,49,6,38,2,11
1403715964.634499549865723,46,3,39,3,11
1403715964.684491395950317,47,10,40,7,11
1403715964.734487295150757,46,3,39,2,11
1403715964.784487247467041,45,2,37,0,11
1403715964.834486007690430,47,14,36,7,11
1403715964.884485960006714,43,7,35,2,11
1403715964.934485673904419,48,5,40,7,11
1403715964.984486103057861,44,1,42,1,11
1403715965.034487485885620,42,1,36,1,11
1403715965.084487438201904,35,2,33,0,11
1403715965.134488105773926,32,2,32,0,11
1403715965.184492588043213,34,1,30,4,11
1403715965.234497547149658,36,1,33,2,11
1403715965.284512519836426,48,8,35,12,11
1403715965.334521770477295,47,2,36,1,11
1403715965.384523153305054,46,3,9,0,11
1403715965.434520959854126,41,2,6,11,11
1403715965.484517097473145,38,5,9,17,11
1403715965.534514904022217,36,0,25,3,11
1403715965.584505796432495,32,0,23,3,11
1403715965.634503364562988,31,1,5,0,11
1403715965.684496879577637,31,9,5,5,11
1403715965.734489440917969,31,11,8,20,11
1403715965.784485578536987,30,4,23,0,11
1403715965.834479093551636,33,5,20,5,11
1403715965.884475231170654,28,6,19,3,11
1403715965.934474468231201,26,3,19,3,11
1403715965.984473943710327,23,2,8,3,11
1403715966.034472227096558,23,1,3,1,11
1403715966.084463596343994,22,1,1,13,11
1403715966.134463787078857,19,1,12,4,11
1403715966.184464454650879,20,0,12,2,11
1403715966.234466791152954,18,0,13,0,11
1403715966.284468650817871,17,0,4,3,11
1403715966.334471940994263,20,2,6,5,11
1403715966.384473562240601,24,0,9,12,11
1403715966.434473276138306,23,1,17,0,11
1403715966.484473228454590,22,4,16,1,11
1403715966.534473657608032,18,5,12,1,11
1403715966.584472656250000,18,0,12,1,11
1403715966.634470224380493,16,1,12,2,11
1403715966.684466361999512,15,0,12,0,11
1403715966.734463930130005,15,0,12,1,11
1403715966.784458637237549,15,3,12,2,11
1403715966.834451198577881,19,4,13,4,11
1403715966.884445428848267,20,1,15,2,11
1403715966.934438943862915,24,3,18,5,11
1403715966.984436988830566,32,11,22,9,11
1403715967.034433126449585,37,12,30,5,11
1403715967.084429264068604,43,8,29,7,11
1403715967.134423971176147,48,8,32,8,11
1403715967.184420824050903,42,2,30,2,11
1403715967.234418869018555,34,1,22,3,11
1403715967.284419298171997,25,1,18,0,11
1403715967.334419488906860,15,6,9,1,11
1403715967.384421825408936,15,0,9,2,11
1403715967.434422969818115,14,2,10,2,11
1403715967.484420776367188,13,1,10,1,11
1403715967.534416437149048,12,1,11,0,11
1403715967.584394454956055,17,1,8,6,11
1403715967.634392023086548,17,1,10,1,11
1403715967.684391021728516,15,4,5,1,11
1403715967.734388113021851,17,2,2,6,11
1403715967.784388303756714,13,2,2,1,11
1403715967.834386587142944,13,1,3,4,11
1403715967.884383440017700,14,0,5,7,11
1403715967.934383392333984,15,1,10,1,11
1403715967.984383821487427,13,0,11,1,11
1403715968.034384727478027,12,3,12,0,11
1403715968.084385871887207,12,5,11,1,11
1403715968.134386062622070,12,1,12,0,11
1403715968.184386253356934,11,2,9,1,11
1403715968.234389543533325,12,1,9,2,11
1403715968.284395217895508,22,0,9,11,11
1403715968.334397792816162,25,1,7,3,11
1403715968.384404182434082,36,2,6,13,11
1403715968.434403657913208,35,1,11,12,11
1403715968.484403610229492,34,3,13,3,11
1403715968.534403324127197,31,1,11,5,11
1403715968.584402799606323,22,0,15,1,11
1403715968.634402751922607,24,0,16,7,11
1403715968.684400796890259,23,0,22,0,11
1403715968.734399318695068,26,0,11,3,11
1403715968.784397840499878,25,1,10,0,11
1403715968.834396839141846,22,0,10,8,11
1403715968.884394884109497,21,1,18,3,11
1403715968.934393167495728,21,0,19,0,11
1403715968.984388828277588,24,0,18,4,11
1403715969.034386634826660,27,1,16,4,11
1403715969.084383726119995,26,4,11,1,11
1403715969.134372472763062,30,6,8,11,11
1403715969.184371709823608,28,4,13,5,11
1403715969.234372377395630,24,4,18,3,11
1403715969.284372568130493,21,0,18,2,11
1403715969.334373474121094,17,6,15,0,11
1403715969.384376525878906,16,6,13,2,11
1403715969.434379577636719,10,5,7,1,11
1403715969.484381198883057,8,4,5,0,11
1403715969.534384250640869,8,5,5,1,11
1403715969.584387779235840,9,2,4,3,11
1403715969.634390354156494,9,4,5,1,11
1403715969.684396028518677,16,0,5,9,11
1403715969.734398603439331,21,0,11,6,11
1403715969.784404277801514,30,0,11,10,11
1403715969.834403038024902,38,5,25,11,11
1403715969.884394407272339,50,22,36,12,11
1403715969.934394121170044,49,6,36,2,11
1403715969.984395265579224,43,12,29,3,11
1403715970.034396886825562,33,2,22,1,11
1403715970.084398269653320,26,6,16,0,11
1403715970.134399890899658,20,4,15,2,11
1403715970.184401750564575,18,7,10,2,11
1403715970.234402179718018,14,3,4,1,11
1403715970.284402608871460,8,1,3,1,11
1403715970.334410905838013,11,0,4,7,11
1403715970.384411334991455,11,0,6,0,11
1403715970.434412240982056,10,2,1,0,11
1403715970.484427928924561,14,0,0,9,11
1403715970.534428358078003,12,0,2,2,11
1403715970.584473609924316,22,1,4,12,11
1403715970.634476184844971,18,1,4,2,11
1403715970.684480428695679,16,3,7,0,11
1403715970.734492540359497,13,1,3,6,11
1403715970.784496307373047,14,8,7,2,11
1403715970.834496736526489,14,4,9,3,11
1403715970.884497404098511,13,4,12,1,11
1403715970.934496402740479,12,1,12,0,11
1403715970.984494924545288,10,3,7,0,11
1403715971.034495353698730,9,5,3,0,11
1403715971.084494113922119,6,3,4,1,11
1403715971.134489774703979,9,1,3,4,11
1403715971.184489488601685,8,1,3,1,11
1403715971.234470844268799,19,3,2,12,11
1403715971.284469366073608,17,10,3,1,11
1403715971.334467172622681,18,4,2,3,11
1403715971.384452104568481,21,4,5,14,11
1403715971.434452295303345,20,4,5,2,11
1403715971.484452962875366,18,4,7,0,11
1403715971.534452676773071,12,8,7,5,11
1403715971.584452867507935,10,8,9,0,11
1403715971.634442329406738,17,4,9,7,11
1403715971.684442043304443,17,5,9,2,11
1403715971.734442234039307,18,7,9,1,11
1403715971.784442663192749,10,5,6,1,11
1403715971.834442615509033,10,5,7,2,11
1403715971.884442090988159,11,1,9,2,11
1403715971.934441566467285,17,2,10,6,11
1403715971.984445095062256,25,0,13,8,11
1403715972.034445762634277,24,5,19,0,11
1403715972.084448337554932,26,0,15,5,11
1403715972.134447574615479,22,2,7,0,11
1403715972.184444189071655,25,1,5,6,11
1403715972.234443426132202,24,0,9,11,11
1403715972.284442901611328,27,2,19,6,11
1403715972.334441184997559,30,1,20,8,11
1403715972.384443759918213,30,1,27,0,11
1403715972.434442996978760,34,2,27,6,11
1403715972.484442949295044,33,0,33,0,11
1403715972.534437417984009,45,1,32,12,11
1403715972.584435224533081,47,1,42,3,11
1403715972.634434938430786,46,4,44,1,11
1403715972.684433460235596,47,6,30,2,11
1403715972.734433174133301,50,5,21,4,11
1403715972.784432649612427,43,5,22,7,11
1403715972.834432601928711,41,0,27,9,11
1403715972.884432077407837,42,0,36,4,11
1403715972.934434890747070,43,0,39,3,11
1403715972.984439849853516,46,0,38,3,11
1403715973.034444570541382,45,2,19,0,11
1403715973.084446191787720,43,0,8,2,11
1403715973.134446144104004,32,0,2,12,11
1403715973.184446096420288,28,0,14,7,11
1403715973.234450578689575,30,1,21,9,11
1403715973.284450292587280,31,0,30,1,11
1403715973.334451913833618,35,0,31,4,11
1403715973.384450912475586,39,5,35,4,11
1403715973.434448242187500,41,0,36,2,11
1403715973.484447002410889,45,0,30,4,11
1403715973.534447431564331,46,0,25,4,11
1403715973.584447145462036,39,1,21,1,11
1403715973.634447574615479,33,4,12,3,11
1403715973.684448003768921,27,2,8,2,11
1403715973.734448194503784,20,3,2,3,11
1403715973.784448385238647,13,1,5,0,11
1403715973.834451913833618,13,0,5,8,11
1403715973.884452104568481,13,0,6,0,11
1403715973.934452295303345,13,0,3,0,11
1403715973.984455347061157,10,1,1,4,11
1403715974.034456014633179,7,0,2,0,11
1403715974.084456443786621,5,0,1,0,11
1403715974.134475231170654,27,0,0,25,11
1403715974.184475421905518,26,0,21,0,11
1403715974.234475135803223,26,0,21,0,11
1403715974.284475326538086,26,0,18,3,11
1403715974.334475278854370,26,0,19,2,11
1403715974.384474754333496,26,0,18,3,11
1403715974.434474706649780,31,0,19,8,11
1403715974.484473705291748,34,0,25,6,11
1403715974.534473657608032,34,0,29,2,11
1403715974.584471702575684,50,1,19,17,11
1403715974.634471416473389,49,3,39,3,11
1403715974.684471368789673,49,1,42,7,11
1403715974.734470605850220,49,12,48,0,11
1403715974.784471273422241,50,4,48,1,11
1403715974.834470987319946,49,9,49,0,11
1403715974.884471178054810,50,5,49,1,11
1403715974.934471368789673,50,9,48,0,11
1403715974.984472036361694,50,5,43,0,11
1403715975.034472942352295,47,3,43,2,11
1403715975.084473133087158,49,0,44,4,11
1403715975.134473085403442,50,0,48,1,11
1403715975.184473276138306,49,3,49,0,11
1403715975.234473228454590,50,4,45,1,11
1403715975.284474611282349,50,1,46,0,11
1403715975.334475994110107,46,15,45,1,11
1403715975.384476423263550,50,0,46,4,11
1403715975.434478044509888,50,9,50,0,11
1403715975.484479427337646,49,5,46,0,11
1403715975.534478425979614,49,9,48,1,11
1403715975.584477424621582,50,4,49,1,11
1403715975.634477376937866,50,5,50,0,11
1403715975.684477329254150,50,1,50,0,11
1403715975.734477043151855,50,0,50,0,11
1403715975.784477233886719,50,1,50,0,11
1403715975.834476947784424,50,4,50,0,11
1403715975.884476423263550,50,1,50,0,11
1403715975.934476613998413,50,15,50,0,11
1403715975.984476566314697,50,0,50,0,11
1403715976.034476518630981,49,8,49,0,11
1403715976.084475517272949,50,4,49,1,11
1403715976.134473562240601,50,8,49,0,11
1403715976.184473276138306,50,4,48,0,11
1403715976.234472513198853,47,3,47,0,11
1403715976.284472227096558,46,0,44,1,11
1403715976.334473371505737,44,0,38,1,11
1403715976.384472131729126,43,0,36,1,11
1403715976.434473514556885,42,0,19,4,11
1403715976.484475374221802,42,1,25,2,11
1403715976.534476995468140,43,8,27,15,11
1403715976.584476947784424,42,2,42,0,11
1403715976.634477853775024,49,2,42,7,11
1403715976.684477567672729,50,3,49,1,11
1403715976.734479188919067,50,33,50,0,11
1403715976.784479618072510,50,3,50,0,11
1403715976.834479808807373,50,4,50,0,11
1403715976.884479761123657,50,0,50,0,11
1403715976.934480428695679,50,0,50,0,11
1403715976.984480381011963,50,1,50,0,11
1403715977.034480810165405,50,4,50,0,11
1403715977.084481000900269,50,2,50,0,11
1403715977.134480953216553,50,6,50,0,11
1403715977.184481143951416,50,1,49,0,11
1403715977.234480857849121,50,0,48,0,11
1403715977.284480810165405,50,2,49,1,11
1403715977.334480762481689,50,19,50,0,11
1403715977.384480237960815,50,3,47,0,11
1403715977.434480905532837,50,3,49,1,11
1403715977.484481096267700,49,2,49,0,11
1403715977.534481525421143,47,1,46,0,11
1403715977.584481716156006,46,3,45,0,11
1403715977.634481191635132,50,1,34,5,11
1403715977.684480905532837,49,3,29,2,11
1403715977.734480857849121,44,17,35,6,11
1403715977.784480810165405,42,4,39,3,11
1403715977.834480524063110,41,1,39,0,11
1403715977.884479999542236,43,1,36,3,11
1403715977.934479951858521,48,2,36,7,11
1403715977.984479665756226,46,1,42,2,11
1403715978.034479618072510,47,7,40,3,11
1403715978.084478855133057,44,16,35,3,11
1403715978.134478569030762,42,0,33,1,11
1403715978.184478759765625,35,0,29,0,11
1403715978.234478473663330,31,4,23,0,11
1403715978.284478425979614,30,1,23,3,11
1403715978.334478139877319,33,1,23,6,11
1403715978.384477615356445,32,6,22,6,11
1403715978.434477567672729,27,0,22,0,11
1403715978.484477758407593,23,2,16,0,11
1403715978.534478187561035,15,4,14,0,11
1403715978.584477663040161,15,5,7,8,11
1403715978.634477615356445,12,4,10,1,11
1403715978.684477329254150,19,5,10,8,11
1403715978.734476089477539,21,6,17,4,11
1403715978.784476280212402,16,5,13,0,11
1403715978.834476232528687,12,5,9,0,11
1403715978.884475469589233,6,3,2,2,11
1403715978.934475421905518,5,0,3,1,11
1403715978.984476804733276,13,6,3,9,11
1403715979.034476757049561,13,0,9,1,11
1403715979.084476470947266,15,4,8,2,11
1403715979.134476184844971,17,4,9,5,11
1403715979.184475183486938,17,2,14,2,11
1403715979.234474182128906,15,3,14,0,11
1403715979.284473657608032,22,1,14,7,11
1403715979.334472894668579,17,2,14,3,11
1403715979.384472370147705,17,1,14,2,11
1403715979.434473037719727,16,5,12,0,11
1403715979.484473943710327,16,0,11,2,11
1403715979.534475326538086,14,0,8,2,11
1403715979.584476470947266,16,2,7,2,11
1403715979.634476661682129,15,1,7,3,11
1403715979.684477806091309,13,6,6,1,11
1403715979.734477281570435,14,1,5,6,11
1403715979.784476995468140,10,4,7,0,11
1403715979.834475517272949,10,3,5,2,11
1403715979.884474754333496,15,4,3,8,11
1403715979.934474229812622,16,2,8,2,11
1403715979.984473228454590,15,2,6,3,11
1403715980.034471988677979,17,5,6,7,11
1403715980.084471940994263,12,3,9,0,11
1403715980.134471654891968,9,7,6,0,11
1403715980.184471130371094,11,5,5,3,11
1403715980.234470605850220,11,11,5,2,11
1403715980.284470319747925,15,8,6,6,11
1403715980.334470033645630,17,3,7,5,11
1403715980.384469985961914,14,1,9,0,11
1403715980.434469461441040,11,6,8,1,11
1403715980.484469652175903,10,1,6,3,11
1403715980.534470558166504,13,7,5,3,11
1403715980.584470748901367,16,2,3,6,11
1403715980.634470939636230,10,2,4,1,11
1403715980.684470891952515,6,6,3,0,11
1403715980.734473466873169,16,4,0,14,11
1403715980.784473896026611,16,2,11,1,11
1403715980.834474086761475,18,4,11,3,11
1403715980.884474515914917,22,0,14,7,11
1403715980.934474706649780,26,2,20,5,11
1403715980.984474897384644,26,4,19,1,11
1403715981.034475088119507,21,7,8,6,11
1403715981.084475517272949,21,1,10,5,11
1403715981.134475708007812,19,6,9,2,11
1403715981.184476137161255,18,6,4,7,11
1403715981.234475851058960,17,5,6,5,11
1403715981.284475803375244,13,1,10,0,11
1403715981.334475040435791,14,2,7,5,11
1403715981.384474277496338,19,0,14,5,11
1403715981.434474229812622,18,2,10,1,11
1403715981.484474897384644,21,5,4,9,11
1403715981.534475326538086,18,0,9,0,11
1403715981.584475517272949,19,1,8,7,11
1403715981.634475708007812,14,2,12,0,11
1403715981.684475898742676,12,1,9,0,11
1403715981.734476327896118,17,5,9,5,11
1403715981.784477233886719,15,3,13,1,11
1403715981.834477901458740,18,1,14,3,11
1403715981.884478569030762,20,2,15,3,11
1403715981.934479236602783,21,2,15,3,11
1403715981.984478950500488,18,2,13,4,11
1403715982.034478902816772,18,4,16,1,11
1403715982.084477901458740,20,1,17,2,11
1403715982.134477138519287,21,2,18,3,11
1403715982.184476613998413,19,3,16,0,11
1403715982.234476327896118,12,1,10,0,11
1403715982.284477472305298,17,1,10,7,11
1403715982.334475517272949,23,1,13,8,11
1403715982.384475231170654,26,0,20,4,11
1403715982.434474945068359,26,1,23,2,11
1403715982.484474658966064,30,3,22,8,11
1403715982.534474849700928,33,2,25,6,11
1403715982.584475278854370,37,1,23,11,11
1403715982.634475469589233,34,1,31,0,11
1403715982.684474945068359,37,0,28,6,11
1403715982.734475135803223,35,0,28,5,11
1403715982.784475088119507,35,2,31,3,11
1403715982.834475040435791,34,2,30,2,11
1403715982.884474992752075,35,4,26,5,11
1403715982.934474706649780,30,7,29,0,11
1403715982.984475374221802,30,2,22,3,11
1403715983.034476280212402,18,3,16,0,11
1403715983.084476232528687,20,1,14,4,11
1403715983.134476661682129,24,3,14,10,11
1403715983.184477090835571,21,4,20,0,11
1403715983.234477043151855,24,2,18,4,11
1403715983.284477233886719,17,2,17,0,11
1403715983.334477186203003,16,2,13,2,11
1403715983.384477376937866,22,4,14,8,11
1403715983.434477567672729,28,1,18,7,11
1403715983.484477996826172,30,2,18,5,11
1403715983.534478664398193,32,4,15,6,11
1403715983.584480524063110,26,9,12,9,11
1403715983.634481191635132,27,4,18,6,11
1403715983.684481859207153,29,2,17,3,11
1403715983.734482049942017,30,3,11,5,11
1403715983.784481525421143,31,8,15,7,11
1403715983.834481954574585,23,5,19,2,11
1403715983.884481430053711,24,1,18,4,11
1403715983.934480190277100,21,4,20,0,11
1403715983.984479665756226,19,1,15,0,11
1403715984.034480094909668,18,8,12,2,11
1403715984.084479570388794,18,4,12,4,11
1403715984.134479284286499,17,7,11,3,11
1403715984.184479236602783,17,6,14,2,11
1403715984.234478950500488,18,4,14,2,11
1403715984.284479379653931,13,3,1,0,11
1403715984.334479570388794,10,3,2,0,11
1403715984.384479999542236,6,9,0,3,11
1403715984.434479951858521,3,0,2,0,11
1403715984.484479904174805,3,1,2,0,11
1403715984.534481287002563,4,2,2,2,11
1403715984.584481477737427,4,2,3,1,11
1403715984.634481430053711,1,3,1,0,11
1403715984.684482336044312,7,14,1,6,11
1403715984.734482288360596,10,3,2,3,11
1403715984.784482479095459,5,2,1,0,11
1403715984.834482669830322,3,5,0,2,11
1403715984.884482860565186,3,4,1,1,11
1403715984.934482812881470,3,2,1,0,11
1403715984.984483480453491,6,5,1,4,11
1403715985.034487962722778,9,7,4,4,11
1403715985.084488391876221,8,7,4,0,11
1403715985.134487628936768,9,2,3,2,11
1403715985.184488058090210,12,1,5,7,11
1403715985.234487771987915,16,0,11,4,11
1403715985.284487247467041,18,2,14,3,11
1403715985.334486961364746,17,1,15,0,11
1403715985.384487152099609,18,3,13,2,11
1403715985.434487342834473,21,1,15,5,11
1403715985.484488010406494,21,3,18,2,11
1403715985.534488677978516,21,1,19,0,11
1403715985.584489107131958,18,9,16,1,11
1403715985.634489297866821,18,5,16,0,11
1403715985.684489011764526,16,2,10,0,11
1403715985.734488248825073,15,7,9,1,11
1403715985.784488916397095,14,2,10,4,11
1403715985.834488153457642,17,2,14,3,11
1403715985.884488105773926,17,2,16,0,11
1403715985.934488534927368,17,0,16,0,11
1403715985.984489917755127,17,2,14,1,11
1403715986.034492254257202,25,1,16,8,11
1403715986.084493160247803,27,1,23,3,11
1403715986.134493350982666,30,1,26,3,11
1403715986.184491872787476,40,0,29,11,11
1403715986.234490871429443,46,6,38,7,11
1403715986.284492015838623,46,2,43,1,11
1403715986.334492921829224,49,12,43,3,11
1403715986.384493350982666,46,4,36,0,11
1403715986.434494733810425,48,0,36,3,11
1403715986.484503030776978,48,20,32,6,11
1403715986.534508466720581,46,5,4,3,11
1403715986.584509849548340,39,4,5,3,11
1403715986.634511232376099,23,3,8,13,11
1403715986.684511184692383,23,2,16,2,11
1403715986.734510183334351,23,0,16,0,11
1403715986.784510374069214,22,0,0,4,11
1403715986.834510087966919,22,0,4,2,11
1403715986.884510040283203,20,0,2,14,11
1403715986.934509277343750,20,0,14,0,11
1403715986.984508991241455,20,0,4,4,11
1403715987.034509181976318,20,0,0,2,11
1403715987.084509134292603,20,0,2,10,11
1403715987.134510040283203,18,0,11,6,11
1403715987.184509754180908,18,0,7,0,11
1403715987.234509706497192,18,0,0,1,11
1403715987.284509897232056,18,0,1,10,11
1403715987.334510326385498,18,0,10,7,11
1403715987.384510517120361,18,0,7,0,11
1403715987.434510469436646,18,0,0,1,11
1403715987.484510421752930,18,0,1,10,11
1403715987.534510850906372,18,0,10,7,11
1403715987.584510564804077,18,2,7,0,11
1403715987.634510517120361,18,0,2,1,11
1403715987.684510469436646,18,0,1,10,11
1403715987.734510421752930,18,0,8,5,11
1403715987.784511089324951,18,0,5,2,11
1403715987.834511041641235,18,0,2,3,11
1403715987.884510993957520,17,0,0,7,11
1403715987.934510946273804,14,0,7,4,11
1403715987.984510898590088,14,0,0,3,11
1403715988.034511089324951,14,0,0,0,11
1403715988.084511041641235,14,0,0,11,11
1403715988.134510993957520,13,0,0,3,11
1403715988.184510946273804,13,0,2,0,11
1403715988.234510898590088,12,0,0,9,11
1403715988.284511327743530,12,0,4,1,11
1403715988.334511280059814,12,0,0,2,11
1403715988.384511232376099,12,0,0,5,11
1403715988.434511184692383,12,0,0,5,11
1403715988.484511137008667,12,0,0,2,11
1403715988.534511327743530,12,0,0,5,11
1403715988.584511280059814,12,0,0,5,11
1403715988.634511232376099,12,0,0,2,11
1403715988.684511184692383,12,0,0,5,11
1403715988.734511137008667,12,0,5,5,11
1403715988.784511566162109,12,0,2,2,11
1403715988.834511518478394,12,3,0,0,11
1403715988.884511470794678,11,0,0,7,11
1403715988.934511423110962,11,0,0,4,11
1403715988.984511375427246,11,0,0,0,11
1403715989.034511566162109,11,0,0,7,11
1403715989.084511518478394,11,0,0,4,11
1403715989.134511470794678,11,0,0,0,11
1403715989.184511423110962,11,0,0,7,11
1403715989.234511375427246,11,0,0,4,11
1403715989.284511566162109,11,0,0,0,11
1403715989.334511518478394,11,0,0,7,11
1403715989.384511470794678,11,0,0,4,11
1403715989.434511423110962,11,0,0,0,11
1403715989.484511375427246,11,0,0,7,11
1403715989.534511566162109,11,0,0,4,11
1403715989.584511518478394,11,0,0,0,11
1403715989.634511470794678,11,0,0,7,11
1403715989.684511423110962,11,0,0,4,11
1403715989.734511375427246,11,0,0,0,11
1403715989.784511566162109,11,0,0,7,11
1403715989.834511518478394,11,0,0,4,11
1403715989.884511470794678,11,2,0,0,11
1403715989.934511423110962,11,0,0,7,11
1403715989.984511375427246,11,0,0,4,11
1403715990.034511566162109,11,0,0,0,11
1403715990.084511518478394,11,0,0,7,11
1403715990.134511470794678,11,0,0,4,11
1403715990.184511423110962,11,0,0,0,11
1403715990.234511375427246,11,0,0,7,11
1403715990.284511566162109,10,0,0,3,11
1403715990.334511518478394,10,0,0,0,11
1403715990.384511470794678,10,0,0,7,11
1403715990.434511423110962,10,0,0,3,11
1403715990.484511375427246,10,0,0,0,11
1403715990.534511566162109,9,0,0,6,11
1403715990.584511518478394,9,0,0,3,11
1403715990.634511470794678,9,0,0,0,11
1403715990.684511423110962,7,0,0,4,11
1403715990.734511375427246,7,0,0,3,11
1403715990.784511566162109,6,0,0,0,11
1403715990.834511518478394,5,0,0,2,11
1403715990.884511470794678,5,0,0,3,11
1403715990.934511423110962,5,0,0,0,11
1403715990.984511375427246,5,0,0,2,11
1403715991.034511566162109,4,0,0,2,11
1403715991.084511518478394,4,0,0,0,11
1403715991.134511470794678,4,0,0,2,11
1403715991.184511423110962,4,0,0,2,11
1403715991.234511375427246,4,0,0,0,11
1403715991.284511566162109,4,0,0,2,11
1403715991.334511518478394,4,0,0,2,11
1403715991.384511470794678,4,0,0,0,11
1403715991.434511423110962,4,0,0,2,11
1403715991.484511375427246,3,0,0,1,11
1403715991.534511566162109,3,0,0,0,11
1403715991.584511518478394,3,0,0,2,11
1403715991.634511470794678,3,0,0,1,11
1403715991.684511423110962,3,0,0,0,11
1403715991.734511375427246,3,0,0,2,11
1403715991.784511566162109,3,0,0,1,11
1403715991.834511518478394,3,0,0,0,11
1403715991.884511470794678,3,0,0,2,11
1403715991.934511423110962,3,0,0,1,11
1403715991.984511375427246,3,0,0,0,11
1403715992.034511566162109,3,0,0,2,11
1403715992.084511518478394,3,0,0,1,11
1403715992.134511470794678,3,0,0,0,11
1403715992.184511423110962,3,0,0,2,11
1403715992.234511375427246,3,0,0,1,11
1403715992.284511566162109,3,0,0,0,11
1403715992.334511518478394,3,0,0,2,11
1403715992.384511470794678,3,0,0,1,11
1403715992.434511423110962,3,0,0,0,11
1403715992.484511375427246,3,0,0,2,11
1403715992.534511566162109,3,0,0,1,11
1403715992.584511518478394,3,0,0,0,11
1403715992.634511470794678,3,0,0,2,11
1403715992.684511423110962,3,0,0,1,11
1403715992.734511375427246,3,0,0,0,11
1403715992.784511566162109,3,0,0,2,11
1403715992.834511518478394,3,0,0,1,11
1403715992.884511470794678,3,0,0,0,11
1403715992.934511423110962,3,0,0,2,11
1403715992.984511375427246,3,0,0,1,11
1403715993.034511566162109,3,0,0,0,11
1403715993.084511518478394,3,0,0,2,11
1403715993.134511470794678,3,0,0,1,11
1403715993.184511423110962,3,0,0,0,11
1403715993.234511375427246,3,0,0,2,11
1403715993.284511566162109,3,0,0,1,11
1403715993.334511518478394,3,0,0,0,11
1403715993.384511470794678,3,0,0,2,11
1403715993.434511423110962,3,0,0,1,11
1403715993.484511375427246,3,0,0,0,11
1403715993.534511566162109,3,0,0,2,11
1403715993.584511518478394,3,0,0,1,11
1403715993.634511470794678,3,0,0,0,11
1403715993.684511423110962,3,0,0,2,11
1403715993.734511375427246,3,0,0,1,11
1403715993.784511566162109,3,0,0,0,11
1403715993.834511518478394,3,0,0,2,11
1403715993.884511470794678,3,0,0,1,11
1403715993.934511423110962,3,0,0,0,11
1403715993.984511375427246,3,0,0,2,11
