# timestamp (sec),slam_feats_in_state,msckf_feats_used,slam_feats_updated,slam_feats_delayed_init,clones
1403715893.793203592300415,0,15,0,0,5
1403715893.842257261276245,26,17,0,26,6
1403715893.892195701599121,26,0,26,0,7
1403715893.941823482513428,26,0,26,0,8
1403715893.992267370223999,25,0,25,0,9
1403715894.043113470077515,25,0,24,0,10
1403715894.092813730239868,25,1,25,0,11
1403715894.141219377517700,25,1,25,0,11
1403715894.189908742904663,30,0,24,6,11
1403715894.239265441894531,32,1,30,2,11
1403715894.289047718048096,37,0,32,5,11
1403715894.338584661483765,36,0,30,0,11
1403715894.388356924057007,38,2,32,3,11
1403715894.437563419342041,40,21,33,5,11
1403715894.487190485000610,40,0,36,3,11
1403715894.536793231964111,40,0,39,0,11
1403715894.586705684661865,41,0,37,2,11
1403715894.636756181716919,41,0,30,0,11
1403715894.686640262603760,41,0,31,2,11
1403715894.736269474029541,42,0,29,9,11
1403715894.785833120346069,41,0,38,0,11
1403715894.835512399673462,44,0,30,4,11
1403715894.885386943817139,44,0,32,4,11
1403715894.935363292694092,45,3,29,7,11
1403715894.985522270202637,48,1,19,5,11
1403715895.035686492919922,43,14,20,4,11
1403715895.085883378982544,40,2,21,13,11
1403715895.136070966720581,37,0,30,1,11
1403715895.186144590377808,34,0,29,0,11
1403715895.236203670501709,32,1,27,3,11
1403715895.286242961883545,32,3,29,1,11
1403715895.336411714553833,31,3,25,1,11
1403715895.386535167694092,31,0,20,2,11
1403715895.436682701110840,32,1,19,4,11
1403715895.486781358718872,31,0,22,5,11
1403715895.536921024322510,31,1,25,5,11
1403715895.587008237838745,32,1,25,4,11
1403715895.637057304382324,34,8,24,3,11
1403715895.687161445617676,35,0,30,4,11
1403715895.737181425094604,38,0,34,4,11
1403715895.787240505218506,39,0,35,2,11
1403715895.837262868881226,39,0,33,0,11
1403715895.887273311614990,37,0,30,1,11
1403715895.937316417694092,36,0,32,2,11
1403715895.987342596054077,37,0,32,3,11
1403715896.037379264831543,45,7,35,9,11
1403715896.087429285049438,45,1,42,2,11
1403715896.137511491775513,48,1,43,3,11
1403715896.187573194503784,48,6,44,2,11
1403715896.237607717514038,48,14,46,1,11
1403715896.287780284881592,49,1,44,2,11
1403715896.337884902954102,47,0,43,0,11
1403715896.388047218322754,47,0,36,2,11
1403715896.438248872756958,44,0,26,0,11
1403715896.488406658172607,45,0,15,7,11
1403715896.538467645645142,42,0,10,10,11
1403715896.588485717773438,40,0,15,9,11
1403715896.638634681701660,39,1,22,10,11
1403715896.688504934310913,37,0,19,3,11
1403715896.738560438156128,37,1,19,2,11
1403715896.788423776626587,34,0,11,10,11
1403715896.838440895080566,33,0,9,2,11
1403715896.888427495956421,33,1,2,10,11
1403715896.938348054885864,32,0,10,11,11
1403715896.988371610641479,31,0,9,8,11
1403715897.038427591323853,31,0,9,2,11
1403715897.088420152664185,31,0,2,12,11
1403715897.138565778732300,31,0,11,8,11
1403715897.188540220260620,31,0,11,9,11
1403715897.238590717315674,31,0,7,3,11
1403715897.288584709167480,31,1,4,8,11
1403715897.338570833206177,30,0,6,13,11
1403715897.388557434082031,30,3,15,6,11
1403715897.438488245010376,28,1,16,3,11
1403715897.488431692123413,28,2,4,4,11
1403715897.538443565368652,27,0,6,4,11
1403715897.588416576385498,26,2,10,14,11
1403715897.638319492340088,26,2,19,2,11
1403715897.688338518142700,26,0,4,0,11
1403715897.738367795944214,26,0,3,5,11
1403715897.788398504257202,28,2,7,19,11
1403715897.838246583938599,31,0,26,4,11
1403715897.888279199600220,32,2,29,3,11
1403715897.938226461410522,32,3,31,0,11
1403715897.988144159317017,34,3,27,4,11
1403715898.038068294525146,36,1,30,4,11
1403715898.088089227676392,33,10,27,1,11
1403715898.138156652450562,29,9,22,0,11
1403715898.188205480575562,22,2,18,3,11
1403715898.238285303115845,18,8,16,0,11
1403715898.288376569747925,17,1,16,0,11
1403715898.338494539260864,18,1,14,2,11
1403715898.388504981994629,19,4,8,1,11
1403715898.438561439514160,18,8,2,2,11
1403715898.488576412200928,16,8,1,6,11
1403715898.538632392883301,18,4,5,8,11
1403715898.588604688644409,19,5,8,5,11
1403715898.638522624969482,17,5,11,1,11
1403715898.688440322875977,15,5,9,1,11
1403715898.738429784774780,14,0,10,1,11
1403715898.788310289382935,18,10,8,10,11
1403715898.838262319564819,18,1,14,2,11
1403715898.888233423233032,21,4,15,3,11
1403715898.938148975372314,21,5,15,5,11
1403715898.988082885742188,23,7,17,2,11
1403715899.038083076477051,20,2,8,0,11
1403715899.088088274002075,20,4,8,3,11
1403715899.137955188751221,22,5,7,11,11
1403715899.187903165817261,20,5,16,1,11
1403715899.237918138504028,26,6,16,7,11
1403715899.287917613983154,25,4,19,3,11
1403715899.337916612625122,20,4,16,1,11
1403715899.387949943542480,29,4,16,12,11
1403715899.438031435012817,28,4,25,2,11
1403715899.488088130950928,30,6,25,3,11
1403715899.538176059722900,29,0,9,0,11
1403715899.588320493698120,37,1,7,13,11
1403715899.638403892517090,31,5,17,10,11
1403715899.688434123992920,35,10,24,6,11
1403715899.738532543182373,39,5,30,8,11
1403715899.788562297821045,42,5,35,4,11
1403715899.838530063629150,43,1,37,3,11
1403715899.888525724411011,42,5,39,2,11
1403715899.938534021377563,44,6,36,5,11
1403715899.988589525222778,42,1,39,1,11
1403715900.038606405258179,40,4,37,0,11
1403715900.088706731796265,38,0,27,0,11
1403715900.138769865036011,37,3,24,1,11
1403715900.188847780227661,32,3,22,6,11
1403715900.238848686218262,34,1,24,6,11
1403715900.288864374160767,35,5,26,3,11
1403715900.338846921920776,40,2,26,9,11
1403715900.388886451721191,40,2,30,2,11
1403715900.438909530639648,43,2,30,5,11
1403715900.488921642303467,36,4,26,5,11
1403715900.538941383361816,32,4,25,6,11
1403715900.588968992233276,28,9,25,1,11
1403715900.638957500457764,31,2,20,5,11
1403715900.688855648040771,33,0,19,6,11
1403715900.738834619522095,32,1,18,5,11
1403715900.788736343383789,36,2,19,7,11
1403715900.838721513748169,28,5,16,3,11
1403715900.888722658157349,26,1,14,2,11
1403715900.938675403594971,24,4,14,4,11
1403715900.988663673400879,23,0,18,4,11
1403715901.038638114929199,24,3,18,4,11
1403715901.088639259338379,24,2,19,1,11
1403715901.138577222824097,21,8,14,1,11
1403715901.188515663146973,23,2,9,5,11
1403715901.238505840301514,21,0,7,4,11
1403715901.288464784622192,22,1,9,6,11
1403715901.338448762893677,20,0,10,3,11
1403715901.388423681259155,17,2,10,0,11
1403715901.438401222229004,17,4,3,5,11
1403715901.488385438919067,17,0,8,2,11
1403715901.538321018218994,19,0,9,8,11
1403715901.588313341140747,19,0,17,1,11
1403715901.638315677642822,18,1,17,1,11
1403715901.688305854797363,18,0,18,0,11
1403715901.738277912139893,19,0,18,1,11
1403715901.788221120834351,22,4,19,3,11
1403715901.838184833526611,28,1,22,6,11
1403715901.888184309005737,28,3,28,0,11
1403715901.938175916671753,31,2,26,4,11
1403715901.988157987594604,34,3,29,3,11
1403715902.038185358047485,32,3,31,1,11
1403715902.088180303573608,34,1,31,2,11
1403715902.138134956359863,36,0,31,3,11
1403715902.188144922256470,38,2,31,3,11
1403715902.238206386566162,43,0,31,7,11
1403715902.288239479064941,43,2,37,3,11
1403715902.338260889053345,40,3,31,3,11
1403715902.388317108154297,39,1,32,1,11
1403715902.438336133956909,39,1,34,5,11
1403715902.488363265991211,41,4,34,2,11
1403715902.538381338119507,43,2,36,3,11
1403715902.588397502899170,41,4,38,2,11
1403715902.638420581817627,43,2,40,2,11
1403715902.688429594039917,42,6,40,0,11
1403715902.738445520401001,45,3,40,4,11
1403715902.788401603698730,47,4,41,4,11
1403715902.838341712951660,50,1,42,3,11
1403715902.888327598571777,45,2,39,0,11
1403715902.938260793685913,43,3,34,3,11
1403715902.988239526748657,41,4,38,3,11
1403715903.038213968276978,40,2,40,0,11
1403715903.088196277618408,38,3,37,0,11
1403715903.138169527053833,41,1,36,4,11
1403715903.188161849975586,38,1,37,0,11
1403715903.238150119781494,40,1,34,3,11
1403715903.288087129592896,43,4,35,4,11
1403715903.338031768798828,43,5,39,2,11
1403715903.388022422790527,41,5,38,3,11
1403715903.438024520874023,41,3,40,0,11
1403715903.488013267517090,41,7,30,7,11
1403715903.538024187088013,38,3,36,0,11
1403715903.588025093078613,36,1,31,2,11
1403715903.638003587722778,41,3,31,9,11
1403715903.688007593154907,40,0,38,0,11
1403715903.737984180450439,42,3,31,9,11
1403715903.787981271743774,41,4,33,6,11
1403715903.837978363037109,30,5,25,0,11
1403715903.887965679168701,24,2,19,1,11
1403715903.937940120697021,20,2,13,3,11
1403715903.987900733947754,11,11,10,1,11
1403715904.037873506546021,11,2,9,0,11
1403715904.087778568267822,13,2,5,3,11
1403715904.137744903564453,12,3,7,1,11
1403715904.187633991241455,17,6,8,8,11
1403715904.237586736679077,18,2,14,2,11
1403715904.287571907043457,18,3,16,0,11
1403715904.337518215179443,22,6,16,6,11
1403715904.387517929077148,22,2,22,0,11
1403715904.437495470046997,22,3,22,0,11
1403715904.487462043762207,23,5,22,1,11
1403715904.537441253662109,24,1,22,2,11
1403715904.587411880493164,25,6,20,5,11
1403715904.637401103973389,24,2,24,0,11
1403715904.687365770339966,26,3,19,4,11
1403715904.737326622009277,25,3,10,2,11
1403715904.787290811538696,30,0,8,8,11
1403715904.837277412414551,27,0,13,7,11
1403715904.887285947799683,26,3,17,4,11
1403715904.937283039093018,31,0,16,9,11
1403715904.987284421920776,27,0,22,1,11
1403715905.037256240844727,29,4,19,7,11
1403715905.087251424789429,27,0,23,2,11
1403715905.137243270874023,26,1,22,0,11
1403715905.187244653701782,27,10,21,3,11
1403715905.237231016159058,25,1,24,0,11
1403715905.287263393402100,25,1,24,0,11
1403715905.337273836135864,25,1,23,1,11
1403715905.387306451797485,25,4,22,1,11
1403715905.437300920486450,26,2,23,3,11
1403715905.487325429916382,30,5,24,5,11
1403715905.537336349487305,28,1,25,2,11
1403715905.587377309799194,34,0,25,8,11
1403715905.637433767318726,33,3,32,0,11
1403715905.687479496002197,34,4,24,2,11
1403715905.737543106079102,33,2,25,0,11
1403715905.787587881088257,35,2,22,9,11
1403715905.837615728378296,35,1,24,2,11
1403715905.887614965438843,34,4,22,4,11
1403715905.937608242034912,31,1,24,3,11
1403715905.987609148025513,29,1,28,1,11
1403715906.037636995315552,26,2,21,0,11
1403715906.087697505950928,25,8,22,0,11
1403715906.137724399566650,20,4,20,0,11
1403715906.187729358673096,20,5,15,0,11
1403715906.237699508666992,26,6,12,8,11
1403715906.287675142288208,23,4,17,2,11
1403715906.337661504745483,24,1,17,3,11
1403715906.387650728225708,31,2,19,8,11
1403715906.437651872634888,29,3,24,3,11
1403715906.487657308578491,29,2,25,1,11
1403715906.537658452987671,29,3,23,0,11
1403715906.587658882141113,30,3,21,7,11
1403715906.637637615203857,27,1,20,0,11
1403715906.687626600265503,29,3,11,4,11
1403715906.737609863281250,27,3,12,4,11
1403715906.787593126296997,24,0,13,6,11
1403715906.837594032287598,19,1,16,2,11
1403715906.887590885162354,17,4,14,2,11
1403715906.937591314315796,16,1,15,0,11
1403715906.987585783004761,14,1,13,1,11
1403715907.037546873092651,16,4,11,5,11
1403715907.087538480758667,16,2,15,0,11
1403715907.137533187866211,14,0,14,0,11
1403715907.187529563903809,14,0,13,0,11
1403715907.237453937530518,23,2,13,9,11
1403715907.287431478500366,28,1,17,6,11
1403715907.337416648864746,22,0,17,0,11
1403715907.387410879135132,23,4,14,6,11
1403715907.437411785125732,24,0,20,1,11
1403715907.487414121627808,20,0,20,0,11
1403715907.537398576736450,22,0,16,4,11
1403715907.587401151657104,18,0,15,1,11
1403715907.637411832809448,20,0,16,3,11
1403715907.687411069869995,26,1,17,8,11
1403715907.737396717071533,35,1,21,12,11
1403715907.787400960922241,32,0,28,1,11
1403715907.837398052215576,25,3,23,2,11
1403715907.887391567230225,24,2,23,0,11
1403715907.937382698059082,24,2,22,1,11
1403715907.987375497817993,27,0,22,4,11
1403715908.037369489669800,33,3,23,8,11
1403715908.087363481521606,36,0,30,5,11
1403715908.137364149093628,40,1,31,6,11
1403715908.187342166900635,46,5,32,10,11
1403715908.237349033355713,42,1,39,0,11
1403715908.287351846694946,39,1,37,1,11
1403715908.337355375289917,42,0,30,9,11
1403715908.387334585189819,40,2,38,1,11
1403715908.437332153320312,39,1,35,0,11
1403715908.487319946289062,36,3,33,2,11
1403715908.537307739257812,44,4,35,9,11
1403715908.587298870086670,43,1,39,0,11
1403715908.637277364730835,39,1,31,0,11
1403715908.687243223190308,43,7,25,9,11
1403715908.737232208251953,36,1,33,3,11
1403715908.787213802337646,30,0,30,0,11
1403715908.837212085723877,28,0,25,0,11
1403715908.887238025665283,44,0,20,19,11
1403715908.937265872955322,45,1,36,3,11
1403715908.987270593643188,42,1,33,0,11
1403715909.037288904190063,40,3,31,4,11
1403715909.087293386459351,37,1,31,5,11
1403715909.137290000915527,48,3,34,12,11
1403715909.187299489974976,43,17,40,2,11
1403715909.237287521362305,40,1,39,1,11
1403715909.287256717681885,44,1,40,4,11
1403715909.337251901626587,42,0,40,0,11
1403715909.387220621109009,47,14,39,7,11
1403715909.437229633331299,44,0,43,0,11
1403715909.487240791320801,38,0,33,3,11
1403715909.537243604660034,37,0,33,0,11
1403715909.587247133255005,36,0,30,2,11
1403715909.637243270874023,33,0,26,0,11
1403715909.687240839004517,28,1,23,0,11
1403715909.737228393554688,24,5,14,1,11
1403715909.787214994430542,44,9,15,24,11
1403715909.837214469909668,36,0,27,0,11
1403715909.887206315994263,30,2,23,1,11
1403715909.937211990356445,23,4,17,1,11
1403715909.987196922302246,23,4,12,8,11
1403715910.037197351455688,21,4,17,0,11
1403715910.087170600891113,20,3,12,4,11
1403715910.137160062789917,12,5,9,1,11
1403715910.187146425247192,10,5,7,0,11
1403715910.237117290496826,13,5,6,6,11
1403715910.287116289138794,11,7,9,0,11
1403715910.337107896804810,0,10,0,0,11
1403715910.387086153030396,2,5,0,2,11
1403715910.437084674835205,2,5,0,0,11
1403715910.487075567245483,2,5,0,0,11
1403715910.537047863006592,8,8,0,8,11
1403715910.587014913558960,16,1,6,9,11
1403715910.636993646621704,20,4,9,5,11
1403715910.686990737915039,18,6,0,0,11
1403715910.736986160278320,18,4,0,5,11
1403715910.786892175674438,19,0,4,14,11
1403715910.836883783340454,21,2,7,2,11
1403715910.886884450912476,21,6,9,1,11
1403715910.936870574951172,22,8,8,12,11
1403715910.986871957778931,16,9,12,0,11
1403715911.036887407302856,17,0,12,2,11
1403715911.086901187896729,17,2,13,3,11
1403715911.136909008026123,18,1,11,1,11
1403715911.186912059783936,17,11,7,0,11
1403715911.236926317214966,17,4,7,6,11
1403715911.286922216415405,15,6,12,2,11
1403715911.336912870407104,15,5,13,0,11
1403715911.386922597885132,20,4,12,8,11
1403715911.436925172805786,10,2,8,2,11
1403715911.486955881118774,26,5,8,16,11
1403715911.536958694458008,24,2,19,0,11
1403715911.586964607238770,25,1,15,4,11
1403715911.636961936950684,20,0,12,4,11
1403715911.686953783035278,19,2,12,3,11
1403715911.736940383911133,16,2,15,0,11
1403715911.786918640136719,18,0,11,4,11
1403715911.836889266967773,22,6,12,5,11
1403715911.886848449707031,25,3,19,6,11
1403715911.936834812164307,29,3,25,4,11
1403715911.986834287643433,29,7,28,1,11
1403715912.036831378936768,33,4,29,4,11
1403715912.086822748184204,34,11,33,1,11
1403715912.136819362640381,42,1,32,9,11
1403715912.186817884445190,42,1,41,0,11
1403715912.236806631088257,46,4,39,6,11
1403715912.286795377731323,50,6,45,4,11
1403715912.336783647537231,50,11,48,1,11
1403715912.386778116226196,50,8,46,0,11
1403715912.436771631240845,48,8,43,0,11
1403715912.486763954162598,46,8,43,1,11
1403715912.536762952804565,43,5,40,0,11
1403715912.586767911911011,40,5,36,0,11
1403715912.636760234832764,40,4,34,3,11
1403715912.686765909194946,42,2,34,3,11
1403715912.736767292022705,39,8,34,0,11
1403715912.786767005920410,36,4,33,0,11
1403715912.836769342422485,37,6,24,4,11
1403715912.886768341064453,39,6,17,6,11
1403715912.936768531799316,27,3,12,2,11
1403715912.986769437789917,16,0,4,2,11
1403715913.036832809448242,17,0,2,11,11
1403715913.086837291717529,13,1,4,1,11
1403715913.136837482452393,10,1,0,0,11
1403715913.186838150024414,7,2,0,5,11
1403715913.236852169036865,12,4,5,7,11
1403715913.286849021911621,12,6,6,0,11
1403715913.336841344833374,16,4,6,4,11
1403715913.386834383010864,15,4,7,5,11
1403715913.436820983886719,14,6,8,0,11
1403715913.486794471740723,24,2,7,13,11
1403715913.536776781082153,24,3,19,3,11
1403715913.586760997772217,27,3,21,4,11
1403715913.636745214462280,28,0,23,3,11
1403715913.686718463897705,31,1,25,4,11
1403715913.736686468124390,32,3,27,3,11
1403715913.786622524261475,43,1,27,11,11
1403715913.836549997329712,49,4,39,8,11
1403715913.886537551879883,49,2,46,2,11
1403715913.936536073684692,46,5,45,0,11
1403715913.986502408981323,48,13,43,4,11
1403715914.036488771438599,47,7,45,1,11
1403715914.086471557617188,46,0,45,1,11
1403715914.136492967605591,49,1,42,4,11
1403715914.186485290527344,49,1,43,0,11
1403715914.236465454101562,46,0,37,1,11
1403715914.286436080932617,44,5,37,0,11
1403715914.336409568786621,44,1,37,7,11
1403715914.386387825012207,44,2,43,0,11
1403715914.436352968215942,50,2,40,7,11
1403715914.486348390579224,50,6,46,0,11
1403715914.536359548568726,48,4,45,1,11
1403715914.586342811584473,47,17,44,1,11
1403715914.636340379714966,47,1,46,1,11
1403715914.686340570449829,46,0,45,0,11
1403715914.736340284347534,45,3,45,0,11
1403715914.786347389221191,45,4,42,1,11
1403715914.836353063583374,48,2,41,3,11
1403715914.886358261108398,46,0,40,2,11
1403715914.936365127563477,42,7,36,5,11
1403715914.986373424530029,42,0,34,0,11
1403715915.036380052566528,48,5,31,7,11
1403715915.086379766464233,44,5,37,3,11
1403715915.136390924453735,45,1,39,4,11
1403715915.186389446258545,50,5,41,6,11
1403715915.236360311508179,49,2,46,1,11
1403715915.286365032196045,49,5,46,1,11
1403715915.336318969726562,48,10,46,0,11
1403715915.386303901672363,47,1,40,0,11
1403715915.436281919479370,47,3,39,2,11
1403715915.486234903335571,43,1,30,2,11
1403715915.536167144775391,48,0,28,5,11
1403715915.586128473281860,39,1,29,2,11
1403715915.636073350906372,37,0,27,3,11
1403715915.686003684997559,40,3,20,6,11
1403715915.735931634902954,41,4,17,5,11
1403715915.785869121551514,37,2,15,8,11
1403715915.835850715637207,36,4,15,8,11
1403715915.885850191116333,31,4,18,1,11
1403715915.935832977294922,33,0,19,10,11
1403715915.985846757888794,33,2,27,5,11
1403715916.035871982574463,33,1,29,0,11
1403715916.085880994796753,37,1,14,5,11
1403715916.135895252227783,35,2,11,1,11
1403715916.185909986495972,38,0,9,19,11
1403715916.235925674438477,34,3,26,5,11
1403715916.285948753356934,33,2,29,0,11
1403715916.335960388183594,31,3,26,1,11
1403715916.385985136032104,35,0,27,8,11
1403715916.435994863510132,36,4,31,3,11
1403715916.486001968383789,37,5,31,5,11
1403715916.536004543304443,37,5,34,1,11
1403715916.586007356643677,36,2,32,3,11
1403715916.636000871658325,33,0,30,0,11
1403715916.685992479324341,32,2,30,0,11
1403715916.735986232757568,28,2,25,1,11
1403715916.785973548889160,31,1,24,5,11
1403715916.835963964462280,32,2,26,3,11
1403715916.885941028594971,34,4,27,4,11
1403715916.935918092727661,38,1,28,8,11
1403715916.985912084579468,40,2,34,3,11
1403715917.035912752151489,43,4,18,7,11
1403715917.085938692092896,44,4,33,5,11
1403715917.135941505432129,35,12,28,2,11
1403715917.185926198959351,31,5,23,2,11
1403715917.235922574996948,33,4,17,6,11
1403715917.285930395126343,30,0,21,1,11
1403715917.335940361022949,27,1,13,4,11
1403715917.385942459106445,22,1,15,2,11
1403715917.435961246490479,19,1,16,1,11
1403715917.485974073410034,18,2,17,1,11
1403715917.535992145538330,18,0,14,0,11
1403715917.585998058319092,18,0,6,0,11
1403715917.636062383651733,21,2,2,12,11
1403715917.686058998107910,22,0,4,5,11
1403715917.736053466796875,23,1,5,4,11
1403715917.786048650741577,20,1,3,8,11
1403715917.836041688919067,18,1,5,2,11
1403715917.886034011840820,17,2,0,4,11
1403715917.936034440994263,16,0,1,5,11
1403715917.985997200012207,17,0,0,8,11
1403715918.035997390747070,17,0,3,3,11
1403715918.085998296737671,17,0,2,6,11
1403715918.135998249053955,16,0,0,4,11
1403715918.185998201370239,16,0,0,4,11
1403715918.235998392105103,16,0,1,8,11
1403715918.285999059677124,16,0,2,4,11
1403715918.336004734039307,16,1,3,3,11
1403715918.386006832122803,16,2,0,7,11
1403715918.436006307601929,15,0,1,2,11
1403715918.486006259918213,15,2,0,6,11
1403715918.536003351211548,13,1,6,4,11
1403715918.585999011993408,12,1,3,3,11
1403715918.635998964309692,12,0,0,0,11
1403715918.685999155044556,11,0,0,5,11
1403715918.735999107360840,10,0,0,6,11
1403715918.786000728607178,10,0,3,0,11
1403715918.836000680923462,8,0,0,2,11
1403715918.886000633239746,7,1,0,2,11
1403715918.935999870300293,7,0,1,3,11
1403715918.985998153686523,6,0,3,1,11
1403715919.035995483398438,5,0,2,0,11
1403715919.085994958877563,5,1,0,1,11
1403715919.135994911193848,5,0,0,2,11
1403715919.185994863510132,5,0,0,2,11
1403715919.235993623733521,5,0,2,1,11
1403715919.285993814468384,4,0,0,1,11
1403715919.335993528366089,4,0,1,0,11
1403715919.385993480682373,3,0,0,2,11
1403715919.435992956161499,3,0,2,0,11
1403715919.485992908477783,3,0,0,1,11
1403715919.535993099212646,3,0,0,0,11
1403715919.585993051528931,3,0,0,2,11
1403715919.635993003845215,3,0,0,1,11
1403715919.685992956161499,3,0,0,0,11
1403715919.735992908477783,3,0,0,2,11
1403715919.785993099212646,3,0,0,1,11
1403715919.835993051528931,3,0,0,0,11
1403715919.885993003845215,3,0,0,2,11
1403715919.935992956161499,3,0,0,1,11
1403715919.985992908477783,3,0,0,0,11
1403715920.035993099212646,3,0,0,2,11
1403715920.085993051528931,3,0,0,1,11
1403715920.135993003845215,3,0,0,0,11
1403715920.185992956161499,3,0,0,2,11
1403715920.235992908477783,3,0,0,1,11
1403715920.285993099212646,3,0,0,0,11
1403715920.335993051528931,3,0,0,2,11
1403715920.385993003845215,3,0,0,1,11
1403715920.435992240905762,3,1,0,0,11
1403715920.485992193222046,3,0,0,2,11
1403715920.535992383956909,3,0,0,1,11
1403715920.585982084274292,4,0,0,1,11
1403715920.635979413986206,4,1,0,2,11
1403715920.685979366302490,4,0,0,1,11
1403715920.735979318618774,3,0,0,0,11
1403715920.785979509353638,3,0,0,2,11
1403715920.835974216461182,4,1,0,2,11
1403715920.885974168777466,4,0,1,0,11
1403715920.935969352722168,5,2,0,3,11
1403715920.985968589782715,5,0,1,1,11
1403715921.035968780517578,5,3,0,0,11
1403715921.085967302322388,7,3,0,6,11
1403715921.135967969894409,14,2,1,8,11
1403715921.185964822769165,17,2,8,4,11
1403715921.235960960388184,15,0,12,2,11
1403715921.285963058471680,14,3,12,1,11
1403715921.335963010787964,17,0,9,4,11
1403715921.385967254638672,17,1,14,0,11
1403715921.435977220535278,25,2,10,12,11
1403715921.485980987548828,24,2,17,1,11
1403715921.535982131958008,22,3,15,0,11
1403715921.585981369018555,21,1,12,5,11
1403715921.635981559753418,18,4,12,1,11
1403715921.685979127883911,22,1,13,5,11
1403715921.735978841781616,16,2,13,3,11
1403715921.785979032516479,15,5,13,0,11
1403715921.835978031158447,15,4,11,1,11
1403715921.885975837707520,16,3,10,4,11
1403715921.935973644256592,18,3,9,6,11
1403715921.985973119735718,17,1,11,0,11
1403715922.035973310470581,16,1,10,1,11
1403715922.085972070693970,14,3,5,3,11
1403715922.135970592498779,13,4,5,0,11
1403715922.185967445373535,8,6,5,0,11
1403715922.235965251922607,8,4,5,3,11
1403715922.285964012145996,10,1,6,2,11
1403715922.335962772369385,10,2,7,0,11
1403715922.385954141616821,14,3,5,6,11
1403715922.435950994491577,14,2,11,1,11
1403715922.485947847366333,11,1,7,0,11
1403715922.535946846008301,9,0,4,0,11
1403715922.585944414138794,8,4,3,3,11
1403715922.635944604873657,7,0,5,0,11
1403715922.685945034027100,7,1,3,1,11
1403715922.735949993133545,9,2,2,3,11
1403715922.785953760147095,12,2,1,5,11
1403715922.835954666137695,11,1,2,1,11
1403715922.885958194732666,8,5,1,1,11
1403715922.935957431793213,5,1,0,2,11
1403715922.985957384109497,3,0,0,0,11
1403715923.035957098007202,2,2,0,0,11
1403715923.085957765579224,4,0,0,4,11
1403715923.135943412780762,10,1,2,6,11
1403715923.185944080352783,10,2,1,0,11
1403715923.235944986343384,9,0,1,1,11
1403715923.285948276519775,16,0,2,14,11
1403715923.335949420928955,12,1,7,0,11
1403715923.385949134826660,12,1,3,0,11
1403715923.435960054397583,10,3,2,3,11
1403715923.485962152481079,11,1,2,5,11
1403715923.535961866378784,10,1,6,0,11
1403715923.585960865020752,11,1,4,4,11
1403715923.635959148406982,9,3,5,0,11
1403715923.685960292816162,10,0,1,3,11
1403715923.735960245132446,8,0,2,0,11
1403715923.785965442657471,6,0,0,2,11
1403715923.835965394973755,4,0,0,0,11
1403715923.885965347290039,4,0,0,2,11
1403715923.935966491699219,2,1,2,0,11
1403715923.985966444015503,2,0,0,0,11
1403715924.035966634750366,2,0,0,0,11
1403715924.085966587066650,2,0,0,2,11
1403715924.135967969894409,2,0,2,0,11
1403715924.185967922210693,2,0,0,0,11
1403715924.235967874526978,2,0,0,0,11
1403715924.285968065261841,2,2,0,2,11
1403715924.335969209671021,2,0,2,0,11
1403715924.385969400405884,2,1,0,0,11
1403715924.435976266860962,4,0,0,2,11
1403715924.485975742340088,2,0,1,0,11
1403715924.535976648330688,3,0,0,1,11
1403715924.585976600646973,2,0,0,0,11
1403715924.635976552963257,1,1,0,0,11
1403715924.685976505279541,0,0,0,0,11
1403715924.735976457595825,0,1,0,0,11
1403715924.785965204238892,1,2,0,1,11
1403715924.835964918136597,1,2,0,0,11
1403715924.885964870452881,1,1,0,0,11
1403715924.935964822769165,0,0,0,0,11
1403715924.985965967178345,1,5,0,1,11
1403715925.035951375961304,2,0,0,1,11
1403715925.085951328277588,2,0,0,0,11
1403715925.135953664779663,1,2,0,0,11
1403715925.185945987701416,2,2,0,2,11
1403715925.235945940017700,2,0,0,0,11
1403715925.285949230194092,2,4,0,0,11
1403715925.335949182510376,0,0,0,0,11
1403715925.385949134826660,0,0,0,0,11
1403715925.435954570770264,0,5,0,0,11
1403715925.485954523086548,0,0,0,0,11
1403715925.536020755767822,5,2,0,5,11
1403715925.586005210876465,19,9,3,14,11
1403715925.636000394821167,19,2,16,0,11
1403715925.685988187789917,20,3,9,3,11
1403715925.735978603363037,20,2,9,2,11
1403715925.785956621170044,19,2,11,6,11
1403715925.835951566696167,19,5,15,1,11
1403715925.885937929153442,20,10,14,4,11
1403715925.935932874679565,20,7,14,2,11
1403715925.985937118530273,16,8,9,2,11
1403715926.035938501358032,17,5,9,5,11
1403715926.085943460464478,25,8,13,9,11
1403715926.135953903198242,25,2,17,3,11
1403715926.185952663421631,25,5,19,3,11
1403715926.235948562622070,22,6,12,2,11
1403715926.285941123962402,22,3,11,1,11
1403715926.335937261581421,17,5,9,2,11
1403715926.385926723480225,19,5,7,9,11
1403715926.435924291610718,21,0,11,5,11
1403715926.485920190811157,20,1,11,3,11
1403715926.535898447036743,19,3,8,6,11
1403715926.585885524749756,19,3,10,3,11
1403715926.635871887207031,19,4,10,2,11
1403715926.685856580734253,12,9,10,0,11
1403715926.735842227935791,12,1,10,2,11
1403715926.785791397094727,17,4,10,6,11
1403715926.835791349411011,17,3,16,0,11
1403715926.885782957077026,19,5,14,4,11
1403715926.935789108276367,22,6,18,4,11
1403715926.985798120498657,21,3,17,0,11
1403715927.035831689834595,28,2,15,8,11
1403715927.085857391357422,28,3,21,5,11
1403715927.135866403579712,28,0,15,1,11
1403715927.185908079147339,33,2,10,7,11
1403715927.235914230346680,29,1,3,7,11
1403715927.285924673080444,30,3,8,6,11
1403715927.335933446884155,24,4,5,9,11
1403715927.385934352874756,19,1,10,0,11
1403715927.435940742492676,17,0,8,4,11
1403715927.485940456390381,13,1,11,0,11
1403715927.535935878753662,11,4,7,0,11
1403715927.585928201675415,10,3,6,0,11
1403715927.635921001434326,9,2,6,2,11
1403715927.685909748077393,8,2,6,0,11
1403715927.735730648040771,19,2,3,13,11
1403715927.785715341567993,20,0,16,3,11
1403715927.835693836212158,21,0,17,2,11
1403715927.885681152343750,22,0,18,2,11
1403715927.935637235641479,36,1,18,16,11
1403715927.985628128051758,36,0,33,2,11
1403715928.035628795623779,46,1,34,12,11
1403715928.085613250732422,47,12,43,3,11
1403715928.135615348815918,45,6,44,0,11
1403715928.185619592666626,38,2,36,1,11
1403715928.235611915588379,38,1,36,0,11
1403715928.285629987716675,36,2,31,4,11
1403715928.335642099380493,28,3,25,0,11
1403715928.385642290115356,27,2,22,0,11
1403715928.435640811920166,23,5,19,0,11
1403715928.485641717910767,18,2,16,0,11
1403715928.535640001296997,13,5,10,1,11
1403715928.585644483566284,17,3,7,8,11
1403715928.635646104812622,16,2,15,0,11
1403715928.685641288757324,18,6,12,3,11
1403715928.735638856887817,22,12,12,5,11
1403715928.785620212554932,21,9,12,4,11
1403715928.835617303848267,13,4,11,0,11
1403715928.885594129562378,19,4,11,7,11
1403715928.935585260391235,18,5,13,1,11
1403715928.985553026199341,21,2,14,4,11
1403715929.035546541213989,21,0,15,3,11
1403715929.085535764694214,23,1,17,2,11
1403715929.135500907897949,25,2,15,5,11
1403715929.185467958450317,31,0,19,7,11
1403715929.235441446304321,33,1,21,5,11
1403715929.285364389419556,43,11,25,14,11
1403715929.335337400436401,43,5,24,2,11
1403715929.385302543640137,46,8,19,6,11
1403715929.435291051864624,37,5,22,6,11
1403715929.485293388366699,41,2,24,10,11
1403715929.535312175750732,36,7,28,0,11
1403715929.585333108901978,34,6,26,4,11
1403715929.635341167449951,33,3,30,2,11
1403715929.685328483581543,31,2,29,0,11
1403715929.735297679901123,38,1,28,9,11
1403715929.785285472869873,39,2,28,2,11
1403715929.835287809371948,36,1,28,2,11
1403715929.885289430618286,34,2,30,3,11
1403715929.935290336608887,33,3,27,0,11
1403715929.985285282135010,32,5,23,5,11
1403715930.035287618637085,46,5,28,16,11
1403715930.085279941558838,43,1,37,2,11
1403715930.135282754898071,43,0,37,2,11
1403715930.185300827026367,47,1,31,7,11
1403715930.235301494598389,47,6,33,2,11
1403715930.285320997238159,44,0,28,4,11
1403715930.335333108901978,39,1,16,1,11
1403715930.385338783264160,35,0,8,3,11
1403715930.435347795486450,29,0,8,10,11
1403715930.485347509384155,27,0,12,6,11
1403715930.535478830337524,39,0,19,15,11
1403715930.585489273071289,37,0,34,3,11
1403715930.635483503341675,40,1,36,3,11
1403715930.685487985610962,40,0,38,0,11
1403715930.735491752624512,41,1,38,2,11
1403715930.785498142242432,43,0,39,4,11
1403715930.835515499114990,49,0,43,6,11
1403715930.885531902313232,49,0,49,0,11
1403715930.935549259185791,49,4,48,1,11
1403715930.985550403594971,50,2,48,1,11
1403715931.035548925399780,46,6,45,0,11
1403715931.085526227951050,47,16,42,5,11
1403715931.135529279708862,49,2,46,2,11
1403715931.185528993606567,50,3,47,1,11
1403715931.235524415969849,48,3,48,0,11
1403715931.285521030426025,47,2,44,0,11
1403715931.335520982742310,47,6,43,0,11
1403715931.385519742965698,45,4,40,2,11
1403715931.435514688491821,44,3,40,1,11
1403715931.485509634017944,45,4,38,4,11
1403715931.535503387451172,46,22,39,5,11
1403715931.585502386093140,45,2,39,2,11
1403715931.635501146316528,48,5,37,5,11
1403715931.685486793518066,48,2,39,3,11
1403715931.735469818115234,42,4,35,2,11
1403715931.785454511642456,41,8,32,3,11
1403715931.835448265075684,36,7,29,1,11
1403715931.885445594787598,31,7,28,1,11
1403715931.935439109802246,32,8,26,3,11
1403715931.985437154769897,27,2,26,0,11
1403715932.035434722900391,28,5,26,2,11
1403715932.085433959960938,27,7,23,0,11
1403715932.135432958602905,25,3,19,1,11
1403715932.185431241989136,23,1,15,4,11
1403715932.235421895980835,22,4,17,4,11
1403715932.285423278808594,21,4,16,1,11
1403715932.335423469543457,19,3,14,1,11
1403715932.385420560836792,18,3,13,4,11
1403715932.435415506362915,16,3,15,1,11
1403715932.485409498214722,17,2,15,1,11
1403715932.535406589508057,18,2,12,1,11
1403715932.585396528244019,17,6,11,2,11
1403715932.635387420654297,19,8,8,5,11
1403715932.685385942459106,18,2,7,1,11
1403715932.735378026962280,18,3,6,5,11
1403715932.785376787185669,15,1,6,2,11
1403715932.835368633270264,16,1,8,3,11
1403715932.885348081588745,16,1,7,5,11
1403715932.935343742370605,16,2,3,0,11
1403715932.985336780548096,14,3,1,2,11
1403715933.035322666168213,12,0,2,7,11
1403715933.085320949554443,11,2,2,1,11
1403715933.135320901870728,11,1,2,1,11
1403715933.185308456420898,10,0,3,6,11
1403715933.235296249389648,11,2,9,2,11
1403715933.285297632217407,10,5,10,0,11
1403715933.335302829742432,9,2,8,0,11
1403715933.385305404663086,9,6,6,0,11
1403715933.435313701629639,9,4,6,1,11
1403715933.485316514968872,8,7,5,2,11
1403715933.535320758819580,9,8,7,1,11
1403715933.585315942764282,9,3,7,2,11
1403715933.635288953781128,11,0,3,7,11
1403715933.685230255126953,22,1,7,11,11
1403715933.735214233398438,22,0,5,1,11
1403715933.785212039947510,19,0,0,2,11
1403715933.835211515426636,12,0,1,4,11
1403715933.885207891464233,10,1,5,4,11
1403715933.935099840164185,15,5,8,6,11
1403715933.985082149505615,13,10,12,0,11
1403715934.035072326660156,12,7,9,0,11
1403715934.085067987442017,12,10,7,1,11
1403715934.135061502456665,10,24,4,1,11
1403715934.185063838958740,9,6,3,1,11
1403715934.235060214996338,6,3,2,2,11
1403715934.285055160522461,2,1,1,1,11
1403715934.335054636001587,2,0,1,0,11
1403715934.385055065155029,1,8,0,0,11
1403715934.435056447982788,0,9,0,0,11
1403715934.485058546066284,0,3,0,0,11
1403715934.535064220428467,0,3,0,0,11
1403715934.585064172744751,0,0,0,0,11
1403715934.635064125061035,0,0,0,0,11
1403715934.685064077377319,0,0,0,0,11
1403715934.735064029693604,0,1,0,0,11
1403715934.785075902938843,1,0,0,1,11
1403715934.835097074508667,3,1,0,2,11
1403715934.885143756866455,10,0,0,7,11
1403715934.935163974761963,12,1,1,4,11
1403715934.985219240188599,12,11,4,2,11
1403715935.035255670547485,18,4,3,11,11
1403715935.085267066955566,16,11,8,2,11
1403715935.135263919830322,7,7,3,2,11
1403715935.185260295867920,7,3,4,1,11
1403715935.235261917114258,9,2,5,3,11
1403715935.285262584686279,8,2,7,0,11
1403715935.335254669189453,12,2,7,4,11
1403715935.385258674621582,11,0,8,0,11
1403715935.435259103775024,11,5,7,0,11
1403715935.485237836837769,10,2,5,5,11
1403715935.535206794738770,10,7,5,4,11
1403715935.585202217102051,11,2,6,2,11
1403715935.635195016860962,13,1,8,3,11
1403715935.685184955596924,14,0,10,3,11
1403715935.735184192657471,19,1,12,6,11
1403715935.785171270370483,25,3,18,7,11
1403715935.835157155990601,30,2,24,6,11
1403715935.885147809982300,40,0,28,11,11
1403715935.935133457183838,45,0,39,6,11
1403715935.985113382339478,45,0,44,0,11
1403715936.035080671310425,49,21,44,5,11
1403715936.085099220275879,48,4,39,0,11
1403715936.135102510452271,48,6,40,0,11
1403715936.185098886489868,44,2,38,4,11
1403715936.235094070434570,43,11,36,1,11
1403715936.285082340240479,44,6,30,5,11
1403715936.335072278976440,38,4,32,1,11
1403715936.385062694549561,38,2,28,4,11
1403715936.435046195983887,38,1,23,1,11
1403715936.485024213790894,33,1,23,2,11
1403715936.535002946853638,27,1,24,2,11
1403715936.585002899169922,27,2,25,0,11
1403715936.635010719299316,26,2,24,1,11
1403715936.685005903244019,26,4,24,1,11
1403715936.735001802444458,30,0,24,5,11
1403715936.784991264343262,41,1,29,12,11
1403715936.834978342056274,46,1,40,5,11
1403715936.884975194931030,46,1,44,0,11
1403715936.934977054595947,49,1,44,4,11
1403715936.984975576400757,49,6,48,1,11
1403715937.034983158111572,50,0,48,1,11
1403715937.084982156753540,48,3,45,0,11
1403715937.134988069534302,49,5,44,2,11
1403715937.184991121292114,47,2,41,0,11
1403715937.234996557235718,50,4,41,4,11
1403715937.285000324249268,45,0,43,0,11
1403715937.334992885589600,46,0,42,1,11
1403715937.385008573532104,46,2,42,2,11
1403715937.435021638870239,48,3,37,4,11
1403715937.485016822814941,41,4,26,1,11
1403715937.535005331039429,38,1,25,2,11
1403715937.584993362426758,39,0,24,11,11
1403715937.634985446929932,40,6,31,7,11
1403715937.684982299804688,36,10,32,2,11
1403715937.734969377517700,49,1,32,14,11
1403715937.784966468811035,47,1,43,1,11
1403715937.834966182708740,49,5,42,4,11
1403715937.884970426559448,46,3,42,1,11
1403715937.934972286224365,49,13,42,5,11
1403715937.984981060028076,47,4,44,1,11
1403715938.034984827041626,44,4,41,0,11
1403715938.084990024566650,41,3,38,2,11
1403715938.134993314743042,37,2,34,1,11
1403715938.184996366500854,47,2,29,12,11
1403715938.235011816024780,49,0,42,4,11
1403715938.285030126571655,44,12,40,2,11
1403715938.335046768188477,41,0,38,0,11
1403715938.385056257247925,39,3,34,1,11
1403715938.435054063796997,37,2,31,0,11
1403715938.485050439834595,36,3,30,1,11
1403715938.535046339035034,40,17,27,12,11
1403715938.585041522979736,40,6,37,2,11
1403715938.635039091110229,40,0,37,0,11
1403715938.685047864913940,38,2,35,1,11
1403715938.735058307647705,38,0,36,0,11
1403715938.785067796707153,36,2,34,1,11
1403715938.835075139999390,35,3,32,0,11
1403715938.885084867477417,36,5,28,4,11
1403715938.935094594955444,40,4,27,7,11
1403715938.985092163085938,38,0,32,1,11
1403715939.035087347030640,35,0,18,0,11
1403715939.085079669952393,35,1,9,6,11
1403715939.135041952133179,44,3,5,22,11
1403715939.185027837753296,35,8,16,2,11
1403715939.235020160675049,32,3,15,7,11
1403715939.285016536712646,25,2,21,3,11
1403715939.335013866424561,23,4,21,1,11
1403715939.384989976882935,25,3,20,3,11
1403715939.434987783432007,21,3,15,0,11
1403715939.484977245330811,19,2,9,2,11
1403715939.534969806671143,19,3,7,7,11
1403715939.584967136383057,15,3,12,2,11
1403715939.634959220886230,15,2,12,3,11
1403715939.684959650039673,14,10,12,0,11
1403715939.734959840774536,13,1,10,1,11
1403715939.784963607788086,18,3,10,8,11
1403715939.834966421127319,19,1,16,1,11
1403715939.884975671768188,26,1,16,8,11
1403715939.934988498687744,31,1,23,7,11
1403715939.985000848770142,32,0,31,1,11
1403715940.035021305084229,33,2,32,1,11
1403715940.085040569305420,44,1,33,11,11
1403715940.135046005249023,45,6,43,1,11
1403715940.185045242309570,49,11,44,4,11
1403715940.235042810440063,49,4,47,1,11
1403715940.285044193267822,50,3,45,1,11
1403715940.335053443908691,48,2,39,0,11
1403715940.385057210922241,35,4,24,1,11
1403715940.435061454772949,30,1,19,7,11
1403715940.485065937042236,30,3,26,1,11
1403715940.535069465637207,25,1,22,0,11
1403715940.585074901580811,22,1,18,0,11
1403715940.635077476501465,18,2,17,0,11
1403715940.685080528259277,10,0,9,0,11
1403715940.735089063644409,16,1,7,9,11
1403715940.785100460052490,17,2,14,3,11
1403715940.835098981857300,22,0,16,6,11
1403715940.885081052780151,27,2,21,5,11
1403715940.935068130493164,27,9,22,2,11
1403715940.985046148300171,34,11,23,8,11
1403715941.035024881362915,41,8,29,12,11
1403715941.085012912750244,37,16,25,0,11
1403715941.135013818740845,25,3,10,0,11
1403715941.185007572174072,17,6,6,3,11
1403715941.235009431838989,4,4,2,1,11
1403715941.285021305084229,5,2,2,2,11
1403715941.335021495819092,4,8,3,0,11
1403715941.385022401809692,3,4,3,0,11
1403715941.435024023056030,1,5,1,0,11
1403715941.485027790069580,1,2,1,0,11
1403715941.535028219223022,1,5,0,1,11
1403715941.585041284561157,4,7,1,3,11
1403715941.635060787200928,9,5,4,5,11
1403715941.685064077377319,12,2,7,4,11
1403715941.735068082809448,16,5,10,5,11
1403715941.785068750381470,19,8,12,7,11
1403715941.835071086883545,18,1,16,2,11
1403715941.885069608688354,24,1,18,6,11
1403715941.935067892074585,39,0,24,15,11
1403715941.985064268112183,41,2,38,2,11
1403715942.035055160522461,43,0,38,4,11
1403715942.085050821304321,44,6,41,2,11
1403715942.135046720504761,47,3,36,4,11
1403715942.185045719146729,48,3,34,3,11
1403715942.235047817230225,36,10,28,3,11
1403715942.285047531127930,32,3,20,2,11
1403715942.335046052932739,27,2,19,2,11
1403715942.385046482086182,26,2,20,3,11
1403715942.435048341751099,19,1,12,3,11
1403715942.485050201416016,15,1,7,0,11
1403715942.535052537918091,13,2,6,1,11
1403715942.585057020187378,9,5,3,4,11
1403715942.635069847106934,11,1,5,3,11
1403715942.685078144073486,9,0,1,5,11
1403715942.735086202621460,9,8,1,5,11
1403715942.785091638565063,10,2,0,3,11
1403715942.835093975067139,11,4,1,2,11
1403715942.885119915008545,17,0,0,11,11
1403715942.935121536254883,15,3,1,3,11
1403715942.985136032104492,18,2,4,5,11
1403715943.035158395767212,20,1,8,11,11
1403715943.085171937942505,23,4,16,3,11
1403715943.135201930999756,31,6,13,9,11
1403715943.185218572616577,35,14,16,8,11
1403715943.235242366790771,34,15,24,4,11
1403715943.285260200500488,31,4,22,6,11
1403715943.335262537002563,31,3,26,1,11
1403715943.385264873504639,26,5,19,0,11
1403715943.435266017913818,24,7,13,1,11
1403715943.485266685485840,25,4,10,8,11
1403715943.535268306732178,25,4,16,4,11
1403715943.585269689559937,26,2,16,3,11
1403715943.635283946990967,29,0,16,6,11
1403715943.685290336608887,24,1,14,0,11
1403715943.735291242599487,20,1,2,0,11
1403715943.785295486450195,14,3,0,2,11
1403715943.835299730300903,8,0,2,4,11
1403715943.885305643081665,8,0,4,2,11
1403715943.935331583023071,13,0,4,5,11
1403715943.985347509384155,18,1,4,7,11
1403715944.035352706909180,16,1,7,0,11
1403715944.085358381271362,16,4,7,4,11
1403715944.135374307632446,19,1,10,8,11
1403715944.185375452041626,21,7,17,4,11
1403715944.235374212265015,21,14,13,0,11
1403715944.285372734069824,23,1,12,4,11
1403715944.335378170013428,23,1,12,8,11
1403715944.385378122329712,22,3,17,2,11
1403715944.435389995574951,20,5,17,3,11
1403715944.485400199890137,18,1,17,1,11
1403715944.535406351089478,12,1,12,0,11
1403715944.585411548614502,11,1,10,0,11
1403715944.635442495346069,14,1,9,4,11
1403715944.685462474822998,18,1,10,4,11
1403715944.735463142395020,18,1,0,1,11
1403715944.785463333129883,15,0,0,0,11
1403715944.835505723953247,16,0,0,15,11
1403715944.885505914688110,15,0,6,0,11
1403715944.935508728027344,15,15,7,0,11
1403715944.985514879226685,16,2,7,9,11
1403715945.035518884658813,17,4,10,3,11
1403715945.085517883300781,16,9,9,1,11
1403715945.135515928268433,15,5,7,2,11
1403715945.185515403747559,12,4,3,1,11
1403715945.235510826110840,7,4,3,1,11
1403715945.285504579544067,8,2,3,4,11
1403715945.335497856140137,8,5,5,0,11
1403715945.385467529296875,9,3,2,5,11
1403715945.435459375381470,8,2,5,1,11
1403715945.485457897186279,8,4,1,0,11
1403715945.535444021224976,7,0,1,3,11
1403715945.585435390472412,8,1,1,4,11
1403715945.635373830795288,15,1,3,7,11
1403715945.685360431671143,16,2,10,4,11
1403715945.735337257385254,19,3,14,4,11
1403715945.785315275192261,21,10,18,3,11
1403715945.835305452346802,24,0,21,3,11
1403715945.885300397872925,23,2,22,0,11
1403715945.935293674468994,22,3,19,1,11
1403715945.985289096832275,20,3,16,0,11
1403715946.035284280776978,14,5,9,0,11
1403715946.085280179977417,9,2,5,0,11
1403715946.135264635086060,11,5,5,5,11
1403715946.185258150100708,11,2,9,2,11
1403715946.235249042510986,13,1,11,2,11
1403715946.285234928131104,18,1,12,5,11
1403715946.335215806961060,23,0,13,5,11
1403715946.385203838348389,27,2,2,6,11
1403715946.435195446014404,26,7,4,3,11
1403715946.485163450241089,27,13,7,16,11
1403715946.535153150558472,31,9,12,9,11
1403715946.585152626037598,28,3,14,0,11
1403715946.635148525238037,20,10,8,6,11
1403715946.685151100158691,15,5,8,1,11
1403715946.735157012939453,13,12,9,0,11
1403715946.785160064697266,9,1,7,1,11
1403715946.835169553756714,9,2,6,2,11
1403715946.885172843933105,9,9,4,0,11
1403715946.935173988342285,8,3,1,1,11
1403715946.985175848007202,6,1,2,2,11
1403715947.035176515579224,4,4,2,1,11
1403715947.085181474685669,5,1,0,2,11
1403715947.135181427001953,5,2,1,3,11
1403715947.185194969177246,9,0,2,5,11
1403715947.235194921493530,9,0,0,1,11
1403715947.285195350646973,7,0,1,0,11
1403715947.335196018218994,2,0,1,1,11
1403715947.385200977325439,3,2,1,1,11
1403715947.435204744338989,4,0,0,1,11
1403715947.485242366790771,9,1,0,6,11
1403715947.535255670547485,11,3,3,4,11
1403715947.585271358489990,14,3,4,3,11
1403715947.635273456573486,4,5,0,2,11
1403715947.685335636138916,10,2,2,7,11
1403715947.735342264175415,13,1,9,4,11
1403715947.785340785980225,13,4,12,0,11
1403715947.835338592529297,10,1,6,1,11
1403715947.885336637496948,8,4,6,0,11
1403715947.935339450836182,8,6,5,3,11
1403715947.985339403152466,6,4,6,0,11
1403715948.035342931747437,12,2,4,7,11
1403715948.085344552993774,13,2,10,1,11
1403715948.135344266891479,17,2,9,5,11
1403715948.185333967208862,27,2,9,11,11
1403715948.235312700271606,39,2,10,14,11
1403715948.285297870635986,39,0,14,5,11
1403715948.335274457931519,43,3,20,14,11
1403715948.385272026062012,44,2,28,10,11
1403715948.435264110565186,50,8,37,6,11
1403715948.485259294509888,48,11,38,4,11
1403715948.535246610641479,46,9,33,2,11
1403715948.585242509841919,38,1,32,1,11
1403715948.635237932205200,29,1,21,2,11
1403715948.685232877731323,22,1,11,0,11
1403715948.735230922698975,22,1,4,5,11
1403715948.785228729248047,17,4,0,2,11
1403715948.835216045379639,16,1,2,6,11
1403715948.885195970535278,14,0,6,6,11
1403715948.935195684432983,14,0,3,0,11
1403715948.985195398330688,13,1,2,1,11
1403715949.035189390182495,9,0,1,6,11
1403715949.085187911987305,9,1,5,1,11
1403715949.135187864303589,9,0,0,1,11
1403715949.185187578201294,9,1,0,2,11
1403715949.235184669494629,10,1,2,7,11
1403715949.285177230834961,12,2,5,3,11
1403715949.335174560546875,11,4,5,0,11
1403715949.385174036026001,10,5,0,4,11
1403715949.435170650482178,10,6,0,2,11
1403715949.485152959823608,12,2,2,7,11
1403715949.535151243209839,10,0,6,1,11
1403715949.585151910781860,10,1,4,0,11
1403715949.635150671005249,9,2,0,2,11
1403715949.685150623321533,7,0,1,1,11
1403715949.735150814056396,7,1,1,4,11
1403715949.785151481628418,5,0,4,0,11
1403715949.835152626037598,8,0,4,3,11
1403715949.885155677795410,11,1,0,4,11
1403715949.935164213180542,14,1,1,4,11
1403715949.985164403915405,12,0,1,4,11
1403715950.035167217254639,10,0,5,1,11
1403715950.085173606872559,8,1,5,2,11
1403715950.135178804397583,13,1,5,5,11
1403715950.185179471969604,14,7,11,2,11
1403715950.235180377960205,19,11,10,6,11
1403715950.285182952880859,17,11,10,1,11
1403715950.335186481475830,20,8,11,3,11
1403715950.385186672210693,17,2,13,3,11
1403715950.435184240341187,15,4,13,0,11
1403715950.485181331634521,13,6,9,1,11
1403715950.535176753997803,11,3,4,3,11
1403715950.585167884826660,11,4,4,1,11
1403715950.635164022445679,8,7,4,1,11
1403715950.685152292251587,7,1,4,3,11
1403715950.735143184661865,8,1,3,1,11
1403715950.785120964050293,16,13,4,8,11
1403715950.835121393203735,14,3,5,1,11
1403715950.885116100311279,17,1,5,4,11
1403715950.935114383697510,11,3,8,2,11
1403715950.985101461410522,15,1,5,5,11
1403715951.035098075866699,14,1,3,1,11
1403715951.085098266601562,9,1,2,0,11
1403715951.135088920593262,9,2,2,5,11
1403715951.185084104537964,11,4,4,4,11
1403715951.235083341598511,10,7,5,0,11
1403715951.285082578659058,8,2,5,1,11
1403715951.335080146789551,7,6,6,1,11
1403715951.385072946548462,6,11,4,0,11
1403715951.435067892074585,8,2,3,2,11
1403715951.485065698623657,7,2,3,1,11
1403715951.535057067871094,9,2,3,3,11
1403715951.585048437118530,12,1,3,5,11
1403715951.635026454925537,19,0,6,8,11
1403715951.685016632080078,27,0,11,11,11
1403715951.735003232955933,36,1,21,12,11
1403715951.784999847412109,43,3,30,9,11
1403715951.834996223449707,47,10,36,6,11
1403715951.884981393814087,44,8,32,1,11
1403715951.934964418411255,46,22,34,6,11
1403715951.984959125518799,42,12,31,4,11
1403715952.034957647323608,41,6,34,0,11
1403715952.084955930709839,33,4,24,1,11
1403715952.134953975677490,30,3,17,2,11
1403715952.184950113296509,22,7,15,1,11
1403715952.234946250915527,13,4,9,0,11
1403715952.284946441650391,12,3,5,2,11
1403715952.334944486618042,9,1,2,2,11
1403715952.384940862655640,10,3,2,1,11
1403715952.434938907623291,4,9,2,0,11
1403715952.484937429428101,3,0,2,0,11
1403715952.534926414489746,9,1,0,7,11
1403715952.584923744201660,7,5,3,0,11
1403715952.634920835494995,7,0,2,2,11
1403715952.684920549392700,6,0,1,2,11
1403715952.734906673431396,8,1,4,4,11
1403715952.784905433654785,9,0,7,1,11
1403715952.834902524948120,10,3,6,2,11
1403715952.884899854660034,10,5,6,2,11
1403715952.934894323348999,14,2,3,5,11
1403715952.984889268875122,14,6,3,1,11
1403715953.034881353378296,14,11,1,5,11
1403715953.084880828857422,6,0,1,0,11
1403715953.134880542755127,3,0,1,1,11
1403715953.184877634048462,4,7,2,2,11
1403715953.234867572784424,5,5,3,2,11
1403715953.284865379333496,4,2,1,1,11
1403715953.334866762161255,4,4,1,0,11
1403715953.384867429733276,1,4,0,0,11
1403715953.434867620468140,0,1,0,0,11
1403715953.484870672225952,6,6,0,6,11
1403715953.534872293472290,7,4,4,1,11
1403715953.584876298904419,12,4,5,5,11
1403715953.634880781173706,14,4,9,4,11
1403715953.684878349304199,23,8,13,9,11
1403715953.734883069992065,27,4,21,5,11
1403715953.784886121749878,34,4,24,8,11
1403715953.834883928298950,40,2,31,7,11
1403715953.884877443313599,46,7,36,8,11
1403715953.934868574142456,46,10,40,3,11
1403715953.984859466552734,48,9,33,3,11
1403715954.034857749938965,45,2,28,2,11
1403715954.084856271743774,36,4,22,6,11
1403715954.134856224060059,27,10,19,3,11
1403715954.184857130050659,23,0,15,1,11
1403715954.234858512878418,23,4,15,2,11
1403715954.284861326217651,15,4,11,2,11
1403715954.334863424301147,14,4,11,1,11
1403715954.384866476058960,12,8,9,1,11
1403715954.434869050979614,11,1,7,1,11
1403715954.484872102737427,11,3,8,2,11
1403715954.534874677658081,9,12,8,0,11
1403715954.584877014160156,7,5,4,0,11
1403715954.634880304336548,9,2,2,3,11
1403715954.684907674789429,14,7,1,8,11
1403715954.734909772872925,15,0,4,3,11
1403715954.784913301467896,14,1,5,1,11
1403715954.834928989410400,22,0,5,14,11
1403715954.884937524795532,23,5,18,3,11
1403715954.934942007064819,26,5,21,3,11
1403715954.984943628311157,29,3,21,5,11
1403715955.034944772720337,25,9,19,1,11
1403715955.084944963455200,22,2,19,0,11
1403715955.134947299957275,20,7,17,3,11
1403715955.184949874877930,15,7,15,0,11
1403715955.234952449798584,15,7,8,0,11
1403715955.284954309463501,12,3,6,2,11
1403715955.334958553314209,11,3,7,2,11
1403715955.384960174560547,9,3,6,0,11
1403715955.434966325759888,9,7,4,1,11
1403715955.484972476959229,8,0,2,3,11
1403715955.534974098205566,8,6,3,0,11
1403715955.584990978240967,11,3,2,7,11
1403715955.634991168975830,9,0,7,1,11
1403715955.684995651245117,16,2,8,7,11
1403715955.734994888305664,16,0,14,1,11
1403715955.784988403320312,19,2,14,4,11
1403715955.834983348846436,25,2,17,8,11
1403715955.884983777999878,29,5,17,4,11
1403715955.934984683990479,33,8,21,5,11
1403715955.984986305236816,28,6,21,1,11
1403715956.034996271133423,21,3,12,3,11
1403715956.084996461868286,13,6,5,2,11
1403715956.134998798370361,15,1,7,3,11
1403715956.185002565383911,14,3,10,4,11
1403715956.235004186630249,17,0,13,3,11
1403715956.285007238388062,16,1,14,0,11
1403715956.335009813308716,16,1,13,2,11
1403715956.385010242462158,17,3,8,3,11
1403715956.435010671615601,17,6,6,2,11
1403715956.485012531280518,12,4,1,2,11
1403715956.535003900527954,13,0,1,7,11
1403715956.585004091262817,12,1,2,3,11
1403715956.635002851486206,18,0,5,7,11
1403715956.685004234313965,17,0,4,5,11
1403715956.735005378723145,18,0,12,1,11
1403715956.785007238388062,16,0,10,3,11
1403715956.835009098052979,16,0,9,2,11
1403715956.885020256042480,17,6,9,2,11
1403715956.935028553009033,18,0,10,5,11
1403715956.985033988952637,20,2,13,4,11
1403715957.035040855407715,24,1,8,7,11
1403715957.085039854049683,22,3,8,2,11
1403715957.135038137435913,23,3,6,8,11
1403715957.185033559799194,22,3,13,4,11
1403715957.235032796859741,18,2,6,2,11
1403715957.285032510757446,13,3,7,0,11
1403715957.335032701492310,7,1,7,0,11
1403715957.385032653808594,7,3,7,0,11
1403715957.435028076171875,9,2,7,2,11
1403715957.485028266906738,8,3,6,0,11
1403715957.535025596618652,17,5,4,12,11
1403715957.585026025772095,14,5,12,0,11
1403715957.635025978088379,15,4,10,1,11
1403715957.685024499893188,16,3,9,3,11
1403715957.735023975372314,16,2,11,3,11
1403715957.785021305084229,16,24,3,1,11
1403715957.835014581680298,16,0,2,2,11
1403715957.884996175765991,13,0,1,7,11
1403715957.934973955154419,16,1,3,7,11
1403715957.984973430633545,13,2,5,0,11
1403715958.034973621368408,9,2,4,0,11
1403715958.084972620010376,6,6,4,2,11
1403715958.134973526000977,7,4,4,1,11
1403715958.184973955154419,6,2,3,0,11
1403715958.234976053237915,4,2,2,1,11
1403715958.284976482391357,3,1,3,0,11
1403715958.334989547729492,4,4,3,1,11
1403715958.384994506835938,4,5,2,1,11
1403715958.435017824172974,13,7,2,10,11
1403715958.485024452209473,16,3,3,5,11
1403715958.535026788711548,16,0,6,1,11
1403715958.585037946701050,21,0,5,11,11
1403715958.635040283203125,17,1,15,0,11
1403715958.685042619705200,19,1,14,4,11
1403715958.735047817230225,20,2,17,3,11
1403715958.785052061080933,20,3,19,0,11
1403715958.835050582885742,21,5,19,2,11
1403715958.885050296783447,24,6,20,3,11
1403715958.935051202774048,24,2,22,1,11
1403715958.985055208206177,24,2,22,2,11
1403715959.035060167312622,25,6,22,2,11
1403715959.085063934326172,27,0,24,2,11
1403715959.135067462921143,29,3,25,4,11
1403715959.185065984725952,31,0,26,2,11
1403715959.235066890716553,35,4,29,4,11
1403715959.285067796707153,34,4,32,1,11
1403715959.335069417953491,31,3,23,0,11
1403715959.385069608688354,24,5,13,0,11
1403715959.435070276260376,20,1,15,2,11
1403715959.485070943832397,22,3,9,7,11
1403715959.535073041915894,21,3,16,2,11
1403715959.585076093673706,26,2,14,8,11
1403715959.635086059570312,29,1,18,7,11
1403715959.685086011886597,27,1,25,1,11
1403715959.735092163085938,26,9,23,2,11
1403715959.785096645355225,23,4,14,0,11
1403715959.835099220275879,24,5,9,3,11
1403715959.885102510452271,19,4,11,3,11
1403715959.935104608535767,16,6,11,2,11
1403715959.985102415084839,17,3,10,2,11
1403715960.035102367401123,16,2,11,1,11
1403715960.085101604461670,16,9,9,3,11
1403715960.135105371475220,15,0,9,1,11
1403715960.185104370117188,11,4,7,2,11
1403715960.235103607177734,10,17,6,1,11
1403715960.285101652145386,9,5,6,0,11
1403715960.335099697113037,7,1,6,1,11
1403715960.385099649429321,5,9,4,1,11
1403715960.435084104537964,8,1,1,4,11
1403715960.485080242156982,10,1,0,2,11
1403715960.535073280334473,9,2,0,2,11
1403715960.585073232650757,5,1,0,1,11
1403715960.635061025619507,5,1,1,2,11
1403715960.685054540634155,4,0,1,1,11
1403715960.735045433044434,5,2,1,1,11
1403715960.785028457641602,6,1,0,3,11
1403715960.834992170333862,11,0,0,6,11
1403715960.884992122650146,10,0,1,1,11
1403715960.934991359710693,8,4,4,1,11
1403715960.984991073608398,5,2,5,0,11
1403715961.034991025924683,5,3,4,0,11
1403715961.084993362426758,6,4,4,1,11
1403715961.134996891021729,11,4,4,6,11
1403715961.184998273849487,12,2,5,1,11
1403715961.235004186630249,14,2,2,4,11
1403715961.285021066665649,12,1,3,4,11
1403715961.335038900375366,14,2,1,5,11
1403715961.385039329528809,12,1,2,0,11
1403715961.435040473937988,8,9,1,2,11
1403715961.485060214996338,10,12,1,6,11
1403715961.535065650939941,10,10,4,2,11
1403715961.585071563720703,9,2,4,2,11
1403715961.635080575942993,9,2,6,2,11
1403715961.685080528259277,8,2,6,0,11
1403715961.735082149505615,7,8,4,0,11
1403715961.785085678100586,8,2,4,3,11
1403715961.835086107254028,8,8,3,1,11
1403715961.885089397430420,8,12,2,3,11
1403715961.935092210769653,5,3,1,1,11
1403715961.985093832015991,6,1,0,3,11
1403715962.035094261169434,5,2,1,3,11
1403715962.085097312927246,8,2,1,4,11
1403715962.135097980499268,8,2,3,0,11
1403715962.185098648071289,5,0,1,1,11
1403715962.235098123550415,5,0,1,2,11
1403715962.285098791122437,4,1,1,0,11
1403715962.335101366043091,4,3,0,1,11
1403715962.385105133056641,3,3,0,1,11
1403715962.435105085372925,3,0,0,1,11
1403715962.485105037689209,2,0,1,0,11
1403715962.535105466842651,1,2,1,0,11
1403715962.585105657577515,1,2,1,0,11
1403715962.635119438171387,3,4,0,2,11
1403715962.685126781463623,5,0,1,3,11
1403715962.735126733779907,5,0,2,1,11
1403715962.785126686096191,5,1,3,0,11
1403715962.835126161575317,3,3,3,0,11
1403715962.885126113891602,3,0,2,0,11
1403715962.935126304626465,4,10,2,1,11
1403715962.985126256942749,3,1,0,1,11
1403715963.035123825073242,3,2,1,2,11
1403715963.085123062133789,4,5,1,2,11
1403715963.135123491287231,6,3,2,3,11
1403715963.185122013092041,8,10,3,4,11
1403715963.235124826431274,14,6,5,7,11
1403715963.285127878189087,20,2,8,7,11
1403715963.335131168365479,19,8,12,5,11
1403715963.385136365890503,20,0,15,3,11
1403715963.435142755508423,19,10,17,1,11
1403715963.485147237777710,18,9,14,1,11
1403715963.535151720046997,19,15,12,1,11
1403715963.585150718688965,19,10,12,3,11
1403715963.635146141052246,27,7,15,11,11
1403715963.685141324996948,28,15,20,3,11
1403715963.735140085220337,36,9,22,8,11
1403715963.785141468048096,30,2,24,3,11
1403715963.835145235061646,26,6,21,0,11
1403715963.885148525238037,27,2,19,4,11
1403715963.935151100158691,30,3,22,8,11
1403715963.985152482986450,32,2,30,2,11
1403715964.035153865814209,33,1,32,1,11
1403715964.085153579711914,32,9,27,0,11
1403715964.135153055191040,39,4,24,7,11
1403715964.185150861740112,43,3,29,10,11
1403715964.235147953033447,38,0,34,0,11
1403715964.285145521163940,43,4,33,6,11
1403715964.335150003433228,47,0,37,9,11
1403715964.385156154632568,49,2,42,2,11
1403715964.435158014297485,49,8,42,1,11
1403715964.485157966613770,48,3,40,2,11
1403715964.535155773162842,47,0,35,3,11
1403715964.585153102874756,45,1,31,1,11
1403715964.635151624679565,42,1,37,5,11
1403715964.685148239135742,45,7,33,3,11
1403715964.735145330429077,43,1,28,2,11
1403715964.785143375396729,48,9,25,11,11
1403715964.835143566131592,47,2,31,6,11
1403715964.885144710540771,42,5,20,2,11
1403715964.935144901275635,39,4,21,4,11
1403715964.985144853591919,29,4,22,7,11
1403715965.035146236419678,35,5,29,6,11
1403715965.085146188735962,35,3,29,3,11
1403715965.135150671005249,44,1,27,13,11
1403715965.185160398483276,40,1,37,1,11
1403715965.235170125961304,38,3,30,1,11
1403715965.285184621810913,42,6,26,4,11
1403715965.335191249847412,35,2,17,1,11
1403715965.385203123092651,41,5,10,11,11
1403715965.435202360153198,36,1,8,10,11
1403715965.485200643539429,31,0,11,6,11
1403715965.535199642181396,25,0,6,4,11
1403715965.585194349288940,25,0,6,4,11
1403715965.635193824768066,23,0,1,9,11
1403715965.685189485549927,22,7,10,3,11
1403715965.735184669494629,20,11,11,7,11
1403715965.785182714462280,20,1,15,0,11
1403715965.835180282592773,20,2,15,2,11
1403715965.885178804397583,19,4,12,2,11
1403715965.935178279876709,18,1,11,0,11
1403715965.985174417495728,17,1,7,6,11
1403715966.035173177719116,18,0,2,2,11
1403715966.085167169570923,15,1,3,3,11
1403715966.135166406631470,16,2,5,10,11
1403715966.185167074203491,16,1,10,1,11
1403715966.235169649124146,16,0,7,1,11
1403715966.285172224044800,14,0,5,2,11
1403715966.335177659988403,17,1,5,8,11
1403715966.385177850723267,17,0,10,2,11
1403715966.435178041458130,15,2,11,0,11
1403715966.485178232192993,13,2,9,1,11
1403715966.535177946090698,13,4,4,1,11
1403715966.585178136825562,14,1,1,3,11
1403715966.635176897048950,13,0,4,5,11
1403715966.685173988342285,12,0,6,3,11
1403715966.735172986984253,12,0,8,0,11
1403715966.785169363021851,10,2,7,1,11
1403715966.835166215896606,11,1,2,2,11
1403715966.885164022445679,12,0,1,2,11
1403715966.935154438018799,12,0,2,6,11
1403715966.985118150711060,19,6,6,10,11
1403715967.035114288330078,19,11,11,1,11
1403715967.085108518600464,18,7,9,2,11
1403715967.135096788406372,23,6,9,9,11
1403715967.185095548629761,22,5,13,3,11
1403715967.235091686248779,19,3,12,3,11
1403715967.285091400146484,15,5,7,0,11
1403715967.335091114044189,9,8,6,1,11
1403715967.385092973709106,10,0,6,3,11
1403715967.435094833374023,11,2,10,1,11
1403715967.485095024108887,9,0,8,1,11
1403715967.535093545913696,10,0,8,1,11
1403715967.585083961486816,16,3,9,6,11
1403715967.635080814361572,16,4,10,1,11
1403715967.685080051422119,15,3,4,0,11
1403715967.735082387924194,14,3,4,5,11
1403715967.785083055496216,15,2,2,6,11
1403715967.835083484649658,16,1,4,1,11
1403715967.885076284408569,18,1,3,9,11
1403715967.935076951980591,15,0,8,1,11
1403715967.985080480575562,16,0,8,5,11
1403715968.035081624984741,14,2,6,0,11
1403715968.085085868835449,13,5,4,2,11
1403715968.135090351104736,11,1,6,5,11
1403715968.185088396072388,12,0,7,1,11
1403715968.235085010528564,12,1,9,0,11
1403715968.285083293914795,14,0,9,5,11
1403715968.335074901580811,21,1,13,7,11
1403715968.385064125061035,33,4,19,12,11
1403715968.435056447982788,37,11,31,5,11
1403715968.485054254531860,38,7,36,1,11
1403715968.535047292709351,43,5,31,6,11
1403715968.585036754608154,49,4,23,6,11
1403715968.635029315948486,47,2,25,6,11
1403715968.685019731521606,40,6,30,7,11
1403715968.735011577606201,41,0,36,4,11
1403715968.785007715225220,41,0,39,1,11
1403715968.835000753402710,45,1,40,5,11
1403715968.884995222091675,44,1,42,2,11
1403715968.934988737106323,47,0,43,3,11
1403715968.984983444213867,46,1,14,0,11
1403715969.034961223602295,47,12,18,3,11
1403715969.084956884384155,28,4,15,6,11
1403715969.134953737258911,23,3,15,1,11
1403715969.184951543807983,18,2,15,0,11
1403715969.234950542449951,15,1,12,1,11
1403715969.284949064254761,17,2,12,3,11
1403715969.334949254989624,11,4,7,0,11
1403715969.384949922561646,10,4,7,0,11
1403715969.434948444366455,7,5,6,1,11
1403715969.484945774078369,7,4,2,4,11
1403715969.534946203231812,7,3,5,0,11
1403715969.584945678710938,6,2,5,0,11
1403715969.634945154190063,4,0,4,0,11
1403715969.684942722320557,12,2,4,8,11
1403715969.734941244125366,26,1,11,14,11
1403715969.784937858581543,37,2,24,11,11
1403715969.834932565689087,42,7,34,7,11
1403715969.884921073913574,49,21,36,8,11
1403715969.934918642044067,45,6,35,0,11
1403715969.984918594360352,42,2,29,2,11
1403715970.034919500350952,42,7,20,9,11
1403715970.084921360015869,36,4,26,2,11
1403715970.134924173355103,30,4,23,1,11
1403715970.184926748275757,28,3,19,3,11
1403715970.234926700592041,19,0,13,1,11
1403715970.284926652908325,12,2,11,0,11
1403715970.334926843643188,10,1,9,0,11
1403715970.384927511215210,9,1,8,0,11
1403715970.434937238693237,19,0,7,11,11
1403715970.484940767288208,19,1,14,1,11
1403715970.534960985183716,30,0,14,11,11
1403715970.584970712661743,30,3,15,6,11
1403715970.634978294372559,32,2,19,4,11
1403715970.684985876083374,39,2,19,15,11
1403715970.734987258911133,39,2,32,3,11
1403715970.784987211227417,29,4,24,0,11
1403715970.834986448287964,29,0,17,6,11
1403715970.884984731674194,28,1,19,5,11
1403715970.934983015060425,25,2,19,1,11
1403715970.984983205795288,19,1,16,0,11
1403715971.034983873367310,13,4,11,2,11
1403715971.084978580474854,11,3,8,1,11
1403715971.134976863861084,11,1,2,0,11
1403715971.184973239898682,11,1,0,2,11
1403715971.234939098358154,15,0,1,11,11
1403715971.284929990768433,20,2,8,7,11
1403715971.334921360015869,19,5,17,1,11
1403715971.384912490844727,27,7,18,9,11
1403715971.434910058975220,27,6,6,0,11
1403715971.484909057617188,24,11,0,0,11
1403715971.534906864166260,11,10,0,5,11
1403715971.584903717041016,10,8,4,6,11
1403715971.634896278381348,15,3,7,6,11
1403715971.684895038604736,13,5,6,0,11
1403715971.734892368316650,12,12,4,1,11
1403715971.784892559051514,6,6,2,0,11
1403715971.834892272949219,4,7,0,1,11
1403715971.884892225265503,4,0,1,2,11
1403715971.934884548187256,6,0,2,3,11
1403715971.984884500503540,6,0,3,0,11
1403715972.034884691238403,7,1,2,2,11
1403715972.084884881973267,8,1,4,3,11
1403715972.134885072708130,10,1,5,3,11
1403715972.184883594512939,14,0,5,4,11
1403715972.234884023666382,12,1,6,1,11
1403715972.284880161285400,17,0,6,10,11
1403715972.334880113601685,15,2,6,0,11
1403715972.384880065917969,21,0,6,7,11
1403715972.434880733489990,19,1,12,7,11
1403715972.484882831573486,19,1,19,0,11
1403715972.534880876541138,37,0,19,18,11
1403715972.584878921508789,42,0,36,5,11
1403715972.634877920150757,46,2,37,4,11
1403715972.684877395629883,47,5,29,4,11
1403715972.734877347946167,44,0,22,2,11
1403715972.784876346588135,46,12,21,12,11
1403715972.834875106811523,49,1,29,13,11
1403715972.884872198104858,48,0,42,1,11
1403715972.934871673583984,48,0,43,4,11
1403715972.984874010086060,48,0,45,1,11
1403715973.034877538681030,47,1,44,0,11
1403715973.084879875183105,46,3,44,2,11
1403715973.134882211685181,46,0,45,0,11
1403715973.184882640838623,46,0,46,0,11
1403715973.234884738922119,50,9,46,4,11
1403715973.284885406494141,50,7,50,0,11
1403715973.334886789321899,50,1,50,0,11
1403715973.384887695312500,50,10,50,0,11
1403715973.434890508651733,50,5,50,0,11
1403715973.484897136688232,50,30,50,0,11
1403715973.534898042678833,49,0,49,0,11
1403715973.584899663925171,49,0,43,0,11
1403715973.634899616241455,47,1,42,0,11
1403715973.684898853302002,38,2,35,2,11
1403715973.734899044036865,36,0,36,0,11
1403715973.784898996353149,36,0,36,0,11
1403715973.834898233413696,44,0,36,8,11
1403715973.884897708892822,47,0,43,4,11
1403715973.934897899627686,47,0,46,1,11
1403715973.984899044036865,50,0,46,3,11
1403715974.034902572631836,50,4,48,0,11
1403715974.084906339645386,48,27,48,0,11
1403715974.134907245635986,48,0,48,0,11
1403715974.184906959533691,48,0,48,0,11
1403715974.234907627105713,50,0,48,2,11
1403715974.284909725189209,50,5,50,0,11
1403715974.334912300109863,49,0,49,0,11
1403715974.384916543960571,49,0,47,0,11
1403715974.434921264648438,49,0,44,0,11
1403715974.484922170639038,48,0,42,1,11
1403715974.534924030303955,44,0,36,0,11
1403715974.584924697875977,49,1,4,6,11
1403715974.634925365447998,42,2,5,1,11
1403715974.684927225112915,21,8,8,10,11
1403715974.734927177429199,26,0,10,7,11
1403715974.784927845001221,25,0,20,0,11
1403715974.834928274154663,21,0,20,1,11
1403715974.884927749633789,25,0,21,4,11
1403715974.934927701950073,25,1,25,0,11
1403715974.984927654266357,25,2,25,0,11
1403715975.034927845001221,25,0,25,0,11
1403715975.084927082061768,27,1,25,2,11
1403715975.134927034378052,30,2,27,3,11
1403715975.184927225112915,31,0,28,1,11
1403715975.234927177429199,42,1,14,12,11
1403715975.284932374954224,47,38,39,8,11
1403715975.334932088851929,49,11,46,3,11
1403715975.384932518005371,50,0,49,1,11
1403715975.434933900833130,50,1,50,0,11
1403715975.484934329986572,49,0,49,0,11
1403715975.534933567047119,49,1,49,0,11
1403715975.584932327270508,49,0,49,0,11
1403715975.634932518005371,49,0,49,0,11
1403715975.684932470321655,49,1,49,0,11
1403715975.734932661056519,49,0,49,0,11
1403715975.784932851791382,48,0,48,0,11
1403715975.834933996200562,48,0,44,0,11
1403715975.884935379028320,49,38,47,2,11
1403715975.934934377670288,50,10,49,1,11
1403715975.984935045242310,50,0,49,0,11
1403715976.034935712814331,49,1,48,0,11
1403715976.084937334060669,49,0,36,1,11
1403715976.134940147399902,49,0,38,5,11
1403715976.184940576553345,45,0,43,2,11
1403715976.234941482543945,45,2,45,0,11
1403715976.284941911697388,45,1,45,0,11
1403715976.334941625595093,44,3,44,0,11
1403715976.384941339492798,42,1,41,0,11
1403715976.434941291809082,42,0,39,0,11
1403715976.484944105148315,49,24,40,8,11
1403715976.534944057464600,50,8,48,2,11
1403715976.584943056106567,50,2,49,0,11
1403715976.634942770004272,49,3,49,0,11
1403715976.684943199157715,49,1,49,0,11
1403715976.734942913055420,50,13,46,1,11
1403715976.784943819046021,50,18,46,0,11
1403715976.834943294525146,48,0,46,1,11
1403715976.884943008422852,47,0,43,0,11
1403715976.934942007064819,47,0,35,1,11
1403715976.984941959381104,44,0,21,3,11
1403715977.034942150115967,40,0,12,4,11
1403715977.084941864013672,43,8,25,18,11
1403715977.134941816329956,45,0,43,2,11
1403715977.184942483901978,45,0,34,0,11
1403715977.234942913055420,42,0,34,5,11
1403715977.284943819046021,40,5,23,1,11
1403715977.334944009780884,42,3,7,4,11
1403715977.384943962097168,37,2,1,10,11
1403715977.434943914413452,35,1,11,15,11
1403715977.484943866729736,31,0,26,5,11
1403715977.534944057464600,31,1,31,0,11
1403715977.584944009780884,31,5,31,0,11
1403715977.634944200515747,32,0,31,1,11
1403715977.684944868087769,35,1,31,3,11
1403715977.734944581985474,38,3,33,4,11
1403715977.784944534301758,31,4,30,1,11
1403715977.834944486618042,34,0,30,4,11
1403715977.884943723678589,45,2,32,11,11
1403715977.934943199157715,45,2,41,0,11
1403715977.984942913055420,46,0,33,7,11
1403715978.034942865371704,46,1,37,2,11
1403715978.084942340850830,37,2,33,1,11
1403715978.134942054748535,34,1,29,1,11
1403715978.184941768646240,33,1,25,3,11
1403715978.234941720962524,33,0,25,3,11
1403715978.284941434860229,45,5,26,16,11
1403715978.334941148757935,43,1,37,1,11
1403715978.384940385818481,36,2,26,0,11
1403715978.434939384460449,34,0,23,1,11
1403715978.484938383102417,29,1,22,4,11
1403715978.534938097000122,25,5,24,0,11
1403715978.584937572479248,19,5,17,0,11
1403715978.634937524795532,15,4,11,0,11
1403715978.684937953948975,13,4,9,1,11
1403715978.734938144683838,13,2,10,3,11
1403715978.784938335418701,10,5,8,0,11
1403715978.834935903549194,10,4,6,3,11
1403715978.884935855865479,8,3,2,2,11
1403715978.934933900833130,10,2,2,6,11
1403715978.984932661056519,11,8,1,3,11
1403715979.034932613372803,10,3,0,0,11
1403715979.084930658340454,10,2,0,6,11
1403715979.134930372238159,9,2,2,3,11
1403715979.184929847717285,8,2,5,0,11
1403715979.234925746917725,9,3,2,4,11
1403715979.284915685653687,13,1,0,6,11
1403715979.334911823272705,12,5,1,3,11
1403715979.384911060333252,13,0,0,4,11
1403715979.434911251068115,12,2,2,6,11
1403715979.484911441802979,12,0,6,3,11
1403715979.534912586212158,14,3,8,3,11
1403715979.584914207458496,15,3,10,4,11
1403715979.634914159774780,14,1,9,1,11
1403715979.684914827346802,15,2,7,2,11
1403715979.734915971755981,14,3,7,4,11
1403715979.784917116165161,10,4,5,2,11
1403715979.834917783737183,8,2,4,2,11
1403715979.884918451309204,10,8,6,4,11
1403715979.934917688369751,17,5,7,7,11
1403715979.984917402267456,18,5,5,3,11
1403715980.034917593002319,16,7,3,3,11
1403715980.084917068481445,12,6,2,1,11
1403715980.134916782379150,11,5,1,4,11
1403715980.184916257858276,10,5,3,3,11
1403715980.234915018081665,11,6,6,3,11
1403715980.284914970397949,8,2,3,0,11
1403715980.334913730621338,9,4,0,1,11
1403715980.384913682937622,7,5,0,4,11
1403715980.434912204742432,7,3,4,3,11
1403715980.484912633895874,7,0,6,0,11
1403715980.534913063049316,5,2,5,0,11
1403715980.584913015365601,5,3,4,0,11
1403715980.634912967681885,4,1,3,0,11
1403715980.684912919998169,1,3,1,0,11
1403715980.734912872314453,0,1,0,0,11
1403715980.784913539886475,3,1,0,3,11
1403715980.834916353225708,6,3,3,3,11
1403715980.884918928146362,16,7,6,10,11
1403715980.934919595718384,18,3,15,2,11
1403715980.984919786453247,20,5,11,3,11
1403715981.034919738769531,18,6,8,5,11
1403715981.084919214248657,17,1,8,3,11
1403715981.134919166564941,17,5,10,2,11
1403715981.184918642044067,19,7,5,8,11
1403715981.234918117523193,19,5,7,4,11
1403715981.284917831420898,18,1,9,4,11
1403715981.334917545318604,16,0,13,2,11
1403715981.384917259216309,18,1,13,4,11
1403715981.434916019439697,21,4,12,6,11
1403715981.484916687011719,23,4,13,7,11
1403715981.534917354583740,23,2,16,0,11
1403715981.584917545318604,18,2,14,0,11
1403715981.634917736053467,14,1,8,1,11
1403715981.684917926788330,21,1,9,7,11
1403715981.734917163848877,16,0,14,0,11
1403715981.784917116165161,17,0,13,1,11
1403715981.834914922714233,20,2,14,5,11
1403715981.884913682937622,21,1,15,3,11
1403715981.934912443161011,22,3,15,2,11
1403715981.984911680221558,20,2,12,2,11
1403715982.034911870956421,18,3,11,2,11
1403715982.084911108016968,15,2,13,1,11
1403715982.134909868240356,17,3,13,4,11
1403715982.184909343719482,18,1,16,1,11
1403715982.234909296035767,10,1,10,0,11
1403715982.284910440444946,19,3,9,9,11
1403715982.334909200668335,24,1,15,6,11
1403715982.384908437728882,26,0,17,5,11
1403715982.434908151626587,28,2,20,6,11
1403715982.484908103942871,31,5,23,7,11
1403715982.534908294677734,29,3,27,1,11
1403715982.584907770156860,36,4,26,9,11
1403715982.634907722473145,35,1,34,0,11
1403715982.684907913208008,39,1,31,6,11
1403715982.734908103942871,40,3,28,8,11
1403715982.784907817840576,40,3,32,3,11
1403715982.834907770156860,39,1,32,2,11
1403715982.884907722473145,35,5,28,3,11
1403715982.934907913208008,32,3,27,2,11
1403715982.984908580780029,31,3,26,4,11
1403715983.034908771514893,18,3,17,0,11
1403715983.084908723831177,21,2,14,4,11
1403715983.134909152984619,21,1,13,5,11
1403715983.184908866882324,18,3,14,1,11
1403715983.234909057617188,18,2,9,4,11
1403715983.284909009933472,16,2,9,1,11
1403715983.334908962249756,18,2,8,7,11
1403715983.384908914566040,18,1,12,6,11
1403715983.434909343719482,19,4,14,3,11
1403715983.484909772872925,26,1,13,7,11
1403715983.534910440444946,29,3,7,7,11
1403715983.584911346435547,23,8,5,7,11
1403715983.634911537170410,19,5,5,3,11
1403715983.684911489486694,17,0,4,3,11
1403715983.734912633895874,20,5,5,11,11
1403715983.784912347793579,22,7,6,5,11
1403715983.834912300109863,21,3,8,1,11
1403715983.884911537170410,21,3,3,10,11
1403715983.934911012649536,19,3,7,3,11
1403715983.984910011291504,14,4,6,0,11
1403715984.034908771514893,11,3,4,3,11
1403715984.084906101226807,10,2,6,1,11
1403715984.134906053543091,8,3,4,0,11
1403715984.184905290603638,6,2,3,1,11
1403715984.234905242919922,5,4,3,1,11
1403715984.284905672073364,4,4,3,0,11
1403715984.334904909133911,4,4,3,1,11
1403715984.384903669357300,7,5,4,3,11
1403715984.434903383255005,7,1,6,0,11
1403715984.484903335571289,7,1,4,0,11
1403715984.534903287887573,7,13,4,1,11
1403715984.584903478622437,3,3,2,1,11
1403715984.634903192520142,2,3,1,0,11
1403715984.684901952743530,9,10,0,8,11
1403715984.734901189804077,9,6,2,1,11
1403715984.784901380538940,5,1,1,0,11
1403715984.834901809692383,3,5,0,2,11
1403715984.884901762008667,4,1,1,1,11
1403715984.934901714324951,3,0,3,0,11
1403715984.984901905059814,5,9,2,2,11
1403715985.034903049468994,8,4,4,4,11
1403715985.084903478622437,8,4,7,1,11
1403715985.134902715682983,8,3,0,2,11
1403715985.184901952743530,14,1,0,6,11
1403715985.234902143478394,20,1,0,12,11
1403715985.284902334213257,15,1,2,0,11
1403715985.334903478622437,15,1,2,4,11
1403715985.384906768798828,16,1,2,10,11
1403715985.434906721115112,16,2,2,0,11
1403715985.484906911849976,14,3,2,2,11
1403715985.534907341003418,5,1,2,1,11
1403715985.584907531738281,5,5,2,0,11
1403715985.634907960891724,5,4,2,2,11
1403715985.684907913208008,5,5,2,1,11
1403715985.734908819198608,7,3,2,2,11
1403715985.784909009933472,6,2,1,1,11
1403715985.834908723831177,6,0,1,1,11
1403715985.884907007217407,7,1,1,4,11
1403715985.934906721115112,7,0,4,1,11
1403715985.984906435012817,7,1,5,1,11
1403715986.034901618957520,12,1,5,6,11
1403715986.084899187088013,17,4,7,5,11
1403715986.134897947311401,20,2,8,5,11
1403715986.184898138046265,17,0,14,2,11
1403715986.234897136688232,24,2,16,8,11
1403715986.284896850585938,29,2,23,5,11
1403715986.334897279739380,33,1,28,4,11
1403715986.384897947311401,36,0,31,4,11
1403715986.434895992279053,42,7,34,7,11
1403715986.484894275665283,44,0,40,4,11
1403715986.534892320632935,44,6,44,0,11
1403715986.584888935089111,45,3,41,3,11
1403715986.634885787963867,46,2,40,1,11
1403715986.684883832931519,47,6,40,4,11
1403715986.734883546829224,47,12,45,2,11
1403715986.784882783889771,48,1,44,3,11
1403715986.834887981414795,48,1,44,2,11
1403715986.884891271591187,46,0,45,1,11
1403715986.934895515441895,46,1,46,0,11
1403715986.984900474548340,46,2,45,0,11
1403715987.034906387329102,48,5,38,2,11
1403715987.084908962249756,47,1,34,1,11
1403715987.134908676147461,47,3,40,6,11
1403715987.184908390045166,49,7,45,3,11
1403715987.234907865524292,49,10,45,1,11
1403715987.284909248352051,48,17,44,1,11
1403715987.334908723831177,47,7,43,4,11
1403715987.384909152984619,47,2,46,0,11
1403715987.434909820556641,47,1,45,0,11
1403715987.484911918640137,47,0,42,1,11
1403715987.534915208816528,44,2,39,0,11
1403715987.584916353225708,43,4,38,1,11
1403715987.634918689727783,48,1,26,7,11
1403715987.684918880462646,46,0,19,2,11
1403715987.734918594360352,43,0,15,8,11
1403715987.784919500350952,41,0,19,13,11
1403715987.834922075271606,46,6,27,11,11
1403715987.884922027587891,44,10,40,2,11
1403715987.934922456741333,45,1,36,6,11
1403715987.984921216964722,45,1,37,2,11
1403715988.034921884536743,47,4,39,5,11
1403715988.084922552108765,45,2,41,2,11
1403715988.134923458099365,45,1,35,1,11
1403715988.184923648834229,44,1,37,1,11
1403715988.234923839569092,38,2,37,0,11
1403715988.284923315048218,41,0,30,4,11
1403715988.334922790527344,45,1,28,4,11
1403715988.384920835494995,43,0,30,4,11
1403715988.434918880462646,44,6,35,8,11
1403715988.484915971755981,45,9,43,2,11
1403715988.534915685653687,45,0,45,0,11
1403715988.584914684295654,48,7,45,3,11
1403715988.634914398193359,48,1,47,0,11
1403715988.684914588928223,48,0,44,0,11
1403715988.734914302825928,47,0,45,0,11
1403715988.784914970397949,46,0,42,0,11
1403715988.834914684295654,45,5,41,1,11
1403715988.884914636611938,43,0,40,1,11
1403715988.934913396835327,42,0,33,0,11
1403715988.984911918640137,42,0,39,2,11
1403715989.034910917282104,44,0,31,3,11
1403715989.084909677505493,45,2,12,8,11
1403715989.134909868240356,39,0,11,2,11
1403715989.184909582138062,32,0,12,11,11
1403715989.234909534454346,27,0,21,3,11
1403715989.284909725189209,27,0,21,1,11
1403715989.334909200668335,26,0,21,1,11
1403715989.384909152984619,25,0,20,1,11
1403715989.434908866882324,26,0,21,4,11
1403715989.484909296035767,26,0,25,1,11
1403715989.534909486770630,26,0,26,0,11
1403715989.584908962249756,31,0,26,5,11
1403715989.634909391403198,33,0,29,2,11
1403715989.684909820556641,38,5,31,5,11
1403715989.734909296035767,38,3,34,1,11
1403715989.784909248352051,43,1,30,7,11
1403715989.834908723831177,46,1,36,4,11
1403715989.884907722473145,45,0,38,5,11
1403715989.934907197952271,45,0,43,1,11
1403715989.984907388687134,45,3,42,1,11
1403715990.034907817840576,47,0,41,3,11
1403715990.084907770156860,47,6,44,2,11
1403715990.134907245635986,47,4,42,2,11
1403715990.184908151626587,47,0,43,0,11
1403715990.234907865524292,46,5,41,0,11
1403715990.284907341003418,43,0,23,0,11
1403715990.334907293319702,38,0,0,1,11
1403715990.384907245635986,30,0,2,7,11
1403715990.434907197952271,22,0,8,13,11
1403715990.484907627105713,22,1,21,1,11
1403715990.534908056259155,22,1,21,0,11
1403715990.584907770156860,24,1,19,2,11
1403715990.634907484054565,26,2,17,5,11
1403715990.684907436370850,27,1,18,5,11
1403715990.734907150268555,27,1,18,4,11
1403715990.784907341003418,21,4,17,0,11
1403715990.834907293319702,18,3,16,1,11
1403715990.884907245635986,20,2,14,4,11
1403715990.934906959533691,19,11,15,1,11
1403715990.984906435012817,17,4,13,3,11
1403715991.034905672073364,20,3,12,6,11
1403715991.084905385971069,18,2,15,1,11
1403715991.134906053543091,16,3,15,0,11
1403715991.184906005859375,15,0,14,0,11
1403715991.234906196594238,15,0,14,1,11
1403715991.284906864166260,15,2,15,0,11
1403715991.334906578063965,16,0,15,1,11
1403715991.384906291961670,15,0,15,0,11
1403715991.434906244277954,15,0,15,0,11
1403715991.484906196594238,15,0,15,0,11
1403715991.534906387329102,16,0,15,1,11
1403715991.584906339645386,16,0,16,0,11
1403715991.634905815124512,19,0,16,3,11
1403715991.684905767440796,19,0,18,0,11
1403715991.734905719757080,19,0,18,0,11
1403715991.784905910491943,18,0,18,0,11
1403715991.834905862808228,18,0,18,0,11
1403715991.884905815124512,18,0,18,0,11
1403715991.934905767440796,18,0,18,0,11
1403715991.984905719757080,18,0,18,0,11
1403715992.034906148910522,18,0,18,0,11
1403715992.084906101226807,18,0,18,0,11
1403715992.134906053543091,18,0,18,0,11
1403715992.184906005859375,18,0,18,0,11
1403715992.234905958175659,18,0,18,0,11
1403715992.284906148910522,18,0,18,0,11
1403715992.334906101226807,19,0,18,1,11
1403715992.384906291961670,19,0,19,0,11
1403715992.434906244277954,19,0,19,0,11
1403715992.484906196594238,19,0,19,0,11
1403715992.534906387329102,20,0,19,1,11
1403715992.584906339645386,20,0,20,0,11
1403715992.634906291961670,20,0,20,0,11
1403715992.684906244277954,20,0,20,0,11
1403715992.734906196594238,20,0,19,0,11
1403715992.784906387329102,20,0,18,0,11
1403715992.834906339645386,20,0,18,1,11
1403715992.884906291961670,20,0,19,1,11
1403715992.934906244277954,20,0,20,0,11
1403715992.984906435012817,20,0,19,0,11
1403715993.034906625747681,20,0,20,0,11
1403715993.084906578063965,20,0,20,0,11
1403715993.134906530380249,20,0,20,0,11
1403715993.184906482696533,20,0,20,0,11
1403715993.234906435012817,20,0,20,0,11
1403715993.284906864166260,20,0,20,0,11
1403715993.334906816482544,20,0,20,0,11
1403715993.384906768798828,20,0,20,0,11
1403715993.434906721115112,20,0,20,0,11
1403715993.484906673431396,20,0,20,0,11
1403715993.534906864166260,20,0,20,0,11
1403715993.584906816482544,20,0,20,0,11
1403715993.634906768798828,20,0,20,0,11
1403715993.684906721115112,20,0,20,0,11
1403715993.734906673431396,20,0,20,0,11
1403715993.784906864166260,20,0,20,0,11
1403715993.834906816482544,20,0,20,0,11
1403715993.884906530380249,20,0,20,0,11
1403715993.934906721115112,20,0,20,0,11
1403715993.984906673431396,20,0,20,0,11
