# timestamp (sec),slam_feats_in_state,msckf_feats_used,slam_feats_updated,slam_feats_delayed_init,clones
1403715893.794095754623413,0,15,0,0,5
1403715893.837712287902832,13,13,0,13,6
1403715893.887346029281616,13,0,13,0,7
1403715893.936416625976562,13,0,13,0,8
1403715893.986374616622925,13,0,12,0,9
1403715894.036912679672241,13,2,13,0,10
1403715894.087435007095337,12,0,12,0,11
1403715894.137986183166504,12,0,12,0,11
1403715894.190064430236816,18,0,10,7,11
1403715894.240571260452271,20,0,17,2,11
1403715894.290822267532349,27,0,18,9,11
1403715894.340451478958130,26,1,18,0,11
1403715894.390152931213379,30,2,23,4,11
1403715894.439492464065552,45,21,27,18,11
1403715894.488504886627197,48,0,44,4,11
1403715894.538041353225708,47,0,43,0,11
1403715894.587770938873291,50,0,36,4,11
1403715894.637593746185303,50,0,44,5,11
1403715894.687358140945435,50,1,49,0,11
1403715894.736999511718750,50,0,46,1,11
1403715894.786728858947754,50,0,46,1,11
1403715894.836592197418213,48,0,45,1,11
1403715894.886579036712646,50,4,45,2,11
1403715894.936705350875854,48,5,47,0,11
1403715894.987061262130737,48,1,24,2,11
1403715895.037878513336182,44,24,35,0,11
1403715895.088127613067627,40,0,30,4,11
1403715895.138180494308472,35,0,34,1,11
1403715895.188246011734009,35,1,34,0,11
1403715895.238297224044800,34,2,31,0,11
1403715895.288203477859497,32,1,28,0,11
1403715895.338175296783447,28,3,20,1,11
1403715895.388135910034180,29,0,21,6,11
1403715895.438077449798584,31,1,26,4,11
1403715895.488052845001221,34,0,30,3,11
1403715895.538087844848633,41,9,31,9,11
1403715895.587873458862305,42,1,38,2,11
1403715895.637609004974365,42,23,37,3,11
1403715895.687617063522339,44,2,40,3,11
1403715895.737536430358887,47,0,43,4,11
1403715895.787515640258789,45,0,44,0,11
1403715895.837523937225342,45,0,43,0,11
1403715895.887493610382080,45,0,41,1,11
1403715895.937503099441528,44,1,40,3,11
1403715895.987419366836548,43,1,41,0,11
1403715896.037341117858887,41,0,34,0,11
1403715896.087114810943604,47,10,32,9,11
1403715896.137048244476318,47,8,40,5,11
1403715896.187072753906250,47,0,46,1,11
1403715896.237005472183228,49,18,47,2,11
1403715896.286781549453735,49,0,46,0,11
1403715896.336728811264038,48,1,41,2,11
1403715896.386726617813110,47,0,43,0,11
1403715896.436701774597168,46,0,40,2,11
1403715896.486663818359375,44,0,40,1,11
1403715896.536683320999146,43,0,41,1,11
1403715896.586709976196289,41,1,41,0,11
1403715896.636743783950806,40,1,39,0,11
1403715896.686833381652832,44,5,35,6,11
1403715896.736936330795288,46,7,42,3,11
1403715896.786878108978271,45,0,44,1,11
1403715896.836824655532837,46,14,45,1,11
1403715896.886825799942017,46,0,44,0,11
1403715896.936820983886719,46,0,42,1,11
1403715896.986804246902466,47,0,42,2,11
1403715897.036807060241699,45,0,44,0,11
1403715897.086969614028931,48,10,43,4,11
1403715897.136938571929932,49,0,45,1,11
1403715897.186812877655029,49,1,44,1,11
1403715897.236737728118896,49,0,46,2,11
1403715897.286648750305176,49,9,44,0,11
1403715897.336570978164673,49,7,25,3,11
1403715897.386543989181519,49,3,23,5,11
1403715897.436480998992920,42,11,20,11,11
1403715897.486528396606445,41,1,30,4,11
1403715897.536461830139160,37,1,31,3,11
1403715897.586469173431396,37,0,24,0,11
1403715897.636460781097412,35,1,25,2,11
1403715897.686383962631226,35,1,27,8,11
1403715897.736286640167236,35,3,34,0,11
1403715897.786234378814697,35,2,35,0,11
1403715897.836175203323364,35,0,34,0,11
1403715897.886089801788330,44,3,34,10,11
1403715897.936077356338501,45,5,41,2,11
1403715897.986106872558594,44,2,40,0,11
1403715898.036071062088013,41,15,37,2,11
1403715898.086005449295044,40,6,31,7,11
1403715898.136009931564331,39,3,32,0,11
1403715898.186011075973511,31,4,27,0,11
1403715898.236021280288696,27,2,23,4,11
1403715898.286015987396240,27,2,25,0,11
1403715898.336008548736572,27,1,24,0,11
1403715898.386003732681274,27,6,23,2,11
1403715898.436017513275146,26,10,23,0,11
1403715898.485933303833008,33,5,20,8,11
1403715898.535908460617065,29,7,25,0,11
1403715898.585884571075439,26,5,23,0,11
1403715898.635852336883545,31,3,21,6,11
1403715898.685800313949585,29,3,25,1,11
1403715898.735784769058228,25,5,20,0,11
1403715898.785766839981079,23,8,17,2,11
1403715898.835769891738892,21,3,17,1,11
1403715898.885726451873779,24,6,16,4,11
1403715898.935710906982422,24,6,20,2,11
1403715898.985676288604736,22,4,22,0,11
1403715899.035684347152710,30,4,19,9,11
1403715899.085681200027466,29,2,27,0,11
1403715899.135689973831177,33,2,23,9,11
1403715899.185687065124512,33,1,30,1,11
1403715899.235687732696533,34,2,22,6,11
1403715899.285669326782227,32,11,26,0,11
1403715899.335619449615479,31,8,21,7,11
1403715899.385550022125244,31,6,27,2,11
1403715899.435482740402222,34,5,28,5,11
1403715899.485421180725098,34,8,31,1,11
1403715899.535359144210815,37,2,30,4,11
1403715899.585361719131470,32,3,30,0,11
1403715899.635341167449951,37,5,28,6,11
1403715899.685320138931274,35,2,29,0,11
1403715899.735320091247559,34,3,1,0,11
1403715899.785324573516846,31,3,0,4,11
1403715899.835368156433105,27,0,3,23,11
1403715899.885366439819336,25,3,18,0,11
1403715899.935350894927979,24,0,17,0,11
1403715899.985284566879272,17,2,17,0,11
1403715900.035220623016357,16,4,15,0,11
1403715900.085215806961060,16,3,1,0,11
1403715900.135206460952759,16,3,1,1,11
1403715900.185169696807861,15,3,1,14,11
1403715900.235156774520874,15,1,14,0,11
1403715900.285130023956299,15,0,12,0,11
1403715900.335137844085693,14,2,13,0,11
1403715900.385152339935303,13,1,9,1,11
1403715900.435126781463623,15,1,8,3,11
1403715900.485017299652100,22,5,9,10,11
1403715900.535033702850342,24,4,17,7,11
1403715900.585000991821289,28,7,21,7,11
1403715900.634961128234863,30,2,26,3,11
1403715900.684941530227661,28,6,25,2,11
1403715900.734922170639038,27,3,21,4,11
1403715900.784905433654785,31,3,20,4,11
1403715900.834924221038818,26,2,21,1,11
1403715900.884937047958374,24,3,21,1,11
1403715900.934986352920532,26,2,21,3,11
1403715900.984997034072876,26,1,21,3,11
1403715901.034986734390259,25,3,20,1,11
1403715901.084990739822388,26,2,20,3,11
1403715901.135005235671997,24,4,21,3,11
1403715901.184995651245117,24,1,21,2,11
1403715901.234977006912231,26,3,17,3,11
1403715901.284976005554199,23,3,18,0,11
1403715901.334965705871582,24,0,17,6,11
1403715901.384997367858887,26,2,22,3,11
1403715901.435036420822144,28,1,23,3,11
1403715901.485023975372314,31,3,22,4,11
1403715901.534936904907227,31,3,19,1,11
1403715901.584868669509888,29,0,13,2,11
1403715901.634831428527832,26,3,9,4,11
1403715901.684789896011353,25,1,11,6,11
1403715901.734632492065430,29,1,15,10,11
1403715901.784499168395996,31,3,25,4,11
1403715901.834435701370239,35,3,27,4,11
1403715901.884353876113892,35,3,28,2,11
1403715901.934286832809448,35,2,27,3,11
1403715901.984206914901733,33,2,27,4,11
1403715902.034202098846436,33,1,31,1,11
1403715902.084209918975830,36,0,32,4,11
1403715902.134205341339111,39,1,35,3,11
1403715902.184205532073975,45,3,38,6,11
1403715902.234198093414307,46,1,41,3,11
1403715902.284170627593994,46,1,42,1,11
1403715902.334151029586792,45,5,38,4,11
1403715902.384121417999268,47,0,40,2,11
1403715902.434107065200806,44,2,41,1,11
1403715902.484069347381592,47,6,38,5,11
1403715902.534022331237793,49,2,41,4,11
1403715902.583997249603271,49,2,41,3,11
1403715902.634094238281250,47,11,43,1,11
1403715902.684087514877319,45,1,43,1,11
1403715902.734117269515991,44,2,37,0,11
1403715902.784084081649780,45,3,33,2,11
1403715902.834057569503784,42,1,34,5,11
1403715902.884075880050659,41,2,38,2,11
1403715902.934089183807373,40,4,39,0,11
1403715902.984084367752075,39,3,38,1,11
1403715903.034044742584229,42,0,37,3,11
1403715903.083988666534424,40,5,37,1,11
1403715903.133957624435425,33,2,29,2,11
1403715903.183993816375732,33,2,30,1,11
1403715903.234054088592529,39,3,30,8,11
1403715903.284135818481445,41,5,37,3,11
1403715903.334194421768188,43,2,40,3,11
1403715903.384260416030884,45,3,41,4,11
1403715903.434263229370117,45,1,43,2,11
1403715903.484280586242676,44,10,39,3,11
1403715903.534276485443115,42,4,38,0,11
1403715903.584271430969238,43,6,29,6,11
1403715903.634267330169678,37,2,33,1,11
1403715903.684274435043335,44,12,33,10,11
1403715903.734286069869995,37,4,34,0,11
1403715903.784289836883545,32,9,28,0,11
1403715903.834299325942993,21,12,18,1,11
1403715903.884302377700806,16,3,16,0,11
1403715903.934303760528564,20,3,13,6,11
1403715903.984276294708252,15,12,13,1,11
1403715904.034238576889038,14,4,10,0,11
1403715904.084213972091675,14,3,6,1,11
1403715904.134140729904175,18,8,6,7,11
1403715904.184114933013916,17,3,9,3,11
1403715904.234116554260254,16,5,6,1,11
1403715904.284019231796265,21,3,7,9,11
1403715904.334006071090698,18,4,10,3,11
1403715904.383991003036499,20,1,12,2,11
1403715904.433960914611816,21,1,11,6,11
1403715904.483946084976196,22,2,16,2,11
1403715904.533937454223633,19,1,16,1,11
1403715904.583933115005493,18,4,10,0,11
1403715904.633936882019043,17,1,11,0,11
1403715904.683939456939697,14,2,9,5,11
1403715904.733947277069092,13,2,13,0,11
1403715904.783963441848755,13,3,11,1,11
1403715904.833959817886353,12,1,7,2,11
1403715904.883966445922852,13,2,7,1,11
1403715904.934000968933105,15,4,6,6,11
1403715904.984018802642822,15,2,10,2,11
1403715905.034019470214844,17,4,9,7,11
1403715905.084007024765015,16,0,12,2,11
1403715905.133991003036499,17,0,12,1,11
1403715905.183996915817261,17,6,11,4,11
1403715905.233998537063599,16,0,12,0,11
1403715905.284001111984253,15,4,11,0,11
1403715905.334010362625122,16,1,9,4,11
1403715905.384005308151245,17,6,11,2,11
1403715905.434010505676270,21,2,12,5,11
1403715905.483994722366333,19,1,14,3,11
1403715905.533998966217041,17,1,15,2,11
1403715905.584033250808716,19,1,17,2,11
1403715905.634041309356689,23,8,16,5,11
1403715905.684065103530884,20,4,18,1,11
1403715905.734096527099609,22,2,19,3,11
1403715905.784121990203857,28,4,20,7,11
1403715905.834131002426147,32,4,27,5,11
1403715905.884132385253906,33,4,31,1,11
1403715905.934133291244507,33,0,29,2,11
1403715905.984127044677734,39,1,30,6,11
1403715906.034126043319702,41,2,32,7,11
1403715906.084111928939819,35,5,31,1,11
1403715906.134086370468140,31,1,27,1,11
1403715906.184056997299194,31,0,24,4,11
1403715906.234032630920410,28,4,24,2,11
1403715906.284037113189697,25,1,21,0,11
1403715906.334031820297241,25,1,21,3,11
1403715906.384042978286743,24,2,22,1,11
1403715906.434045076370239,25,1,19,3,11
1403715906.484047651290894,24,1,20,1,11
1403715906.534051656723022,29,2,18,6,11
1403715906.584057092666626,28,2,21,1,11
1403715906.634039163589478,23,1,16,1,11
1403715906.684036493301392,24,1,14,4,11
1403715906.734027862548828,21,3,11,1,11
1403715906.784025192260742,23,1,8,7,11
1403715906.834015369415283,19,3,14,3,11
1403715906.884007453918457,14,2,14,0,11
1403715906.934008836746216,13,1,13,0,11
1403715906.983998537063599,14,1,10,3,11
1403715907.033988237380981,15,3,13,2,11
1403715907.083992004394531,15,1,15,0,11
1403715907.133994340896606,12,2,11,0,11
1403715907.183992147445679,12,0,11,0,11
1403715907.233946323394775,21,0,11,10,11
1403715907.283946514129639,21,0,18,0,11
1403715907.333944559097290,15,0,12,0,11
1403715907.383944511413574,18,0,12,6,11
1403715907.433941364288330,18,0,17,1,11
1403715907.483936309814453,22,0,17,4,11
1403715907.533926486968994,25,1,19,5,11
1403715907.583928585052490,24,1,21,3,11
1403715907.633925676345825,24,0,21,3,11
1403715907.683929681777954,23,2,22,1,11
1403715907.733936786651611,29,3,22,7,11
1403715907.783942937850952,25,1,24,0,11
1403715907.833945274353027,23,4,20,3,11
1403715907.883940458297729,25,3,23,2,11
1403715907.933942556381226,28,1,25,3,11
1403715907.983940362930298,30,0,27,2,11
1403715908.033942699432373,36,1,28,7,11
1403715908.083940029144287,37,1,32,3,11
1403715908.133937120437622,42,0,31,8,11
1403715908.183926105499268,37,3,35,0,11
1403715908.233912706375122,48,2,32,13,11
1403715908.283907890319824,44,0,43,0,11
1403715908.333904266357422,40,1,37,0,11
1403715908.383888483047485,41,1,34,4,11
1403715908.433881521224976,41,0,36,1,11
1403715908.483890533447266,35,2,33,0,11
1403715908.533890247344971,38,2,30,4,11
1403715908.583894491195679,40,0,32,7,11
1403715908.633895874023438,34,0,34,0,11
1403715908.683876752853394,32,0,32,0,11
1403715908.733868598937988,38,2,27,10,11
1403715908.783863306045532,31,0,31,0,11
1403715908.833878755569458,28,0,28,0,11
1403715908.883900880813599,27,1,19,1,11
1403715908.933918237686157,40,1,18,14,11
1403715908.983940124511719,37,1,30,4,11
1403715909.033954381942749,34,1,33,0,11
1403715909.083955049514771,30,0,28,1,11
1403715909.133976459503174,39,1,26,11,11
1403715909.183978796005249,42,13,33,9,11
1403715909.233980894088745,39,0,38,0,11
1403715909.283961057662964,38,0,37,0,11
1403715909.333956956863403,39,1,37,2,11
1403715909.383951187133789,49,10,36,11,11
1403715909.433942556381226,47,2,44,0,11
1403715909.483941793441772,41,2,39,0,11
1403715909.533946990966797,41,0,35,2,11
1403715909.583955287933350,40,0,32,0,11
1403715909.633949279785156,37,0,28,1,11
1403715909.683952808380127,31,1,23,1,11
1403715909.733964443206787,47,8,18,19,11
1403715909.783981323242188,44,10,34,3,11
1403715909.833971261978149,34,5,25,0,11
1403715909.883966684341431,31,1,16,0,11
1403715909.933971166610718,25,6,12,3,11
1403715909.983957052230835,23,4,11,8,11
1403715910.033958196640015,20,2,14,0,11
1403715910.083963871002197,15,2,12,0,11
1403715910.133972406387329,13,6,5,6,11
1403715910.183980941772461,12,5,9,0,11
1403715910.233986854553223,9,7,6,0,11
1403715910.283995389938354,9,9,1,5,11
1403715910.333991765975952,1,5,0,0,11
1403715910.383992910385132,1,5,0,0,11
1403715910.433994054794312,6,1,0,6,11
1403715910.483999013900757,5,2,2,0,11
1403715910.534011840820312,10,1,3,5,11
1403715910.584028720855713,17,2,6,9,11
1403715910.634020805358887,21,1,6,5,11
1403715910.684007406234741,20,8,6,1,11
1403715910.734006881713867,17,2,2,5,11
1403715910.784005165100098,12,1,6,0,11
1403715910.834015130996704,23,0,4,17,11
1403715910.884016990661621,21,1,6,0,11
1403715910.934014320373535,20,4,6,1,11
1403715910.984015464782715,10,12,3,6,11
1403715911.034023761749268,13,5,9,3,11
1403715911.084033966064453,14,1,11,2,11
1403715911.134039163589478,15,3,14,1,11
1403715911.184048414230347,16,2,15,1,11
1403715911.234055280685425,16,8,16,0,11
1403715911.284057855606079,13,5,13,0,11
1403715911.334073781967163,14,2,13,1,11
1403715911.384087562561035,23,5,14,9,11
1403715911.434085369110107,17,3,12,4,11
1403715911.484084367752075,19,7,14,3,11
1403715911.534089326858521,26,2,13,9,11
1403715911.584080219268799,24,2,16,2,11
1403715911.634081602096558,23,4,10,2,11
1403715911.684086799621582,19,3,12,3,11
1403715911.734103679656982,19,4,13,4,11
1403715911.784119129180908,20,1,13,4,11
1403715911.834147453308105,22,4,15,6,11
1403715911.884150981903076,21,3,18,1,11
1403715911.934192895889282,25,1,16,4,11
1403715911.984220743179321,28,4,20,5,11
1403715912.034245491027832,31,4,21,4,11
1403715912.084254741668701,34,10,18,7,11
1403715912.134250640869141,31,1,22,2,11
1403715912.184262752532959,27,2,21,3,11
1403715912.234254360198975,31,2,18,7,11
1403715912.284241437911987,30,4,27,0,11
1403715912.334238767623901,31,4,25,2,11
1403715912.384245872497559,30,6,26,2,11
1403715912.434238433837891,35,3,27,6,11
1403715912.484231948852539,34,6,31,1,11
1403715912.534234523773193,42,9,31,9,11
1403715912.584233760833740,43,4,35,2,11
1403715912.634221553802490,42,3,32,0,11
1403715912.684215784072876,40,3,28,5,11
1403715912.734212398529053,37,2,28,4,11
1403715912.784213304519653,37,3,28,4,11
1403715912.834211587905884,34,7,21,2,11
1403715912.884223937988281,29,2,8,4,11
1403715912.934229850769043,17,3,8,0,11
1403715912.984231472015381,10,0,6,1,11
1403715913.034275770187378,6,4,0,4,11
1403715913.084276437759399,6,1,0,1,11
1403715913.134276151657104,5,1,1,0,11
1403715913.184276103973389,2,0,0,1,11
1403715913.234275579452515,2,1,1,0,11
1403715913.284274578094482,2,2,0,1,11
1403715913.334274530410767,2,0,0,0,11
1403715913.384276628494263,1,2,0,0,11
1403715913.434276580810547,1,0,0,1,11
1403715913.484276533126831,1,0,0,0,11
1403715913.534277915954590,1,2,0,0,11
1403715913.584277868270874,0,0,0,0,11
1403715913.634277820587158,0,0,0,0,11
1403715913.684277772903442,0,0,0,0,11
1403715913.734277725219727,0,0,0,0,11
1403715913.784277915954590,0,0,0,0,11
1403715913.834277868270874,0,0,0,0,11
1403715913.884279012680054,0,1,0,0,11
1403715913.934278964996338,0,0,0,0,11
1403715913.984278917312622,0,0,0,0,11
1403715914.034279108047485,0,1,0,0,11
1403715914.084279060363770,0,0,0,0,11
1403715914.134279012680054,0,0,0,0,11
1403715914.184278964996338,0,0,0,0,11
1403715914.234278917312622,0,0,0,0,11
1403715914.284279108047485,0,0,0,0,11
1403715914.334279060363770,0,0,0,0,11
1403715914.384279012680054,0,0,0,0,11
1403715914.434278964996338,0,0,0,0,11
1403715914.484278917312622,0,0,0,0,11
1403715914.534279108047485,0,0,0,0,11
1403715914.584279060363770,0,0,0,0,11
1403715914.634279012680054,0,0,0,0,11
1403715914.684278964996338,0,0,0,0,11
1403715914.734278917312622,0,0,0,0,11
1403715914.784279108047485,0,0,0,0,11
1403715914.834279060363770,0,0,0,0,11
1403715914.884279012680054,0,0,0,0,11
1403715914.934278964996338,0,0,0,0,11
1403715914.984278917312622,0,0,0,0,11
1403715915.034279108047485,0,0,0,0,11
1403715915.084279060363770,0,0,0,0,11
1403715915.134279012680054,0,0,0,0,11
1403715915.184278964996338,0,0,0,0,11
1403715915.234278917312622,0,0,0,0,11
1403715915.284279108047485,0,0,0,0,11
1403715915.334279060363770,0,1,0,0,11
1403715915.384279012680054,0,0,0,0,11
1403715915.434278964996338,0,0,0,0,11
1403715915.484278917312622,0,0,0,0,11
1403715915.534279108047485,0,0,0,0,11
1403715915.584279060363770,0,0,0,0,11
1403715915.634279012680054,0,0,0,0,11
1403715915.684276819229126,2,0,0,2,11
1403715915.734276771545410,2,0,0,0,11
1403715915.784275054931641,3,0,0,1,11
1403715915.834275007247925,1,0,1,0,11
1403715915.884274721145630,1,1,1,0,11
1403715915.934274673461914,1,0,1,0,11
1403715915.984275102615356,1,0,1,0,11
1403715916.034276485443115,3,0,1,2,11
1403715916.084276437759399,3,0,0,0,11
1403715916.134276390075684,2,0,0,0,11
1403715916.184276342391968,0,0,0,0,11
1403715916.234279155731201,1,0,0,1,11
1403715916.284278869628906,1,2,0,0,11
1403715916.334278821945190,1,0,0,0,11
1403715916.384278774261475,0,0,0,0,11
1403715916.434278726577759,0,0,0,0,11
1403715916.484278678894043,0,2,0,0,11
1403715916.534278869628906,0,0,0,0,11
1403715916.584278106689453,0,1,0,0,11
1403715916.634264945983887,1,0,0,1,11
1403715916.684264898300171,1,0,0,0,11
1403715916.734264850616455,1,3,0,0,11
1403715916.784262418746948,1,0,0,1,11
1403715916.834263086318970,1,0,1,0,11
1403715916.884264230728149,1,0,1,0,11
1403715916.934264898300171,1,1,1,0,11
1403715916.984265804290771,3,0,1,2,11
1403715917.034265279769897,3,0,1,0,11
1403715917.084266662597656,3,0,1,0,11
1403715917.134266614913940,1,0,0,0,11
1403715917.184266567230225,0,0,0,0,11
1403715917.234266519546509,0,2,0,0,11
1403715917.284265041351318,0,1,0,0,11
1403715917.334264993667603,0,0,0,0,11
1403715917.384264945983887,0,1,0,0,11
1403715917.434264898300171,0,0,0,0,11
1403715917.484265089035034,0,1,0,0,11
1403715917.534265279769897,0,0,0,0,11
1403715917.584265232086182,0,0,0,0,11
1403715917.634265184402466,0,0,0,0,11
1403715917.684265136718750,0,0,0,0,11
1403715917.734265089035034,0,0,0,0,11
1403715917.784265279769897,0,0,0,0,11
1403715917.834265232086182,0,0,0,0,11
1403715917.884265184402466,0,0,0,0,11
1403715917.934265136718750,0,0,0,0,11
1403715917.984265089035034,0,0,0,0,11
1403715918.034265279769897,0,0,0,0,11
1403715918.084265232086182,0,0,0,0,11
1403715918.134265184402466,0,0,0,0,11
1403715918.184265136718750,0,0,0,0,11
1403715918.234265089035034,0,0,0,0,11
1403715918.284265279769897,0,0,0,0,11
1403715918.334265232086182,0,0,0,0,11
1403715918.384265184402466,0,1,0,0,11
1403715918.434265136718750,0,0,0,0,11
1403715918.484265089035034,0,1,0,0,11
1403715918.534265279769897,0,0,0,0,11
1403715918.584265232086182,0,0,0,0,11
1403715918.634265184402466,0,0,0,0,11
1403715918.684265136718750,0,0,0,0,11
1403715918.734265089035034,0,1,0,0,11
1403715918.784265279769897,0,0,0,0,11
1403715918.834265232086182,0,0,0,0,11
1403715918.884265184402466,0,1,0,0,11
1403715918.934265136718750,0,0,0,0,11
1403715918.984265089035034,0,0,0,0,11
1403715919.034265279769897,0,0,0,0,11
1403715919.084265232086182,0,0,0,0,11
1403715919.134265184402466,0,0,0,0,11
1403715919.184265136718750,0,0,0,0,11
1403715919.234265089035034,0,0,0,0,11
1403715919.284265279769897,0,0,0,0,11
1403715919.334265232086182,0,0,0,0,11
1403715919.384265184402466,0,0,0,0,11
1403715919.434265136718750,0,0,0,0,11
1403715919.484265089035034,0,0,0,0,11
1403715919.534265279769897,0,0,0,0,11
1403715919.584265232086182,0,0,0,0,11
1403715919.634265184402466,0,0,0,0,11
1403715919.684265136718750,0,0,0,0,11
1403715919.734265089035034,0,0,0,0,11
1403715919.784265279769897,0,0,0,0,11
1403715919.834265232086182,0,0,0,0,11
1403715919.884265184402466,0,0,0,0,11
1403715919.934265136718750,0,0,0,0,11
1403715919.984265089035034,0,0,0,0,11
1403715920.034265279769897,0,0,0,0,11
1403715920.084265232086182,0,0,0,0,11
1403715920.134265184402466,0,0,0,0,11
1403715920.184265136718750,0,0,0,0,11
1403715920.234265089035034,0,0,0,0,11
1403715920.284265279769897,0,0,0,0,11
1403715920.334265232086182,0,0,0,0,11
1403715920.384265184402466,0,0,0,0,11
1403715920.434265136718750,0,0,0,0,11
1403715920.484264850616455,0,1,0,0,11
1403715920.534265041351318,0,0,0,0,11
1403715920.584265470504761,0,1,0,0,11
1403715920.634265422821045,0,0,0,0,11
1403715920.684265375137329,0,0,0,0,11
1403715920.734259128570557,2,0,0,2,11
1403715920.784259319305420,2,0,0,0,11
1403715920.834259748458862,2,1,0,0,11
1403715920.884259700775146,0,0,0,0,11
1403715920.934259653091431,0,0,0,0,11
1403715920.984259605407715,0,0,0,0,11
1403715921.034258365631104,1,0,0,1,11
1403715921.084258556365967,1,1,0,0,11
1403715921.134258508682251,1,0,0,0,11
1403715921.184257745742798,0,2,0,0,11
1403715921.234257698059082,0,1,0,0,11
1403715921.284257888793945,0,0,0,0,11
1403715921.334257364273071,2,1,0,2,11
1403715921.384256601333618,2,2,2,0,11
1403715921.434258937835693,8,1,2,6,11
1403715921.484260797500610,9,0,5,2,11
1403715921.534260272979736,9,5,5,0,11
1403715921.584263086318970,10,0,3,3,11
1403715921.634264469146729,10,1,2,2,11
1403715921.684266090393066,10,0,3,2,11
1403715921.734256505966187,12,0,2,6,11
1403715921.784252882003784,10,3,0,2,11
1403715921.834251880645752,8,5,0,1,11
1403715921.884251594543457,3,1,1,0,11
1403715921.934247016906738,2,5,1,1,11
1403715921.984246730804443,2,1,1,0,11
1403715922.034246683120728,1,2,1,0,11
1403715922.084246635437012,1,0,1,0,11
1403715922.134245157241821,1,3,1,0,11
1403715922.184244871139526,2,1,1,1,11
1403715922.234234809875488,7,4,2,5,11
1403715922.284233093261719,7,5,7,0,11
1403715922.334227323532104,8,0,3,1,11
1403715922.384226560592651,7,4,2,0,11
1403715922.434223890304565,5,2,2,1,11
1403715922.484219551086426,5,7,1,1,11
1403715922.534217834472656,3,2,0,1,11
1403715922.584217071533203,2,2,0,0,11
1403715922.634217023849487,1,0,0,0,11
1403715922.684210777282715,0,3,0,0,11
1403715922.734205245971680,1,1,0,1,11
1403715922.784201860427856,3,1,0,2,11
1403715922.834203004837036,4,2,0,1,11
1403715922.884201765060425,2,1,0,0,11
1403715922.934201717376709,0,0,0,0,11
1403715922.984201669692993,0,1,0,0,11
1403715923.034201860427856,0,0,0,0,11
1403715923.084201812744141,0,0,0,0,11
1403715923.134200572967529,1,0,0,1,11
1403715923.184198141098022,4,0,0,3,11
1403715923.234195947647095,6,0,1,2,11
1403715923.284195899963379,5,0,2,0,11
1403715923.334196329116821,4,0,2,1,11
1403715923.384202957153320,5,1,1,2,11
1403715923.434199810028076,5,0,1,1,11
1403715923.484209299087524,4,0,1,1,11
1403715923.534210205078125,4,0,1,1,11
1403715923.584210395812988,3,0,1,0,11
1403715923.634210586547852,2,0,1,0,11
1403715923.684210538864136,0,0,0,0,11
1403715923.734210491180420,1,0,0,1,11
1403715923.784210681915283,1,0,0,0,11
1403715923.834210634231567,1,0,0,0,11
1403715923.884210586547852,0,0,0,0,11
1403715923.934210538864136,0,0,0,0,11
1403715923.984210491180420,0,0,0,0,11
1403715924.034210681915283,0,1,0,0,11
1403715924.084210634231567,0,0,0,0,11
1403715924.134210586547852,0,0,0,0,11
1403715924.184210538864136,0,0,0,0,11
1403715924.234210491180420,0,0,0,0,11
1403715924.284210681915283,0,0,0,0,11
1403715924.334210634231567,0,0,0,0,11
1403715924.384210586547852,0,0,0,0,11
1403715924.434210538864136,0,0,0,0,11
1403715924.484210491180420,0,0,0,0,11
1403715924.534210681915283,0,2,0,0,11
1403715924.584210634231567,0,0,0,0,11
1403715924.634210586547852,0,0,0,0,11
1403715924.684210538864136,0,0,0,0,11
1403715924.734210491180420,0,2,0,0,11
1403715924.784210681915283,0,1,0,0,11
1403715924.834210634231567,0,1,0,0,11
1403715924.884210586547852,0,0,0,0,11
1403715924.934210538864136,0,1,0,0,11
1403715924.984210491180420,0,0,0,0,11
1403715925.034210681915283,0,1,0,0,11
1403715925.084210634231567,0,0,0,0,11
1403715925.134210586547852,0,1,0,0,11
1403715925.184210538864136,0,0,0,0,11
1403715925.234210491180420,0,0,0,0,11
1403715925.284210681915283,0,0,0,0,11
1403715925.334210634231567,0,2,0,0,11
1403715925.384210586547852,0,1,0,0,11
1403715925.434210538864136,0,0,0,0,11
1403715925.484210491180420,0,0,0,0,11
1403715925.534210681915283,0,0,0,0,11
1403715925.584210634231567,0,0,0,0,11
1403715925.634210586547852,0,0,0,0,11
1403715925.684210538864136,0,0,0,0,11
1403715925.734210491180420,0,0,0,0,11
1403715925.784210681915283,0,0,0,0,11
1403715925.834210634231567,0,0,0,0,11
1403715925.884210586547852,0,0,0,0,11
1403715925.934210538864136,0,0,0,0,11
1403715925.984210491180420,0,4,0,0,11
1403715926.034210681915283,0,1,0,0,11
1403715926.084210634231567,0,0,0,0,11
1403715926.134210586547852,0,2,0,0,11
1403715926.184210538864136,0,2,0,0,11
1403715926.234210491180420,0,1,0,0,11
1403715926.284210681915283,0,0,0,0,11
1403715926.334210634231567,0,0,0,0,11
1403715926.384210586547852,0,0,0,0,11
1403715926.434210538864136,0,0,0,0,11
1403715926.484210491180420,0,0,0,0,11
1403715926.534210681915283,0,1,0,0,11
1403715926.584210634231567,0,0,0,0,11
1403715926.634210586547852,0,0,0,0,11
1403715926.684210538864136,0,0,0,0,11
1403715926.734210491180420,0,0,0,0,11
1403715926.784210681915283,0,0,0,0,11
1403715926.834210634231567,0,0,0,0,11
1403715926.884210586547852,0,0,0,0,11
1403715926.934210538864136,0,0,0,0,11
1403715926.984210491180420,0,0,0,0,11
1403715927.034210681915283,0,1,0,0,11
1403715927.084210634231567,0,0,0,0,11
1403715927.134210586547852,0,0,0,0,11
1403715927.184210538864136,0,0,0,0,11
1403715927.234210491180420,0,0,0,0,11
1403715927.284210681915283,0,0,0,0,11
1403715927.334210634231567,0,0,0,0,11
1403715927.384210586547852,0,0,0,0,11
1403715927.434210538864136,0,1,0,0,11
1403715927.484210491180420,0,0,0,0,11
1403715927.534210681915283,0,0,0,0,11
1403715927.584210634231567,0,0,0,0,11
1403715927.634210586547852,0,0,0,0,11
1403715927.684210538864136,0,0,0,0,11
1403715927.734210491180420,0,0,0,0,11
1403715927.784210681915283,0,0,0,0,11
1403715927.834210634231567,0,0,0,0,11
1403715927.884210586547852,0,0,0,0,11
1403715927.934210538864136,0,0,0,0,11
1403715927.984210491180420,0,0,0,0,11
1403715928.034210681915283,0,0,0,0,11
1403715928.084210634231567,0,0,0,0,11
1403715928.134210586547852,0,0,0,0,11
1403715928.184210538864136,0,0,0,0,11
1403715928.234210491180420,0,0,0,0,11
1403715928.284210681915283,0,0,0,0,11
1403715928.334210634231567,0,0,0,0,11
1403715928.384210586547852,0,0,0,0,11
1403715928.434210538864136,0,1,0,0,11
1403715928.484210491180420,0,0,0,0,11
1403715928.534210681915283,0,0,0,0,11
1403715928.584210634231567,0,0,0,0,11
1403715928.634210586547852,0,0,0,0,11
1403715928.684210538864136,0,0,0,0,11
1403715928.734210491180420,0,0,0,0,11
1403715928.784210681915283,0,0,0,0,11
1403715928.834210634231567,0,0,0,0,11
1403715928.884210586547852,0,0,0,0,11
1403715928.934210538864136,0,0,0,0,11
1403715928.984210491180420,0,0,0,0,11
1403715929.034210681915283,0,0,0,0,11
1403715929.084210634231567,0,0,0,0,11
1403715929.134210586547852,0,0,0,0,11
1403715929.184210538864136,0,0,0,0,11
1403715929.234210491180420,0,0,0,0,11
1403715929.284210681915283,0,0,0,0,11
1403715929.334210634231567,0,0,0,0,11
1403715929.384210586547852,0,0,0,0,11
1403715929.434210538864136,0,0,0,0,11
1403715929.484210491180420,0,0,0,0,11
1403715929.534210681915283,0,0,0,0,11
1403715929.584210634231567,0,0,0,0,11
1403715929.634211063385010,0,2,0,0,11
1403715929.684211015701294,0,0,0,0,11
1403715929.734210968017578,0,0,0,0,11
1403715929.784216642379761,0,1,0,0,11
1403715929.834216594696045,0,0,0,0,11
1403715929.884216547012329,0,0,0,0,11
1403715929.934216499328613,0,0,0,0,11
1403715929.984216451644897,0,0,0,0,11
1403715930.034216642379761,0,0,0,0,11
1403715930.084216833114624,0,1,0,0,11
1403715930.134216785430908,0,0,0,0,11
1403715930.184216737747192,0,0,0,0,11
1403715930.234216690063477,0,0,0,0,11
1403715930.284216880798340,0,0,0,0,11
1403715930.334216833114624,0,0,0,0,11
1403715930.384216785430908,0,0,0,0,11
1403715930.434216737747192,0,0,0,0,11
1403715930.484216690063477,0,0,0,0,11
1403715930.534216880798340,0,0,0,0,11
1403715930.584216833114624,0,0,0,0,11
1403715930.634216785430908,0,0,0,0,11
1403715930.684216737747192,0,0,0,0,11
1403715930.734216690063477,0,0,0,0,11
1403715930.784216880798340,0,0,0,0,11
1403715930.834216833114624,0,0,0,0,11
1403715930.884216785430908,0,0,0,0,11
1403715930.934216737747192,0,0,0,0,11
1403715930.984216690063477,0,0,0,0,11
1403715931.034216880798340,0,0,0,0,11
1403715931.084216833114624,0,0,0,0,11
1403715931.134216785430908,0,0,0,0,11
1403715931.184190750122070,3,0,0,3,11
1403715931.234191179275513,3,0,1,0,11
1403715931.284191131591797,4,1,0,1,11
1403715931.334199666976929,4,1,0,2,11
1403715931.384200096130371,3,1,1,0,11
1403715931.434200048446655,2,0,0,0,11
1403715931.484200000762939,1,0,0,0,11
1403715931.534199476242065,1,1,0,1,11
1403715931.584184646606445,3,0,0,2,11
1403715931.634184598922729,3,1,2,0,11
1403715931.684180974960327,3,2,2,1,11
1403715931.734181880950928,3,3,2,0,11
1403715931.784179449081421,4,0,1,1,11
1403715931.834179401397705,3,0,1,0,11
1403715931.884179115295410,2,1,1,0,11
1403715931.934180736541748,3,1,1,2,11
1403715931.984180688858032,3,2,0,0,11
1403715932.034180879592896,3,0,0,0,11
1403715932.084180831909180,0,0,0,0,11
1403715932.134180784225464,0,0,0,0,11
1403715932.184181213378906,0,1,0,0,11
1403715932.234181165695190,0,0,0,0,11
1403715932.284181833267212,0,1,0,0,11
1403715932.334181785583496,0,0,0,0,11
1403715932.384181737899780,0,2,0,0,11
1403715932.434181690216064,0,1,0,0,11
1403715932.484181642532349,0,0,0,0,11
1403715932.534181833267212,0,0,0,0,11
1403715932.584181785583496,0,0,0,0,11
1403715932.634181737899780,0,1,0,0,11
1403715932.684181690216064,0,0,0,0,11
1403715932.734181642532349,0,0,0,0,11
1403715932.784181833267212,0,0,0,0,11
1403715932.834181785583496,0,0,0,0,11
1403715932.884181737899780,0,1,0,0,11
1403715932.934181690216064,0,0,0,0,11
1403715932.984181642532349,0,0,0,0,11
1403715933.034181833267212,0,0,0,0,11
1403715933.084181785583496,0,0,0,0,11
1403715933.134181737899780,0,0,0,0,11
1403715933.184181690216064,0,0,0,0,11
1403715933.234181642532349,0,0,0,0,11
1403715933.284181833267212,0,0,0,0,11
1403715933.334181785583496,0,0,0,0,11
1403715933.384181737899780,0,0,0,0,11
1403715933.434181690216064,0,0,0,0,11
1403715933.484181642532349,0,2,0,0,11
1403715933.534181833267212,0,0,0,0,11
1403715933.584181785583496,0,0,0,0,11
1403715933.634181737899780,0,0,0,0,11
1403715933.684181690216064,0,0,0,0,11
1403715933.734181642532349,0,0,0,0,11
1403715933.784181833267212,0,0,0,0,11
1403715933.834181785583496,0,0,0,0,11
1403715933.884181737899780,0,0,0,0,11
1403715933.934181690216064,0,0,0,0,11
1403715933.984181642532349,0,0,0,0,11
1403715934.034181833267212,0,0,0,0,11
1403715934.084182024002075,0,4,0,0,11
1403715934.134181976318359,0,1,0,0,11
1403715934.184181928634644,0,1,0,0,11
1403715934.234181880950928,0,0,0,0,11
1403715934.284178495407104,0,3,0,0,11
1403715934.334178447723389,0,0,0,0,11
1403715934.384178400039673,0,4,0,0,11
1403715934.434179306030273,0,3,0,0,11
1403715934.484180212020874,0,1,0,0,11
1403715934.534180402755737,0,0,0,0,11
1403715934.584180355072021,0,0,0,0,11
1403715934.634180307388306,0,0,0,0,11
1403715934.684180259704590,0,0,0,0,11
1403715934.734180212020874,0,0,0,0,11
1403715934.784180402755737,0,0,0,0,11
1403715934.834180355072021,0,0,0,0,11
1403715934.884180307388306,0,0,0,0,11
1403715934.934180259704590,0,0,0,0,11
1403715934.984180212020874,0,1,0,0,11
1403715935.034180402755737,0,0,0,0,11
1403715935.084180355072021,0,0,0,0,11
1403715935.134179353713989,0,1,0,0,11
1403715935.184179306030273,0,0,0,0,11
1403715935.234179258346558,0,0,0,0,11
1403715935.284179449081421,0,0,0,0,11
1403715935.334179401397705,0,0,0,0,11
1403715935.384179353713989,0,0,0,0,11
1403715935.434179306030273,0,1,0,0,11
1403715935.484179258346558,0,0,0,0,11
1403715935.534179449081421,0,0,0,0,11
1403715935.584179401397705,0,0,0,0,11
1403715935.634179353713989,0,0,0,0,11
1403715935.684179306030273,0,0,0,0,11
1403715935.734179258346558,0,1,0,0,11
1403715935.784179449081421,0,0,0,0,11
1403715935.834179401397705,0,0,0,0,11
1403715935.884179353713989,0,0,0,0,11
1403715935.934179306030273,0,0,0,0,11
1403715935.984179258346558,0,0,0,0,11
1403715936.034179449081421,0,0,0,0,11
1403715936.084179401397705,0,0,0,0,11
1403715936.134179353713989,0,0,0,0,11
1403715936.184179306030273,0,0,0,0,11
1403715936.234179258346558,0,0,0,0,11
1403715936.284176826477051,0,1,0,0,11
1403715936.334176778793335,0,0,0,0,11
1403715936.384176731109619,0,0,0,0,11
1403715936.434176683425903,0,0,0,0,11
1403715936.484176635742188,0,0,0,0,11
1403715936.534176826477051,0,0,0,0,11
1403715936.584176778793335,0,0,0,0,11
1403715936.634176731109619,0,0,0,0,11
1403715936.684176683425903,0,0,0,0,11
1403715936.734176635742188,0,0,0,0,11
1403715936.784176826477051,0,0,0,0,11
1403715936.834176778793335,0,0,0,0,11
1403715936.884176731109619,0,0,0,0,11
1403715936.934176683425903,0,0,0,0,11
1403715936.984176635742188,0,0,0,0,11
1403715937.034176826477051,0,0,0,0,11
1403715937.084176778793335,0,0,0,0,11
1403715937.134176731109619,0,0,0,0,11
1403715937.184176683425903,0,0,0,0,11
1403715937.234176635742188,0,0,0,0,11
1403715937.284176826477051,0,0,0,0,11
1403715937.334176778793335,0,0,0,0,11
1403715937.384176731109619,0,0,0,0,11
1403715937.434176683425903,0,0,0,0,11
1403715937.484176635742188,0,0,0,0,11
1403715937.534176826477051,0,0,0,0,11
1403715937.584176778793335,0,0,0,0,11
1403715937.634176731109619,0,0,0,0,11
1403715937.684176683425903,0,0,0,0,11
1403715937.734176635742188,0,0,0,0,11
1403715937.784176826477051,0,0,0,0,11
1403715937.834176778793335,0,0,0,0,11
1403715937.884176731109619,0,0,0,0,11
1403715937.934176683425903,0,1,0,0,11
1403715937.984176635742188,0,0,0,0,11
1403715938.034176826477051,0,0,0,0,11
1403715938.084176778793335,0,0,0,0,11
1403715938.134176731109619,0,0,0,0,11
1403715938.184176683425903,0,0,0,0,11
1403715938.234176635742188,0,0,0,0,11
1403715938.284176826477051,0,0,0,0,11
1403715938.334176778793335,0,0,0,0,11
1403715938.384176731109619,0,0,0,0,11
1403715938.434176683425903,0,1,0,0,11
1403715938.484176635742188,0,0,0,0,11
1403715938.534176826477051,0,0,0,0,11
1403715938.584176778793335,0,0,0,0,11
1403715938.634176731109619,0,0,0,0,11
1403715938.684176683425903,0,0,0,0,11
1403715938.734176635742188,0,0,0,0,11
1403715938.784176826477051,0,0,0,0,11
1403715938.834176778793335,0,0,0,0,11
1403715938.884176731109619,0,0,0,0,11
1403715938.934176683425903,0,0,0,0,11
1403715938.984176635742188,0,0,0,0,11
1403715939.034176826477051,0,0,0,0,11
1403715939.084176778793335,0,0,0,0,11
1403715939.134176731109619,0,0,0,0,11
1403715939.184176683425903,0,0,0,0,11
1403715939.234176635742188,0,0,0,0,11
1403715939.284176826477051,0,1,0,0,11
1403715939.334176778793335,0,1,0,0,11
1403715939.384176731109619,0,4,0,0,11
1403715939.434176683425903,0,0,0,0,11
1403715939.484176635742188,0,1,0,0,11
1403715939.534176826477051,0,0,0,0,11
1403715939.584176778793335,0,0,0,0,11
1403715939.634176731109619,0,0,0,0,11
1403715939.684176683425903,0,0,0,0,11
1403715939.734176635742188,0,0,0,0,11
1403715939.784176826477051,0,0,0,0,11
1403715939.834176778793335,0,0,0,0,11
1403715939.884176731109619,0,0,0,0,11
1403715939.934176683425903,0,0,0,0,11
1403715939.984176635742188,0,0,0,0,11
1403715940.034176826477051,0,0,0,0,11
1403715940.084176778793335,0,0,0,0,11
1403715940.134176731109619,0,0,0,0,11
1403715940.184176683425903,0,0,0,0,11
1403715940.234176635742188,0,0,0,0,11
1403715940.284176826477051,0,0,0,0,11
1403715940.334176778793335,0,1,0,0,11
1403715940.384176731109619,0,1,0,0,11
1403715940.434176683425903,0,0,0,0,11
1403715940.484176635742188,0,0,0,0,11
1403715940.534176826477051,0,1,0,0,11
1403715940.584177732467651,2,0,0,2,11
1403715940.634175062179565,3,0,0,1,11
1403715940.684175014495850,3,0,0,0,11
1403715940.734174966812134,1,0,0,0,11
1403715940.784175157546997,0,0,0,0,11
1403715940.834175109863281,0,0,0,0,11
1403715940.884175062179565,0,0,0,0,11
1403715940.934175014495850,0,0,0,0,11
1403715940.984174966812134,0,0,0,0,11
1403715941.034175157546997,0,1,0,0,11
1403715941.084175109863281,0,1,0,0,11
1403715941.134175062179565,0,1,0,0,11
1403715941.184175014495850,0,0,0,0,11
1403715941.234174966812134,0,2,0,0,11
1403715941.284175157546997,0,1,0,0,11
1403715941.334175109863281,0,5,0,0,11
1403715941.384175062179565,0,1,0,0,11
1403715941.434175014495850,0,2,0,0,11
1403715941.484174966812134,0,0,0,0,11
1403715941.534175157546997,0,0,0,0,11
1403715941.584175109863281,0,1,0,0,11
1403715941.634175062179565,0,0,0,0,11
1403715941.684175014495850,0,0,0,0,11
1403715941.734174966812134,0,0,0,0,11
1403715941.784175157546997,0,2,0,0,11
1403715941.834175109863281,0,0,0,0,11
1403715941.884175062179565,0,0,0,0,11
1403715941.934175014495850,0,0,0,0,11
1403715941.984174966812134,0,0,0,0,11
1403715942.034175157546997,0,0,0,0,11
1403715942.084175109863281,0,0,0,0,11
1403715942.134175062179565,0,0,0,0,11
1403715942.184175014495850,0,0,0,0,11
1403715942.234174966812134,0,0,0,0,11
1403715942.284175157546997,0,0,0,0,11
1403715942.334175109863281,0,0,0,0,11
1403715942.384175062179565,0,2,0,0,11
1403715942.434175014495850,0,1,0,0,11
1403715942.484174966812134,0,0,0,0,11
1403715942.534175157546997,0,0,0,0,11
1403715942.584175109863281,0,0,0,0,11
1403715942.634175062179565,0,0,0,0,11
1403715942.684175014495850,0,0,0,0,11
1403715942.734174966812134,0,0,0,0,11
1403715942.784175157546997,0,0,0,0,11
1403715942.834175109863281,0,0,0,0,11
1403715942.884175062179565,0,0,0,0,11
1403715942.934175014495850,0,0,0,0,11
1403715942.984174966812134,0,0,0,0,11
1403715943.034175157546997,0,0,0,0,11
1403715943.084175109863281,0,0,0,0,11
1403715943.134175062179565,0,0,0,0,11
1403715943.184175014495850,0,0,0,0,11
1403715943.234174966812134,0,0,0,0,11
1403715943.284175157546997,0,0,0,0,11
1403715943.334175109863281,0,0,0,0,11
1403715943.384175062179565,0,0,0,0,11
1403715943.434175014495850,0,1,0,0,11
1403715943.484174966812134,0,0,0,0,11
1403715943.534175157546997,0,0,0,0,11
1403715943.584175109863281,0,0,0,0,11
1403715943.634175062179565,0,0,0,0,11
1403715943.684175014495850,0,0,0,0,11
1403715943.734174966812134,0,0,0,0,11
1403715943.784175157546997,0,0,0,0,11
1403715943.834175109863281,0,0,0,0,11
1403715943.884175062179565,0,0,0,0,11
1403715943.934175014495850,0,0,0,0,11
1403715943.984174966812134,0,0,0,0,11
1403715944.034175157546997,0,0,0,0,11
1403715944.084175109863281,0,0,0,0,11
1403715944.134175062179565,0,0,0,0,11
1403715944.184170722961426,0,2,0,0,11
1403715944.234170675277710,0,0,0,0,11
1403715944.284170866012573,0,0,0,0,11
1403715944.334170818328857,0,0,0,0,11
1403715944.384168863296509,0,1,0,0,11
1403715944.434166669845581,0,1,0,0,11
1403715944.484158992767334,1,0,0,1,11
1403715944.534159183502197,1,0,0,0,11
1403715944.584159135818481,1,0,0,0,11
1403715944.634159088134766,0,0,0,0,11
1403715944.684159040451050,0,0,0,0,11
1403715944.734158992767334,0,0,0,0,11
1403715944.784159183502197,0,0,0,0,11
1403715944.834159135818481,0,0,0,0,11
1403715944.884159088134766,0,0,0,0,11
1403715944.934159040451050,0,0,0,0,11
1403715944.984158992767334,0,0,0,0,11
1403715945.034159183502197,0,3,0,0,11
1403715945.084159135818481,0,0,0,0,11
1403715945.134159088134766,0,0,0,0,11
1403715945.184159040451050,0,1,0,0,11
1403715945.234158992767334,0,0,0,0,11
1403715945.284159183502197,0,0,0,0,11
1403715945.334159135818481,0,0,0,0,11
1403715945.384159088134766,0,0,0,0,11
1403715945.434159040451050,0,0,0,0,11
1403715945.484158992767334,0,0,0,0,11
1403715945.534159183502197,0,0,0,0,11
1403715945.584159135818481,0,1,0,0,11
1403715945.634159088134766,0,0,0,0,11
1403715945.684159040451050,0,0,0,0,11
1403715945.734158992767334,0,0,0,0,11
1403715945.784159183502197,0,0,0,0,11
1403715945.834159135818481,0,0,0,0,11
1403715945.884159088134766,0,0,0,0,11
1403715945.934159040451050,0,0,0,0,11
1403715945.984158992767334,0,0,0,0,11
1403715946.034159183502197,0,0,0,0,11
1403715946.084159135818481,0,0,0,0,11
1403715946.134159088134766,0,0,0,0,11
1403715946.184159040451050,0,0,0,0,11
1403715946.234158992767334,0,0,0,0,11
1403715946.284159183502197,0,0,0,0,11
1403715946.334159135818481,0,0,0,0,11
1403715946.384159088134766,0,1,0,0,11
1403715946.434159040451050,0,0,0,0,11
1403715946.484158992767334,0,0,0,0,11
1403715946.534159183502197,0,0,0,0,11
1403715946.584159135818481,0,1,0,0,11
1403715946.634159088134766,0,0,0,0,11
1403715946.684159040451050,0,1,0,0,11
1403715946.734158992767334,0,5,0,0,11
1403715946.784151077270508,1,0,0,1,11
1403715946.834148406982422,1,0,1,0,11
1403715946.884149074554443,1,3,0,0,11
1403715946.934149026870728,0,0,0,0,11
1403715946.984148979187012,0,0,0,0,11
1403715947.034149169921875,0,0,0,0,11
1403715947.084149122238159,0,0,0,0,11
1403715947.134155273437500,1,0,0,1,11
1403715947.184154987335205,1,0,1,0,11
1403715947.234152317047119,2,0,0,1,11
1403715947.284152507781982,2,0,0,0,11
1403715947.334152460098267,1,0,0,0,11
1403715947.384152412414551,0,0,0,0,11
1403715947.434152364730835,0,0,0,0,11
1403715947.484152317047119,0,0,0,0,11
1403715947.534152507781982,0,0,0,0,11
1403715947.584152460098267,0,0,0,0,11
1403715947.634152412414551,0,0,0,0,11
1403715947.684152364730835,0,0,0,0,11
1403715947.734152317047119,0,0,0,0,11
1403715947.784152507781982,0,0,0,0,11
1403715947.834152460098267,0,0,0,0,11
1403715947.884152412414551,0,0,0,0,11
1403715947.934152364730835,0,1,0,0,11
1403715947.984152317047119,0,0,0,0,11
1403715948.034152507781982,0,0,0,0,11
1403715948.084152460098267,0,0,0,0,11
1403715948.134152412414551,0,0,0,0,11
1403715948.184152364730835,0,0,0,0,11
1403715948.234152317047119,0,0,0,0,11
1403715948.284152507781982,0,0,0,0,11
1403715948.334152460098267,0,0,0,0,11
1403715948.384152412414551,0,0,0,0,11
1403715948.434152364730835,0,0,0,0,11
1403715948.484152317047119,0,0,0,0,11
1403715948.534152507781982,0,0,0,0,11
1403715948.584152460098267,0,1,0,0,11
1403715948.634152412414551,0,0,0,0,11
1403715948.684152364730835,0,0,0,0,11
1403715948.734152317047119,0,0,0,0,11
1403715948.784152507781982,0,0,0,0,11
1403715948.834152460098267,0,0,0,0,11
1403715948.884152412414551,0,0,0,0,11
1403715948.934152364730835,0,0,0,0,11
1403715948.984152317047119,0,1,0,0,11
1403715949.034152507781982,0,0,0,0,11
1403715949.084152460098267,0,0,0,0,11
1403715949.134152412414551,0,0,0,0,11
1403715949.184152364730835,0,0,0,0,11
1403715949.234152317047119,0,0,0,0,11
1403715949.284152507781982,0,0,0,0,11
1403715949.334152460098267,0,0,0,0,11
1403715949.384152412414551,0,0,0,0,11
1403715949.434152364730835,0,0,0,0,11
1403715949.484152317047119,0,2,0,0,11
1403715949.534152507781982,0,0,0,0,11
1403715949.584152460098267,0,1,0,0,11
1403715949.634152412414551,0,1,0,0,11
1403715949.684152364730835,0,0,0,0,11
1403715949.734152317047119,0,0,0,0,11
1403715949.784152507781982,0,0,0,0,11
1403715949.834152460098267,0,0,0,0,11
1403715949.884152412414551,0,0,0,0,11
1403715949.934152364730835,0,0,0,0,11
1403715949.984152317047119,0,0,0,0,11
1403715950.034152507781982,0,0,0,0,11
1403715950.084152460098267,0,0,0,0,11
1403715950.134152412414551,0,0,0,0,11
1403715950.184152364730835,0,1,0,0,11
1403715950.234152317047119,0,0,0,0,11
1403715950.284152507781982,0,1,0,0,11
1403715950.334152460098267,0,0,0,0,11
1403715950.384152412414551,0,0,0,0,11
1403715950.434152364730835,0,0,0,0,11
1403715950.484152317047119,0,0,0,0,11
1403715950.534152507781982,0,0,0,0,11
1403715950.584152460098267,0,0,0,0,11
1403715950.634152412414551,0,0,0,0,11
1403715950.684152364730835,0,0,0,0,11
1403715950.734152317047119,0,1,0,0,11
1403715950.784152507781982,0,0,0,0,11
1403715950.834152460098267,0,0,0,0,11
1403715950.884152412414551,0,0,0,0,11
1403715950.934152364730835,0,4,0,0,11
1403715950.984152317047119,0,0,0,0,11
1403715951.034152507781982,0,0,0,0,11
1403715951.084152460098267,0,0,0,0,11
1403715951.134154558181763,0,2,0,0,11
1403715951.184154510498047,0,1,0,0,11
1403715951.234154462814331,0,0,0,0,11
1403715951.284154653549194,0,0,0,0,11
1403715951.334154605865479,0,0,0,0,11
1403715951.384154558181763,0,0,0,0,11
1403715951.434154510498047,0,0,0,0,11
1403715951.484154462814331,0,0,0,0,11
1403715951.534154653549194,0,0,0,0,11
1403715951.584146976470947,3,0,0,3,11
1403715951.634148597717285,5,0,3,2,11
1403715951.684149026870728,5,0,1,0,11
1403715951.734148979187012,5,0,0,0,11
1403715951.784149169921875,0,0,0,0,11
1403715951.834149122238159,0,0,0,0,11
1403715951.884149074554443,0,0,0,0,11
1403715951.934149026870728,0,0,0,0,11
1403715951.984142303466797,1,1,0,1,11
1403715952.034145593643188,1,0,1,0,11
1403715952.084159374237061,2,1,0,1,11
1403715952.134159326553345,2,0,0,0,11
1403715952.184159278869629,1,0,0,0,11
1403715952.234159231185913,0,0,0,0,11
1403715952.284159421920776,0,0,0,0,11
1403715952.334159374237061,0,0,0,0,11
1403715952.384159326553345,0,0,0,0,11
1403715952.434159278869629,0,0,0,0,11
1403715952.484159231185913,0,0,0,0,11
1403715952.534159421920776,0,2,0,0,11
1403715952.584159374237061,0,0,0,0,11
1403715952.634159326553345,0,0,0,0,11
1403715952.684159278869629,0,1,0,0,11
1403715952.734159231185913,0,0,0,0,11
1403715952.784159421920776,0,0,0,0,11
1403715952.834159374237061,0,1,0,0,11
1403715952.884159326553345,0,0,0,0,11
1403715952.934159278869629,0,2,0,0,11
1403715952.984159231185913,0,0,0,0,11
1403715953.034159421920776,0,2,0,0,11
1403715953.084159374237061,0,0,0,0,11
1403715953.134159326553345,0,0,0,0,11
1403715953.184159278869629,0,0,0,0,11
1403715953.234159231185913,0,0,0,0,11
1403715953.284159421920776,0,0,0,0,11
1403715953.334159374237061,0,1,0,0,11
1403715953.384158849716187,0,2,0,0,11
1403715953.434159040451050,0,1,0,0,11
1403715953.484158992767334,0,0,0,0,11
1403715953.534159183502197,0,0,0,0,11
1403715953.584159135818481,0,1,0,0,11
1403715953.634159088134766,0,0,0,0,11
1403715953.684159040451050,0,0,0,0,11
1403715953.734158992767334,0,0,0,0,11
1403715953.784113168716431,3,0,0,3,11
1403715953.834113121032715,2,0,1,0,11
1403715953.884113073348999,1,0,0,0,11
1403715953.934113025665283,1,0,0,0,11
1403715953.984112977981567,0,0,0,0,11
1403715954.034113168716431,0,2,0,0,11
1403715954.084113121032715,0,0,0,0,11
1403715954.134113073348999,0,0,0,0,11
1403715954.184113025665283,0,0,0,0,11
1403715954.234112977981567,0,2,0,0,11
1403715954.284113168716431,0,0,0,0,11
1403715954.334113121032715,0,1,0,0,11
1403715954.384113073348999,0,0,0,0,11
1403715954.434113025665283,0,1,0,0,11
1403715954.484112977981567,0,1,0,0,11
1403715954.534113168716431,0,4,0,0,11
1403715954.584113359451294,0,1,0,0,11
1403715954.634101152420044,1,0,0,1,11
1403715954.684101581573486,1,2,0,0,11
1403715954.734101533889771,1,0,0,0,11
1403715954.784101724624634,0,0,0,0,11
1403715954.834101676940918,0,0,0,0,11
1403715954.884101629257202,0,0,0,0,11
1403715954.934101581573486,0,0,0,0,11
1403715954.984101533889771,0,0,0,0,11
1403715955.034101724624634,0,0,0,0,11
1403715955.084101676940918,0,0,0,0,11
1403715955.134101629257202,0,3,0,0,11
1403715955.184101581573486,0,0,0,0,11
1403715955.234101533889771,0,1,0,0,11
1403715955.284101724624634,0,0,0,0,11
1403715955.334101676940918,0,0,0,0,11
1403715955.384101629257202,0,1,0,0,11
1403715955.434101581573486,0,0,0,0,11
1403715955.484101533889771,0,0,0,0,11
1403715955.534101247787476,0,1,0,0,11
1403715955.584101200103760,0,0,0,0,11
1403715955.634101152420044,0,0,0,0,11
1403715955.684101104736328,0,0,0,0,11
1403715955.734101057052612,0,0,0,0,11
1403715955.784101247787476,0,0,0,0,11
1403715955.834101200103760,0,0,0,0,11
1403715955.884101152420044,0,1,0,0,11
1403715955.934101104736328,0,0,0,0,11
1403715955.984101057052612,0,0,0,0,11
1403715956.034101247787476,0,0,0,0,11
1403715956.084101200103760,0,2,0,0,11
1403715956.134101152420044,0,0,0,0,11
1403715956.184101104736328,0,1,0,0,11
1403715956.234101057052612,0,0,0,0,11
1403715956.284101247787476,0,1,0,0,11
1403715956.334101200103760,0,0,0,0,11
1403715956.384101152420044,0,0,0,0,11
1403715956.434100627899170,0,1,0,0,11
1403715956.484103441238403,0,1,0,0,11
1403715956.534103631973267,0,0,0,0,11
1403715956.584103584289551,0,0,0,0,11
1403715956.634103536605835,0,0,0,0,11
1403715956.684103488922119,0,0,0,0,11
1403715956.734103441238403,0,0,0,0,11
1403715956.784103631973267,0,0,0,0,11
1403715956.834103584289551,0,0,0,0,11
1403715956.884103536605835,0,0,0,0,11
1403715956.934103488922119,0,1,0,0,11
1403715956.984103441238403,0,0,0,0,11
1403715957.034103631973267,0,0,0,0,11
1403715957.084103584289551,0,0,0,0,11
1403715957.134087800979614,1,0,0,1,11
1403715957.184087991714478,1,0,1,0,11
1403715957.234087944030762,0,1,0,0,11
1403715957.284088134765625,0,1,0,0,11
1403715957.334088087081909,0,0,0,0,11
1403715957.384088039398193,0,1,0,0,11
1403715957.434087991714478,0,0,0,0,11
1403715957.484087944030762,0,0,0,0,11
1403715957.534088134765625,0,0,0,0,11
1403715957.584088087081909,0,1,0,0,11
1403715957.634088039398193,0,1,0,0,11
1403715957.684087991714478,0,0,0,0,11
1403715957.734087944030762,0,0,0,0,11
1403715957.784090518951416,0,3,0,0,11
1403715957.834094047546387,0,1,0,0,11
1403715957.884093999862671,0,0,0,0,11
1403715957.934093952178955,0,0,0,0,11
1403715957.984093904495239,0,1,0,0,11
1403715958.034093618392944,0,3,0,0,11
1403715958.084093570709229,0,3,0,0,11
1403715958.134093523025513,0,1,0,0,11
1403715958.184093475341797,0,0,0,0,11
1403715958.234075069427490,1,1,0,1,11
1403715958.284075260162354,0,1,0,0,11
1403715958.334075212478638,0,0,0,0,11
1403715958.384075164794922,0,0,0,0,11
1403715958.434075117111206,0,0,0,0,11
1403715958.484071254730225,0,1,0,0,11
1403715958.534071445465088,0,0,0,0,11
1403715958.584071397781372,0,0,0,0,11
1403715958.634071350097656,0,0,0,0,11
1403715958.684071302413940,0,0,0,0,11
1403715958.734071254730225,0,0,0,0,11
1403715958.784071445465088,0,0,0,0,11
1403715958.834071397781372,0,0,0,0,11
1403715958.884071350097656,0,0,0,0,11
1403715958.934071302413940,0,0,0,0,11
1403715958.984071254730225,0,1,0,0,11
1403715959.034071445465088,0,0,0,0,11
1403715959.084071397781372,0,0,0,0,11
1403715959.134071350097656,0,0,0,0,11
1403715959.184071302413940,0,0,0,0,11
1403715959.234071254730225,0,0,0,0,11
1403715959.284071445465088,0,0,0,0,11
1403715959.334071397781372,0,1,0,0,11
1403715959.384071350097656,0,2,0,0,11
1403715959.434071302413940,0,0,0,0,11
1403715959.484071254730225,0,0,0,0,11
1403715959.534071445465088,0,0,0,0,11
1403715959.584071397781372,0,0,0,0,11
1403715959.634071350097656,0,0,0,0,11
1403715959.684071302413940,0,0,0,0,11
1403715959.734071254730225,0,0,0,0,11
1403715959.784071445465088,0,0,0,0,11
1403715959.834071397781372,0,0,0,0,11
1403715959.884071350097656,0,0,0,0,11
1403715959.934071302413940,0,0,0,0,11
1403715959.984071254730225,0,0,0,0,11
1403715960.034071445465088,0,0,0,0,11
1403715960.084071397781372,0,1,0,0,11
1403715960.134071350097656,0,0,0,0,11
1403715960.184071302413940,0,1,0,0,11
1403715960.234071254730225,0,0,0,0,11
1403715960.284071445465088,0,1,0,0,11
1403715960.334071397781372,0,0,0,0,11
1403715960.384071350097656,0,0,0,0,11
1403715960.434071302413940,0,0,0,0,11
1403715960.484071254730225,0,0,0,0,11
1403715960.534071445465088,0,0,0,0,11
1403715960.584071397781372,0,1,0,0,11
1403715960.634071350097656,0,0,0,0,11
1403715960.684071302413940,0,0,0,0,11
1403715960.734071254730225,0,0,0,0,11
1403715960.784071445465088,0,0,0,0,11
1403715960.834071397781372,0,0,0,0,11
1403715960.884071350097656,0,0,0,0,11
1403715960.934071302413940,0,0,0,0,11
1403715960.984071254730225,0,0,0,0,11
1403715961.034071445465088,0,1,0,0,11
1403715961.084071397781372,0,0,0,0,11
1403715961.134071350097656,0,0,0,0,11
1403715961.184071302413940,0,0,0,0,11
1403715961.234071254730225,0,0,0,0,11
1403715961.284071445465088,0,0,0,0,11
1403715961.334071397781372,0,0,0,0,11
1403715961.384071350097656,0,1,0,0,11
1403715961.434071302413940,0,0,0,0,11
1403715961.484071254730225,0,0,0,0,11
1403715961.534071445465088,0,1,0,0,11
1403715961.584071397781372,0,0,0,0,11
1403715961.634071350097656,0,1,0,0,11
1403715961.684071302413940,0,0,0,0,11
1403715961.734071254730225,0,0,0,0,11
1403715961.784071445465088,0,0,0,0,11
1403715961.834071397781372,0,1,0,0,11
1403715961.884071350097656,0,1,0,0,11
1403715961.934071302413940,0,0,0,0,11
1403715961.984071254730225,0,1,0,0,11
1403715962.034071445465088,0,0,0,0,11
1403715962.084071397781372,0,1,0,0,11
1403715962.134071350097656,0,0,0,0,11
1403715962.184071302413940,0,0,0,0,11
1403715962.234071254730225,0,0,0,0,11
1403715962.284071445465088,0,0,0,0,11
1403715962.334071397781372,0,0,0,0,11
1403715962.384071350097656,0,0,0,0,11
1403715962.434071302413940,0,0,0,0,11
1403715962.484071254730225,0,0,0,0,11
1403715962.534071445465088,0,1,0,0,11
1403715962.584071397781372,0,0,0,0,11
1403715962.634071350097656,0,0,0,0,11
1403715962.684071302413940,0,0,0,0,11
1403715962.734071254730225,0,0,0,0,11
1403715962.784071445465088,0,0,0,0,11
1403715962.834071397781372,0,0,0,0,11
1403715962.884071350097656,0,0,0,0,11
1403715962.934071302413940,0,0,0,0,11
1403715962.984070777893066,0,1,0,0,11
1403715963.034070968627930,0,0,0,0,11
1403715963.084070920944214,0,0,0,0,11
1403715963.134070873260498,0,0,0,0,11
1403715963.184070825576782,0,0,0,0,11
1403715963.234070777893066,0,6,0,0,11
1403715963.284070968627930,0,0,0,0,11
1403715963.334070920944214,0,0,0,0,11
1403715963.384070873260498,0,0,0,0,11
1403715963.434070825576782,0,0,0,0,11
1403715963.484070777893066,0,1,0,0,11
1403715963.534070968627930,0,0,0,0,11
1403715963.584070920944214,0,0,0,0,11
1403715963.634070873260498,0,3,0,0,11
1403715963.684070825576782,0,0,0,0,11
1403715963.734070777893066,0,0,0,0,11
1403715963.784070968627930,0,0,0,0,11
1403715963.834070920944214,0,0,0,0,11
1403715963.884070873260498,0,0,0,0,11
1403715963.934070825576782,0,0,0,0,11
1403715963.984070777893066,0,0,0,0,11
1403715964.034070968627930,0,0,0,0,11
1403715964.084070920944214,0,0,0,0,11
1403715964.134070873260498,0,0,0,0,11
1403715964.184070825576782,0,1,0,0,11
1403715964.234070777893066,0,0,0,0,11
1403715964.284070968627930,0,0,0,0,11
1403715964.334070920944214,0,0,0,0,11
1403715964.384070873260498,0,0,0,0,11
1403715964.434070825576782,0,1,0,0,11
1403715964.484070777893066,0,0,0,0,11
1403715964.534070968627930,0,0,0,0,11
1403715964.584070920944214,0,0,0,0,11
1403715964.634070873260498,0,0,0,0,11
1403715964.684070825576782,0,0,0,0,11
1403715964.734070777893066,0,0,0,0,11
1403715964.784070968627930,0,0,0,0,11
1403715964.834070920944214,0,0,0,0,11
1403715964.884072303771973,1,1,0,1,11
1403715964.934074163436890,2,0,0,1,11
1403715964.984077215194702,3,0,1,1,11
1403715965.034076452255249,3,0,2,0,11
1403715965.084075927734375,2,2,0,0,11
1403715965.134075880050659,1,0,0,0,11
1403715965.184075832366943,0,0,0,0,11
1403715965.234075784683228,0,0,0,0,11
1403715965.284075975418091,0,0,0,0,11
1403715965.334075927734375,0,0,0,0,11
1403715965.384075880050659,0,0,0,0,11
1403715965.434075832366943,0,0,0,0,11
1403715965.484075784683228,0,0,0,0,11
1403715965.534075975418091,0,0,0,0,11
1403715965.584075927734375,0,0,0,0,11
1403715965.634075880050659,0,0,0,0,11
1403715965.684076547622681,0,1,0,0,11
1403715965.734077215194702,0,1,0,0,11
1403715965.784077405929565,0,0,0,0,11
1403715965.834077358245850,0,1,0,0,11
1403715965.884077310562134,0,1,0,0,11
1403715965.934077262878418,0,3,0,0,11
1403715965.984077215194702,0,0,0,0,11
1403715966.034077405929565,0,0,0,0,11
1403715966.084077358245850,0,0,0,0,11
1403715966.134077310562134,0,0,0,0,11
1403715966.184077262878418,0,0,0,0,11
1403715966.234077215194702,0,0,0,0,11
1403715966.284077405929565,0,0,0,0,11
1403715966.334077358245850,0,0,0,0,11
1403715966.384077310562134,0,0,0,0,11
1403715966.434077262878418,0,0,0,0,11
1403715966.484077215194702,0,0,0,0,11
1403715966.534077405929565,0,0,0,0,11
1403715966.584077358245850,0,0,0,0,11
1403715966.634077310562134,0,0,0,0,11
1403715966.684077262878418,0,0,0,0,11
1403715966.734077215194702,0,0,0,0,11
1403715966.784077405929565,0,0,0,0,11
1403715966.834077358245850,0,0,0,0,11
1403715966.884077310562134,0,0,0,0,11
1403715966.934077262878418,0,0,0,0,11
1403715966.984077215194702,0,0,0,0,11
1403715967.034077405929565,0,1,0,0,11
1403715967.084077358245850,0,0,0,0,11
1403715967.134077310562134,0,0,0,0,11
1403715967.184077262878418,0,0,0,0,11
1403715967.234077215194702,0,3,0,0,11
1403715967.284077405929565,0,1,0,0,11
1403715967.334077835083008,0,1,0,0,11
1403715967.384077787399292,0,0,0,0,11
1403715967.434077739715576,0,2,0,0,11
1403715967.484077692031860,0,0,0,0,11
1403715967.534077882766724,0,0,0,0,11
1403715967.584077835083008,0,0,0,0,11
1403715967.634077787399292,0,0,0,0,11
1403715967.684077739715576,0,0,0,0,11
1403715967.734077692031860,0,0,0,0,11
1403715967.784077882766724,0,0,0,0,11
1403715967.834077835083008,0,0,0,0,11
1403715967.884077787399292,0,0,0,0,11
1403715967.934077739715576,0,0,0,0,11
1403715967.984077692031860,0,0,0,0,11
1403715968.034077882766724,0,0,0,0,11
1403715968.084077835083008,0,0,0,0,11
1403715968.134077787399292,0,0,0,0,11
1403715968.184077739715576,0,0,0,0,11
1403715968.234077692031860,0,0,0,0,11
1403715968.284077882766724,0,0,0,0,11
1403715968.334077835083008,0,0,0,0,11
1403715968.384077787399292,0,0,0,0,11
1403715968.434077739715576,0,0,0,0,11
1403715968.484077692031860,0,0,0,0,11
1403715968.534077882766724,0,1,0,0,11
1403715968.584077835083008,0,0,0,0,11
1403715968.634077787399292,0,0,0,0,11
1403715968.684077739715576,0,0,0,0,11
1403715968.734077692031860,0,0,0,0,11
1403715968.784077882766724,0,0,0,0,11
1403715968.834077835083008,0,0,0,0,11
1403715968.884077787399292,0,0,0,0,11
1403715968.934077739715576,0,0,0,0,11
1403715968.984077692031860,0,0,0,0,11
1403715969.034077882766724,0,0,0,0,11
1403715969.084077835083008,0,0,0,0,11
1403715969.134077787399292,0,0,0,0,11
1403715969.184077739715576,0,0,0,0,11
1403715969.234077692031860,0,0,0,0,11
1403715969.284077882766724,0,0,0,0,11
1403715969.334077835083008,0,0,0,0,11
1403715969.384077787399292,0,0,0,0,11
1403715969.434077739715576,0,0,0,0,11
1403715969.484077692031860,0,0,0,0,11
1403715969.534077882766724,0,0,0,0,11
1403715969.584077835083008,0,0,0,0,11
1403715969.634077787399292,0,0,0,0,11
1403715969.684077739715576,0,0,0,0,11
1403715969.734077692031860,0,0,0,0,11
1403715969.784077882766724,0,0,0,0,11
1403715969.834077835083008,0,0,0,0,11
1403715969.884077787399292,0,0,0,0,11
1403715969.934077739715576,0,3,0,0,11
1403715969.984077692031860,0,2,0,0,11
1403715970.034077882766724,0,0,0,0,11
1403715970.084077835083008,0,0,0,0,11
1403715970.134077787399292,0,2,0,0,11
1403715970.184077739715576,0,0,0,0,11
1403715970.234077692031860,0,0,0,0,11
1403715970.284077882766724,0,0,0,0,11
1403715970.334077835083008,0,0,0,0,11
1403715970.384077787399292,0,0,0,0,11
1403715970.434077739715576,0,0,0,0,11
1403715970.484077692031860,0,0,0,0,11
1403715970.534077882766724,0,0,0,0,11
1403715970.584077835083008,0,0,0,0,11
1403715970.634077787399292,0,0,0,0,11
1403715970.684077739715576,0,0,0,0,11
1403715970.734077692031860,0,0,0,0,11
1403715970.784077882766724,0,4,0,0,11
1403715970.834077835083008,0,4,0,0,11
1403715970.884077787399292,0,0,0,0,11
1403715970.934077739715576,0,1,0,0,11
1403715970.984077692031860,0,0,0,0,11
1403715971.034077882766724,0,0,0,0,11
1403715971.084077835083008,0,0,0,0,11
1403715971.134077787399292,0,0,0,0,11
1403715971.184077739715576,0,0,0,0,11
1403715971.234077692031860,0,0,0,0,11
1403715971.284077882766724,0,0,0,0,11
1403715971.334077835083008,0,0,0,0,11
1403715971.384077787399292,0,1,0,0,11
1403715971.434077739715576,0,3,0,0,11
1403715971.484077692031860,0,0,0,0,11
1403715971.534077882766724,0,3,0,0,11
1403715971.584077835083008,0,3,0,0,11
1403715971.634077787399292,0,0,0,0,11
1403715971.684077739715576,0,1,0,0,11
1403715971.734077692031860,0,1,0,0,11
1403715971.784077882766724,0,0,0,0,11
1403715971.834077835083008,0,0,0,0,11
1403715971.884077787399292,0,1,0,0,11
1403715971.934077739715576,0,0,0,0,11
1403715971.984077692031860,0,0,0,0,11
1403715972.034077882766724,0,0,0,0,11
1403715972.084077835083008,0,0,0,0,11
1403715972.134077787399292,0,0,0,0,11
1403715972.184077739715576,0,0,0,0,11
1403715972.234077692031860,0,0,0,0,11
1403715972.284077882766724,0,0,0,0,11
1403715972.334077835083008,0,0,0,0,11
1403715972.384077787399292,0,0,0,0,11
1403715972.434077739715576,0,0,0,0,11
1403715972.484077692031860,0,0,0,0,11
1403715972.534077882766724,0,0,0,0,11
1403715972.584077835083008,0,0,0,0,11
1403715972.634077787399292,0,0,0,0,11
1403715972.684077739715576,0,0,0,0,11
1403715972.734077692031860,0,0,0,0,11
1403715972.784077882766724,0,0,0,0,11
1403715972.834077835083008,0,0,0,0,11
1403715972.884077787399292,0,0,0,0,11
1403715972.934077739715576,0,0,0,0,11
1403715972.984077692031860,0,0,0,0,11
1403715973.034077882766724,0,0,0,0,11
1403715973.084077835083008,0,0,0,0,11
1403715973.134077787399292,0,0,0,0,11
1403715973.184077739715576,0,0,0,0,11
1403715973.234077692031860,0,0,0,0,11
1403715973.284077882766724,0,0,0,0,11
1403715973.334077835083008,0,0,0,0,11
1403715973.384077787399292,0,0,0,0,11
1403715973.434077739715576,0,0,0,0,11
1403715973.484077692031860,0,0,0,0,11
1403715973.534077882766724,0,0,0,0,11
1403715973.584077835083008,0,0,0,0,11
1403715973.634077787399292,0,0,0,0,11
1403715973.684077739715576,0,0,0,0,11
1403715973.734077692031860,0,0,0,0,11
1403715973.784077882766724,0,0,0,0,11
1403715973.834077835083008,0,0,0,0,11
1403715973.884077787399292,0,0,0,0,11
1403715973.934077739715576,0,0,0,0,11
1403715973.984077692031860,0,0,0,0,11
1403715974.034077882766724,0,0,0,0,11
1403715974.084077835083008,0,0,0,0,11
1403715974.134077787399292,0,0,0,0,11
1403715974.184077739715576,0,0,0,0,11
1403715974.234077692031860,0,0,0,0,11
1403715974.284077882766724,0,0,0,0,11
1403715974.334077835083008,0,0,0,0,11
1403715974.384077787399292,0,0,0,0,11
1403715974.434077739715576,0,0,0,0,11
1403715974.484077692031860,0,0,0,0,11
1403715974.534077882766724,0,0,0,0,11
1403715974.584077835083008,0,0,0,0,11
1403715974.634077787399292,0,0,0,0,11
1403715974.684077739715576,0,0,0,0,11
1403715974.734077692031860,0,0,0,0,11
1403715974.784077882766724,0,0,0,0,11
1403715974.834077835083008,0,0,0,0,11
1403715974.884077787399292,0,0,0,0,11
1403715974.934077739715576,0,0,0,0,11
1403715974.984077692031860,0,0,0,0,11
1403715975.034077882766724,0,0,0,0,11
1403715975.084077835083008,0,0,0,0,11
1403715975.134077787399292,0,0,0,0,11
1403715975.184077739715576,0,0,0,0,11
1403715975.234077692031860,0,0,0,0,11
1403715975.284077882766724,0,0,0,0,11
1403715975.334077835083008,0,0,0,0,11
1403715975.384077787399292,0,0,0,0,11
1403715975.434077739715576,0,0,0,0,11
1403715975.484077692031860,0,0,0,0,11
1403715975.534077882766724,0,0,0,0,11
1403715975.584077835083008,0,0,0,0,11
1403715975.634077787399292,0,0,0,0,11
1403715975.684077739715576,0,0,0,0,11
1403715975.734077692031860,0,0,0,0,11
1403715975.784077882766724,0,0,0,0,11
1403715975.834077835083008,0,0,0,0,11
1403715975.884077787399292,0,0,0,0,11
1403715975.934077739715576,0,0,0,0,11
1403715975.984077692031860,0,0,0,0,11
1403715976.034077882766724,0,0,0,0,11
1403715976.084077835083008,0,0,0,0,11
1403715976.134077787399292,0,0,0,0,11
1403715976.184077739715576,0,1,0,0,11
1403715976.234077692031860,0,0,0,0,11
1403715976.284077882766724,0,0,0,0,11
1403715976.334077835083008,0,0,0,0,11
1403715976.384077787399292,0,0,0,0,11
1403715976.434077739715576,0,0,0,0,11
1403715976.484077692031860,0,0,0,0,11
1403715976.534077882766724,0,0,0,0,11
1403715976.584077835083008,0,0,0,0,11
1403715976.634077787399292,0,0,0,0,11
1403715976.684077739715576,0,0,0,0,11
1403715976.734077692031860,0,0,0,0,11
1403715976.784077882766724,0,2,0,0,11
1403715976.834077835083008,0,0,0,0,11
1403715976.884077787399292,0,0,0,0,11
1403715976.934077739715576,0,0,0,0,11
1403715976.984077692031860,0,0,0,0,11
1403715977.034077882766724,0,0,0,0,11
1403715977.084077835083008,0,0,0,0,11
1403715977.134077787399292,0,0,0,0,11
1403715977.184077739715576,0,0,0,0,11
1403715977.234077692031860,0,0,0,0,11
1403715977.284077882766724,0,0,0,0,11
1403715977.334077835083008,0,0,0,0,11
1403715977.384077787399292,0,0,0,0,11
1403715977.434077739715576,0,0,0,0,11
1403715977.484077692031860,0,0,0,0,11
1403715977.534077882766724,0,0,0,0,11
1403715977.584077835083008,0,0,0,0,11
1403715977.634077787399292,0,0,0,0,11
1403715977.684077739715576,0,0,0,0,11
1403715977.734077692031860,0,0,0,0,11
1403715977.784077882766724,0,0,0,0,11
1403715977.834077835083008,0,0,0,0,11
1403715977.884077787399292,0,0,0,0,11
1403715977.934077739715576,0,0,0,0,11
1403715977.984077692031860,0,0,0,0,11
1403715978.034077882766724,0,0,0,0,11
1403715978.084077835083008,0,0,0,0,11
1403715978.134077787399292,0,0,0,0,11
1403715978.184077739715576,0,1,0,0,11
1403715978.234077692031860,0,0,0,0,11
1403715978.284077882766724,0,0,0,0,11
1403715978.334077835083008,0,0,0,0,11
1403715978.384077787399292,0,0,0,0,11
1403715978.434077739715576,0,0,0,0,11
1403715978.484077692031860,0,0,0,0,11
1403715978.534077882766724,0,1,0,0,11
1403715978.584077835083008,0,0,0,0,11
1403715978.634077787399292,0,0,0,0,11
1403715978.684077739715576,0,0,0,0,11
1403715978.734077692031860,0,0,0,0,11
1403715978.784077882766724,0,0,0,0,11
1403715978.834077835083008,0,0,0,0,11
1403715978.884077787399292,0,0,0,0,11
1403715978.934077739715576,0,0,0,0,11
1403715978.984077692031860,0,2,0,0,11
1403715979.034077882766724,0,0,0,0,11
1403715979.084077835083008,0,1,0,0,11
1403715979.134077787399292,0,1,0,0,11
1403715979.184077739715576,0,0,0,0,11
1403715979.234077692031860,0,0,0,0,11
1403715979.284077882766724,0,0,0,0,11
1403715979.334077835083008,0,0,0,0,11
1403715979.384077787399292,0,0,0,0,11
1403715979.434077739715576,0,4,0,0,11
1403715979.484077692031860,0,0,0,0,11
1403715979.534077882766724,0,0,0,0,11
1403715979.584077835083008,0,0,0,0,11
1403715979.634077787399292,0,0,0,0,11
1403715979.684077739715576,0,0,0,0,11
1403715979.734077692031860,0,2,0,0,11
1403715979.784077882766724,0,0,0,0,11
1403715979.834077835083008,0,0,0,0,11
1403715979.884077787399292,0,2,0,0,11
1403715979.934077739715576,0,2,0,0,11
1403715979.984077692031860,0,1,0,0,11
1403715980.034077882766724,0,1,0,0,11
1403715980.084078073501587,0,2,0,0,11
1403715980.134078025817871,0,2,0,0,11
1403715980.184077978134155,0,1,0,0,11
1403715980.234077453613281,0,5,0,0,11
1403715980.284077644348145,0,2,0,0,11
1403715980.334077596664429,0,0,0,0,11
1403715980.384078741073608,0,1,0,0,11
1403715980.434078693389893,0,0,0,0,11
1403715980.484078645706177,0,0,0,0,11
1403715980.534078836441040,0,0,0,0,11
1403715980.584078550338745,0,1,0,0,11
1403715980.634078502655029,0,0,0,0,11
1403715980.684079170227051,0,2,0,0,11
1403715980.734079360961914,0,2,0,0,11
1403715980.784079790115356,0,1,0,0,11
1403715980.834079742431641,0,0,0,0,11
1403715980.884079694747925,0,0,0,0,11
1403715980.934078693389893,1,3,0,1,11
1403715980.984078407287598,1,0,1,0,11
1403715981.034078598022461,0,2,0,0,11
1403715981.084078550338745,1,0,0,1,11
1403715981.134078502655029,0,3,0,0,11
1403715981.184078454971313,0,0,0,0,11
1403715981.234078407287598,0,0,0,0,11
1403715981.284078598022461,0,0,0,0,11
1403715981.334078550338745,0,0,0,0,11
1403715981.384078502655029,0,0,0,0,11
1403715981.434078454971313,0,0,0,0,11
1403715981.484078407287598,0,0,0,0,11
1403715981.534078598022461,0,0,0,0,11
1403715981.584078550338745,0,0,0,0,11
1403715981.634078502655029,0,0,0,0,11
1403715981.684078454971313,0,0,0,0,11
1403715981.734078407287598,0,0,0,0,11
1403715981.784078598022461,0,0,0,0,11
1403715981.834078550338745,0,0,0,0,11
1403715981.884078502655029,0,0,0,0,11
1403715981.934078454971313,0,0,0,0,11
1403715981.984078407287598,0,0,0,0,11
1403715982.034078598022461,0,0,0,0,11
1403715982.084078550338745,0,0,0,0,11
1403715982.134078502655029,0,0,0,0,11
1403715982.184078454971313,0,0,0,0,11
1403715982.234078407287598,0,0,0,0,11
1403715982.284078598022461,0,0,0,0,11
1403715982.334078550338745,0,0,0,0,11
1403715982.384078502655029,0,0,0,0,11
1403715982.434078454971313,0,0,0,0,11
1403715982.484078407287598,0,0,0,0,11
1403715982.534078598022461,0,0,0,0,11
1403715982.584078550338745,0,0,0,0,11
1403715982.634078502655029,0,0,0,0,11
1403715982.684078454971313,0,0,0,0,11
1403715982.734078407287598,0,0,0,0,11
1403715982.784078598022461,0,0,0,0,11
1403715982.834078550338745,0,0,0,0,11
1403715982.884078502655029,0,0,0,0,11
1403715982.934078454971313,0,0,0,0,11
1403715982.984078407287598,0,0,0,0,11
1403715983.034078598022461,0,0,0,0,11
1403715983.084078550338745,0,1,0,0,11
1403715983.134078502655029,0,0,0,0,11
1403715983.184078454971313,0,0,0,0,11
1403715983.234078407287598,0,1,0,0,11
1403715983.284078598022461,0,0,0,0,11
1403715983.334078550338745,0,0,0,0,11
1403715983.384078502655029,0,0,0,0,11
1403715983.434078454971313,0,0,0,0,11
1403715983.484078407287598,0,0,0,0,11
1403715983.534078598022461,0,0,0,0,11
1403715983.584078550338745,0,0,0,0,11
1403715983.634078502655029,0,0,0,0,11
1403715983.684078454971313,0,0,0,0,11
1403715983.734078407287598,0,0,0,0,11
1403715983.784078598022461,0,0,0,0,11
1403715983.834078550338745,0,0,0,0,11
1403715983.884078502655029,0,0,0,0,11
1403715983.934078454971313,0,0,0,0,11
1403715983.984078407287598,0,0,0,0,11
1403715984.034078598022461,0,0,0,0,11
1403715984.084078550338745,0,1,0,0,11
1403715984.134078502655029,0,0,0,0,11
1403715984.184078454971313,0,0,0,0,11
1403715984.234078407287598,0,0,0,0,11
1403715984.284078598022461,0,0,0,0,11
1403715984.334078550338745,0,0,0,0,11
1403715984.384078502655029,0,2,0,0,11
1403715984.434078454971313,0,0,0,0,11
1403715984.484078407287598,0,0,0,0,11
1403715984.534078598022461,0,0,0,0,11
1403715984.584078550338745,0,1,0,0,11
1403715984.634078502655029,0,1,0,0,11
1403715984.684078454971313,0,0,0,0,11
1403715984.734078407287598,0,0,0,0,11
1403715984.784078598022461,0,1,0,0,11
1403715984.834078550338745,0,0,0,0,11
1403715984.884078502655029,0,0,0,0,11
1403715984.934078454971313,0,0,0,0,11
1403715984.984078168869019,0,3,0,0,11
1403715985.034078359603882,0,0,0,0,11
1403715985.084078311920166,0,2,0,0,11
1403715985.134078264236450,0,0,0,0,11
1403715985.184078216552734,0,0,0,0,11
1403715985.234078168869019,0,0,0,0,11
1403715985.284078359603882,0,0,0,0,11
1403715985.334078311920166,0,1,0,0,11
1403715985.384078264236450,0,0,0,0,11
1403715985.434078216552734,0,1,0,0,11
1403715985.484078168869019,0,0,0,0,11
1403715985.534078359603882,0,0,0,0,11
1403715985.584078311920166,0,0,0,0,11
1403715985.634078264236450,0,0,0,0,11
1403715985.684078216552734,0,1,0,0,11
1403715985.734078168869019,0,1,0,0,11
1403715985.784078359603882,0,0,0,0,11
1403715985.834079504013062,0,1,0,0,11
1403715985.884080410003662,0,1,0,0,11
1403715985.934080600738525,0,2,0,0,11
1403715985.984080553054810,0,0,0,0,11
1403715986.034080743789673,0,0,0,0,11
1403715986.084080696105957,0,0,0,0,11
1403715986.134080648422241,0,0,0,0,11
1403715986.184080600738525,0,0,0,0,11
1403715986.234080553054810,0,0,0,0,11
1403715986.284080743789673,0,1,0,0,11
1403715986.334080696105957,0,0,0,0,11
1403715986.384080648422241,0,0,0,0,11
1403715986.434080600738525,0,0,0,0,11
1403715986.484080553054810,0,0,0,0,11
1403715986.534077644348145,1,0,0,1,11
1403715986.584077358245850,1,0,1,0,11
1403715986.634077310562134,1,0,0,0,11
1403715986.684077262878418,1,1,0,0,11
1403715986.734077215194702,0,0,0,0,11
1403715986.784077405929565,0,1,0,0,11
1403715986.834077358245850,0,0,0,0,11
1403715986.884077310562134,0,0,0,0,11
1403715986.934077262878418,0,0,0,0,11
1403715986.984077215194702,0,0,0,0,11
1403715987.034077405929565,0,0,0,0,11
1403715987.084077358245850,0,0,0,0,11
1403715987.134077310562134,0,0,0,0,11
1403715987.184077262878418,0,0,0,0,11
1403715987.234077215194702,0,3,0,0,11
1403715987.284077405929565,0,0,0,0,11
1403715987.334078073501587,1,0,0,1,11
1403715987.384078025817871,1,0,0,0,11
1403715987.434077978134155,1,0,0,0,11
1403715987.484077930450439,0,0,0,0,11
1403715987.534078121185303,0,0,0,0,11
1403715987.584078073501587,0,0,0,0,11
1403715987.634078025817871,0,0,0,0,11
1403715987.684077978134155,0,0,0,0,11
1403715987.734077930450439,0,0,0,0,11
1403715987.784078121185303,0,0,0,0,11
1403715987.834078073501587,0,0,0,0,11
1403715987.884078025817871,0,0,0,0,11
1403715987.934077978134155,0,0,0,0,11
1403715987.984077930450439,0,0,0,0,11
1403715988.034078121185303,0,0,0,0,11
1403715988.084078073501587,0,0,0,0,11
1403715988.134078025817871,0,1,0,0,11
1403715988.184077978134155,0,0,0,0,11
1403715988.234077930450439,0,0,0,0,11
1403715988.284078121185303,0,0,0,0,11
1403715988.334078073501587,0,0,0,0,11
1403715988.384078025817871,0,0,0,0,11
1403715988.434077978134155,0,0,0,0,11
1403715988.484077930450439,0,0,0,0,11
1403715988.534078121185303,0,0,0,0,11
1403715988.584078073501587,0,0,0,0,11
1403715988.634078025817871,0,0,0,0,11
1403715988.684077978134155,0,0,0,0,11
1403715988.734077930450439,0,0,0,0,11
1403715988.784078121185303,0,0,0,0,11
1403715988.834078073501587,0,0,0,0,11
1403715988.884078025817871,0,0,0,0,11
1403715988.934077978134155,0,0,0,0,11
1403715988.984077930450439,0,0,0,0,11
1403715989.034078121185303,0,0,0,0,11
1403715989.084078073501587,0,0,0,0,11
1403715989.134078025817871,0,0,0,0,11
1403715989.184077978134155,0,0,0,0,11
1403715989.234077930450439,0,0,0,0,11
1403715989.284078121185303,0,0,0,0,11
1403715989.334078073501587,0,0,0,0,11
1403715989.384078025817871,0,0,0,0,11
1403715989.434077978134155,0,0,0,0,11
1403715989.484077930450439,0,0,0,0,11
1403715989.534078121185303,0,0,0,0,11
1403715989.584078073501587,0,0,0,0,11
1403715989.634078025817871,0,0,0,0,11
1403715989.684077978134155,0,0,0,0,11
1403715989.734077930450439,0,0,0,0,11
1403715989.784078121185303,0,0,0,0,11
1403715989.834078073501587,0,0,0,0,11
1403715989.884078025817871,0,0,0,0,11
1403715989.934077978134155,0,0,0,0,11
1403715989.984077930450439,0,0,0,0,11
1403715990.034078121185303,0,0,0,0,11
1403715990.084078073501587,0,0,0,0,11
1403715990.134078025817871,0,0,0,0,11
1403715990.184077978134155,0,0,0,0,11
1403715990.234077930450439,0,0,0,0,11
1403715990.284078121185303,0,0,0,0,11
1403715990.334078073501587,0,0,0,0,11
1403715990.384078025817871,0,0,0,0,11
1403715990.434077978134155,0,0,0,0,11
1403715990.484077930450439,0,0,0,0,11
1403715990.534078121185303,0,0,0,0,11
1403715990.584078073501587,0,0,0,0,11
1403715990.634078025817871,0,0,0,0,11
1403715990.684077978134155,0,0,0,0,11
1403715990.734077930450439,0,0,0,0,11
1403715990.784076690673828,1,0,0,1,11
1403715990.834076642990112,1,0,0,0,11
1403715990.884076595306396,1,1,0,0,11
1403715990.934076547622681,0,0,0,0,11
1403715990.984076499938965,0,0,0,0,11
1403715991.034076690673828,0,0,0,0,11
1403715991.084075689315796,0,1,0,0,11
1403715991.134075641632080,0,0,0,0,11
1403715991.184075593948364,0,0,0,0,11
1403715991.234075546264648,0,0,0,0,11
1403715991.284075736999512,0,0,0,0,11
1403715991.334075689315796,0,0,0,0,11
1403715991.384075641632080,0,0,0,0,11
1403715991.434075593948364,0,0,0,0,11
1403715991.484075546264648,0,0,0,0,11
1403715991.534075736999512,0,0,0,0,11
1403715991.584075689315796,0,0,0,0,11
1403715991.634075641632080,0,0,0,0,11
1403715991.684075593948364,0,0,0,0,11
1403715991.734075546264648,0,0,0,0,11
1403715991.784075736999512,0,0,0,0,11
1403715991.834075689315796,0,0,0,0,11
1403715991.884075641632080,0,0,0,0,11
1403715991.934075593948364,0,0,0,0,11
1403715991.984075546264648,0,0,0,0,11
1403715992.034075736999512,0,0,0,0,11
1403715992.084075689315796,0,0,0,0,11
1403715992.134075641632080,0,0,0,0,11
1403715992.184075593948364,0,0,0,0,11
1403715992.234075546264648,0,0,0,0,11
1403715992.284075736999512,0,0,0,0,11
1403715992.334075689315796,0,0,0,0,11
1403715992.384075641632080,0,0,0,0,11
1403715992.434075593948364,0,0,0,0,11
1403715992.484075546264648,0,0,0,0,11
1403715992.534075736999512,0,0,0,0,11
1403715992.584075689315796,0,0,0,0,11
1403715992.634075641632080,0,0,0,0,11
1403715992.684075593948364,0,0,0,0,11
1403715992.734075546264648,0,0,0,0,11
1403715992.784075736999512,0,0,0,0,11
1403715992.834075689315796,0,0,0,0,11
1403715992.884075641632080,0,0,0,0,11
1403715992.934075593948364,0,0,0,0,11
1403715992.984075546264648,0,0,0,0,11
1403715993.034075736999512,0,0,0,0,11
1403715993.084075689315796,0,0,0,0,11
1403715993.134075641632080,0,0,0,0,11
1403715993.184075593948364,0,0,0,0,11
1403715993.234075546264648,0,0,0,0,11
1403715993.284075736999512,0,0,0,0,11
1403715993.334075689315796,0,0,0,0,11
1403715993.384075641632080,0,0,0,0,11
1403715993.434075593948364,0,0,0,0,11
1403715993.484075546264648,0,0,0,0,11
1403715993.534075736999512,0,0,0,0,11
1403715993.584075689315796,0,0,0,0,11
1403715993.634075641632080,0,0,0,0,11
1403715993.684075593948364,0,0,0,0,11
1403715993.734075546264648,0,0,0,0,11
1403715993.784075736999512,0,0,0,0,11
1403715993.834075689315796,0,0,0,0,11
1403715993.884075641632080,0,0,0,0,11
1403715993.934075593948364,0,0,0,0,11
1403715993.984075546264648,0,0,0,0,11
