# timestamp (sec),slam_feats_in_state,msckf_feats_used,slam_feats_updated,slam_feats_delayed_init,clones
1403715893.790577411651611,0,15,0,0,5
1403715893.836808681488037,19,16,0,19,6
1403715893.886706590652466,19,0,18,0,7
1403715893.936038255691528,19,0,18,0,8
1403715893.986293554306030,18,0,18,0,9
1403715894.036217451095581,18,2,18,0,10
1403715894.086926460266113,18,0,18,0,11
1403715894.136706829071045,18,0,17,0,11
1403715894.186509132385254,23,0,16,6,11
1403715894.236231565475464,25,2,22,3,11
1403715894.286106586456299,33,0,24,8,11
1403715894.335907936096191,32,1,30,0,11
1403715894.385737419128418,36,2,29,4,11
1403715894.434873104095459,45,22,33,11,11
1403715894.484541654586792,48,0,43,5,11
1403715894.534270524978638,48,0,40,0,11
1403715894.584042549133301,50,0,29,3,11
1403715894.633929252624512,48,0,42,5,11
1403715894.683892250061035,48,0,47,1,11
1403715894.733818769454956,47,0,47,0,11
1403715894.783367156982422,49,1,47,2,11
1403715894.833080291748047,50,5,48,1,11
1403715894.883044958114624,50,3,49,0,11
1403715894.933155298233032,50,4,49,1,11
1403715894.983327150344849,46,2,45,0,11
1403715895.033385276794434,43,23,42,1,11
1403715895.083515644073486,42,0,40,0,11
1403715895.133548021316528,41,1,39,0,11
1403715895.183548450469971,39,0,37,1,11
1403715895.233553409576416,39,1,37,1,11
1403715895.283500909805298,38,1,30,1,11
1403715895.333233833312988,35,2,31,1,11
1403715895.383242130279541,35,0,31,2,11
1403715895.433611631393433,44,1,31,10,11
1403715895.483575105667114,45,0,38,3,11
1403715895.533524513244629,47,0,3,5,11
1403715895.583510160446167,45,2,2,9,11
1403715895.633514404296875,35,0,7,19,11
1403715895.683507442474365,32,0,25,2,11
1403715895.733528852462769,30,0,25,2,11
1403715895.783507108688354,29,0,25,0,11
1403715895.833665132522583,29,1,25,2,11
1403715895.883709907531738,29,1,26,1,11
1403715895.933644771575928,29,1,27,1,11
1403715895.983667612075806,29,0,28,1,11
1403715896.033707380294800,29,1,27,0,11
1403715896.083717107772827,30,0,26,1,11
1403715896.133834838867188,30,0,23,2,11
1403715896.183737277984619,34,0,22,5,11
1403715896.233801841735840,38,20,26,8,11
1403715896.283787488937378,38,0,15,3,11
1403715896.333212852478027,44,14,12,8,11
1403715896.383261442184448,41,0,14,15,11
1403715896.433218240737915,38,1,22,4,11
1403715896.483155250549316,35,2,22,3,11
1403715896.533146142959595,34,1,24,4,11
1403715896.583196401596069,33,1,21,2,11
1403715896.633245706558228,31,1,16,3,11
1403715896.683228731155396,30,1,17,4,11
1403715896.733297348022461,28,1,15,5,11
1403715896.783317804336548,27,1,18,2,11
1403715896.833250045776367,43,1,19,21,11
1403715896.883261680603027,43,1,40,2,11
1403715896.933177471160889,47,19,41,4,11
1403715896.983130931854248,48,0,44,2,11
1403715897.033097982406616,46,0,44,0,11
1403715897.083172321319580,45,0,41,2,11
1403715897.133228778839111,46,1,42,2,11
1403715897.183399200439453,46,3,42,1,11
1403715897.233593940734863,46,3,41,2,11
1403715897.283717870712280,46,4,43,2,11
1403715897.333898782730103,46,6,42,1,11
1403715897.383886575698853,45,2,44,0,11
1403715897.433846235275269,44,2,42,0,11
1403715897.483750581741333,44,7,42,0,11
1403715897.533779382705688,45,13,41,2,11
1403715897.583892822265625,46,2,42,2,11
1403715897.633991956710815,46,8,44,1,11
1403715897.683892011642456,47,1,33,2,11
1403715897.733811855316162,46,5,38,1,11
1403715897.783774137496948,43,2,37,4,11
1403715897.833743810653687,41,4,40,1,11
1403715897.883701801300049,40,6,38,0,11
1403715897.933658361434937,39,4,37,0,11
1403715897.983612775802612,46,6,32,9,11
1403715898.033597469329834,42,2,37,0,11
1403715898.083547592163086,39,4,31,1,11
1403715898.133513689041138,40,10,28,6,11
1403715898.183500766754150,33,4,30,1,11
1403715898.233514547348022,41,1,27,13,11
1403715898.283580541610718,40,8,37,0,11
1403715898.333602905273438,39,5,36,0,11
1403715898.383663654327393,39,3,36,2,11
1403715898.433717012405396,36,8,30,1,11
1403715898.483752012252808,35,6,32,0,11
1403715898.533717870712280,34,8,28,4,11
1403715898.583724021911621,32,4,29,1,11
1403715898.633749723434448,33,4,29,1,11
1403715898.683880567550659,33,2,27,2,11
1403715898.733952522277832,35,4,22,3,11
1403715898.783975839614868,16,1,7,0,11
1403715898.834007501602173,13,2,4,2,11
1403715898.884042024612427,10,5,5,2,11
1403715898.934091567993164,13,6,7,5,11
1403715898.984107494354248,12,5,5,1,11
1403715899.034287691116333,26,0,3,15,11
1403715899.084231138229370,24,5,13,4,11
1403715899.134195327758789,26,5,19,5,11
1403715899.184176921844482,26,7,22,4,11
1403715899.234136104583740,26,4,21,3,11
1403715899.284126520156860,26,3,20,3,11
1403715899.334117889404297,20,3,19,1,11
1403715899.384095430374146,27,8,19,7,11
1403715899.434076547622681,33,6,24,7,11
1403715899.484018087387085,34,4,27,7,11
1403715899.533971786499023,32,2,28,0,11
1403715899.583976745605469,30,3,28,0,11
1403715899.633947849273682,38,1,28,10,11
1403715899.683932542800903,49,4,38,11,11
1403715899.733955144882202,50,5,21,1,11
1403715899.783961534500122,50,2,21,0,11
1403715899.833935499191284,38,11,19,17,11
1403715899.884043455123901,45,6,36,9,11
1403715899.934029340744019,44,2,43,1,11
1403715899.983995914459229,44,3,44,0,11
1403715900.033981800079346,45,3,43,2,11
1403715900.083988666534424,45,3,45,0,11
1403715900.134036779403687,47,6,45,2,11
1403715900.184078931808472,44,5,42,0,11
1403715900.234105587005615,46,1,42,2,11
1403715900.284147739410400,45,4,42,0,11
1403715900.334171056747437,43,1,41,2,11
1403715900.384186506271362,47,1,41,5,11
1403715900.434226274490356,48,4,43,3,11
1403715900.484264373779297,40,8,38,2,11
1403715900.534276247024536,41,1,33,8,11
1403715900.584270238876343,37,4,36,0,11
1403715900.634262323379517,33,4,30,0,11
1403715900.684267997741699,39,3,22,11,11
1403715900.734254360198975,31,6,28,0,11
1403715900.784244775772095,30,0,21,0,11
1403715900.834266185760498,27,3,14,3,11
1403715900.884240150451660,27,4,15,6,11
1403715900.934213399887085,24,0,19,4,11
1403715900.984214782714844,24,2,21,1,11
1403715901.034225940704346,22,4,19,1,11
1403715901.084223747253418,23,1,19,3,11
1403715901.134228706359863,22,1,21,0,11
1403715901.184229612350464,21,2,18,1,11
1403715901.234237194061279,21,1,16,2,11
1403715901.284239768981934,20,3,17,1,11
1403715901.334234714508057,17,1,16,1,11
1403715901.384228706359863,21,1,16,5,11
1403715901.434215068817139,24,1,21,3,11
1403715901.484209775924683,23,2,22,0,11
1403715901.534198999404907,25,3,22,2,11
1403715901.584188938140869,24,0,24,0,11
1403715901.634168148040771,28,1,23,4,11
1403715901.684158086776733,28,4,27,0,11
1403715901.734144210815430,28,0,27,1,11
1403715901.784112453460693,31,0,28,3,11
1403715901.834111213684082,34,1,20,3,11
1403715901.884096860885620,33,3,10,0,11
1403715901.934084415435791,32,2,6,10,11
1403715901.984063863754272,30,1,14,12,11
1403715902.034030675888062,29,3,25,3,11
1403715902.084009408950806,31,0,27,2,11
1403715902.134005308151245,31,0,29,1,11
1403715902.183981895446777,34,0,26,4,11
1403715902.233981370925903,34,1,28,1,11
1403715902.284020900726318,33,2,29,3,11
1403715902.334023714065552,35,4,29,4,11
1403715902.384056329727173,35,1,31,0,11
1403715902.434062719345093,36,2,31,4,11
1403715902.484094142913818,35,3,31,2,11
1403715902.534117698669434,40,2,34,5,11
1403715902.584118127822876,44,0,39,5,11
1403715902.634079217910767,49,3,43,5,11
1403715902.684075117111206,50,5,47,1,11
1403715902.734056472778320,49,3,47,0,11
1403715902.784070730209351,49,1,46,2,11
1403715902.834089756011963,49,8,47,0,11
1403715902.884058713912964,47,4,43,1,11
1403715902.934025764465332,47,6,43,2,11
1403715902.984020948410034,47,2,44,3,11
1403715903.034030437469482,46,3,46,0,11
1403715903.084037303924561,44,3,43,0,11
1403715903.134036540985107,39,0,36,1,11
1403715903.184040546417236,38,3,35,0,11
1403715903.234039068222046,36,4,32,0,11
1403715903.284034013748169,40,1,32,6,11
1403715903.334033250808716,39,3,35,2,11
1403715903.384033679962158,43,2,36,5,11
1403715903.434031009674072,46,6,39,7,11
1403715903.484048128128052,41,4,38,0,11
1403715903.534032106399536,45,7,34,8,11
1403715903.584006547927856,39,3,36,2,11
1403715903.633988380432129,37,3,32,0,11
1403715903.683942794799805,44,5,32,8,11
1403715903.733912467956543,35,6,33,0,11
1403715903.783913850784302,30,4,26,0,11
1403715903.833909511566162,27,7,18,6,11
1403715903.883929014205933,31,5,20,8,11
1403715903.933914422988892,25,5,22,0,11
1403715903.983889579772949,18,3,12,1,11
1403715904.033850908279419,21,1,11,4,11
1403715904.083814382553101,19,5,13,2,11
1403715904.133791446685791,18,2,15,1,11
1403715904.183762788772583,16,4,14,1,11
1403715904.233716964721680,23,3,15,7,11
1403715904.283689260482788,22,6,21,0,11
1403715904.333662033081055,22,6,22,0,11
1403715904.383613824844360,28,4,21,6,11
1403715904.433601856231689,27,2,25,1,11
1403715904.483569383621216,30,2,25,3,11
1403715904.533553361892700,34,0,25,5,11
1403715904.583552837371826,32,8,24,3,11
1403715904.633554935455322,30,0,26,2,11
1403715904.683560848236084,24,0,22,0,11
1403715904.733560562133789,27,3,18,7,11
1403715904.783569335937500,25,3,20,3,11
1403715904.833594799041748,28,0,21,3,11
1403715904.883615732192993,27,3,21,2,11
1403715904.933617353439331,27,1,17,5,11
1403715904.983610868453979,25,2,19,2,11
1403715905.033595323562622,24,6,14,6,11
1403715905.083581686019897,23,0,13,3,11
1403715905.133558511734009,21,2,13,1,11
1403715905.183533906936646,20,7,14,3,11
1403715905.233522176742554,19,0,15,2,11
1403715905.283540487289429,19,1,13,1,11
1403715905.333531141281128,21,0,14,4,11
1403715905.383520603179932,24,3,15,8,11
1403715905.433515310287476,25,0,22,1,11
1403715905.483508586883545,26,2,22,4,11
1403715905.533508777618408,26,2,22,3,11
1403715905.583552360534668,32,4,25,6,11
1403715905.633617401123047,36,11,29,5,11
1403715905.683659076690674,35,5,31,0,11
1403715905.733715295791626,35,2,29,2,11
1403715905.783760547637939,39,3,29,7,11
1403715905.833789587020874,45,2,35,7,11
1403715905.883775949478149,39,1,36,2,11
1403715905.933772325515747,37,0,34,1,11
1403715905.983774662017822,36,2,33,0,11
1403715906.033772706985474,36,3,30,3,11
1403715906.083763837814331,30,7,26,0,11
1403715906.133752346038818,27,1,23,0,11
1403715906.183735609054565,24,3,22,1,11
1403715906.233705759048462,31,1,19,11,11
1403715906.283684492111206,28,3,21,1,11
1403715906.333687543869019,28,3,21,1,11
1403715906.383659601211548,30,1,18,8,11
1403715906.433658838272095,28,1,25,1,11
1403715906.483642101287842,29,1,24,4,11
1403715906.533643722534180,27,0,23,0,11
1403715906.583634376525879,27,1,17,2,11
1403715906.633626222610474,25,1,17,2,11
1403715906.683623075485229,27,3,19,6,11
1403715906.733628988265991,25,5,25,0,11
1403715906.783630609512329,25,2,19,2,11
1403715906.833652257919312,24,4,17,4,11
1403715906.883649110794067,19,4,6,1,11
1403715906.933648586273193,17,5,3,0,11
1403715906.983665227890015,7,1,3,2,11
1403715907.033689498901367,8,3,1,5,11
1403715907.083688259124756,8,1,5,0,11
1403715907.133689880371094,5,2,3,0,11
1403715907.183689355850220,5,0,3,1,11
1403715907.233707189559937,12,2,3,8,11
1403715907.283704042434692,15,0,11,4,11
1403715907.333701610565186,17,0,15,2,11
1403715907.383706331253052,19,3,16,3,11
1403715907.433709144592285,20,3,19,1,11
1403715907.483712196350098,19,1,18,0,11
1403715907.533711433410645,19,1,15,4,11
1403715907.583715200424194,17,2,14,2,11
1403715907.633720397949219,21,1,16,4,11
1403715907.683726072311401,20,0,19,1,11
1403715907.733749866485596,27,2,16,9,11
1403715907.783761978149414,24,0,20,0,11
1403715907.833751201629639,27,5,14,12,11
1403715907.883752107620239,29,1,25,2,11
1403715907.933737516403198,26,2,23,1,11
1403715907.983728647232056,30,1,22,5,11
1403715908.033717155456543,30,3,24,1,11
1403715908.083707571029663,42,1,27,14,11
1403715908.133710622787476,39,1,34,0,11
1403715908.183722496032715,46,1,29,9,11
1403715908.233724832534790,38,1,34,0,11
1403715908.283738374710083,45,4,29,11,11
1403715908.333746194839478,36,0,33,0,11
1403715908.383734941482544,34,0,30,1,11
1403715908.433741807937622,33,0,11,1,11
1403715908.483741044998169,29,2,11,4,11
1403715908.533732891082764,29,0,15,14,11
1403715908.583721876144409,29,0,27,0,11
1403715908.633693933486938,33,1,25,7,11
1403715908.683672189712524,30,1,29,1,11
1403715908.733667850494385,27,1,26,0,11
1403715908.783652782440186,33,3,21,10,11
1403715908.833658933639526,31,0,30,0,11
1403715908.883657455444336,29,0,27,0,11
1403715908.933659315109253,35,1,25,8,11
1403715908.983675241470337,48,4,32,15,11
1403715909.033686637878418,47,3,46,0,11
1403715909.083690404891968,43,1,40,1,11
1403715909.133704423904419,41,1,38,0,11
1403715909.183696985244751,34,1,32,1,11
1403715909.233696937561035,48,1,31,16,11
1403715909.283695459365845,47,0,46,0,11
1403715909.333698511123657,47,0,43,0,11
1403715909.383697748184204,48,14,40,3,11
1403715909.433711290359497,46,2,39,1,11
1403715909.483716726303101,40,1,34,2,11
1403715909.533718347549438,38,1,34,1,11
1403715909.583711385726929,38,1,34,1,11
1403715909.633699417114258,36,0,31,0,11
1403715909.683723688125610,46,11,25,12,11
1403715909.733700752258301,41,0,30,2,11
1403715909.783692121505737,38,1,23,2,11
1403715909.833698987960815,33,1,19,3,11
1403715909.883697271347046,27,2,18,4,11
1403715909.933704853057861,25,4,18,1,11
1403715909.983710289001465,29,4,16,9,11
1403715910.033713102340698,24,2,20,0,11
1403715910.083721399307251,24,5,15,4,11
1403715910.133723735809326,16,6,12,1,11
1403715910.183724403381348,11,3,11,0,11
1403715910.233728408813477,9,4,8,0,11
1403715910.283730745315552,7,8,5,2,11
1403715910.333729505538940,0,9,0,0,11
1403715910.383728981018066,0,5,0,0,11
1403715910.433733463287354,5,2,0,5,11
1403715910.483737230300903,5,1,4,0,11
1403715910.533740997314453,9,4,3,4,11
1403715910.583736419677734,16,1,6,8,11
1403715910.633717060089111,20,4,11,5,11
1403715910.683706045150757,19,7,15,1,11
1403715910.733680009841919,25,0,14,8,11
1403715910.783655405044556,36,1,17,13,11
1403715910.833658933639526,36,7,24,0,11
1403715910.883650779724121,43,2,24,14,11
1403715910.933652639389038,40,5,33,6,11
1403715910.983654737472534,37,6,35,0,11
1403715911.033657073974609,39,0,35,3,11
1403715911.083656072616577,38,3,38,0,11
1403715911.133653402328491,38,2,38,0,11
1403715911.183645009994507,40,7,37,3,11
1403715911.233656883239746,37,2,33,0,11
1403715911.283659934997559,34,3,29,0,11
1403715911.333677768707275,30,6,9,0,11
1403715911.383678674697876,30,1,1,2,11
1403715911.433680295944214,12,0,2,7,11
1403715911.483682155609131,12,3,8,2,11
1403715911.533682823181152,11,0,10,0,11
1403715911.583685636520386,8,2,4,0,11
1403715911.633685588836670,5,3,2,0,11
1403715911.683684587478638,2,3,1,1,11
1403715911.733683824539185,2,0,1,0,11
1403715911.783684492111206,2,4,0,1,11
1403715911.833681583404541,2,2,1,1,11
1403715911.883681058883667,2,1,1,0,11
1403715911.933681011199951,2,2,1,0,11
1403715911.983680486679077,1,2,1,0,11
1403715912.033669471740723,6,4,0,6,11
1403715912.083659172058105,9,4,6,3,11
1403715912.133658885955811,7,3,6,0,11
1403715912.183653593063354,11,3,6,4,11
1403715912.233624935150146,25,5,9,15,11
1403715912.283621788024902,28,4,24,3,11
1403715912.333617925643921,32,1,23,5,11
1403715912.383614540100098,33,3,27,4,11
1403715912.433616638183594,40,2,28,11,11
1403715912.483622550964355,36,2,33,0,11
1403715912.533637523651123,44,4,30,10,11
1403715912.583643674850464,43,1,36,3,11
1403715912.633655548095703,45,2,36,6,11
1403715912.683664321899414,47,8,35,3,11
1403715912.733672618865967,43,3,32,3,11
1403715912.783672094345093,38,3,29,0,11
1403715912.833679199218750,38,10,20,9,11
1403715912.883681297302246,33,1,22,1,11
1403715912.933681249618530,23,3,14,0,11
1403715912.983679056167603,17,1,10,0,11
1403715913.033673524856567,13,2,8,4,11
1403715913.083666086196899,13,2,10,1,11
1403715913.133661031723022,13,4,4,0,11
1403715913.183656454086304,16,2,2,5,11
1403715913.233659505844116,9,3,3,1,11
1403715913.283659696578979,7,2,2,1,11
1403715913.333658933639526,6,2,2,1,11
1403715913.383649349212646,8,6,2,4,11
1403715913.433641195297241,8,6,6,1,11
1403715913.483634233474731,9,2,7,2,11
1403715913.533629179000854,10,1,7,1,11
1403715913.583615779876709,13,1,5,5,11
1403715913.633613109588623,16,0,11,3,11
1403715913.683608055114746,19,1,11,5,11
1403715913.733613252639771,19,2,15,1,11
1403715913.783639430999756,31,2,16,14,11
1403715913.833668231964111,44,2,27,15,11
1403715913.883673667907715,49,0,41,5,11
1403715913.933687686920166,48,1,44,1,11
1403715913.983695268630981,46,11,43,2,11
1403715914.033709049224854,43,2,40,0,11
1403715914.083738565444946,44,4,37,4,11
1403715914.133781194686890,44,2,34,3,11
1403715914.183792352676392,47,0,36,5,11
1403715914.233788490295410,40,2,38,0,11
1403715914.283778190612793,41,4,34,3,11
1403715914.333773612976074,41,3,33,3,11
1403715914.383768081665039,39,2,38,1,11
1403715914.433763027191162,43,4,39,4,11
1403715914.483762502670288,44,1,39,3,11
1403715914.533763885498047,46,0,42,3,11
1403715914.583757162094116,48,8,41,4,11
1403715914.633746385574341,47,1,39,1,11
1403715914.683737516403198,46,2,40,0,11
1403715914.733725309371948,47,2,30,7,11
1403715914.783707141876221,48,3,21,3,11
1403715914.833706855773926,42,3,12,3,11
1403715914.883706092834473,34,1,8,8,11
1403715914.933699369430542,28,1,15,6,11
1403715914.983690738677979,26,0,19,3,11
1403715915.033691406250000,26,1,21,3,11
1403715915.083697080612183,26,1,22,1,11
1403715915.133687019348145,27,5,13,2,11
1403715915.183671236038208,27,0,12,2,11
1403715915.233651399612427,26,1,12,10,11
1403715915.283638000488281,25,0,22,2,11
1403715915.333638191223145,24,3,23,0,11
1403715915.383635282516479,25,4,23,1,11
1403715915.433625459671021,36,4,24,12,11
1403715915.483612060546875,46,8,34,12,11
1403715915.533612012863159,48,6,45,2,11
1403715915.583604097366333,50,0,46,2,11
1403715915.633588552474976,47,0,45,0,11
1403715915.683558464050293,46,5,45,0,11
1403715915.733541011810303,45,9,42,3,11
1403715915.783529520034790,48,4,43,5,11
1403715915.833526372909546,48,5,48,0,11
1403715915.883525133132935,47,5,47,0,11
1403715915.933521032333374,47,2,47,0,11
1403715915.983501911163330,48,2,45,1,11
1403715916.033498525619507,48,5,48,0,11
1403715916.083523273468018,49,7,48,1,11
1403715916.133559942245483,49,4,45,1,11
1403715916.183584690093994,48,6,45,0,11
1403715916.233605384826660,45,2,42,2,11
1403715916.283626794815063,45,2,44,0,11
1403715916.333634853363037,49,4,43,5,11
1403715916.383635759353638,50,4,47,1,11
1403715916.433624744415283,47,1,43,2,11
1403715916.483618021011353,41,4,37,0,11
1403715916.533608913421631,46,4,37,8,11
1403715916.583604335784912,44,4,42,0,11
1403715916.633598327636719,41,1,34,1,11
1403715916.683607816696167,41,1,23,3,11
1403715916.733619689941406,39,1,28,4,11
1403715916.783630371093750,37,0,28,6,11
1403715916.833635330200195,33,1,29,0,11
1403715916.883639812469482,33,4,27,1,11
1403715916.933624744415283,36,3,20,7,11
1403715916.983624219894409,33,0,13,1,11
1403715917.033623456954956,33,2,6,10,11
1403715917.083620548248291,31,4,9,10,11
1403715917.133614063262939,23,6,14,5,11
1403715917.183608055114746,18,4,16,1,11
1403715917.233606815338135,17,0,16,0,11
1403715917.283607959747314,17,0,15,0,11
1403715917.333619356155396,14,1,12,0,11
1403715917.383621215820312,14,1,8,1,11
1403715917.433642387390137,17,0,7,5,11
1403715917.483663558959961,17,1,10,3,11
1403715917.533673763275146,22,0,4,7,11
1403715917.583676338195801,22,0,7,2,11
1403715917.633671760559082,23,0,3,10,11
1403715917.683671712875366,22,1,8,3,11
1403715917.733667612075806,19,0,7,3,11
1403715917.783660888671875,17,0,6,3,11
1403715917.833660840988159,17,0,3,4,11
1403715917.883659601211548,17,0,4,4,11
1403715917.933660984039307,16,0,5,5,11
1403715917.983662366867065,16,1,5,3,11
1403715918.033661603927612,16,0,7,3,11
1403715918.083662033081055,16,0,3,5,11
1403715918.133660078048706,16,0,8,1,11
1403715918.183653354644775,16,1,6,7,11
1403715918.233652830123901,16,0,9,0,11
1403715918.283653020858765,16,0,6,3,11
1403715918.333658695220947,16,1,6,4,11
1403715918.383663177490234,16,2,8,3,11
1403715918.433663606643677,16,2,9,3,11
1403715918.483663797378540,16,2,8,2,11
1403715918.533658504486084,15,4,7,2,11
1403715918.583650112152100,16,4,8,5,11
1403715918.633643627166748,15,3,13,1,11
1403715918.683642864227295,15,1,12,1,11
1403715918.733637332916260,16,3,10,2,11
1403715918.783638477325439,17,1,8,5,11
1403715918.833643436431885,17,9,11,1,11
1403715918.883646965026855,18,3,8,4,11
1403715918.933641433715820,20,3,8,4,11
1403715918.983644723892212,19,1,6,3,11
1403715919.033645153045654,20,3,2,5,11
1403715919.083649873733521,17,2,3,3,11
1403715919.133659124374390,17,1,3,7,11
1403715919.183667659759521,14,0,7,1,11
1403715919.233669996261597,12,1,2,1,11
1403715919.283671379089355,11,0,1,2,11
1403715919.333671092987061,11,0,2,6,11
1403715919.383671522140503,11,0,8,2,11
1403715919.433670282363892,11,1,10,1,11
1403715919.483666658401489,11,0,7,0,11
1403715919.533663749694824,11,0,7,0,11
1403715919.583663702011108,11,0,0,4,11
1403715919.633662223815918,11,0,4,0,11
1403715919.683661937713623,11,0,1,7,11
1403715919.733661890029907,11,0,8,0,11
1403715919.783660411834717,11,0,8,3,11
1403715919.833638668060303,16,0,10,5,11
1403715919.883638381958008,17,1,15,1,11
1403715919.933630943298340,25,0,15,9,11
1403715919.983632802963257,26,0,24,1,11
1403715920.033628225326538,26,1,23,1,11
1403715920.083628892898560,29,1,22,3,11
1403715920.133640289306641,35,1,7,9,11
1403715920.183650732040405,40,0,8,7,11
1403715920.233655452728271,31,0,4,9,11
1403715920.283666849136353,26,0,11,3,11
1403715920.333688020706177,18,2,12,2,11
1403715920.383694887161255,17,0,8,1,11
1403715920.433694839477539,15,0,0,0,11
1403715920.483694791793823,12,0,0,3,11
1403715920.533695936203003,10,5,3,7,11
1403715920.583694934844971,10,0,8,0,11
1403715920.633691072463989,10,1,7,0,11
1403715920.683691024780273,10,0,0,2,11
1403715920.733690977096558,10,0,0,1,11
1403715920.783691167831421,10,0,1,7,11
1403715920.833690166473389,10,0,8,2,11
1403715920.883682489395142,10,0,10,0,11
1403715920.933676958084106,10,0,7,0,11
1403715920.983666658401489,10,1,7,0,11
1403715921.033666849136353,10,3,7,3,11
1403715921.083667278289795,10,4,7,0,11
1403715921.133668661117554,11,2,10,1,11
1403715921.183671474456787,11,4,11,0,11
1403715921.233671903610229,11,4,11,0,11
1403715921.283670425415039,13,3,11,2,11
1403715921.333672523498535,13,0,13,0,11
1403715921.383670806884766,18,5,12,5,11
1403715921.433671712875366,18,1,15,1,11
1403715921.483675479888916,26,6,15,10,11
1403715921.533677339553833,33,2,23,8,11
1403715921.583675384521484,39,1,31,6,11
1403715921.633674860000610,44,1,34,8,11
1403715921.683657884597778,47,12,37,4,11
1403715921.733662128448486,44,3,32,4,11
1403715921.783672571182251,39,4,33,2,11
1403715921.833676338195801,37,1,19,4,11
1403715921.883679628372192,34,4,15,3,11
1403715921.933681488037109,31,4,15,9,11
1403715921.983683347702026,27,2,22,1,11
1403715922.033686399459839,25,2,21,1,11
1403715922.083682775497437,25,3,19,2,11
1403715922.133682250976562,23,2,15,1,11
1403715922.183680295944214,20,7,15,1,11
1403715922.233681678771973,18,3,14,4,11
1403715922.283687114715576,19,7,16,2,11
1403715922.333687305450439,25,5,16,8,11
1403715922.383688449859619,21,4,17,0,11
1403715922.433687686920166,20,2,14,3,11
1403715922.483688116073608,17,3,16,1,11
1403715922.533686876296997,21,9,16,5,11
1403715922.583690404891968,18,2,14,2,11
1403715922.633691310882568,19,2,15,1,11
1403715922.683684825897217,19,2,12,2,11
1403715922.733679771423340,18,4,14,1,11
1403715922.783674240112305,17,2,14,2,11
1403715922.833670616149902,19,2,16,3,11
1403715922.883666753768921,22,4,16,3,11
1403715922.933666706085205,21,0,19,0,11
1403715922.983668565750122,21,2,18,1,11
1403715923.033671379089355,21,1,19,2,11
1403715923.083672761917114,21,0,18,1,11
1403715923.133673667907715,28,0,19,7,11
1403715923.183679342269897,29,0,25,3,11
1403715923.233680009841919,31,3,26,4,11
1403715923.283680200576782,36,2,30,6,11
1403715923.333678722381592,35,1,31,0,11
1403715923.383680105209351,40,3,24,6,11
1403715923.433681249618530,33,3,20,0,11
1403715923.483683347702026,30,1,18,5,11
1403715923.533686399459839,27,5,21,2,11
1403715923.583688735961914,27,1,21,3,11
1403715923.633688926696777,25,0,18,1,11
1403715923.683690786361694,25,1,18,1,11
1403715923.733694791793823,24,0,12,4,11
1403715923.783698081970215,24,0,14,1,11
1403715923.833697557449341,20,0,8,3,11
1403715923.883693695068359,19,1,8,0,11
1403715923.933693647384644,13,2,4,3,11
1403715923.983693122863770,13,0,4,2,11
1403715924.033693075180054,12,1,5,4,11
1403715924.083691596984863,13,0,7,4,11
1403715924.133695125579834,13,0,10,0,11
1403715924.183695554733276,13,2,9,2,11
1403715924.233695507049561,12,2,8,0,11
1403715924.283697128295898,11,4,7,0,11
1403715924.333696365356445,11,7,6,3,11
1403715924.383697986602783,11,4,8,1,11
1403715924.433700561523438,16,1,8,6,11
1403715924.483702898025513,15,5,10,1,11
1403715924.533704280853271,16,2,8,3,11
1403715924.583704948425293,13,1,7,1,11
1403715924.633704185485840,12,5,7,3,11
1403715924.683703422546387,13,1,8,1,11
1403715924.733702898025513,12,2,3,1,11
1403715924.783702850341797,11,4,2,1,11
1403715924.833700180053711,6,5,1,3,11
1403715924.883700132369995,4,2,4,0,11
1403715924.933705091476440,4,5,4,0,11
1403715924.983706712722778,4,4,4,0,11
1403715925.033708572387695,4,1,4,0,11
1403715925.083712577819824,5,5,4,1,11
1403715925.133715867996216,8,6,4,3,11
1403715925.183713912963867,8,6,3,1,11
1403715925.233712196350098,8,1,3,1,11
1403715925.283705472946167,7,5,4,2,11
1403715925.333699464797974,5,3,3,0,11
1403715925.383696794509888,5,1,3,0,11
1403715925.433681726455688,6,9,2,3,11
1403715925.483668565750122,8,5,4,3,11
1403715925.533656597137451,14,5,4,7,11
1403715925.583651304244995,22,10,10,10,11
1403715925.633651256561279,26,4,18,6,11
1403715925.683654785156250,25,4,20,1,11
1403715925.733657836914062,28,6,15,5,11
1403715925.783656358718872,27,2,20,3,11
1403715925.833654165267944,28,5,24,3,11
1403715925.883654594421387,26,4,24,1,11
1403715925.933655500411987,27,4,22,4,11
1403715925.983657121658325,26,11,18,5,11
1403715926.033648729324341,25,2,17,1,11
1403715926.083638668060303,27,7,17,7,11
1403715926.133629322052002,28,7,21,4,11
1403715926.183627843856812,33,8,23,6,11
1403715926.233630657196045,30,7,25,3,11
1403715926.283630132675171,27,7,23,0,11
1403715926.333624839782715,27,5,17,3,11
1403715926.383616447448730,21,4,16,1,11
1403715926.433615207672119,18,0,9,2,11
1403715926.483613729476929,18,6,4,2,11
1403715926.533597707748413,18,2,4,7,11
1403715926.583591461181641,12,2,6,0,11
1403715926.633580684661865,13,6,6,2,11
1403715926.683571577072144,10,4,8,2,11
1403715926.733563899993896,13,0,10,3,11
1403715926.783560752868652,14,9,11,1,11
1403715926.833554744720459,17,3,13,3,11
1403715926.883557081222534,16,9,15,0,11
1403715926.933552980422974,19,5,13,3,11
1403715926.983554124832153,19,4,16,1,11
1403715927.033537864685059,23,2,15,7,11
1403715927.083527326583862,24,7,21,1,11
1403715927.133509874343872,30,3,16,6,11
1403715927.183484554290771,35,2,22,9,11
1403715927.233455657958984,36,7,25,7,11
1403715927.283443689346313,39,4,32,6,11
1403715927.333434820175171,37,0,35,1,11
1403715927.383412122726440,44,8,30,12,11
1403715927.433411359786987,46,0,41,3,11
1403715927.483406305313110,49,6,41,5,11
1403715927.533400774002075,46,3,43,0,11
1403715927.583376646041870,48,11,40,6,11
1403715927.633368015289307,47,2,45,0,11
1403715927.683356761932373,43,1,42,0,11
1403715927.733351230621338,42,3,40,0,11
1403715927.783349990844727,41,2,38,1,11
1403715927.833366155624390,39,0,35,0,11
1403715927.883370161056519,44,0,34,6,11
1403715927.933373928070068,41,0,38,1,11
1403715927.983370304107666,41,2,35,2,11
1403715928.033371448516846,39,0,32,0,11
1403715928.083382606506348,45,3,31,10,11
1403715928.133386135101318,39,2,19,1,11
1403715928.183394670486450,45,1,15,9,11
1403715928.233412027359009,36,2,14,8,11
1403715928.283457994461060,40,3,17,9,11
1403715928.333467006683350,30,3,12,4,11
1403715928.383470296859741,22,3,14,0,11
1403715928.433471679687500,16,3,13,3,11
1403715928.483462572097778,16,1,13,1,11
1403715928.533456802368164,14,3,11,0,11
1403715928.583453416824341,11,6,6,1,11
1403715928.633450746536255,10,4,6,0,11
1403715928.683449983596802,3,2,2,0,11
1403715928.733449459075928,2,4,1,0,11
1403715928.783441066741943,2,7,1,0,11
1403715928.833438158035278,2,2,1,1,11
1403715928.883438825607300,2,1,2,0,11
1403715928.933452367782593,2,3,1,1,11
1403715928.983448505401611,3,1,0,2,11
1403715929.033448696136475,2,0,0,0,11
1403715929.083448648452759,1,0,0,0,11
1403715929.133448600769043,0,0,0,0,11
1403715929.183448553085327,0,0,0,0,11
1403715929.233448505401611,0,0,0,0,11
1403715929.283448696136475,0,0,0,0,11
1403715929.333448648452759,0,0,0,0,11
1403715929.383448600769043,0,0,0,0,11
1403715929.433448553085327,0,0,0,0,11
1403715929.483451366424561,0,3,0,0,11
1403715929.533451557159424,0,0,0,0,11
1403715929.583451509475708,0,1,0,0,11
1403715929.633451461791992,0,0,0,0,11
1403715929.683451414108276,0,0,0,0,11
1403715929.733451366424561,0,0,0,0,11
1403715929.783450603485107,0,1,0,0,11
1403715929.833450555801392,0,0,0,0,11
1403715929.883450508117676,0,0,0,0,11
1403715929.933450460433960,0,0,0,0,11
1403715929.983450412750244,0,0,0,0,11
1403715930.033450603485107,0,2,0,0,11
1403715930.083450555801392,0,0,0,0,11
1403715930.133450269699097,0,3,0,0,11
1403715930.183450698852539,0,2,0,0,11
1403715930.233450651168823,0,0,0,0,11
1403715930.283450841903687,0,0,0,0,11
1403715930.333450794219971,0,0,0,0,11
1403715930.383450746536255,0,0,0,0,11
1403715930.433450698852539,0,0,0,0,11
1403715930.483450651168823,0,0,0,0,11
1403715930.533450841903687,0,0,0,0,11
1403715930.583450794219971,0,0,0,0,11
1403715930.633450746536255,0,0,0,0,11
1403715930.683450698852539,0,0,0,0,11
1403715930.733450651168823,0,0,0,0,11
1403715930.783450841903687,0,0,0,0,11
1403715930.833450794219971,0,0,0,0,11
1403715930.883450746536255,0,0,0,0,11
1403715930.933450698852539,0,0,0,0,11
1403715930.983450651168823,0,0,0,0,11
1403715931.033450841903687,0,0,0,0,11
1403715931.083450794219971,0,0,0,0,11
1403715931.133450746536255,0,0,0,0,11
1403715931.183450698852539,0,0,0,0,11
1403715931.233450651168823,0,0,0,0,11
1403715931.283450841903687,0,0,0,0,11
1403715931.333450794219971,0,0,0,0,11
1403715931.383450746536255,0,0,0,0,11
1403715931.433450698852539,0,0,0,0,11
1403715931.483451128005981,0,1,0,0,11
1403715931.533451318740845,0,0,0,0,11
1403715931.583451271057129,0,0,0,0,11
1403715931.633451223373413,0,0,0,0,11
1403715931.683451175689697,0,2,0,0,11
1403715931.733452320098877,0,1,0,0,11
1403715931.783454656600952,0,3,0,0,11
1403715931.833455801010132,0,1,0,0,11
1403715931.883459329605103,1,1,0,1,11
1403715931.933459281921387,0,0,0,0,11
1403715931.983460426330566,0,1,0,0,11
1403715932.033460617065430,0,1,0,0,11
1403715932.083460569381714,0,0,0,0,11
1403715932.133460521697998,0,0,0,0,11
1403715932.183460474014282,0,1,0,0,11
1403715932.233460426330566,0,0,0,0,11
1403715932.283460617065430,0,0,0,0,11
1403715932.333460569381714,0,2,0,0,11
1403715932.383460521697998,0,0,0,0,11
1403715932.433460474014282,0,1,0,0,11
1403715932.483460426330566,0,0,0,0,11
1403715932.533460617065430,0,0,0,0,11
1403715932.583460569381714,0,0,0,0,11
1403715932.633460521697998,0,0,0,0,11
1403715932.683460474014282,0,0,0,0,11
1403715932.733460426330566,0,0,0,0,11
1403715932.783460617065430,0,1,0,0,11
1403715932.833460569381714,0,0,0,0,11
1403715932.883460521697998,0,0,0,0,11
1403715932.933458328247070,0,1,0,0,11
1403715932.983458280563354,0,0,0,0,11
1403715933.033458471298218,0,0,0,0,11
1403715933.083458423614502,0,0,0,0,11
1403715933.133458375930786,0,1,0,0,11
1403715933.183458328247070,0,0,0,0,11
1403715933.233458280563354,0,0,0,0,11
1403715933.283458471298218,0,0,0,0,11
1403715933.333458423614502,0,0,0,0,11
1403715933.383458375930786,0,0,0,0,11
1403715933.433458328247070,0,0,0,0,11
1403715933.483458280563354,0,0,0,0,11
1403715933.533458709716797,0,1,0,0,11
1403715933.583458423614502,0,1,0,0,11
1403715933.633460044860840,2,0,0,2,11
1403715933.683464765548706,3,1,0,1,11
1403715933.733464717864990,3,0,0,0,11
1403715933.783464908599854,1,0,0,0,11
1403715933.833464860916138,0,0,0,0,11
1403715933.883464813232422,0,0,0,0,11
1403715933.933464765548706,0,2,0,0,11
1403715933.983464717864990,0,0,0,0,11
1403715934.033464908599854,0,0,0,0,11
1403715934.083464860916138,0,1,0,0,11
1403715934.133464813232422,0,2,0,0,11
1403715934.183464765548706,0,1,0,0,11
1403715934.233464717864990,0,1,0,0,11
1403715934.283464908599854,0,0,0,0,11
1403715934.333464860916138,0,0,0,0,11
1403715934.383464813232422,0,3,0,0,11
1403715934.433464765548706,0,0,0,0,11
1403715934.483464717864990,0,0,0,0,11
1403715934.533464908599854,0,0,0,0,11
1403715934.583464860916138,0,0,0,0,11
1403715934.633464813232422,0,0,0,0,11
1403715934.683464765548706,0,0,0,0,11
1403715934.733464479446411,0,1,0,0,11
1403715934.783464670181274,0,0,0,0,11
1403715934.833464622497559,0,0,0,0,11
1403715934.883464336395264,0,1,0,0,11
1403715934.933462381362915,0,1,0,0,11
1403715934.983465433120728,0,5,0,0,11
1403715935.033468723297119,2,0,0,2,11
1403715935.083468675613403,0,0,0,0,11
1403715935.133468151092529,0,2,0,0,11
1403715935.183468103408813,0,0,0,0,11
1403715935.233468055725098,0,2,0,0,11
1403715935.283468008041382,0,2,0,0,11
1403715935.333467960357666,0,0,0,0,11
1403715935.383467197418213,0,2,0,0,11
1403715935.433465242385864,0,2,0,0,11
1403715935.483465909957886,0,4,0,0,11
1403715935.533466100692749,0,0,0,0,11
1403715935.583466768264771,0,1,0,0,11
1403715935.633466720581055,0,0,0,0,11
1403715935.683466672897339,0,0,0,0,11
1403715935.733466863632202,0,3,0,0,11
1403715935.783467054367065,0,0,0,0,11
1403715935.833467245101929,0,1,0,0,11
1403715935.883467197418213,0,0,0,0,11
1403715935.933467149734497,0,0,0,0,11
1403715935.983467102050781,0,0,0,0,11
1403715936.033467292785645,0,0,0,0,11
1403715936.083467245101929,0,0,0,0,11
1403715936.133467197418213,0,0,0,0,11
1403715936.183467149734497,0,2,0,0,11
1403715936.233467102050781,0,0,0,0,11
1403715936.283467292785645,0,0,0,0,11
1403715936.333467245101929,0,0,0,0,11
1403715936.383467197418213,0,0,0,0,11
1403715936.433467149734497,0,0,0,0,11
1403715936.483467102050781,0,0,0,0,11
1403715936.533467292785645,0,0,0,0,11
1403715936.583467245101929,0,0,0,0,11
1403715936.633467197418213,0,0,0,0,11
1403715936.683467149734497,0,0,0,0,11
1403715936.733467102050781,0,0,0,0,11
1403715936.783467292785645,0,0,0,0,11
1403715936.833467245101929,0,0,0,0,11
1403715936.883467197418213,0,0,0,0,11
1403715936.933464288711548,0,1,0,0,11
1403715936.983464241027832,0,1,0,0,11
1403715937.033464431762695,0,0,0,0,11
1403715937.083464384078979,0,0,0,0,11
1403715937.133464336395264,0,0,0,0,11
1403715937.183464765548706,1,0,0,1,11
1403715937.233464241027832,1,0,1,0,11
1403715937.283461809158325,4,0,1,3,11
1403715937.333459615707397,7,0,3,3,11
1403715937.383442878723145,13,1,5,6,11
1403715937.433437585830688,13,0,7,2,11
1403715937.483435153961182,12,4,5,0,11
1403715937.533433675765991,9,2,0,1,11
1403715937.583437204360962,7,0,1,1,11
1403715937.633440494537354,3,3,1,1,11
1403715937.683440208435059,3,1,0,0,11
1403715937.733440160751343,2,0,0,0,11
1403715937.783440113067627,0,1,0,0,11
1403715937.833438634872437,0,2,0,0,11
1403715937.883438587188721,0,0,0,0,11
1403715937.933438539505005,0,0,0,0,11
1403715937.983438491821289,0,0,0,0,11
1403715938.033438920974731,0,1,0,0,11
1403715938.083438634872437,0,1,0,0,11
1403715938.133438587188721,0,0,0,0,11
1403715938.183439254760742,2,0,0,2,11
1403715938.233439922332764,3,0,0,1,11
1403715938.283440113067627,1,1,0,0,11
1403715938.333440065383911,0,0,0,0,11
1403715938.383440732955933,0,2,0,0,11
1403715938.433440685272217,0,0,0,0,11
1403715938.483443260192871,0,3,0,0,11
1403715938.533443450927734,0,0,0,0,11
1403715938.583443403244019,0,0,0,0,11
1403715938.633440732955933,1,0,0,1,11
1403715938.683439254760742,1,0,1,0,11
1403715938.733439207077026,1,0,0,0,11
1403715938.783439397811890,1,0,0,0,11
1403715938.833439350128174,0,0,0,0,11
1403715938.883439302444458,0,0,0,0,11
1403715938.933438777923584,0,1,0,0,11
1403715938.983438730239868,0,0,0,0,11
1403715939.033438920974731,0,0,0,0,11
1403715939.083438873291016,0,0,0,0,11
1403715939.133438825607300,0,0,0,0,11
1403715939.183438777923584,0,0,0,0,11
1403715939.233438730239868,0,1,0,0,11
1403715939.283441305160522,0,1,0,0,11
1403715939.333441257476807,0,0,0,0,11
1403715939.383441209793091,0,2,0,0,11
1403715939.433441162109375,0,2,0,0,11
1403715939.483441114425659,0,0,0,0,11
1403715939.533441305160522,0,0,0,0,11
1403715939.583441257476807,0,2,0,0,11
1403715939.633441209793091,0,1,0,0,11
1403715939.683441162109375,0,1,0,0,11
1403715939.733441114425659,0,0,0,0,11
1403715939.783441305160522,0,0,0,0,11
1403715939.833441257476807,0,0,0,0,11
1403715939.883441209793091,0,0,0,0,11
1403715939.933443546295166,1,0,0,1,11
1403715939.983443021774292,1,0,1,0,11
1403715940.033441781997681,1,0,1,0,11
1403715940.083439826965332,1,1,0,0,11
1403715940.133439779281616,1,0,0,0,11
1403715940.183439731597900,0,1,0,0,11
1403715940.233439683914185,0,0,0,0,11
1403715940.283439874649048,0,0,0,0,11
1403715940.333439826965332,0,0,0,0,11
1403715940.383439779281616,0,1,0,0,11
1403715940.433439731597900,0,1,0,0,11
1403715940.483439683914185,0,0,0,0,11
1403715940.533439874649048,0,1,0,0,11
1403715940.583439826965332,0,0,0,0,11
1403715940.633440017700195,0,1,0,0,11
1403715940.683439970016479,0,0,0,0,11
1403715940.733443975448608,4,0,0,4,11
1403715940.783444166183472,3,0,0,0,11
1403715940.833444118499756,3,0,0,0,11
1403715940.883444070816040,0,0,0,0,11
1403715940.933444023132324,0,0,0,0,11
1403715940.983445882797241,0,1,0,0,11
1403715941.033446073532104,0,0,0,0,11
1403715941.083446025848389,0,0,0,0,11
1403715941.133445978164673,0,1,0,0,11
1403715941.183445930480957,0,2,0,0,11
1403715941.233445882797241,0,2,0,0,11
1403715941.283446311950684,0,3,0,0,11
1403715941.333446264266968,0,3,0,0,11
1403715941.383446216583252,0,2,0,0,11
1403715941.433446168899536,0,0,0,0,11
1403715941.483446121215820,0,0,0,0,11
1403715941.533446311950684,0,1,0,0,11
1403715941.583446264266968,0,1,0,0,11
1403715941.633446216583252,0,0,0,0,11
1403715941.683444738388062,0,1,0,0,11
1403715941.733444690704346,0,0,0,0,11
1403715941.783437252044678,1,2,0,1,11
1403715941.833436727523804,0,1,0,0,11
1403715941.883436679840088,0,0,0,0,11
1403715941.933436632156372,0,0,0,0,11
1403715941.983436584472656,0,0,0,0,11
1403715942.033436775207520,0,0,0,0,11
1403715942.083436727523804,0,0,0,0,11
1403715942.133436679840088,0,0,0,0,11
1403715942.183436632156372,0,0,0,0,11
1403715942.233436346054077,0,3,0,0,11
1403715942.283436536788940,0,0,0,0,11
1403715942.333436489105225,0,0,0,0,11
1403715942.383436441421509,0,3,0,0,11
1403715942.433434724807739,0,7,0,0,11
1403715942.483434677124023,0,0,0,0,11
1403715942.533434867858887,0,1,0,0,11
1403715942.583434820175171,0,0,0,0,11
1403715942.633434772491455,0,3,0,0,11
1403715942.683434724807739,0,2,0,0,11
1403715942.733434677124023,0,0,0,0,11
1403715942.783434629440308,0,1,0,0,11
1403715942.833434581756592,0,2,0,0,11
1403715942.883434295654297,0,1,0,0,11
1403715942.933434247970581,0,0,0,0,11
1403715942.983433485031128,0,1,0,0,11
1403715943.033433675765991,0,0,0,0,11
1403715943.083433628082275,0,0,0,0,11
1403715943.133433580398560,0,0,0,0,11
1403715943.183433532714844,0,0,0,0,11
1403715943.233433485031128,0,0,0,0,11
1403715943.283434152603149,2,0,0,2,11
1403715943.333434104919434,2,0,0,0,11
1403715943.383427143096924,2,5,0,0,11
1403715943.433426380157471,0,2,0,0,11
1403715943.483419418334961,1,0,0,1,11
1403715943.533417940139771,1,0,1,0,11
1403715943.583416700363159,1,0,1,0,11
1403715943.633418083190918,1,1,1,0,11
1403715943.683421134948730,1,0,1,0,11
1403715943.733422994613647,1,0,1,0,11
1403715943.783423185348511,1,0,0,0,11
1403715943.833423137664795,1,0,0,0,11
1403715943.883421421051025,1,1,0,1,11
1403715943.933421850204468,1,0,1,0,11
1403715943.983425617218018,2,0,1,1,11
1403715944.033425807952881,2,0,0,0,11
1403715944.083425760269165,2,0,0,0,11
1403715944.133425712585449,1,0,0,1,11
1403715944.183426618576050,1,0,1,0,11
1403715944.233426570892334,1,3,0,0,11
1403715944.283426761627197,1,0,0,0,11
1403715944.333426713943481,1,0,0,1,11
1403715944.383426427841187,1,0,1,0,11
1403715944.433426141738892,1,1,1,0,11
1403715944.483426094055176,1,0,0,0,11
1403715944.533426284790039,1,1,0,0,11
1403715944.583426237106323,0,0,0,0,11
1403715944.633426189422607,0,0,0,0,11
1403715944.683426141738892,0,0,0,0,11
1403715944.733426094055176,0,1,0,0,11
1403715944.783426284790039,0,0,0,0,11
1403715944.833425283432007,0,1,0,0,11
1403715944.883425235748291,0,0,0,0,11
1403715944.933423280715942,0,1,0,0,11
1403715944.983423233032227,0,0,0,0,11
1403715945.033424377441406,0,2,0,0,11
1403715945.083428621292114,0,2,0,0,11
1403715945.133428573608398,0,1,0,0,11
1403715945.183428525924683,0,0,0,0,11
1403715945.233428478240967,0,2,0,0,11
1403715945.283427953720093,0,4,0,0,11
1403715945.333427906036377,0,1,0,0,11
1403715945.383427858352661,0,0,0,0,11
1403715945.433427810668945,0,0,0,0,11
1403715945.483429193496704,0,5,0,0,11
1403715945.533429861068726,1,0,0,1,11
1403715945.583429098129272,1,1,1,0,11
1403715945.633430242538452,1,1,0,0,11
1403715945.683430194854736,1,0,0,0,11
1403715945.733430862426758,0,1,0,0,11
1403715945.783430576324463,0,1,0,0,11
1403715945.833430528640747,0,0,0,0,11
1403715945.883430480957031,0,1,0,0,11
1403715945.933430433273315,0,1,0,0,11
1403715945.983431100845337,0,1,0,0,11
1403715946.033431291580200,0,0,0,0,11
1403715946.083431243896484,0,0,0,0,11
1403715946.133430480957031,0,1,0,0,11
1403715946.183430433273315,0,1,0,0,11
1403715946.233430385589600,0,0,0,0,11
1403715946.283428192138672,1,0,0,1,11
1403715946.333429336547852,1,0,1,0,11
1403715946.383439779281616,4,1,0,3,11
1403715946.433439731597900,4,0,0,0,11
1403715946.483433008193970,5,0,0,2,11
1403715946.533426523208618,5,2,1,4,11
1403715946.583425521850586,4,2,1,0,11
1403715946.633424997329712,3,7,1,0,11
1403715946.683423757553101,0,9,0,0,11
1403715946.733424901962280,0,12,0,0,11
1403715946.783425092697144,0,1,0,0,11
1403715946.833418130874634,3,0,0,3,11
1403715946.883418083190918,3,6,3,0,11
1403715946.933411836624146,1,4,1,0,11
1403715946.983418941497803,2,4,1,1,11
1403715947.033416986465454,3,4,1,2,11
1403715947.083416461944580,3,1,2,0,11
1403715947.133412599563599,1,5,0,0,11
1403715947.183413505554199,4,0,0,3,11
1403715947.233412027359009,3,1,0,0,11
1403715947.283411502838135,3,1,0,0,11
1403715947.333411455154419,1,0,0,1,11
1403715947.383412599563599,1,0,1,0,11
1403715947.433412551879883,1,0,0,0,11
1403715947.483412504196167,1,0,0,0,11
1403715947.533412694931030,1,0,0,1,11
1403715947.583412647247314,1,0,0,0,11
1403715947.633412837982178,1,2,0,0,11
1403715947.683412790298462,1,0,0,1,11
1403715947.733412742614746,1,1,0,0,11
1403715947.783412933349609,1,0,0,0,11
1403715947.833412647247314,1,1,0,1,11
1403715947.883412122726440,1,3,1,0,11
1403715947.933412075042725,1,0,0,0,11
1403715947.983411073684692,0,2,0,0,11
1403715948.033414363861084,1,2,0,1,11
1403715948.083413600921631,1,1,1,0,11
1403715948.133416414260864,4,0,0,3,11
1403715948.183417081832886,4,1,2,0,11
1403715948.233418941497803,5,2,1,2,11
1403715948.283418655395508,3,0,1,0,11
1403715948.333415508270264,4,0,0,1,11
1403715948.383415460586548,3,0,0,1,11
1403715948.433414697647095,3,4,1,1,11
1403715948.483409643173218,3,4,0,1,11
1403715948.533410549163818,3,1,1,0,11
1403715948.583410739898682,2,3,0,2,11
1403715948.633410692214966,2,3,1,0,11
1403715948.683413505554199,2,3,0,0,11
1403715948.733413457870483,2,0,0,1,11
1403715948.783413410186768,2,3,1,1,11
1403715948.833413600921631,2,0,1,0,11
1403715948.883413553237915,2,0,0,0,11
1403715948.933413505554199,2,0,0,1,11
1403715948.983413219451904,2,1,1,1,11
1403715949.033413171768188,2,2,2,0,11
1403715949.083413600921631,2,0,1,0,11
1403715949.133413553237915,2,0,1,0,11
1403715949.183413505554199,2,1,0,1,11
1403715949.233413457870483,2,1,1,0,11
1403715949.283413648605347,2,0,1,1,11
1403715949.333414077758789,2,0,2,0,11
1403715949.383414030075073,2,0,1,0,11
1403715949.433413267135620,2,0,1,0,11
1403715949.483412027359009,1,0,1,0,11
1403715949.533412218093872,1,0,0,0,11
1403715949.583411931991577,1,1,0,0,11
1403715949.633411645889282,1,2,0,1,11
1403715949.683411598205566,1,0,1,0,11
1403715949.733410835266113,1,0,1,0,11
1403715949.783411026000977,0,0,0,0,11
1403715949.833408355712891,1,2,0,1,11
1403715949.883406877517700,1,1,1,0,11
1403715949.933405637741089,1,0,1,0,11
1403715949.983402013778687,4,0,1,3,11
1403715950.033401727676392,4,1,3,0,11
1403715950.083396434783936,4,6,1,0,11
1403715950.133395433425903,3,6,1,0,11
1403715950.183395147323608,1,5,0,0,11
1403715950.233390808105469,0,7,0,0,11
1403715950.283392429351807,0,3,0,0,11
1403715950.333390712738037,0,1,0,0,11
1403715950.383390188217163,0,2,0,0,11
1403715950.433385372161865,1,2,0,1,11
1403715950.483383417129517,1,4,1,0,11
1403715950.533381462097168,1,5,1,0,11
1403715950.583354473114014,7,1,1,6,11
1403715950.633345127105713,9,4,6,3,11
1403715950.683342933654785,8,2,8,0,11
1403715950.733341455459595,10,3,6,3,11
1403715950.783340692520142,9,6,7,0,11
1403715950.833337783813477,8,1,7,1,11
1403715950.883338451385498,8,1,6,0,11
1403715950.933340311050415,9,4,5,1,11
1403715950.983347654342651,9,2,3,2,11
1403715951.033356189727783,12,4,4,5,11
1403715951.083356857299805,10,7,7,1,11
1403715951.133360624313354,8,3,7,1,11
1403715951.183368921279907,8,5,8,0,11
1403715951.233364820480347,14,5,8,6,11
1403715951.283364295959473,14,0,11,0,11
1403715951.333365440368652,14,2,10,0,11
1403715951.383372306823730,7,7,6,0,11
1403715951.433375120162964,7,2,6,0,11
1403715951.483374118804932,6,1,5,0,11
1403715951.533375024795532,6,2,5,0,11
1403715951.583393573760986,15,1,4,10,11
1403715951.633417844772339,20,0,14,6,11
1403715951.683434486389160,26,2,20,6,11
1403715951.733476400375366,31,1,21,6,11
1403715951.783510923385620,41,4,23,10,11
1403715951.833543062210083,46,16,28,11,11
1403715951.883582115173340,44,17,36,2,11
1403715951.933627367019653,48,13,31,7,11
1403715951.983656883239746,44,9,24,3,11
1403715952.033660650253296,43,2,24,5,11
1403715952.083658218383789,33,5,23,4,11
1403715952.133653640747070,29,3,20,1,11
1403715952.183651447296143,21,3,16,1,11
1403715952.233661174774170,18,7,11,6,11
1403715952.283668279647827,15,5,13,1,11
1403715952.333669900894165,11,1,11,0,11
1403715952.383664846420288,9,3,8,0,11
1403715952.433667182922363,8,6,5,0,11
1403715952.483666896820068,8,1,3,1,11
1403715952.533658027648926,10,3,3,4,11
1403715952.583652019500732,8,8,6,0,11
1403715952.633647918701172,8,0,6,1,11
1403715952.683647155761719,7,0,3,0,11
1403715952.733647108078003,6,0,0,0,11
1403715952.783646821975708,2,1,0,0,11
1403715952.833646774291992,0,1,0,0,11
1403715952.883646726608276,0,0,0,0,11
1403715952.933644533157349,0,2,0,0,11
1403715952.983644247055054,0,1,0,0,11
1403715953.033638715744019,0,3,0,0,11
1403715953.083636283874512,0,1,0,0,11
1403715953.133636236190796,0,0,0,0,11
1403715953.183636903762817,0,2,0,0,11
1403715953.233634710311890,0,3,0,0,11
1403715953.283634901046753,0,2,0,0,11
1403715953.333634614944458,0,2,0,0,11
1403715953.383634567260742,0,2,0,0,11
1403715953.433636903762817,1,0,0,1,11
1403715953.483636856079102,3,3,1,2,11
1403715953.533637046813965,3,1,1,0,11
1403715953.583636045455933,4,1,1,1,11
1403715953.633635997772217,2,1,0,0,11
1403715953.683629989624023,8,4,0,6,11
1403715953.733622312545776,9,5,6,3,11
1403715953.783615112304688,13,1,8,5,11
1403715953.833611249923706,16,1,11,4,11
1403715953.883608818054199,22,6,12,7,11
1403715953.933609008789062,22,13,16,1,11
1403715953.983607769012451,21,7,11,2,11
1403715954.033615112304688,23,4,10,5,11
1403715954.083612918853760,14,3,8,0,11
1403715954.133611202239990,9,11,1,0,11
1403715954.183609724044800,10,3,0,4,11
1403715954.233600139617920,9,7,2,4,11
1403715954.283602237701416,8,6,4,0,11
1403715954.333606481552124,10,3,4,4,11
1403715954.383610486984253,8,4,7,0,11
1403715954.433617115020752,9,1,7,1,11
1403715954.483623027801514,9,5,8,1,11
1403715954.533635616302490,8,13,8,0,11
1403715954.583653688430786,9,9,5,3,11
1403715954.633656501770020,11,1,5,2,11
1403715954.683658123016357,10,4,1,1,11
1403715954.733687877655029,14,1,3,6,11
1403715954.783694267272949,13,0,3,4,11
1403715954.833698272705078,13,2,4,0,11
1403715954.883715629577637,12,0,4,6,11
1403715954.933731555938721,12,4,8,2,11
1403715954.983779668807983,15,4,8,3,11
1403715955.033790349960327,9,5,7,0,11
1403715955.083792448043823,9,0,3,2,11
1403715955.133792161941528,8,4,3,0,11
1403715955.183788537979126,5,6,2,2,11
1403715955.233786821365356,4,4,4,0,11
1403715955.283783912658691,4,3,4,0,11
1403715955.333779811859131,4,4,4,0,11
1403715955.383783817291260,4,5,3,1,11
1403715955.433788537979126,4,8,4,0,11
1403715955.483799457550049,5,3,3,2,11
1403715955.533801555633545,5,2,4,0,11
1403715955.583810329437256,8,4,3,3,11
1403715955.633813381195068,8,2,3,2,11
1403715955.683814525604248,9,1,5,2,11
1403715955.733809709548950,15,2,6,8,11
1403715955.783810615539551,16,1,9,1,11
1403715955.833822011947632,27,7,9,12,11
1403715955.883826017379761,24,2,11,3,11
1403715955.933819293975830,26,8,6,4,11
1403715955.983814239501953,23,3,5,6,11
1403715956.033812046051025,16,4,7,5,11
1403715956.083810091018677,10,6,8,0,11
1403715956.133801698684692,8,3,4,1,11
1403715956.183793783187866,8,6,5,1,11
1403715956.233784198760986,10,1,5,5,11
1403715956.283780097961426,10,1,9,0,11
1403715956.333775520324707,10,6,10,0,11
1403715956.383774042129517,11,3,10,1,11
1403715956.433758258819580,11,4,9,0,11
1403715956.483752727508545,7,5,4,0,11
1403715956.533746480941772,4,1,2,0,11
1403715956.583736896514893,6,0,2,3,11
1403715956.633724689483643,9,2,5,4,11
1403715956.683722972869873,10,0,8,1,11
1403715956.733710527420044,11,0,8,1,11
1403715956.783701896667480,11,1,9,1,11
1403715956.833669185638428,12,2,10,2,11
1403715956.883629322052002,18,5,12,6,11
1403715956.933608293533325,27,1,17,9,11
1403715956.983588695526123,38,6,16,12,11
1403715957.033568620681763,45,1,23,11,11
1403715957.083557367324829,43,3,26,6,11
1403715957.133536577224731,42,4,31,7,11
1403715957.183535814285278,36,1,29,2,11
1403715957.233520507812500,35,2,19,4,11
1403715957.283511638641357,26,3,13,3,11
1403715957.333504915237427,20,1,15,1,11
1403715957.383476734161377,23,4,13,8,11
1403715957.433460474014282,23,3,17,1,11
1403715957.483448266983032,18,2,13,0,11
1403715957.533430576324463,18,3,10,4,11
1403715957.583421945571899,15,4,8,0,11
1403715957.633417844772339,11,2,3,0,11
1403715957.683393001556396,11,1,1,4,11
1403715957.733390331268311,7,1,1,0,11
1403715957.783385753631592,5,1,0,0,11
1403715957.833385705947876,1,5,0,0,11
1403715957.883374214172363,1,1,0,1,11
1403715957.933367729187012,1,4,0,0,11
1403715957.983368396759033,1,1,0,0,11
1403715958.033368587493896,0,4,0,0,11
1403715958.083368539810181,0,3,0,0,11
1403715958.133368492126465,0,3,0,0,11
1403715958.183368682861328,0,1,0,0,11
1403715958.233368635177612,0,1,0,0,11
1403715958.283368825912476,0,0,0,0,11
1403715958.333369016647339,0,1,0,0,11
1403715958.383369445800781,1,0,0,1,11
1403715958.433370113372803,1,3,0,0,11
1403715958.483370065689087,1,0,0,0,11
1403715958.533370256423950,0,3,0,0,11
1403715958.583370208740234,0,2,0,0,11
1403715958.633370161056519,0,0,0,0,11
1403715958.683371543884277,1,2,0,1,11
1403715958.733371019363403,1,1,1,0,11
1403715958.783370494842529,1,2,1,0,11
1403715958.833367824554443,0,8,0,0,11
1403715958.883367776870728,0,0,0,0,11
1403715958.933367729187012,0,0,0,0,11
1403715958.983367681503296,0,1,0,0,11
1403715959.033367872238159,0,0,0,0,11
1403715959.083367824554443,0,0,0,0,11
1403715959.133368253707886,0,1,0,0,11
1403715959.183368206024170,0,1,0,0,11
1403715959.233368158340454,0,0,0,0,11
1403715959.283368349075317,0,0,0,0,11
1403715959.333368301391602,0,1,0,0,11
1403715959.383368492126465,0,1,0,0,11
1403715959.433368444442749,0,1,0,0,11
1403715959.483368396759033,0,0,0,0,11
1403715959.533368587493896,0,0,0,0,11
1403715959.583368539810181,0,0,0,0,11
1403715959.633368492126465,0,0,0,0,11
1403715959.683368444442749,0,0,0,0,11
1403715959.733368396759033,0,4,0,0,11
1403715959.783368587493896,0,0,0,0,11
1403715959.833368539810181,0,1,0,0,11
1403715959.883368492126465,0,0,0,0,11
1403715959.933368444442749,0,1,0,0,11
1403715959.983368396759033,0,0,0,0,11
1403715960.033368587493896,0,0,0,0,11
1403715960.083368539810181,0,1,0,0,11
1403715960.133368492126465,0,0,0,0,11
1403715960.183368444442749,0,0,0,0,11
1403715960.233368396759033,0,0,0,0,11
1403715960.283368587493896,0,1,0,0,11
1403715960.333368539810181,0,0,0,0,11
1403715960.383368253707886,0,1,0,0,11
1403715960.433368206024170,0,0,0,0,11
1403715960.483368158340454,0,0,0,0,11
1403715960.533368349075317,0,0,0,0,11
1403715960.583368301391602,0,0,0,0,11
1403715960.633368253707886,0,0,0,0,11
1403715960.683368206024170,0,0,0,0,11
1403715960.733368158340454,0,0,0,0,11
1403715960.783368349075317,0,0,0,0,11
1403715960.833371162414551,0,3,0,0,11
1403715960.883371114730835,0,0,0,0,11
1403715960.933371067047119,0,0,0,0,11
1403715960.983371019363403,0,0,0,0,11
1403715961.033371210098267,0,0,0,0,11
1403715961.083371162414551,0,0,0,0,11
1403715961.133371114730835,0,0,0,0,11
1403715961.183371067047119,0,0,0,0,11
1403715961.233371019363403,0,0,0,0,11
1403715961.283371210098267,0,0,0,0,11
1403715961.333371162414551,0,0,0,0,11
1403715961.383371114730835,0,2,0,0,11
1403715961.433371067047119,0,0,0,0,11
1403715961.483371019363403,0,0,0,0,11
1403715961.533371210098267,0,0,0,0,11
1403715961.583371162414551,0,2,0,0,11
1403715961.633371114730835,0,2,0,0,11
1403715961.683371067047119,0,0,0,0,11
1403715961.733371019363403,0,0,0,0,11
1403715961.783371210098267,0,0,0,0,11
1403715961.833371162414551,0,2,0,0,11
1403715961.883371114730835,0,1,0,0,11
1403715961.933371067047119,0,0,0,0,11
1403715961.983371019363403,0,1,0,0,11
1403715962.033371210098267,0,1,0,0,11
1403715962.083371162414551,0,0,0,0,11
1403715962.133371114730835,0,0,0,0,11
1403715962.183371067047119,0,0,0,0,11
1403715962.233371019363403,0,0,0,0,11
1403715962.283371210098267,0,0,0,0,11
1403715962.333371400833130,0,2,0,0,11
1403715962.383371353149414,0,0,0,0,11
1403715962.433371305465698,0,0,0,0,11
1403715962.483371257781982,0,0,0,0,11
1403715962.533371448516846,0,1,0,0,11
1403715962.583371400833130,0,1,0,0,11
1403715962.633371353149414,0,1,0,0,11
1403715962.683371305465698,0,0,0,0,11
1403715962.733371257781982,0,0,0,0,11
1403715962.783371448516846,0,0,0,0,11
1403715962.833371400833130,0,0,0,0,11
1403715962.883371353149414,0,0,0,0,11
1403715962.933371305465698,0,0,0,0,11
1403715962.983371257781982,0,0,0,0,11
1403715963.033371448516846,0,0,0,0,11
1403715963.083371400833130,0,0,0,0,11
1403715963.133371353149414,0,5,0,0,11
1403715963.183371305465698,0,0,0,0,11
1403715963.233371257781982,0,3,0,0,11
1403715963.283371448516846,0,0,0,0,11
1403715963.333371400833130,0,0,0,0,11
1403715963.383371353149414,0,4,0,0,11
1403715963.433371305465698,0,0,0,0,11
1403715963.483371257781982,0,0,0,0,11
1403715963.533371448516846,0,3,0,0,11
1403715963.583371400833130,0,0,0,0,11
1403715963.633371353149414,0,1,0,0,11
1403715963.683371305465698,0,3,0,0,11
1403715963.733371257781982,0,0,0,0,11
1403715963.783371448516846,0,0,0,0,11
1403715963.833371400833130,0,0,0,0,11
1403715963.883371353149414,0,1,0,0,11
1403715963.933371305465698,0,0,0,0,11
1403715963.983371257781982,0,0,0,0,11
1403715964.033371448516846,0,0,0,0,11
1403715964.083371400833130,0,0,0,0,11
1403715964.133371353149414,0,0,0,0,11
1403715964.183371305465698,0,1,0,0,11
1403715964.233371257781982,0,0,0,0,11
1403715964.283371448516846,0,0,0,0,11
1403715964.333371400833130,0,0,0,0,11
1403715964.383371353149414,0,0,0,0,11
1403715964.433371305465698,0,0,0,0,11
1403715964.483371257781982,0,0,0,0,11
1403715964.533371448516846,0,0,0,0,11
1403715964.583371400833130,0,0,0,0,11
1403715964.633371353149414,0,0,0,0,11
1403715964.683373928070068,1,0,0,1,11
1403715964.733373880386353,0,1,0,0,11
1403715964.783374071121216,0,0,0,0,11
1403715964.833374023437500,0,1,0,0,11
1403715964.883373975753784,0,0,0,0,11
1403715964.933373928070068,0,1,0,0,11
1403715964.983373880386353,0,0,0,0,11
1403715965.033374071121216,0,1,0,0,11
1403715965.083374023437500,0,0,0,0,11
1403715965.133373975753784,0,0,0,0,11
1403715965.183373928070068,0,0,0,0,11
1403715965.233372688293457,0,1,0,0,11
1403715965.283372879028320,0,0,0,0,11
1403715965.333372831344604,0,0,0,0,11
1403715965.383372783660889,0,0,0,0,11
1403715965.433372735977173,0,0,0,0,11
1403715965.483372688293457,0,0,0,0,11
1403715965.533372879028320,0,0,0,0,11
1403715965.583372831344604,0,0,0,0,11
1403715965.633372783660889,0,0,0,0,11
1403715965.683372735977173,0,0,0,0,11
1403715965.733372688293457,0,0,0,0,11
1403715965.783372879028320,0,3,0,0,11
1403715965.833372831344604,0,1,0,0,11
1403715965.883372783660889,0,0,0,0,11
1403715965.933372735977173,0,2,0,0,11
1403715965.983372688293457,0,0,0,0,11
1403715966.033372879028320,0,0,0,0,11
1403715966.083372831344604,0,0,0,0,11
1403715966.133372783660889,0,1,0,0,11
1403715966.183372735977173,0,0,0,0,11
1403715966.233372688293457,0,0,0,0,11
1403715966.283372879028320,0,0,0,0,11
1403715966.333372831344604,0,2,0,0,11
1403715966.383372783660889,0,0,0,0,11
1403715966.433372735977173,0,0,0,0,11
1403715966.483372688293457,0,0,0,0,11
1403715966.533372879028320,0,0,0,0,11
1403715966.583372831344604,0,0,0,0,11
1403715966.633372783660889,0,0,0,0,11
1403715966.683372735977173,0,0,0,0,11
1403715966.733372688293457,0,0,0,0,11
1403715966.783372879028320,0,0,0,0,11
1403715966.833372831344604,0,0,0,0,11
1403715966.883372783660889,0,0,0,0,11
1403715966.933372735977173,0,0,0,0,11
1403715966.983372688293457,0,0,0,0,11
1403715967.033372879028320,0,0,0,0,11
1403715967.083372831344604,0,0,0,0,11
1403715967.133372783660889,0,0,0,0,11
1403715967.183372735977173,0,0,0,0,11
1403715967.233372688293457,0,0,0,0,11
1403715967.283372879028320,0,0,0,0,11
1403715967.333372831344604,0,0,0,0,11
1403715967.383372783660889,0,1,0,0,11
1403715967.433372735977173,0,1,0,0,11
1403715967.483372688293457,0,0,0,0,11
1403715967.533372879028320,0,0,0,0,11
1403715967.583372831344604,0,0,0,0,11
1403715967.633372783660889,0,0,0,0,11
1403715967.683372735977173,0,0,0,0,11
1403715967.733372688293457,0,0,0,0,11
1403715967.783372879028320,0,2,0,0,11
1403715967.833372831344604,0,0,0,0,11
1403715967.883372783660889,0,0,0,0,11
1403715967.933372735977173,0,0,0,0,11
1403715967.983372688293457,0,0,0,0,11
1403715968.033372879028320,0,0,0,0,11
1403715968.083373785018921,0,1,0,0,11
1403715968.133373737335205,0,0,0,0,11
1403715968.183373689651489,0,0,0,0,11
1403715968.233373641967773,0,0,0,0,11
1403715968.283373832702637,0,0,0,0,11
1403715968.333373785018921,0,3,0,0,11
1403715968.383373737335205,0,0,0,0,11
1403715968.433373689651489,0,0,0,0,11
1403715968.483373641967773,0,0,0,0,11
1403715968.533373832702637,0,1,0,0,11
1403715968.583373785018921,0,0,0,0,11
1403715968.633373737335205,0,0,0,0,11
1403715968.683373689651489,0,0,0,0,11
1403715968.733373641967773,0,0,0,0,11
1403715968.783373832702637,0,0,0,0,11
1403715968.833373785018921,0,0,0,0,11
1403715968.883373737335205,0,0,0,0,11
1403715968.933373689651489,0,0,0,0,11
1403715968.983375310897827,1,0,0,1,11
1403715969.033375501632690,1,0,0,0,11
1403715969.083375453948975,1,0,0,0,11
1403715969.133375406265259,0,0,0,0,11
1403715969.183375358581543,0,0,0,0,11
1403715969.233375310897827,0,0,0,0,11
1403715969.283375501632690,0,0,0,0,11
1403715969.333375453948975,0,0,0,0,11
1403715969.383375406265259,0,0,0,0,11
1403715969.433375358581543,0,0,0,0,11
1403715969.483375310897827,0,0,0,0,11
1403715969.533375501632690,0,0,0,0,11
1403715969.583375215530396,0,1,0,0,11
1403715969.633377313613892,0,3,0,0,11
1403715969.683377265930176,0,0,0,0,11
1403715969.733377218246460,0,0,0,0,11
1403715969.783377408981323,0,0,0,0,11
1403715969.833377361297607,0,0,0,0,11
1403715969.883377313613892,0,0,0,0,11
1403715969.933377265930176,0,2,0,0,11
1403715969.983377218246460,0,2,0,0,11
1403715970.033377408981323,0,0,0,0,11
1403715970.083377361297607,0,0,0,0,11
1403715970.133377313613892,0,1,0,0,11
1403715970.183377265930176,0,0,0,0,11
1403715970.233377218246460,0,0,0,0,11
1403715970.283377408981323,0,0,0,0,11
1403715970.333377361297607,0,0,0,0,11
1403715970.383377313613892,0,0,0,0,11
1403715970.433377265930176,0,0,0,0,11
1403715970.483377218246460,0,0,0,0,11
1403715970.533377408981323,0,0,0,0,11
1403715970.583377361297607,0,0,0,0,11
1403715970.633377313613892,0,0,0,0,11
1403715970.683377265930176,0,0,0,0,11
1403715970.733377218246460,0,0,0,0,11
1403715970.783377408981323,0,3,0,0,11
1403715970.833377361297607,0,0,0,0,11
1403715970.883377313613892,0,0,0,0,11
1403715970.933377265930176,0,3,0,0,11
1403715970.983377218246460,0,0,0,0,11
1403715971.033377647399902,0,1,0,0,11
1403715971.083377599716187,0,0,0,0,11
1403715971.133377552032471,0,0,0,0,11
1403715971.183377504348755,0,1,0,0,11
1403715971.233377456665039,0,0,0,0,11
1403715971.283377647399902,0,0,0,0,11
1403715971.333377599716187,0,0,0,0,11
1403715971.383377552032471,0,0,0,0,11
1403715971.433377504348755,0,0,0,0,11
1403715971.483377456665039,0,0,0,0,11
1403715971.533377647399902,0,2,0,0,11
1403715971.583377599716187,0,4,0,0,11
1403715971.633377552032471,0,0,0,0,11
1403715971.683377504348755,0,1,0,0,11
1403715971.733377456665039,0,0,0,0,11
1403715971.783377647399902,0,0,0,0,11
1403715971.833377599716187,0,0,0,0,11
1403715971.883377552032471,0,2,0,0,11
1403715971.933377504348755,0,0,0,0,11
1403715971.983377456665039,0,0,0,0,11
1403715972.033377647399902,0,1,0,0,11
1403715972.083377599716187,0,0,0,0,11
1403715972.133377552032471,0,0,0,0,11
1403715972.183377504348755,0,0,0,0,11
1403715972.233377456665039,0,0,0,0,11
1403715972.283377647399902,0,0,0,0,11
1403715972.333377599716187,0,0,0,0,11
1403715972.383377552032471,0,0,0,0,11
1403715972.433377504348755,0,0,0,0,11
1403715972.483377456665039,0,0,0,0,11
1403715972.533377647399902,0,0,0,0,11
1403715972.583377599716187,0,0,0,0,11
1403715972.633377552032471,0,0,0,0,11
1403715972.683376073837280,0,1,0,0,11
1403715972.733376026153564,0,0,0,0,11
1403715972.783376216888428,0,0,0,0,11
1403715972.833376169204712,0,0,0,0,11
1403715972.883376121520996,0,0,0,0,11
1403715972.933376073837280,0,0,0,0,11
1403715972.983376026153564,0,0,0,0,11
1403715973.033376216888428,0,0,0,0,11
1403715973.083376169204712,0,0,0,0,11
1403715973.133375883102417,1,0,0,1,11
1403715973.183375597000122,1,0,1,0,11
1403715973.233375310897827,1,0,1,0,11
1403715973.283374547958374,3,0,0,2,11
1403715973.333374738693237,3,0,2,0,11
1403715973.383375883102417,2,0,2,0,11
1403715973.433380365371704,9,0,2,7,11
1403715973.483380794525146,11,0,3,2,11
1403715973.533380270004272,11,0,3,0,11
1403715973.583382606506348,6,1,1,1,11
1403715973.633382320404053,4,0,2,0,11
1403715973.683381080627441,3,1,1,1,11
1403715973.733380556106567,3,0,2,0,11
1403715973.783380508422852,2,0,1,0,11
1403715973.833380222320557,5,1,1,3,11
1403715973.883380174636841,4,0,2,0,11
1403715973.933379411697388,4,1,1,0,11
1403715973.983379364013672,2,0,0,0,11
1403715974.033379554748535,1,0,0,0,11
1403715974.083379507064819,0,0,0,0,11
1403715974.133379459381104,0,0,0,0,11
1403715974.183379411697388,0,0,0,0,11
1403715974.233379364013672,0,0,0,0,11
1403715974.283379554748535,0,0,0,0,11
1403715974.333379507064819,0,0,0,0,11
1403715974.383379459381104,0,0,0,0,11
1403715974.433379411697388,0,0,0,0,11
1403715974.483379364013672,0,0,0,0,11
1403715974.533379554748535,0,0,0,0,11
1403715974.583379507064819,0,0,0,0,11
1403715974.633379459381104,0,0,0,0,11
1403715974.683379411697388,0,0,0,0,11
1403715974.733379364013672,0,0,0,0,11
1403715974.783379554748535,0,0,0,0,11
1403715974.833379507064819,0,0,0,0,11
1403715974.883379459381104,1,0,0,1,11
1403715974.933379411697388,1,0,0,0,11
1403715974.983379364013672,1,0,0,0,11
1403715975.033379554748535,0,0,0,0,11
1403715975.083379507064819,0,0,0,0,11
1403715975.133379459381104,0,0,0,0,11
1403715975.183379411697388,0,0,0,0,11
1403715975.233379364013672,0,0,0,0,11
1403715975.283379554748535,0,0,0,0,11
1403715975.333379507064819,0,0,0,0,11
1403715975.383379459381104,0,0,0,0,11
1403715975.433379411697388,0,0,0,0,11
1403715975.483379364013672,0,0,0,0,11
1403715975.533379554748535,0,0,0,0,11
1403715975.583379507064819,0,0,0,0,11
1403715975.633379220962524,1,0,0,1,11
1403715975.683379173278809,1,0,1,0,11
1403715975.733379125595093,1,0,1,0,11
1403715975.783379316329956,1,0,1,0,11
1403715975.833379268646240,1,0,0,0,11
1403715975.883379220962524,1,0,0,0,11
1403715975.933379173278809,0,0,0,0,11
1403715975.983379125595093,0,0,0,0,11
1403715976.033379316329956,0,0,0,0,11
1403715976.083379268646240,1,0,0,1,11
1403715976.133379220962524,1,0,0,0,11
1403715976.183379173278809,1,0,0,0,11
1403715976.233379125595093,0,0,0,0,11
1403715976.283379316329956,0,0,0,0,11
1403715976.333379268646240,0,0,0,0,11
1403715976.383379220962524,0,0,0,0,11
1403715976.433379173278809,0,0,0,0,11
1403715976.483379125595093,0,0,0,0,11
1403715976.533379316329956,0,0,0,0,11
1403715976.583379268646240,0,0,0,0,11
1403715976.633379220962524,0,0,0,0,11
1403715976.683379173278809,0,0,0,0,11
1403715976.733379125595093,0,0,0,0,11
1403715976.783379316329956,0,1,0,0,11
1403715976.833379268646240,0,0,0,0,11
1403715976.883379220962524,0,0,0,0,11
1403715976.933379173278809,0,0,0,0,11
1403715976.983379125595093,0,0,0,0,11
1403715977.033379316329956,0,0,0,0,11
1403715977.083379268646240,0,0,0,0,11
1403715977.133379220962524,0,0,0,0,11
1403715977.183379173278809,0,0,0,0,11
1403715977.233379125595093,0,0,0,0,11
1403715977.283379316329956,0,0,0,0,11
1403715977.333379268646240,0,0,0,0,11
1403715977.383379220962524,0,0,0,0,11
1403715977.433379173278809,0,0,0,0,11
1403715977.483379125595093,0,0,0,0,11
1403715977.533379316329956,0,0,0,0,11
1403715977.583379268646240,0,0,0,0,11
1403715977.633379220962524,0,0,0,0,11
1403715977.683379173278809,0,1,0,0,11
1403715977.733379125595093,0,0,0,0,11
1403715977.783379316329956,0,0,0,0,11
1403715977.833379268646240,0,0,0,0,11
1403715977.883379220962524,0,0,0,0,11
1403715977.933378934860229,0,1,0,0,11
1403715977.983378887176514,0,0,0,0,11
1403715978.033379077911377,0,0,0,0,11
1403715978.083379030227661,0,0,0,0,11
1403715978.133378982543945,0,0,0,0,11
1403715978.183378934860229,0,0,0,0,11
1403715978.233378887176514,0,0,0,0,11
1403715978.283379077911377,0,0,0,0,11
1403715978.333379030227661,0,0,0,0,11
1403715978.383378982543945,0,0,0,0,11
1403715978.433378934860229,0,0,0,0,11
1403715978.483378887176514,0,0,0,0,11
1403715978.533379077911377,0,2,0,0,11
1403715978.583379030227661,0,0,0,0,11
1403715978.633378982543945,0,1,0,0,11
1403715978.683378934860229,0,0,0,0,11
1403715978.733378648757935,0,2,0,0,11
1403715978.783378839492798,0,0,0,0,11
1403715978.833378791809082,0,0,0,0,11
1403715978.883378744125366,0,1,0,0,11
1403715978.933378696441650,0,0,0,0,11
1403715978.983378648757935,0,1,0,0,11
1403715979.033378839492798,0,0,0,0,11
1403715979.083378791809082,0,1,0,0,11
1403715979.133378744125366,0,2,0,0,11
1403715979.183378934860229,0,1,0,0,11
1403715979.233378887176514,0,0,0,0,11
1403715979.283379077911377,0,0,0,0,11
1403715979.333379030227661,0,0,0,0,11
1403715979.383378982543945,0,0,0,0,11
1403715979.433378934860229,0,0,0,0,11
1403715979.483378887176514,0,0,0,0,11
1403715979.533378124237061,0,2,0,0,11
1403715979.583378076553345,0,3,0,0,11
1403715979.633378028869629,0,4,0,0,11
1403715979.683377981185913,0,1,0,0,11
1403715979.733377933502197,0,1,0,0,11
1403715979.783377647399902,0,2,0,0,11
1403715979.833377122879028,0,3,0,0,11
1403715979.883377075195312,0,1,0,0,11
1403715979.933377027511597,0,1,0,0,11
1403715979.983376979827881,0,2,0,0,11
1403715980.033377170562744,0,0,0,0,11
1403715980.083377122879028,0,0,0,0,11
1403715980.133377075195312,0,1,0,0,11
1403715980.183377027511597,0,0,0,0,11
1403715980.233376979827881,0,0,0,0,11
1403715980.283377170562744,0,0,0,0,11
1403715980.333377122879028,0,0,0,0,11
1403715980.383377075195312,0,0,0,0,11
1403715980.433377027511597,0,1,0,0,11
1403715980.483376979827881,0,0,0,0,11
1403715980.533377170562744,0,0,0,0,11
1403715980.583377122879028,0,0,0,0,11
1403715980.633377075195312,0,0,0,0,11
1403715980.683377027511597,0,0,0,0,11
1403715980.733376979827881,0,1,0,0,11
1403715980.783377170562744,0,0,0,0,11
1403715980.833377122879028,0,0,0,0,11
1403715980.883377075195312,0,0,0,0,11
1403715980.933377027511597,0,0,0,0,11
1403715980.983376979827881,0,0,0,0,11
1403715981.033377170562744,0,3,0,0,11
1403715981.083377122879028,0,0,0,0,11
1403715981.133377075195312,0,2,0,0,11
1403715981.183377027511597,0,1,0,0,11
1403715981.233377218246460,0,1,0,0,11
1403715981.283377408981323,0,0,0,0,11
1403715981.333377361297607,0,0,0,0,11
1403715981.383377313613892,0,0,0,0,11
1403715981.433377265930176,0,0,0,0,11
1403715981.483377218246460,0,0,0,0,11
1403715981.533377408981323,0,0,0,0,11
1403715981.583377361297607,0,0,0,0,11
1403715981.633377313613892,0,0,0,0,11
1403715981.683377265930176,0,0,0,0,11
1403715981.733377218246460,0,0,0,0,11
1403715981.783377408981323,0,1,0,0,11
1403715981.833377361297607,0,0,0,0,11
1403715981.883377313613892,0,1,0,0,11
1403715981.933377265930176,0,0,0,0,11
1403715981.983377218246460,0,0,0,0,11
1403715982.033377408981323,0,0,0,0,11
1403715982.083377361297607,0,0,0,0,11
1403715982.133377313613892,0,0,0,0,11
1403715982.183377265930176,0,0,0,0,11
1403715982.233377218246460,0,0,0,0,11
1403715982.283377408981323,0,0,0,0,11
1403715982.333377361297607,0,0,0,0,11
1403715982.383377313613892,0,0,0,0,11
1403715982.433377265930176,0,0,0,0,11
1403715982.483377218246460,0,0,0,0,11
1403715982.533377408981323,0,0,0,0,11
1403715982.583377361297607,0,0,0,0,11
1403715982.633377313613892,0,0,0,0,11
1403715982.683377265930176,0,0,0,0,11
1403715982.733377218246460,0,0,0,0,11
1403715982.783377408981323,0,0,0,0,11
1403715982.833377361297607,0,0,0,0,11
1403715982.883377313613892,0,0,0,0,11
1403715982.933377265930176,0,0,0,0,11
1403715982.983377218246460,0,0,0,0,11
1403715983.033377408981323,0,0,0,0,11
1403715983.083377361297607,0,1,0,0,11
1403715983.133377313613892,0,0,0,0,11
1403715983.183377265930176,0,0,0,0,11
1403715983.233377218246460,0,0,0,0,11
1403715983.283377408981323,0,1,0,0,11
1403715983.333377361297607,0,0,0,0,11
1403715983.383377313613892,0,1,0,0,11
1403715983.433377265930176,0,0,0,0,11
1403715983.483377218246460,0,0,0,0,11
1403715983.533377408981323,0,0,0,0,11
1403715983.583377361297607,0,0,0,0,11
1403715983.633377313613892,0,0,0,0,11
1403715983.683377265930176,0,0,0,0,11
1403715983.733377218246460,0,0,0,0,11
1403715983.783377408981323,0,0,0,0,11
1403715983.833377361297607,0,1,0,0,11
1403715983.883377075195312,1,0,0,1,11
1403715983.933377027511597,1,1,0,0,11
1403715983.983376979827881,1,2,0,0,11
1403715984.033377408981323,0,1,0,0,11
1403715984.083377361297607,0,1,0,0,11
1403715984.133378744125366,0,2,0,0,11
1403715984.183378696441650,0,1,0,0,11
1403715984.233378648757935,0,1,0,0,11
1403715984.283378839492798,0,0,0,0,11
1403715984.333378791809082,0,0,0,0,11
1403715984.383378744125366,0,1,0,0,11
1403715984.433378934860229,0,1,0,0,11
1403715984.483378648757935,0,2,0,0,11
1403715984.533379077911377,0,3,0,0,11
1403715984.583378791809082,0,2,0,0,11
1403715984.633378982543945,0,7,0,0,11
1403715984.683379411697388,0,1,0,0,11
1403715984.733379364013672,0,1,0,0,11
1403715984.783378601074219,0,5,0,0,11
1403715984.833378553390503,0,1,0,0,11
1403715984.883378505706787,0,0,0,0,11
1403715984.933378458023071,0,1,0,0,11
1403715984.983378171920776,0,2,0,0,11
1403715985.033378362655640,0,0,0,0,11
1403715985.083378314971924,0,0,0,0,11
1403715985.133378267288208,0,0,0,0,11
1403715985.183378219604492,0,0,0,0,11
1403715985.233378410339355,0,2,0,0,11
1403715985.283378601074219,0,0,0,0,11
1403715985.333378553390503,0,0,0,0,11
1403715985.383378505706787,0,0,0,0,11
1403715985.433378458023071,0,0,0,0,11
1403715985.483378410339355,0,0,0,0,11
1403715985.533378601074219,0,0,0,0,11
1403715985.583378314971924,0,1,0,0,11
1403715985.633378267288208,0,0,0,0,11
1403715985.683378458023071,0,3,0,0,11
1403715985.733378648757935,0,1,0,0,11
1403715985.783378839492798,0,0,0,0,11
1403715985.833378791809082,0,0,0,0,11
1403715985.883379220962524,0,1,0,0,11
1403715985.933379173278809,0,0,0,0,11
1403715985.983379125595093,0,0,0,0,11
1403715986.033379316329956,0,1,0,0,11
1403715986.083379268646240,0,0,0,0,11
1403715986.133379220962524,0,0,0,0,11
1403715986.183379173278809,0,0,0,0,11
1403715986.233379125595093,0,0,0,0,11
1403715986.283379316329956,0,0,0,0,11
1403715986.333379268646240,0,0,0,0,11
1403715986.383379220962524,0,0,0,0,11
1403715986.433379173278809,0,0,0,0,11
1403715986.483379125595093,0,1,0,0,11
1403715986.533379316329956,0,0,0,0,11
1403715986.583379268646240,0,0,0,0,11
1403715986.633379220962524,0,0,0,0,11
1403715986.683379173278809,0,0,0,0,11
1403715986.733379125595093,0,0,0,0,11
1403715986.783379316329956,0,0,0,0,11
1403715986.833379268646240,0,0,0,0,11
1403715986.883379220962524,0,0,0,0,11
1403715986.933379173278809,0,0,0,0,11
1403715986.983379125595093,0,0,0,0,11
1403715987.033379316329956,0,0,0,0,11
1403715987.083379268646240,0,0,0,0,11
1403715987.133379220962524,0,0,0,0,11
1403715987.183379173278809,0,1,0,0,11
1403715987.233379125595093,0,0,0,0,11
1403715987.283379316329956,0,0,0,0,11
1403715987.333379268646240,0,0,0,0,11
1403715987.383379220962524,0,0,0,0,11
1403715987.433379173278809,0,0,0,0,11
1403715987.483379125595093,0,0,0,0,11
1403715987.533379316329956,0,0,0,0,11
1403715987.583379268646240,0,0,0,0,11
1403715987.633379220962524,0,0,0,0,11
1403715987.683379173278809,0,0,0,0,11
1403715987.733379125595093,0,0,0,0,11
1403715987.783379316329956,0,0,0,0,11
1403715987.833379268646240,0,0,0,0,11
1403715987.883379220962524,0,0,0,0,11
1403715987.933379173278809,0,0,0,0,11
1403715987.983379125595093,0,0,0,0,11
1403715988.033379316329956,0,0,0,0,11
1403715988.083379268646240,0,2,0,0,11
1403715988.133379220962524,0,0,0,0,11
1403715988.183379173278809,0,0,0,0,11
1403715988.233379125595093,0,0,0,0,11
1403715988.283379316329956,0,0,0,0,11
1403715988.333379268646240,0,0,0,0,11
1403715988.383379220962524,0,0,0,0,11
1403715988.433379173278809,0,0,0,0,11
1403715988.483379125595093,0,0,0,0,11
1403715988.533379316329956,0,0,0,0,11
1403715988.583379268646240,0,0,0,0,11
1403715988.633379220962524,0,0,0,0,11
1403715988.683379173278809,0,0,0,0,11
1403715988.733379125595093,0,0,0,0,11
1403715988.783379316329956,0,0,0,0,11
1403715988.833379268646240,0,0,0,0,11
1403715988.883379220962524,0,0,0,0,11
1403715988.933379173278809,0,0,0,0,11
1403715988.983379125595093,0,0,0,0,11
1403715989.033379316329956,0,0,0,0,11
1403715989.083379268646240,0,0,0,0,11
1403715989.133379220962524,0,0,0,0,11
1403715989.183379173278809,0,0,0,0,11
1403715989.233379125595093,0,0,0,0,11
1403715989.283379316329956,0,0,0,0,11
1403715989.333379268646240,0,0,0,0,11
1403715989.383379220962524,0,0,0,0,11
1403715989.433379173278809,0,0,0,0,11
1403715989.483379125595093,0,0,0,0,11
1403715989.533379316329956,0,0,0,0,11
1403715989.583379268646240,0,0,0,0,11
1403715989.633379220962524,0,0,0,0,11
1403715989.683379173278809,0,0,0,0,11
1403715989.733379125595093,0,0,0,0,11
1403715989.783379316329956,0,0,0,0,11
1403715989.833379268646240,0,0,0,0,11
1403715989.883379220962524,0,1,0,0,11
1403715989.933379173278809,0,0,0,0,11
1403715989.983379125595093,0,0,0,0,11
1403715990.033379316329956,0,0,0,0,11
1403715990.083379268646240,0,0,0,0,11
1403715990.133379220962524,0,0,0,0,11
1403715990.183379173278809,0,0,0,0,11
1403715990.233379125595093,0,0,0,0,11
1403715990.283379316329956,0,0,0,0,11
1403715990.333379268646240,0,0,0,0,11
1403715990.383379220962524,0,1,0,0,11
1403715990.433379173278809,0,0,0,0,11
1403715990.483379125595093,0,0,0,0,11
1403715990.533379316329956,0,0,0,0,11
1403715990.583379268646240,0,0,0,0,11
1403715990.633379220962524,0,1,0,0,11
1403715990.683379173278809,0,0,0,0,11
1403715990.733379125595093,0,0,0,0,11
1403715990.783379316329956,0,1,0,0,11
1403715990.833379268646240,0,0,0,0,11
1403715990.883379220962524,0,0,0,0,11
1403715990.933379173278809,0,0,0,0,11
1403715990.983379125595093,0,0,0,0,11
1403715991.033379316329956,0,0,0,0,11
1403715991.083379268646240,0,0,0,0,11
1403715991.133379220962524,0,1,0,0,11
1403715991.183379173278809,0,0,0,0,11
1403715991.233379125595093,0,0,0,0,11
1403715991.283379316329956,0,0,0,0,11
1403715991.333379268646240,0,0,0,0,11
1403715991.383379220962524,0,0,0,0,11
1403715991.433379173278809,0,0,0,0,11
1403715991.483379125595093,0,0,0,0,11
1403715991.533379316329956,0,0,0,0,11
1403715991.583379268646240,0,0,0,0,11
1403715991.633379220962524,0,0,0,0,11
1403715991.683379173278809,0,0,0,0,11
1403715991.733379125595093,0,0,0,0,11
1403715991.783379316329956,0,0,0,0,11
1403715991.833379268646240,0,0,0,0,11
1403715991.883379220962524,0,0,0,0,11
1403715991.933379173278809,0,0,0,0,11
1403715991.983379125595093,0,0,0,0,11
1403715992.033379316329956,0,0,0,0,11
1403715992.083379268646240,0,0,0,0,11
1403715992.133379220962524,0,0,0,0,11
1403715992.183379173278809,0,0,0,0,11
1403715992.233379125595093,0,0,0,0,11
1403715992.283379316329956,0,0,0,0,11
1403715992.333379268646240,0,0,0,0,11
1403715992.383379220962524,0,0,0,0,11
1403715992.433379173278809,0,0,0,0,11
1403715992.483379125595093,0,0,0,0,11
1403715992.533379316329956,0,0,0,0,11
1403715992.583379268646240,0,0,0,0,11
1403715992.633379220962524,0,0,0,0,11
1403715992.683379173278809,0,0,0,0,11
1403715992.733379125595093,0,0,0,0,11
1403715992.783379316329956,0,0,0,0,11
1403715992.833379268646240,0,0,0,0,11
1403715992.883379220962524,0,0,0,0,11
1403715992.933379173278809,0,0,0,0,11
1403715992.983379125595093,0,0,0,0,11
1403715993.033379316329956,0,0,0,0,11
1403715993.083379268646240,0,0,0,0,11
1403715993.133379220962524,0,0,0,0,11
1403715993.183379173278809,0,0,0,0,11
1403715993.233379125595093,0,0,0,0,11
1403715993.283379316329956,0,0,0,0,11
1403715993.333379268646240,0,0,0,0,11
1403715993.383379220962524,0,0,0,0,11
1403715993.433379173278809,0,0,0,0,11
1403715993.483379125595093,0,0,0,0,11
1403715993.533379316329956,0,0,0,0,11
1403715993.583379268646240,0,0,0,0,11
1403715993.633379220962524,0,0,0,0,11
1403715993.683379173278809,0,0,0,0,11
1403715993.733379125595093,0,0,0,0,11
1403715993.783379316329956,0,0,0,0,11
1403715993.833379268646240,0,0,0,0,11
1403715993.883379220962524,0,0,0,0,11
1403715993.933379173278809,0,0,0,0,11
1403715993.983379125595093,0,0,0,0,11
