# timestamp (sec),slam_feats_in_state,msckf_feats_used,slam_feats_updated,slam_feats_delayed_init,clones
1413393890.048689126968384,0,9,0,0,5
1413393890.105455636978149,16,12,0,16,6
1413393890.155459880828857,16,0,16,0,7
1413393890.205769777297974,16,1,16,0,8
1413393890.256088256835938,16,1,16,0,9
1413393890.306560277938843,16,2,16,0,10
1413393890.356852293014526,16,0,16,0,11
1413393890.406888246536255,15,4,14,0,11
1413393890.456437349319458,18,2,14,3,11
1413393890.506328821182251,17,1,17,0,11
1413393890.556057929992676,28,1,17,11,11
1413393890.606140136718750,34,0,25,9,11
1413393890.656535148620605,37,1,34,3,11
1413393890.706751585006714,50,5,37,13,11
1413393890.756868600845337,50,6,50,0,11
1413393890.806906223297119,50,0,50,0,11
1413393890.856865167617798,50,2,50,0,11
1413393890.906856060028076,50,0,50,0,11
1413393890.956805944442749,50,2,50,0,11
1413393891.006766319274902,50,3,50,0,11
1413393891.056724071502686,50,3,50,0,11
1413393891.106650352478027,50,5,50,0,11
1413393891.156637907028198,50,4,50,0,11
1413393891.206620454788208,50,2,50,0,11
1413393891.256609916687012,50,0,50,0,11
1413393891.306812524795532,50,4,50,0,11
1413393891.356990575790405,45,8,44,0,11
1413393891.406933784484863,45,4,39,5,11
1413393891.456804037094116,44,1,40,2,11
1413393891.506654977798462,39,2,37,0,11
1413393891.556526660919189,38,1,37,1,11
1413393891.606351613998413,39,0,38,1,11
1413393891.656173944473267,44,0,39,5,11
1413393891.706066846847534,48,0,44,4,11
1413393891.755977869033813,49,0,48,1,11
1413393891.805905103683472,48,1,47,0,11
1413393891.855862617492676,48,0,45,0,11
1413393891.905791521072388,50,2,45,3,11
1413393891.955743789672852,49,8,46,1,11
1413393892.005717754364014,48,16,45,1,11
1413393892.055733919143677,49,3,43,3,11
1413393892.105780124664307,48,4,43,0,11
1413393892.155776500701904,47,0,43,2,11
1413393892.205729246139526,46,0,45,1,11
1413393892.255685329437256,45,0,44,0,11
1413393892.305649280548096,45,5,44,0,11
1413393892.355633497238159,44,3,44,0,11
1413393892.405605077743530,48,5,43,4,11
1413393892.455568313598633,48,0,46,0,11
1413393892.505543231964111,45,2,43,0,11
1413393892.555514097213745,45,12,40,4,11
1413393892.605534791946411,46,5,42,2,11
1413393892.655541658401489,45,1,42,2,11
1413393892.705550432205200,47,11,42,5,11
1413393892.755574464797974,48,4,44,2,11
1413393892.805568933486938,45,4,38,2,11
1413393892.855571031570435,46,3,40,3,11
1413393892.905566215515137,42,2,41,0,11
1413393892.955563545227051,42,5,38,2,11
1413393893.005578517913818,44,6,37,6,11
1413393893.055592536926270,39,5,38,0,11
1413393893.105605363845825,37,3,36,0,11
1413393893.155642986297607,45,1,36,9,11
1413393893.205631256103516,49,8,44,5,11
1413393893.255637407302856,49,0,49,0,11
1413393893.305631399154663,50,0,48,1,11
1413393893.355613708496094,50,3,49,0,11
1413393893.405625343322754,49,17,47,0,11
1413393893.455618619918823,49,29,47,1,11
1413393893.505610466003418,48,2,48,0,11
1413393893.555600881576538,48,0,46,1,11
1413393893.605582952499390,48,0,45,2,11
1413393893.655565023422241,47,3,45,2,11
1413393893.705559015274048,47,2,46,0,11
1413393893.755557775497437,47,1,44,1,11
1413393893.805561065673828,47,10,42,2,11
1413393893.855562210083008,42,8,39,0,11
1413393893.905566930770874,37,10,35,0,11
1413393893.955565214157104,36,8,33,2,11
1413393894.005562067031860,42,7,33,8,11
1413393894.055567026138306,47,8,37,7,11
1413393894.105567693710327,44,2,41,1,11
1413393894.155578613281250,42,1,38,1,11
1413393894.205578565597534,39,8,35,0,11
1413393894.255583524703979,33,1,30,1,11
1413393894.305587768554688,32,2,30,1,11
1413393894.355590820312500,29,7,27,0,11
1413393894.405596256256104,37,0,25,9,11
1413393894.455592870712280,38,0,34,3,11
1413393894.505588531494141,41,2,37,4,11
1413393894.555589199066162,44,2,41,3,11
1413393894.605588674545288,47,3,44,3,11
1413393894.655585050582886,49,6,46,2,11
1413393894.705581426620483,46,5,43,1,11
1413393894.755584716796875,46,3,42,1,11
1413393894.805580377578735,47,1,43,2,11
1413393894.855579614639282,48,7,43,3,11
1413393894.905573368072510,49,3,46,1,11
1413393894.955560445785522,49,4,47,2,11
1413393895.005553007125854,48,1,46,1,11
1413393895.055544853210449,49,2,46,2,11
1413393895.105543136596680,50,2,48,2,11
1413393895.155548572540283,50,6,50,0,11
1413393895.205545902252197,49,3,48,0,11
1413393895.255544662475586,46,5,42,1,11
1413393895.305544376373291,46,4,37,5,11
1413393895.355539560317993,45,3,41,3,11
1413393895.405534744262695,44,2,40,2,11
1413393895.455533266067505,47,2,40,5,11
1413393895.505537033081055,48,5,44,4,11
1413393895.555540561676025,46,7,43,2,11
1413393895.605544328689575,46,1,44,0,11
1413393895.655549049377441,43,9,40,2,11
1413393895.705564260482788,40,2,36,2,11
1413393895.755567550659180,36,3,30,2,11
1413393895.805567741394043,36,5,29,4,11
1413393895.855565071105957,33,5,30,1,11
1413393895.905567169189453,29,7,28,1,11
1413393895.955563545227051,29,0,27,2,11
1413393896.005563735961914,29,1,26,1,11
1413393896.055563926696777,27,4,24,0,11
1413393896.105566740036011,32,6,20,7,11
1413393896.155571699142456,31,3,25,2,11
1413393896.205569982528687,29,1,25,2,11
1413393896.255573749542236,29,0,25,0,11
1413393896.305581808090210,26,0,24,0,11
1413393896.355590820312500,26,0,22,2,11
1413393896.405601024627686,26,1,24,0,11
1413393896.455616712570190,31,2,23,7,11
1413393896.505620002746582,31,1,26,2,11
1413393896.555623531341553,33,1,25,5,11
1413393896.605623722076416,35,5,28,5,11
1413393896.655624628067017,34,1,33,0,11
1413393896.705624103546143,34,2,30,1,11
1413393896.755626201629639,35,2,30,1,11
1413393896.805622339248657,33,1,30,1,11
1413393896.855622529983521,35,1,28,3,11
1413393896.905626535415649,36,1,31,2,11
1413393896.955631017684937,40,0,31,7,11
1413393897.005629777908325,39,0,35,0,11
1413393897.055620670318604,39,0,31,3,11
1413393897.105612277984619,38,2,34,2,11
1413393897.155607223510742,38,1,35,3,11
1413393897.205606460571289,43,3,38,5,11
1413393897.255597352981567,44,0,42,1,11
1413393897.305602312088013,45,1,42,2,11
1413393897.355603456497192,45,1,40,2,11
1413393897.405591964721680,48,1,42,4,11
1413393897.455608129501343,46,5,42,3,11
1413393897.505618095397949,49,1,42,4,11
1413393897.555634737014771,50,2,44,2,11
1413393897.605641365051270,49,0,46,1,11
1413393897.655650615692139,49,2,47,2,11
1413393897.705662727355957,48,1,48,0,11
1413393897.755672931671143,50,6,48,2,11
1413393897.805684328079224,49,7,49,0,11
1413393897.855693578720093,49,0,48,0,11
1413393897.905699491500854,49,1,46,1,11
1413393897.955734252929688,48,6,44,2,11
1413393898.005742788314819,46,1,44,1,11
1413393898.055777311325073,46,6,41,3,11
1413393898.105780124664307,45,0,41,2,11
1413393898.155781984329224,40,1,39,0,11
1413393898.205784797668457,34,10,30,2,11
1413393898.255783796310425,35,6,31,1,11
1413393898.305784463882446,32,5,29,3,11
1413393898.355793714523315,33,6,28,3,11
1413393898.405797243118286,33,0,28,1,11
1413393898.455799579620361,22,7,19,0,11
1413393898.505807161331177,19,1,19,0,11
1413393898.555824041366577,21,1,18,2,11
1413393898.605826854705811,21,15,20,0,11
1413393898.655823707580566,21,4,20,1,11
1413393898.705842494964600,22,8,19,1,11
1413393898.755841732025146,22,2,20,0,11
1413393898.805840969085693,21,2,19,1,11
1413393898.855848073959351,21,1,18,1,11
1413393898.905849695205688,14,3,13,0,11
1413393898.955856084823608,13,3,11,0,11
1413393899.005865097045898,14,2,10,1,11
1413393899.055879116058350,16,1,11,4,11
1413393899.105886220932007,16,2,13,1,11
1413393899.155928850173950,20,3,15,4,11
1413393899.205920696258545,23,10,10,4,11
1413393899.255914211273193,30,8,15,7,11
1413393899.305918216705322,27,22,14,4,11
1413393899.355919599533081,23,1,17,1,11
1413393899.405920505523682,14,1,12,1,11
1413393899.455925941467285,14,1,11,3,11
1413393899.505927801132202,10,3,10,0,11
1413393899.555920600891113,7,4,7,0,11
1413393899.605911493301392,4,1,4,0,11
1413393899.655905961990356,4,0,2,2,11
1413393899.705904960632324,4,2,4,0,11
1413393899.755913972854614,4,0,4,0,11
1413393899.805942296981812,7,8,3,3,11
1413393899.855951547622681,8,13,3,1,11
1413393899.905953884124756,7,0,1,0,11
1413393899.955955266952515,5,1,2,1,11
1413393900.005953788757324,3,3,3,0,11
1413393900.055957078933716,4,3,2,1,11
1413393900.105955839157104,4,3,3,0,11
1413393900.155953645706177,2,3,2,0,11
1413393900.205954551696777,2,2,2,0,11
1413393900.255954265594482,2,1,2,0,11
1413393900.305966377258301,3,7,2,1,11
1413393900.355999469757080,5,12,2,2,11
1413393900.406010389328003,6,8,4,1,11
1413393900.456005334854126,6,11,4,2,11
1413393900.506002426147461,9,10,5,4,11
1413393900.555998325347900,11,11,9,2,11
1413393900.606003284454346,13,6,10,2,11
1413393900.656007289886475,13,6,10,1,11
1413393900.706001281738281,17,4,10,6,11
1413393900.756006717681885,19,4,13,5,11
1413393900.806010484695435,20,3,18,1,11
1413393900.856031417846680,21,2,17,4,11
1413393900.906040430068970,21,3,21,0,11
1413393900.956046342849731,21,4,20,1,11
1413393901.006052255630493,24,8,20,3,11
1413393901.056069850921631,27,13,21,5,11
1413393901.106070995330811,27,8,25,1,11
1413393901.156071424484253,24,2,22,1,11
1413393901.206067323684692,24,2,22,1,11
1413393901.256063222885132,23,2,23,0,11
1413393901.306059122085571,24,5,22,2,11
1413393901.356054306030273,20,6,20,0,11
1413393901.406053781509399,19,12,19,0,11
1413393901.456063032150269,19,3,19,0,11
1413393901.506064891815186,19,1,19,0,11
1413393901.556069612503052,18,7,17,0,11
1413393901.606068849563599,20,0,17,2,11
1413393901.656060934066772,27,1,19,8,11
1413393901.706063508987427,35,3,26,8,11
1413393901.756072521209717,39,6,32,4,11
1413393901.806072235107422,45,11,36,7,11
1413393901.856071233749390,47,3,41,2,11
1413393901.906079053878784,43,1,41,2,11
1413393901.956083536148071,44,0,42,1,11
1413393902.006083965301514,47,2,41,5,11
1413393902.056083679199219,49,0,46,3,11
1413393902.106085538864136,49,2,48,1,11
1413393902.156088829040527,49,2,49,0,11
1413393902.206088781356812,48,3,47,1,11
1413393902.256086587905884,48,9,46,1,11
1413393902.306087017059326,46,3,44,0,11
1413393902.356087684631348,42,1,42,0,11
1413393902.406090497970581,45,7,37,6,11
1413393902.456090688705444,44,3,42,1,11
1413393902.506091833114624,47,3,41,5,11
1413393902.556092977523804,47,2,45,0,11
1413393902.606095790863037,47,1,45,1,11
1413393902.656095981597900,44,3,44,0,11
1413393902.706096172332764,45,4,44,1,11
1413393902.756096363067627,47,3,43,4,11
1413393902.806097030639648,47,5,46,0,11
1413393902.856092691421509,45,8,42,1,11
1413393902.906089544296265,40,7,39,1,11
1413393902.956090211868286,42,1,37,3,11
1413393903.006088018417358,40,1,36,2,11
1413393903.056087970733643,40,3,36,4,11
1413393903.106089115142822,40,2,40,0,11
1413393903.156091451644897,38,3,37,1,11
1413393903.206094264984131,40,1,36,2,11
1413393903.256094455718994,38,2,35,1,11
1413393903.306092977523804,37,5,33,3,11
1413393903.356096267700195,37,3,34,1,11
1413393903.406094074249268,36,0,34,1,11
1413393903.456090450286865,42,3,34,6,11
1413393903.506089210510254,43,3,39,2,11
1413393903.556090831756592,48,2,41,6,11
1413393903.606090784072876,47,1,43,1,11
1413393903.656094551086426,45,1,40,2,11
1413393903.706097841262817,43,1,39,1,11
1413393903.756100893020630,39,0,32,3,11
1413393903.806101322174072,44,0,34,9,11
1413393903.856104373931885,49,1,42,7,11
1413393903.906105756759644,48,1,46,0,11
1413393903.956107616424561,48,1,45,1,11
1413393904.006108760833740,48,6,45,2,11
1413393904.056111574172974,48,1,47,0,11
1413393904.106110095977783,47,4,45,2,11
1413393904.156103372573853,49,4,47,2,11
1413393904.206089735031128,50,5,48,1,11
1413393904.256075382232666,50,5,49,0,11
1413393904.306066036224365,50,3,49,1,11
1413393904.356062412261963,49,4,48,0,11
1413393904.406060457229614,47,4,46,1,11
1413393904.456058979034424,48,0,45,1,11
1413393904.506058454513550,48,2,46,1,11
1413393904.556058406829834,49,4,44,2,11
1413393904.606061935424805,47,11,43,1,11
1413393904.656065464019775,43,2,42,0,11
1413393904.706071376800537,48,0,42,6,11
1413393904.756070613861084,47,1,46,0,11
1413393904.806071519851685,49,7,45,3,11
1413393904.856065750122070,49,3,46,1,11
1413393904.906061410903931,46,2,45,1,11
1413393904.956053495407104,48,5,42,4,11
1413393905.006045818328857,47,2,42,3,11
1413393905.056035995483398,40,4,33,4,11
1413393905.106033563613892,37,1,34,1,11
1413393905.156032562255859,33,1,31,2,11
1413393905.206037998199463,35,1,27,5,11
1413393905.256040334701538,36,1,31,2,11
1413393905.306041240692139,35,0,32,2,11
1413393905.356043100357056,37,4,32,5,11
1413393905.406043052673340,41,2,37,4,11
1413393905.456042289733887,38,3,38,0,11
1413393905.506041526794434,38,4,37,0,11
1413393905.556042432785034,41,2,36,3,11
1413393905.606042385101318,40,5,36,2,11
1413393905.656040668487549,46,2,38,7,11
1413393905.706039905548096,48,0,42,3,11
1413393905.756040096282959,49,0,45,1,11
1413393905.806038379669189,47,5,45,2,11
1413393905.856037855148315,47,5,46,1,11
1413393905.906036615371704,49,2,45,3,11
1413393905.956036090850830,47,1,45,0,11
1413393906.006036281585693,50,7,44,4,11
1413393906.056034088134766,50,0,45,1,11
1413393906.106030225753784,47,4,39,0,11
1413393906.156026840209961,45,1,38,1,11
1413393906.206021547317505,44,6,37,5,11
1413393906.256018400192261,43,3,41,0,11
1413393906.306019306182861,38,2,37,0,11
1413393906.356022596359253,38,2,36,0,11
1413393906.406028747558594,38,3,34,2,11
1413393906.456041336059570,40,3,33,6,11
1413393906.506046056747437,38,2,35,1,11
1413393906.556049585342407,37,0,34,0,11
1413393906.606048107147217,40,0,34,5,11
1413393906.656045913696289,42,1,39,3,11
1413393906.706047534942627,44,1,39,3,11
1413393906.756048440933228,45,2,42,1,11
1413393906.806050062179565,46,2,41,4,11
1413393906.856050729751587,47,0,45,1,11
1413393906.906052350997925,48,1,46,2,11
1413393906.956049919128418,50,3,47,2,11
1413393907.006050586700439,50,0,49,0,11
1413393907.056045055389404,50,5,49,1,11
1413393907.106034755706787,50,3,50,0,11
1413393907.156021356582642,50,1,50,0,11
1413393907.206009864807129,50,8,49,0,11
1413393907.256000995635986,50,1,49,0,11
1413393907.305993795394897,50,0,48,1,11
1413393907.355986118316650,50,1,48,0,11
1413393907.405977249145508,49,4,48,0,11
1413393907.455974817276001,49,3,48,0,11
1413393907.505978822708130,49,0,48,1,11
1413393907.555975675582886,50,1,49,1,11
1413393907.605965375900269,50,1,50,0,11
1413393907.655953407287598,50,3,50,0,11
1413393907.705942630767822,50,2,50,0,11
1413393907.755930185317993,50,3,50,0,11
1413393907.805913209915161,50,6,49,0,11
1413393907.855907440185547,50,0,49,0,11
1413393907.905898094177246,49,0,49,0,11
1413393907.955897569656372,50,0,49,1,11
1413393908.005901098251343,50,4,50,0,11
1413393908.055905580520630,50,2,49,0,11
1413393908.105910301208496,50,0,49,0,11
1413393908.155910968780518,50,1,49,1,11
1413393908.205910205841064,50,1,49,0,11
1413393908.255910634994507,50,4,49,0,11
1413393908.305916547775269,50,10,49,1,11
1413393908.355924606323242,50,5,50,0,11
1413393908.405925035476685,50,15,50,0,11
1413393908.455914974212646,50,0,49,0,11
1413393908.505909442901611,50,1,49,0,11
1413393908.555905818939209,50,0,48,1,11
1413393908.605904340744019,50,4,48,0,11
1413393908.655904293060303,50,3,48,1,11
1413393908.705911636352539,49,0,49,0,11
1413393908.755918025970459,49,0,48,1,11
1413393908.805923461914062,50,0,49,1,11
1413393908.855924844741821,50,2,50,0,11
1413393908.905922412872314,50,7,50,0,11
1413393908.955925464630127,50,8,50,0,11
1413393909.005935192108154,50,9,50,0,11
1413393909.055944919586182,50,2,50,0,11
1413393909.105954408645630,50,1,50,0,11
1413393909.155965089797974,50,1,50,0,11
1413393909.205974340438843,50,5,50,0,11
1413393909.255978822708130,50,3,50,0,11
1413393909.305980205535889,50,1,49,0,11
1413393909.355990648269653,50,8,49,0,11
1413393909.405990362167358,49,0,48,0,11
1413393909.455991029739380,50,2,48,1,11
1413393909.505990028381348,49,7,49,0,11
1413393909.555989265441895,48,2,48,0,11
1413393909.605987310409546,50,5,48,2,11
1413393909.655984401702881,50,0,50,0,11
1413393909.705982208251953,50,1,49,0,11
1413393909.755979776382446,48,7,45,0,11
1413393909.805978298187256,47,3,42,2,11
1413393909.855976819992065,44,0,38,2,11
1413393909.905975341796875,44,0,39,2,11
1413393909.955974102020264,47,1,40,6,11
1413393910.005974292755127,44,0,42,0,11
1413393910.055969953536987,47,2,42,4,11
1413393910.105971574783325,47,5,40,3,11
1413393910.155973672866821,47,0,43,2,11
1413393910.205975770950317,47,4,44,2,11
1413393910.255978107452393,46,2,45,0,11
1413393910.305979013442993,45,1,45,0,11
1413393910.355983018875122,49,12,44,4,11
1413393910.405982971191406,49,4,45,1,11
1413393910.455983400344849,47,3,46,1,11
1413393910.505981683731079,44,3,42,0,11
1413393910.555979013442993,46,1,41,4,11
1413393910.605977296829224,45,4,42,0,11
1413393910.655973911285400,50,11,43,5,11
1413393910.705970525741577,49,13,46,1,11
1413393910.755966663360596,48,3,46,1,11
1413393910.805963754653931,47,9,44,1,11
1413393910.855961561203003,47,5,44,0,11
1413393910.905957460403442,47,4,42,3,11
1413393910.955950260162354,47,7,43,3,11
1413393911.005949020385742,46,2,40,2,11
1413393911.055947303771973,45,2,40,1,11
1413393911.105947732925415,40,3,37,1,11
1413393911.155947685241699,37,0,36,0,11
1413393911.205948829650879,36,5,35,1,11
1413393911.255949258804321,36,2,35,0,11
1413393911.305948257446289,44,2,34,9,11
1413393911.355949401855469,44,4,41,1,11
1413393911.405949354171753,46,5,39,5,11
1413393911.455949783325195,48,10,43,3,11
1413393911.505947828292847,46,5,43,1,11
1413393911.555945396423340,44,7,38,1,11
1413393911.605944871902466,45,8,34,5,11
1413393911.655948877334595,42,2,35,2,11
1413393911.705946445465088,42,2,34,3,11
1413393911.755937576293945,49,6,33,10,11
1413393911.805930137634277,48,4,40,1,11
1413393911.855930566787720,48,2,38,4,11
1413393911.905926942825317,46,6,39,1,11
1413393911.955924749374390,41,8,35,1,11
1413393912.005925893783569,43,3,36,5,11
1413393912.055923938751221,42,4,36,4,11
1413393912.105920791625977,41,1,37,0,11
1413393912.155905246734619,46,2,32,10,11
1413393912.205900907516479,41,2,33,0,11
1413393912.255896329879761,42,5,29,7,11
1413393912.305892705917358,36,4,31,0,11
1413393912.355890512466431,34,7,30,2,11
1413393912.405887603759766,32,3,28,1,11
1413393912.455885887145996,35,4,27,5,11
1413393912.505885839462280,30,2,27,1,11
1413393912.555885553359985,27,3,18,4,11
1413393912.605888128280640,20,5,17,0,11
1413393912.655892133712769,16,10,12,1,11
1413393912.705894470214844,14,7,12,2,11
1413393912.755893945693970,14,2,14,0,11
1413393912.805896282196045,12,6,12,0,11
1413393912.855897665023804,11,5,10,0,11
1413393912.905898809432983,16,2,9,6,11
1413393912.955898046493530,18,1,15,3,11
1413393913.005898237228394,17,4,17,0,11
1413393913.055899143218994,24,3,16,8,11
1413393913.105899572372437,27,4,24,3,11
1413393913.155894994735718,33,2,26,6,11
1413393913.205892562866211,40,0,30,8,11
1413393913.255888938903809,44,3,36,8,11
1413393913.305886745452881,44,4,43,0,11
1413393913.355886936187744,42,6,41,0,11
1413393913.405883789062500,48,3,40,7,11
1413393913.455881357192993,47,7,43,3,11
1413393913.505877017974854,47,2,44,1,11
1413393913.555873870849609,45,5,43,1,11
1413393913.605871200561523,40,2,37,2,11
1413393913.655868291854858,35,3,34,0,11
1413393913.705868482589722,35,1,32,1,11
1413393913.755870819091797,32,2,20,0,11
1413393913.805873870849609,33,1,9,3,11
1413393913.855874300003052,28,0,5,7,11
1413393913.905879497528076,25,5,11,9,11
1413393913.955894231796265,33,4,18,13,11
1413393914.005901098251343,31,11,24,1,11
1413393914.055911064147949,31,9,20,2,11
1413393914.105916023254395,29,3,18,5,11
1413393914.155922174453735,26,1,17,4,11
1413393914.205933094024658,29,7,18,7,11
1413393914.255938529968262,25,1,21,0,11
1413393914.305955171585083,35,3,20,13,11
1413393914.355957031250000,36,1,29,6,11
1413393914.405955791473389,33,1,32,0,11
1413393914.455955266952515,38,7,29,9,11
1413393914.505951881408691,37,3,36,0,11
1413393914.555951118469238,34,1,34,0,11
1413393914.605955362319946,42,1,32,8,11
1413393914.655956983566284,40,2,38,0,11
1413393914.705956459045410,43,1,35,6,11
1413393914.755956411361694,41,2,39,0,11
1413393914.805955410003662,48,2,39,8,11
1413393914.855955123901367,48,0,45,1,11
1413393914.905954599380493,46,8,44,1,11
1413393914.955952167510986,42,1,42,0,11
1413393915.005949974060059,46,0,42,4,11
1413393915.055948972702026,48,5,44,3,11
1413393915.105949163436890,46,3,46,0,11
1413393915.155949354171753,45,2,45,0,11
1413393915.205950975418091,50,6,44,5,11
1413393915.255952596664429,50,3,48,0,11
1413393915.305955171585083,48,15,47,0,11
1413393915.355957269668579,47,1,47,0,11
1413393915.405958652496338,45,6,45,0,11
1413393915.455958604812622,43,2,43,0,11
1413393915.505958080291748,48,0,42,6,11
1413393915.555956840515137,47,2,47,0,11
1413393915.605957269668579,50,9,47,3,11
1413393915.655956506729126,47,7,46,0,11
1413393915.705956220626831,47,4,46,0,11
1413393915.755954742431641,41,1,40,1,11
1413393915.805953502655029,42,1,40,1,11
1413393915.855952739715576,43,2,39,2,11
1413393915.905952453613281,47,3,41,5,11
1413393915.955952167510986,48,3,45,3,11
1413393916.005953073501587,47,3,46,0,11
1413393916.055954217910767,50,1,46,3,11
1413393916.105954885482788,50,1,48,1,11
1413393916.155955076217651,50,5,49,0,11
1413393916.205955743789673,49,3,48,1,11
1413393916.255955934524536,47,6,46,1,11
1413393916.305955648422241,49,5,45,3,11
1413393916.355953931808472,47,0,47,0,11
1413393916.405951738357544,44,2,42,1,11
1413393916.455949306488037,44,0,39,2,11
1413393916.505946636199951,46,1,35,5,11
1413393916.555944204330444,45,1,37,2,11
1413393916.605943679809570,41,2,34,2,11
1413393916.655943155288696,42,0,34,3,11
1413393916.705942630767822,43,0,36,4,11
1413393916.755941629409790,46,0,40,6,11
1413393916.805940628051758,49,4,45,3,11
1413393916.855942010879517,50,3,47,1,11
1413393916.905942916870117,46,6,45,0,11
1413393916.955945730209351,43,4,43,0,11
1413393917.005949258804321,41,1,39,0,11
1413393917.055952548980713,42,0,38,1,11
1413393917.105953693389893,41,1,39,1,11
1413393917.155951976776123,40,2,36,1,11
1413393917.205950736999512,41,3,36,1,11
1413393917.255946636199951,37,2,35,0,11
1413393917.305941343307495,38,1,34,3,11
1413393917.355938673019409,39,1,36,3,11
1413393917.405936717987061,42,1,37,4,11
1413393917.455931901931763,45,2,38,6,11
1413393917.505930900573730,45,0,41,1,11
1413393917.555929660797119,45,0,40,2,11
1413393917.605927944183350,48,1,38,5,11
1413393917.655927658081055,41,1,37,0,11
1413393917.705927371978760,36,1,32,0,11
1413393917.755928754806519,39,0,29,7,11
1413393917.805930376052856,35,0,31,0,11
1413393917.855931043624878,32,2,31,0,11
1413393917.905930995941162,32,3,29,1,11
1413393917.955930948257446,32,0,26,0,11
1413393918.005930900573730,31,2,26,1,11
1413393918.055930614471436,28,0,25,3,11
1413393918.105931043624878,28,0,27,0,11
1413393918.155930519104004,24,2,23,0,11
1413393918.205930709838867,27,0,23,3,11
1413393918.255932331085205,29,0,26,3,11
1413393918.305933475494385,30,0,27,2,11
1413393918.355934381484985,31,0,29,1,11
1413393918.405934333801270,32,1,29,2,11
1413393918.455934524536133,33,0,28,4,11
1413393918.505935192108154,29,4,21,8,11
1413393918.555935621261597,30,0,28,1,11
1413393918.605936765670776,25,0,23,0,11
1413393918.655936479568481,20,1,16,1,11
1413393918.705937147140503,14,2,10,2,11
1413393918.755938053131104,17,5,9,6,11
1413393918.805938243865967,17,5,12,3,11
1413393918.855937957763672,14,3,11,1,11
1413393918.905938386917114,12,4,9,1,11
1413393918.955939292907715,14,2,6,5,11
1413393919.005939960479736,14,3,8,4,11
1413393919.055937767028809,13,4,11,1,11
1413393919.105934143066406,12,5,7,4,11
1413393919.155931949615479,13,4,11,1,11
1413393919.205929756164551,12,7,9,2,11
1413393919.255926609039307,15,6,8,5,11
1413393919.305926322937012,11,6,10,1,11
1413393919.355925559997559,12,5,11,1,11
1413393919.405924558639526,15,5,10,5,11
1413393919.455924510955811,15,4,11,1,11
1413393919.505922317504883,17,4,12,2,11
1413393919.555922031402588,16,6,12,4,11
1413393919.605922698974609,16,1,13,3,11
1413393919.655923843383789,20,2,15,4,11
1413393919.705924034118652,21,0,17,4,11
1413393919.755925178527832,23,2,19,4,11
1413393919.805926322937012,25,2,23,2,11
1413393919.855926990509033,38,2,25,13,11
1413393919.905928373336792,40,2,37,3,11
1413393919.955928087234497,42,0,36,4,11
1413393920.005927324295044,40,4,38,1,11
1413393920.055926561355591,37,5,34,3,11
1413393920.105925559997559,37,3,35,2,11
1413393920.155925035476685,38,6,33,4,11
1413393920.205925226211548,44,0,37,6,11
1413393920.255924224853516,43,0,43,0,11
1413393920.305923700332642,46,0,43,3,11
1413393920.355924367904663,49,4,46,3,11
1413393920.405924081802368,48,1,43,1,11
1413393920.455923557281494,46,1,40,1,11
1413393920.505922317504883,46,0,41,4,11
1413393920.555921554565430,45,3,42,1,11
1413393920.605919837951660,49,3,42,5,11
1413393920.655918836593628,48,6,47,1,11
1413393920.705916643142700,49,7,47,2,11
1413393920.755915164947510,50,9,48,1,11
1413393920.805912971496582,49,8,48,0,11
1413393920.855911731719971,48,1,48,0,11
1413393920.905911207199097,47,0,47,0,11
1413393920.955911636352539,48,8,45,2,11
1413393921.005911827087402,49,4,46,1,11
1413393921.055912256240845,46,8,43,1,11
1413393921.105911731719971,46,1,43,2,11
1413393921.155910015106201,48,6,43,5,11
1413393921.205909252166748,46,2,44,1,11
1413393921.255907297134399,48,1,43,2,11
1413393921.305905342102051,49,3,44,3,11
1413393921.355903625488281,46,8,45,1,11
1413393921.405900716781616,47,4,44,2,11
1413393921.455897331237793,50,9,45,3,11
1413393921.505896091461182,49,15,48,0,11
1413393921.555895090103149,50,6,45,2,11
1413393921.605895519256592,50,0,47,0,11
1413393921.655897378921509,47,8,47,0,11
1413393921.705898761749268,48,1,47,1,11
1413393921.755900144577026,49,2,48,1,11
1413393921.805900335311890,49,1,49,0,11
1413393921.855899810791016,49,23,48,1,11
1413393921.905899763107300,50,0,47,1,11
1413393921.955900430679321,48,6,48,0,11
1413393922.005900859832764,47,2,45,1,11
1413393922.055902957916260,50,5,45,3,11
1413393922.105903387069702,49,12,47,0,11
1413393922.155906915664673,49,3,47,1,11
1413393922.205907583236694,49,0,48,1,11
1413393922.255909919738770,46,10,44,1,11
1413393922.305909395217896,45,3,45,0,11
1413393922.355908632278442,45,2,43,1,11
1413393922.405907154083252,43,1,41,0,11
1413393922.455907344818115,41,17,33,7,11
1413393922.505906820297241,41,2,37,0,11
1413393922.555906295776367,44,2,36,6,11
1413393922.605906486511230,43,2,41,1,11
1413393922.655906438827515,44,4,42,1,11
1413393922.705907344818115,45,14,41,2,11
1413393922.755907773971558,49,3,43,4,11
1413393922.805906295776367,49,9,46,2,11
1413393922.855905055999756,49,4,48,1,11
1413393922.905903816223145,48,2,48,0,11
1413393922.955901384353638,48,1,46,0,11
1413393923.005899906158447,50,8,46,2,11
1413393923.055896997451782,48,10,46,1,11
1413393923.105898380279541,46,3,42,0,11
1413393923.155901193618774,42,4,41,0,11
1413393923.205903530120850,46,7,40,5,11
1413393923.255904197692871,45,8,43,0,11
1413393923.305903434753418,46,10,43,3,11
1413393923.355902910232544,43,3,40,0,11
1413393923.405901432037354,44,7,37,2,11
1413393923.455898523330688,41,9,33,3,11
1413393923.505896806716919,37,6,32,0,11
1413393923.555895090103149,31,12,28,1,11
1413393923.605895996093750,30,9,27,1,11
1413393923.655897140502930,32,9,25,3,11
1413393923.705902814865112,32,17,29,0,11
1413393923.755909204483032,30,7,26,1,11
1413393923.805911064147949,29,5,27,1,11
1413393923.855913639068604,25,3,22,1,11
1413393923.905916929244995,25,10,21,2,11
1413393923.955922842025757,25,6,22,3,11
1413393924.055922985076904,20,11,19,0,11
1413393924.105923652648926,21,4,17,2,11
1413393924.155924320220947,21,8,18,2,11
1413393924.205924987792969,20,8,19,0,11
1413393924.255926132202148,19,9,15,2,11
1413393924.305926799774170,18,7,14,0,11
1413393924.355926275253296,18,8,13,2,11
1413393924.405927658081055,17,5,13,3,11
1413393924.455926895141602,17,7,14,1,11
1413393924.505925655364990,18,9,11,4,11
1413393924.555926322937012,18,11,15,2,11
1413393924.605927467346191,20,11,16,3,11
1413393924.655927181243896,27,9,17,7,11
1413393924.705926895141602,26,9,19,2,11
1413393924.755927562713623,23,5,16,1,11
1413393924.805926561355591,22,3,15,5,11
1413393924.855925559997559,22,4,18,3,11
1413393924.905916929244995,23,10,18,3,11
1413393924.955916166305542,22,4,16,2,11
1413393925.005916357040405,19,3,14,1,11
1413393925.055915117263794,13,6,10,2,11
1413393925.105914592742920,13,5,11,1,11
1413393925.155912876129150,14,7,9,3,11
1413393925.205911636352539,14,3,8,2,11
1413393925.255910158157349,14,6,7,1,11
1413393925.305909633636475,11,0,4,1,11
1413393925.355908870697021,9,9,3,3,11
1413393925.405908346176147,7,11,5,1,11
1413393925.455908536911011,7,11,6,0,11
1413393925.505908489227295,8,1,6,2,11
1413393925.555908918380737,10,8,6,3,11
1413393925.605909109115601,10,6,8,0,11
1413393925.655907154083252,10,4,8,1,11
1413393925.705907106399536,10,3,7,2,11
1413393925.755908012390137,11,8,8,2,11
1413393925.805909156799316,10,11,6,4,11
1413393925.855910062789917,17,6,10,7,11
1413393925.905910491943359,18,7,17,1,11
1413393925.955909967422485,20,5,17,3,11
1413393926.005909442901611,20,8,19,1,11
1413393926.055908918380737,24,4,19,5,11
1413393926.105909824371338,24,4,22,1,11
1413393926.155910015106201,24,7,23,0,11
1413393926.205910921096802,29,0,23,6,11
1413393926.255911588668823,34,2,28,5,11
1413393926.305911779403687,35,3,33,1,11
1413393926.355912208557129,36,0,34,2,11
1413393926.405913114547729,36,4,33,1,11
1413393926.455914735794067,39,3,33,4,11
1413393926.505916833877563,38,1,36,1,11
1413393926.555918216705322,36,4,32,1,11
1413393926.605919361114502,35,2,31,2,11
1413393926.655920505523682,36,2,30,3,11
1413393926.705920934677124,36,2,30,3,11
1413393926.755921840667725,36,2,30,2,11
1413393926.805922031402588,35,2,30,1,11
1413393926.855922698974609,35,1,28,4,11
1413393926.905923366546631,33,1,29,2,11
1413393926.955923318862915,32,1,28,2,11
1413393927.005923509597778,33,0,29,1,11
1413393927.055923223495483,36,2,27,5,11
1413393927.105923891067505,37,0,29,2,11
1413393927.155925512313843,39,1,27,5,11
1413393927.205927610397339,35,2,28,2,11
1413393927.255928039550781,33,0,29,3,11
1413393927.305929422378540,36,1,32,4,11
1413393927.355929851531982,37,0,35,1,11
1413393927.405932188034058,40,4,35,4,11
1413393927.455932855606079,45,3,36,8,11
1413393927.505932569503784,41,3,36,3,11
1413393927.555931568145752,44,0,34,8,11
1413393927.605933189392090,43,3,36,5,11
1413393927.655933618545532,43,5,36,3,11
1413393927.705934286117554,41,4,35,2,11
1413393927.755933761596680,36,3,34,1,11
1413393927.805933952331543,37,4,33,3,11
1413393927.855934143066406,37,2,32,4,11
1413393927.905935049057007,32,2,30,1,11
1413393927.955935001373291,28,2,27,0,11
1413393928.005935192108154,26,1,26,0,11
1413393928.055935621261597,26,5,20,5,11
1413393928.105935811996460,24,4,23,0,11
1413393928.155935764312744,23,1,22,0,11
1413393928.205935239791870,23,7,22,1,11
1413393928.255934476852417,27,8,23,4,11
1413393928.305934906005859,27,8,24,1,11
1413393928.355934143066406,29,2,23,3,11
1413393928.405934572219849,32,5,26,6,11
1413393928.455935478210449,33,1,32,1,11
1413393928.505936384201050,35,2,30,3,11
1413393928.555936574935913,35,1,31,2,11
1413393928.605937957763672,33,3,29,2,11
1413393928.655937671661377,31,2,28,0,11
1413393928.705937147140503,28,0,25,2,11
1413393928.755935907363892,34,2,27,7,11
1413393928.805933713912964,33,0,33,0,11
1413393928.855932235717773,32,2,31,0,11
1413393928.905932188034058,32,1,28,1,11
1413393928.955929994583130,33,2,28,2,11
1413393929.005927324295044,36,3,30,5,11
1413393929.055924415588379,40,3,35,5,11
1413393929.105925083160400,39,5,33,0,11
1413393929.155925273895264,40,0,29,1,11
1413393929.205924987792969,36,1,28,3,11
1413393929.255924701690674,33,1,29,0,11
1413393929.305924177169800,34,3,28,3,11
1413393929.355924367904663,35,1,29,2,11
1413393929.405924558639526,35,1,28,4,11
1413393929.455924510955811,35,2,31,1,11
1413393929.505924701690674,31,4,30,0,11
1413393929.555924892425537,28,2,25,1,11
1413393929.605925559997559,29,2,26,1,11
1413393929.655925273895264,26,0,21,1,11
1413393929.705925464630127,28,1,20,3,11
1413393929.755925655364990,23,0,21,0,11
1413393929.805926322937012,22,1,19,2,11
1413393929.855926752090454,20,4,19,1,11
1413393929.905926942825317,21,1,18,3,11
1413393929.955926895141602,19,1,18,1,11
1413393930.005926847457886,21,1,18,2,11
1413393930.055926561355591,23,3,18,2,11
1413393930.105926752090454,23,1,18,0,11
1413393930.155926227569580,23,4,13,5,11
1413393930.205926418304443,26,5,17,5,11
1413393930.255926132202148,25,1,21,3,11
1413393930.305926561355591,24,1,22,1,11
1413393930.355927228927612,27,1,21,3,11
1413393930.405927896499634,31,4,23,5,11
1413393930.455928325653076,28,1,27,0,11
1413393930.505928993225098,30,3,25,3,11
1413393930.555927991867065,30,0,25,2,11
1413393930.605927944183350,29,2,28,0,11
1413393930.655927896499634,30,5,24,4,11
1413393930.705929040908813,36,1,27,6,11
1413393930.755928277969360,41,4,33,7,11
1413393930.805927515029907,44,1,36,5,11
1413393930.855927944183350,45,2,36,4,11
1413393930.905927896499634,44,0,36,2,11
1413393930.955927848815918,43,15,35,3,11
1413393931.005928277969360,42,2,37,2,11
1413393931.055928468704224,43,4,37,3,11
1413393931.105928182601929,43,0,36,3,11
1413393931.155928373336792,46,1,37,4,11
1413393931.205928325653076,43,0,40,2,11
1413393931.255928754806519,43,3,40,1,11
1413393931.305928230285645,42,5,37,1,11
1413393931.355928182601929,39,2,36,0,11
1413393931.405927419662476,37,2,33,1,11
1413393931.455927371978760,39,3,32,4,11
1413393931.505926370620728,36,4,33,1,11
1413393931.555925369262695,41,2,33,8,11
1413393931.605924844741821,44,3,41,3,11
1413393931.655924797058105,45,0,42,2,11
1413393931.705924749374390,45,4,42,2,11
1413393931.755924463272095,46,8,40,4,11
1413393931.805924654006958,43,2,38,0,11
1413393931.855924606323242,47,4,37,8,11
1413393931.905924797058105,45,3,42,2,11
1413393931.955924749374390,45,3,38,4,11
1413393932.005924701690674,43,1,40,0,11
1413393932.055924654006958,45,0,39,6,11
1413393932.105924606323242,47,2,42,3,11
1413393932.155924081802368,44,1,40,0,11
1413393932.205923795700073,42,6,37,1,11
1413393932.255923748016357,41,4,38,2,11
1413393932.305924177169800,41,3,36,3,11
1413393932.355924606323242,40,1,34,4,11
1413393932.405923604965210,45,3,37,6,11
1413393932.455922842025757,45,2,39,4,11
1413393932.505922079086304,46,6,41,4,11
1413393932.555921554565430,45,2,43,0,11
1413393932.605921268463135,45,2,39,2,11
1413393932.655920743942261,48,3,41,5,11
1413393932.705920219421387,46,6,43,3,11
1413393932.755919694900513,46,2,43,1,11
1413393932.805919647216797,46,9,42,3,11
1413393932.855919837951660,49,11,43,4,11
1413393932.905919790267944,48,4,46,1,11
1413393932.955919265747070,48,4,44,2,11
1413393933.005919218063354,45,3,43,1,11
1413393933.055918931961060,46,0,44,2,11
1413393933.105918884277344,47,6,44,1,11
1413393933.155919075012207,47,0,42,2,11
1413393933.205918788909912,43,0,39,2,11
1413393933.255918979644775,44,0,39,3,11
1413393933.305919647216797,49,3,41,5,11
1413393933.355919599533081,47,1,46,0,11
1413393933.405920267105103,48,3,41,3,11
1413393933.455920457839966,48,4,44,1,11
1413393933.505920886993408,48,2,45,3,11
1413393933.555921077728271,50,6,46,2,11
1413393933.605921268463135,48,3,44,0,11
1413393933.655920267105103,47,4,43,2,11
1413393933.705918788909912,48,3,44,4,11
1413393933.755919218063354,48,6,48,0,11
1413393933.805918216705322,45,3,42,0,11
1413393933.855918407440186,44,0,40,1,11
1413393933.905917882919312,45,1,40,3,11
1413393933.955916881561279,47,0,42,3,11
1413393934.005914926528931,47,6,42,3,11
1413393934.055914163589478,49,6,43,3,11
1413393934.105913639068604,49,15,43,2,11
1413393934.155913114547729,46,3,42,2,11
1413393934.205912351608276,45,3,43,1,11
1413393934.255910873413086,47,7,41,5,11
1413393934.305910587310791,48,0,44,2,11
1413393934.355910062789917,48,0,45,2,11
1413393934.405909061431885,50,5,47,3,11
1413393934.455908298492432,49,7,49,0,11
1413393934.505908012390137,47,1,47,0,11
1413393934.555907487869263,46,7,42,1,11
1413393934.605906724929810,46,16,40,2,11
1413393934.655906915664673,44,1,38,4,11
1413393934.705907821655273,46,1,39,5,11
1413393934.755908966064453,48,0,43,3,11
1413393934.805909872055054,47,2,42,0,11
1413393934.855910062789917,48,3,40,4,11
1413393934.905909538269043,47,0,42,2,11
1413393934.955909013748169,47,5,41,2,11
1413393935.005908012390137,41,7,33,1,11
1413393935.055907964706421,35,10,26,2,11
1413393935.105909109115601,39,4,24,11,11
1413393935.155909538269043,34,3,26,0,11
1413393935.205909729003906,42,1,25,11,11
1413393935.255909919738770,34,3,32,0,11
1413393935.305909633636475,33,7,31,0,11
1413393935.355908870697021,33,9,29,2,11
1413393935.405905961990356,31,5,29,0,11
1413393935.455903053283691,44,2,24,14,11
1413393935.505902051925659,41,5,33,0,11
1413393935.555900335311890,40,4,33,2,11
1413393935.605899810791016,35,0,33,1,11
1413393935.655893802642822,48,5,33,14,11
1413393935.705892086029053,47,4,44,1,11
1413393935.755888462066650,49,15,45,3,11
1413393935.805887222290039,49,0,46,1,11
1413393935.855886220932007,49,0,47,0,11
1413393935.905883789062500,47,22,45,1,11
1413393935.955885171890259,46,1,44,0,11
1413393936.005886793136597,46,3,43,0,11
1413393936.055888414382935,45,1,41,1,11
1413393936.105890035629272,44,2,40,1,11
1413393936.155889749526978,39,8,33,2,11
1413393936.205889701843262,37,5,30,3,11
1413393936.255888700485229,34,4,29,1,11
1413393936.305886745452881,33,3,28,1,11
1413393936.355885505676270,32,2,24,5,11
1413393936.405883789062500,31,3,28,1,11
1413393936.455882787704468,28,3,24,1,11
1413393936.505880355834961,40,13,21,16,11
1413393936.555880546569824,35,2,30,0,11
1413393936.605881452560425,33,2,29,1,11
1413393936.655882120132446,25,3,24,0,11
1413393936.705882787704468,20,4,18,0,11
1413393936.755883216857910,17,3,16,1,11
1413393936.805884599685669,23,1,13,8,11
1413393936.855885267257690,23,2,21,0,11
1413393936.905885696411133,18,4,17,0,11
1413393936.955887079238892,36,3,17,18,11
1413393937.005887269973755,33,4,31,0,11
1413393937.055887460708618,30,1,30,0,11
1413393937.105888605117798,34,0,29,5,11
1413393937.155888795852661,32,0,32,0,11
1413393937.205889225006104,35,4,32,3,11
1413393937.255889415740967,34,4,33,0,11
1413393937.305890321731567,38,6,32,5,11
1413393937.355891227722168,36,6,36,0,11
1413393937.405891418457031,37,1,36,1,11
1413393937.455891847610474,37,0,37,0,11
1413393937.505892992019653,43,0,37,6,11
1413393937.555894374847412,44,0,43,1,11
1413393937.605897188186646,48,2,42,4,11
1413393937.655898332595825,49,7,46,1,11
1413393937.705899477005005,47,5,46,1,11
1413393937.755900859832764,47,0,46,1,11
1413393937.805902481079102,50,3,47,3,11
1413393937.855904340744019,50,4,50,0,11
1413393937.905903100967407,50,5,50,0,11
1413393937.955902099609375,50,5,50,0,11
1413393938.005902051925659,50,0,50,0,11
1413393938.055902242660522,50,0,49,0,11
1413393938.105902433395386,49,4,48,0,11
1413393938.155903339385986,48,0,48,0,11
1413393938.205903530120850,50,3,48,2,11
1413393938.255901813507080,50,19,50,0,11
1413393938.305899620056152,50,6,50,0,11
1413393938.355897903442383,49,0,49,0,11
1413393938.405896425247192,49,2,49,0,11
1413393938.455895900726318,49,1,46,1,11
1413393938.505896091461182,50,2,46,1,11
1413393938.555895328521729,50,4,47,1,11
1413393938.605895996093750,48,0,47,0,11
1413393938.655896663665771,47,0,44,0,11
1413393938.705896854400635,47,0,44,1,11
1413393938.755897045135498,45,0,43,2,11
1413393938.805899620056152,45,1,43,1,11
1413393938.855903863906860,48,13,43,3,11
1413393938.905905485153198,48,4,42,2,11
1413393938.955906629562378,46,1,41,1,11
1413393939.005907058715820,45,1,40,3,11
1413393939.055909872055054,43,1,42,1,11
1413393939.105913400650024,42,3,39,2,11
1413393939.155915260314941,45,1,41,3,11
1413393939.205914735794067,49,12,41,5,11
1413393939.255916118621826,47,0,44,0,11
1413393939.305917978286743,45,0,42,1,11
1413393939.355919599533081,44,0,41,0,11
1413393939.405919075012207,40,3,34,1,11
1413393939.455919742584229,45,5,33,7,11
1413393939.505920410156250,41,0,32,4,11
1413393939.555918216705322,37,6,27,0,11
1413393939.605923414230347,43,6,24,13,11
1413393939.655921459197998,33,5,27,1,11
1413393939.705917358398438,30,3,27,0,11
1413393939.755911588668823,28,2,27,0,11
1413393939.805902004241943,28,2,24,2,11
1413393939.855894804000854,27,7,23,0,11
1413393939.905884742736816,26,7,19,3,11
1413393939.955878496170044,24,20,18,1,11
1413393940.005876064300537,22,9,12,1,11
1413393940.055876016616821,21,2,14,2,11
1413393940.105876922607422,18,4,14,2,11
1413393940.155877351760864,17,1,14,0,11
1413393940.205878973007202,19,1,12,5,11
1413393940.255878686904907,18,1,17,0,11
1413393940.305873155593872,18,1,17,1,11
1413393940.355865240097046,19,0,18,1,11
1413393940.405854701995850,19,0,19,0,11
1413393940.455843687057495,24,1,15,5,11
1413393940.505836725234985,30,5,19,7,11
1413393940.555830717086792,35,3,23,8,11
1413393940.605830907821655,35,5,30,1,11
1413393940.655832529067993,32,4,26,4,11
1413393940.705842494964600,29,0,24,4,11
1413393940.755844116210938,27,2,24,0,11
1413393940.805840492248535,27,1,22,3,11
1413393940.855842828750610,26,2,23,1,11
1413393940.905844449996948,26,4,24,0,11
1413393940.955847501754761,25,11,24,1,11
1413393941.005853414535522,27,7,23,3,11
1413393941.055852890014648,27,11,24,1,11
1413393941.105852365493774,26,9,22,0,11
1413393941.155852556228638,31,1,22,7,11
1413393941.205857753753662,28,3,25,2,11
1413393941.255861520767212,28,2,25,1,11
1413393941.305864810943604,29,3,26,2,11
1413393941.355870723724365,30,3,28,2,11
1413393941.455879688262939,28,8,26,0,11
1413393941.505890846252441,35,1,26,7,11
1413393941.555896282196045,35,3,30,4,11
1413393941.605899095535278,45,4,32,10,11
1413393941.655896902084351,49,4,41,5,11
1413393941.705894231796265,47,4,44,1,11
1413393941.755891084671021,43,3,39,3,11
1413393941.805889129638672,40,2,37,0,11
1413393941.855887174606323,40,1,35,2,11
1413393941.905878782272339,39,3,35,3,11
1413393941.955871820449829,40,3,36,2,11
1413393942.005865812301636,37,18,31,2,11
1413393942.055859804153442,37,12,25,5,11
1413393942.105857849121094,29,1,20,2,11
1413393942.155858039855957,25,0,21,1,11
1413393942.205858469009399,20,2,20,0,11
1413393942.255863904953003,27,7,18,8,11
1413393942.305867195129395,26,2,22,1,11
1413393942.355870246887207,25,1,23,0,11
1413393942.405873537063599,25,4,22,3,11
1413393942.455876350402832,25,2,25,0,11
1413393942.505881309509277,27,1,25,2,11
1413393942.555883646011353,30,2,27,3,11
1413393942.605886459350586,36,1,28,7,11
1413393942.655889511108398,44,4,35,9,11
1413393942.705888986587524,48,3,43,4,11
1413393942.755886793136597,48,6,45,1,11
1413393942.805881023406982,44,6,40,2,11
1413393942.855878114700317,47,0,41,3,11
1413393942.905873298645020,49,0,44,4,11
1413393942.955870151519775,45,6,44,0,11
1413393943.005870342254639,45,1,43,1,11
1413393943.055870294570923,46,0,43,2,11
1413393943.105874061584473,47,11,43,2,11
1413393943.155872344970703,48,14,43,3,11
1413393943.205873012542725,48,5,43,2,11
1413393943.255872011184692,46,1,43,0,11
1413393943.305868148803711,49,5,43,5,11
1413393943.355865716934204,49,5,48,1,11
1413393943.405862331390381,49,7,46,1,11
1413393943.455860137939453,49,0,47,0,11
1413393943.505856513977051,48,1,46,2,11
1413393943.555853843688965,49,2,47,2,11
1413393943.605849027633667,49,1,48,0,11
1413393943.655844211578369,49,0,48,0,11
1413393943.705841541290283,49,4,47,1,11
1413393943.755840539932251,50,9,48,1,11
1413393943.805840492248535,50,6,49,1,11
1413393943.855839490890503,50,5,49,0,11
1413393943.905838012695312,50,3,48,0,11
1413393943.955835580825806,49,1,46,1,11
1413393944.005832672119141,48,5,46,2,11
1413393944.055831432342529,48,0,47,0,11
1413393944.105831384658813,47,3,45,0,11
1413393944.155834197998047,48,1,44,2,11
1413393944.205834627151489,47,6,44,1,11
1413393944.255835056304932,48,3,42,2,11
1413393944.305835247039795,47,4,42,1,11
1413393944.355834722518921,48,8,42,3,11
1413393944.405834436416626,43,3,39,1,11
1413393944.455834388732910,40,1,37,0,11
1413393944.505831480026245,38,0,34,2,11
1413393944.555828809738159,37,0,36,0,11
1413393944.605826377868652,41,0,35,5,11
1413393944.655825138092041,40,0,39,0,11
1413393944.705826282501221,45,0,38,7,11
1413393944.755826711654663,44,2,44,0,11
1413393944.805825710296631,49,3,42,6,11
1413393944.855825185775757,48,0,47,0,11
1413393944.905824184417725,44,1,43,1,11
1413393944.955823421478271,48,0,42,4,11
1413393945.005824565887451,49,8,46,1,11
1413393945.055824041366577,48,12,46,1,11
1413393945.105822563171387,48,4,43,1,11
1413393945.155821561813354,46,0,43,1,11
1413393945.205821037292480,45,2,42,2,11
1413393945.255820512771606,46,1,41,2,11
1413393945.305820226669312,45,2,41,2,11
1413393945.355820417404175,43,4,38,3,11
1413393945.405819654464722,44,2,36,5,11
1413393945.455819606781006,40,0,38,0,11
1413393945.505819559097290,36,0,34,0,11
1413393945.555818319320679,34,1,33,0,11
1413393945.605817317962646,32,3,31,1,11
1413393945.655816793441772,30,1,28,0,11
1413393945.705816268920898,26,4,25,0,11
1413393945.755815505981445,28,1,24,2,11
1413393945.805815458297729,30,0,26,3,11
1413393945.855816125869751,30,2,28,1,11
1413393945.905817508697510,31,0,25,2,11
1413393945.955820798873901,34,0,26,4,11
1413393946.005824089050293,30,2,29,0,11
1413393946.055826663970947,31,1,29,2,11
1413393946.105829954147339,36,1,31,5,11
1413393946.155831098556519,40,1,35,5,11
1413393946.205833911895752,37,3,34,2,11
1413393946.255835056304932,38,0,30,6,11
1413393946.305834770202637,38,0,36,1,11
1413393946.355834960937500,36,0,33,0,11
1413393946.405834674835205,35,0,31,0,11
1413393946.455835103988647,36,1,30,4,11
1413393946.505836009979248,35,0,33,0,11
1413393946.555836439132690,35,0,30,1,11
1413393946.605836868286133,34,0,24,1,11
1413393946.655837535858154,33,0,25,2,11
1413393946.705837011337280,29,0,25,1,11
1413393946.755835294723511,30,4,25,3,11
1413393946.805832386016846,33,0,26,4,11
1413393946.855829477310181,34,1,25,2,11
1413393946.905825138092041,34,0,25,2,11
1413393946.955821037292480,33,1,26,5,11
1413393947.005817651748657,30,1,28,1,11
1413393947.055814266204834,31,1,28,2,11
1413393947.105812549591064,38,1,29,8,11
1413393947.155815124511719,37,1,37,0,11
1413393947.205818653106689,36,0,36,0,11
1413393947.255821228027344,40,0,36,4,11
1413393947.305823326110840,37,1,37,0,11
1413393947.355824232101440,35,0,33,0,11
1413393947.405824184417725,34,0,31,0,11
1413393947.455824136734009,32,1,28,2,11
1413393947.505824804306030,34,1,30,3,11
1413393947.555824756622314,35,2,32,2,11
1413393947.605824708938599,35,4,30,2,11
1413393947.655824661254883,34,5,28,1,11
1413393947.705824851989746,36,2,26,3,11
1413393947.755825042724609,31,9,24,0,11
1413393947.805824756622314,27,4,22,3,11
1413393947.855825185775757,17,10,13,2,11
1413393947.905825376510620,11,3,8,1,11
1413393947.955825328826904,15,5,6,7,11
1413393948.005825281143188,13,3,12,0,11
1413393948.055825710296631,13,3,12,1,11
1413393948.105826616287231,16,7,12,4,11
1413393948.155826807022095,18,2,16,2,11
1413393948.205827236175537,25,3,18,7,11
1413393948.255826950073242,35,5,25,10,11
1413393948.305826425552368,33,5,33,0,11
1413393948.355825185775757,47,1,33,14,11
1413393948.405823945999146,44,3,40,2,11
1413393948.455824136734009,49,10,40,6,11
1413393948.505823850631714,46,2,40,1,11
1413393948.555823564529419,46,0,41,1,11
1413393948.605822086334229,46,7,40,6,11
1413393948.655822038650513,46,0,45,0,11
1413393948.705822229385376,49,12,44,3,11
1413393948.755822420120239,47,0,46,0,11
1413393948.805821657180786,45,1,43,0,11
1413393948.855821609497070,42,1,42,0,11
1413393948.905819892883301,44,0,39,2,11
1413393948.955817222595215,40,2,38,0,11
1413393949.005814552307129,40,2,37,3,11
1413393949.055812120437622,48,1,40,8,11
1413393949.105811357498169,50,4,48,2,11
1413393949.155810832977295,50,1,50,0,11
1413393949.205809831619263,49,7,49,0,11
1413393949.255808115005493,48,9,47,1,11
1413393949.305807590484619,50,11,48,2,11
1413393949.355807065963745,47,10,47,0,11
1413393949.405807256698608,49,10,47,2,11
1413393949.455807685852051,49,0,49,0,11
1413393949.505808353424072,48,1,47,0,11
1413393949.555808544158936,47,0,47,0,11
1413393949.605809211730957,44,1,44,0,11
1413393949.655809879302979,44,1,44,0,11
1413393949.705809831619263,45,1,43,1,11
1413393949.755810260772705,45,2,44,0,11
1413393949.805810928344727,49,4,43,5,11
1413393949.855810642242432,48,20,46,0,11
1413393949.905810832977295,46,3,43,1,11
1413393949.955811023712158,47,6,42,2,11
1413393950.005810499191284,49,6,44,3,11
1413393950.055809736251831,47,1,45,1,11
1413393950.105808734893799,46,2,44,0,11
1413393950.155808448791504,45,3,39,1,11
1413393950.205808162689209,41,4,38,0,11
1413393950.255807638168335,39,0,36,1,11
1413393950.305807590484619,49,9,34,11,11
1413393950.355807781219482,47,2,43,1,11
1413393950.405807733535767,48,1,43,3,11
1413393950.455807685852051,47,10,43,1,11
1413393950.505807638168335,48,0,40,3,11
1413393950.555807828903198,47,5,43,2,11
1413393950.605808258056641,49,2,41,4,11
1413393950.655807733535767,48,1,43,1,11
1413393950.705807685852051,43,1,41,0,11
1413393950.755808353424072,42,4,38,1,11
1413393950.805810213088989,48,20,36,9,11
1413393950.855810642242432,44,2,41,1,11
1413393950.905811309814453,50,1,40,7,11
1413393950.955811262130737,44,3,40,0,11
1413393951.005810976028442,40,0,34,2,11
1413393951.055810928344727,43,3,32,8,11
1413393951.105810880661011,43,1,40,2,11
1413393951.155811071395874,44,1,38,4,11
1413393951.205810785293579,44,2,43,0,11
1413393951.255810260772705,48,15,41,6,11
1413393951.305810213088989,46,0,45,0,11
1413393951.355810403823853,46,2,46,0,11
1413393951.405810117721558,46,11,42,4,11
1413393951.455810070037842,46,2,46,0,11
1413393951.505810022354126,45,1,45,0,11
1413393951.555810213088989,49,13,43,5,11
1413393951.605810403823853,46,2,46,0,11
1413393951.655810832977295,44,0,43,0,11
1413393951.705811023712158,43,0,41,0,11
1413393951.755811214447021,42,0,39,0,11
1413393951.805811643600464,38,2,35,0,11
1413393951.855812788009644,48,4,32,13,11
1413393951.905812740325928,46,4,42,0,11
1413393951.955812692642212,45,4,42,2,11
1413393952.005812644958496,48,7,41,5,11
1413393952.055812597274780,48,1,46,0,11
1413393952.105812788009644,47,3,45,1,11
1413393952.155812978744507,50,8,45,3,11
1413393952.205812692642212,49,3,48,0,11
1413393952.255812644958496,47,1,43,1,11
1413393952.305812597274780,49,7,42,3,11
1413393952.355812549591064,49,3,44,3,11
1413393952.405812501907349,49,2,46,1,11
1413393952.455812215805054,49,2,47,1,11
1413393952.505812406539917,48,2,46,1,11
1413393952.555812120437622,49,1,47,1,11
1413393952.605811595916748,49,1,45,1,11
1413393952.655810832977295,47,3,44,0,11
1413393952.705810785293579,48,3,42,5,11
1413393952.755810737609863,49,4,46,2,11
1413393952.805810928344727,49,4,47,2,11
1413393952.855810642242432,47,1,44,0,11
1413393952.905810356140137,48,2,42,2,11
1413393952.955810308456421,49,2,43,4,11
1413393953.005810022354126,50,4,47,2,11
1413393953.055809497833252,47,2,46,0,11
1413393953.105809211730957,50,0,46,3,11
1413393953.155808448791504,49,1,48,1,11
1413393953.205807924270630,50,2,48,1,11
1413393953.255807876586914,48,0,47,0,11
1413393953.305807590484619,50,6,47,2,11
1413393953.355807065963745,50,2,49,1,11
1413393953.405806064605713,50,11,49,0,11
1413393953.455805540084839,47,3,46,0,11
1413393953.505804777145386,50,2,45,4,11
1413393953.555803060531616,48,2,46,0,11
1413393953.605803012847900,48,4,44,3,11
1413393953.655803918838501,47,6,46,1,11
1413393953.705804586410522,50,6,46,3,11
1413393953.755805015563965,49,2,48,0,11
1413393953.805805444717407,47,1,45,1,11
1413393953.855805873870850,46,0,44,0,11
1413393953.905806303024292,47,0,43,3,11
1413393953.955806732177734,47,0,46,1,11
1413393954.005807638168335,50,7,46,3,11
1413393954.055808067321777,50,3,49,0,11
1413393954.105808496475220,50,3,49,1,11
1413393954.155808687210083,49,4,48,0,11
1413393954.205809116363525,50,3,47,1,11
1413393954.255809307098389,50,5,47,1,11
1413393954.305809259414673,50,9,48,1,11
1413393954.355809211730957,50,0,48,1,11
1413393954.405808925628662,50,5,48,0,11
1413393954.455808877944946,47,0,45,1,11
1413393954.505809068679810,45,2,43,1,11
1413393954.555808544158936,42,1,40,0,11
1413393954.605808973312378,46,1,38,5,11
1413393954.655808925628662,46,2,42,2,11
1413393954.705809116363525,46,1,42,1,11
1413393954.755809307098389,47,8,38,4,11
1413393954.805809020996094,45,1,40,2,11
1413393954.855809211730957,45,5,40,5,11
1413393954.905809164047241,49,4,44,4,11
1413393954.955808877944946,48,9,46,0,11
1413393955.005808830261230,50,10,43,3,11
1413393955.055808782577515,48,3,43,1,11
1413393955.105808973312378,48,7,38,4,11
1413393955.155808925628662,47,2,39,3,11
1413393955.205809116363525,44,3,36,3,11
1413393955.255809068679810,45,4,37,2,11
1413393955.305808782577515,44,4,36,4,11
1413393955.355808973312378,40,1,34,3,11
1413393955.405808925628662,41,1,31,8,11
1413393955.455808639526367,32,2,30,0,11
1413393955.505808591842651,28,1,23,1,11
1413393955.555808067321777,24,12,21,1,11
1413393955.605807781219482,25,5,22,3,11
1413393955.655807733535767,25,0,24,0,11
1413393955.705808162689209,32,1,24,7,11
1413393955.755808830261230,31,2,29,1,11
1413393955.805809259414673,28,4,26,0,11
1413393955.855809688568115,26,1,26,0,11
1413393955.905809164047241,28,3,26,2,11
1413393955.955808162689209,31,1,28,3,11
1413393956.005806922912598,35,0,30,4,11
1413393956.055806636810303,40,3,34,5,11
1413393956.105807304382324,43,4,36,4,11
1413393956.155808925628662,45,4,32,5,11
1413393956.205810070037842,45,0,35,2,11
1413393956.255810737609863,39,1,37,1,11
1413393956.305811166763306,43,4,36,6,11
1413393956.355811595916748,44,5,40,1,11
1413393956.405812263488770,44,5,34,4,11
1413393956.455812454223633,40,3,33,4,11
1413393956.505812644958496,37,1,37,0,11
1413393956.555812358856201,36,3,36,0,11
1413393956.605812311172485,36,0,35,0,11
1413393956.655812025070190,37,1,33,1,11
1413393956.705811977386475,34,0,31,1,11
1413393956.755811929702759,38,0,31,6,11
1413393956.805811882019043,40,0,37,2,11
1413393956.855812072753906,39,1,38,1,11
1413393956.905812501907349,41,1,34,5,11
1413393956.955812215805054,40,2,35,3,11
1413393957.005812406539917,41,1,36,5,11
1413393957.055812358856201,41,1,40,0,11
1413393957.105813026428223,48,4,37,8,11
1413393957.155812740325928,48,1,45,2,11
1413393957.205812692642212,45,3,42,3,11
1413393957.305812597274780,45,7,40,2,11
1413393957.355812788009644,41,0,39,1,11
1413393957.405812740325928,41,1,36,2,11
1413393957.455812931060791,38,3,35,0,11
1413393957.505812883377075,40,3,34,5,11
1413393957.555813074111938,44,1,35,9,11
1413393957.605813503265381,44,0,40,0,11
1413393957.655813455581665,43,0,38,0,11
1413393957.705813646316528,46,4,38,8,11
1413393957.755814075469971,47,4,40,4,11
1413393957.805814027786255,44,1,40,0,11
1413393957.855814456939697,39,2,33,1,11
1413393957.905814647674561,40,0,29,6,11
1413393957.955814838409424,38,3,29,4,11
1413393958.005815029144287,39,2,31,5,11
1413393958.055814504623413,42,1,32,8,11
1413393958.105814695358276,40,3,38,1,11
1413393958.155814647674561,40,0,37,1,11
1413393958.205814123153687,46,0,38,6,11
1413393958.255813121795654,46,2,43,2,11
1413393958.305811882019043,47,2,41,2,11
1413393958.355811357498169,48,2,38,3,11
1413393958.405810117721558,47,4,39,3,11
1413393958.455809593200684,47,2,42,3,11
1413393958.505808353424072,48,3,43,3,11
1413393958.555808067321777,50,5,45,2,11
1413393958.605807304382324,48,5,47,1,11
1413393958.655806779861450,48,1,45,1,11
1413393958.705806732177734,48,1,46,0,11
1413393958.755807876586914,48,3,44,3,11
1413393958.805809259414673,50,2,47,2,11
1413393958.855810403823853,49,2,46,0,11
1413393958.905811309814453,47,4,43,1,11
1413393958.955810546875000,44,1,41,1,11
1413393959.005809307098389,45,1,41,1,11
1413393959.055808067321777,45,2,38,2,11
1413393959.105807542800903,44,2,37,3,11
1413393959.155807256698608,43,2,36,3,11
1413393959.205806732177734,45,9,36,5,11
1413393959.255805492401123,43,1,36,5,11
1413393959.305804014205933,40,4,37,0,11
1413393959.355803251266479,43,1,36,4,11
1413393959.405802488327026,43,1,39,3,11
1413393959.455802202224731,41,2,40,1,11
1413393959.505801916122437,41,2,41,0,11
1413393959.555802106857300,41,0,40,1,11
1413393959.605801820755005,41,0,40,1,11
1413393959.655801534652710,39,1,37,0,11
1413393959.705801010131836,37,0,32,4,11
1413393959.755800962448120,42,0,34,6,11
1413393959.805802583694458,46,1,37,6,11
1413393959.855803489685059,46,1,43,3,11
1413393959.905804634094238,45,4,43,2,11
1413393959.955805063247681,44,1,44,0,11
1413393960.005805730819702,46,3,41,4,11
1413393960.055805206298828,46,0,45,0,11
1413393960.105804920196533,45,0,44,1,11
1413393960.155804157257080,44,1,42,0,11
1413393960.205803632736206,44,0,42,1,11
1413393960.255802869796753,44,2,43,1,11
1413393960.305802345275879,44,0,44,0,11
1413393960.355802297592163,46,4,44,2,11
1413393960.405801773071289,46,0,45,1,11
1413393960.455801486968994,48,0,46,2,11
1413393960.505801439285278,50,7,48,2,11
1413393960.555801630020142,50,1,50,0,11
1413393960.605802774429321,50,8,50,0,11
1413393960.655803442001343,50,0,49,0,11
1413393960.705803632736206,48,1,46,0,11
1413393960.755803823471069,50,2,41,3,11
1413393960.805803775787354,48,1,43,0,11
1413393960.855803728103638,48,3,40,5,11
1413393960.905802965164185,46,1,43,0,11
1413393961.005804777145386,41,9,35,5,11
1413393961.055806875228882,40,2,39,0,11
1413393961.105810880661011,42,1,38,3,11
1413393961.155815362930298,45,3,38,4,11
1413393961.205821275711060,44,1,37,1,11
1413393961.255829811096191,50,11,31,7,11
1413393961.305832862854004,45,7,27,5,11
1413393961.355834484100342,45,0,25,6,11
1413393961.405833244323730,39,6,19,4,11
1413393961.455831289291382,37,1,21,4,11
1413393961.505826473236084,34,1,22,8,11
1413393961.555821895599365,34,3,28,2,11
1413393961.605818271636963,34,0,26,2,11
1413393961.655815362930298,33,3,25,1,11
1413393961.705816030502319,34,1,23,5,11
1413393961.755816936492920,34,2,28,3,11
1413393961.805816173553467,35,1,31,4,11
1413393961.855815649032593,37,2,35,2,11
1413393961.905812263488770,46,3,36,10,11
1413393961.955812454223633,48,0,44,3,11
1413393962.005813121795654,49,9,47,1,11
1413393962.055813312530518,49,3,47,1,11
1413393962.105813980102539,50,8,47,1,11
1413393962.155813455581665,46,4,45,0,11
1413393962.205813407897949,44,1,40,1,11
1413393962.255813360214233,43,9,34,6,11
1413393962.305812120437622,44,11,36,6,11
1413393962.355813503265381,41,3,38,1,11
1413393962.405815124511719,37,3,34,0,11
1413393962.455816507339478,35,5,31,0,11
1413393962.505816936492920,29,1,27,0,11
1413393962.555816650390625,27,4,25,0,11
1413393962.605816125869751,24,1,22,1,11
1413393962.655815362930298,32,2,21,11,11
1413393962.705814838409424,32,8,29,2,11
1413393962.755814552307129,31,14,30,0,11
1413393962.805814743041992,28,16,19,7,11
1413393962.855815172195435,27,3,22,4,11
1413393962.905815362930298,22,3,21,0,11
1413393962.955815315246582,15,2,13,2,11
1413393963.005815029144287,16,7,15,1,11
1413393963.055814743041992,14,8,10,3,11
1413393963.105814933776855,12,5,10,0,11
1413393963.155814886093140,11,2,10,0,11
1413393963.205815315246582,14,6,9,5,11
1413393963.255815505981445,13,2,12,0,11
1413393963.305815458297729,15,4,12,2,11
1413393963.355815649032593,18,5,10,6,11
1413393963.405815839767456,21,4,15,3,11
1413393963.455816268920898,21,6,15,5,11
1413393963.505816221237183,24,4,19,4,11
1413393963.555815219879150,29,4,19,6,11
1413393963.605815410614014,31,1,18,2,11
1413393963.655814647674561,33,2,15,8,11
1413393963.705814361572266,27,2,20,2,11
1413393963.755814075469971,30,6,21,6,11
1413393963.805813789367676,44,1,26,16,11
1413393963.855814218521118,45,4,41,2,11
1413393963.905815124511719,40,10,36,1,11
1413393963.955815553665161,38,4,35,1,11
1413393964.005815505981445,39,11,33,6,11
1413393964.055815458297729,42,2,38,4,11
1413393964.105815649032593,40,2,39,1,11
1413393964.155815601348877,44,7,39,5,11
1413393964.205815315246582,42,3,41,0,11
1413393964.255815029144287,43,2,38,2,11
1413393964.305815219879150,45,1,38,4,11
1413393964.355815410614014,37,6,35,1,11
1413393964.405815601348877,39,5,33,4,11
1413393964.455815792083740,36,3,32,0,11
1413393964.505815267562866,40,5,31,7,11
1413393964.555815219879150,39,2,34,1,11
1413393964.605815410614014,38,2,32,1,11
1413393964.655815362930298,35,8,28,2,11
1413393964.705815315246582,31,1,23,0,11
1413393964.755815029144287,34,3,20,10,11
1413393964.805815219879150,28,3,25,1,11
1413393964.855815887451172,37,0,25,11,11
1413393964.905816316604614,36,5,33,1,11
1413393964.955816507339478,46,4,29,12,11
1413393965.005816698074341,39,3,34,0,11
1413393965.055816650390625,35,4,30,0,11
1413393965.105816841125488,37,3,27,7,11
1413393965.155816793441772,45,8,33,11,11
1413393965.205816745758057,40,1,38,0,11
1413393965.255816936492920,40,7,35,2,11
1413393965.305816650390625,43,3,36,4,11
1413393965.355816841125488,40,6,36,3,11
1413393965.405815839767456,47,9,37,10,11
1413393965.455815792083740,45,8,44,0,11
1413393965.505815505981445,46,7,39,5,11
1413393965.555814743041992,46,4,40,3,11
1413393965.655815601348877,47,22,34,4,11
1413393965.705815553665161,45,1,37,1,11
1413393965.755816221237183,38,3,34,1,11
1413393965.805815935134888,38,3,32,4,11
1413393965.855815649032593,37,15,36,1,11
1413393965.905815124511719,46,4,36,9,11
1413393965.955815315246582,45,1,44,0,11
1413393966.005815982818604,43,1,43,0,11
1413393966.055816888809204,45,0,41,3,11
1413393966.105816602706909,48,0,38,5,11
1413393966.155816793441772,45,1,42,0,11
1413393966.205816745758057,43,1,42,1,11
1413393966.255817174911499,48,9,40,6,11
1413393966.305816888809204,48,1,43,1,11
1413393966.355817556381226,46,8,40,2,11
1413393966.405816555023193,45,3,41,1,11
1413393966.455816030502319,48,5,39,6,11
1413393966.505815505981445,45,8,42,1,11
1413393966.555815458297729,46,2,41,5,11
1413393966.605815887451172,46,2,45,0,11
1413393966.655815839767456,48,2,41,3,11
1413393966.705815792083740,46,2,38,2,11
1413393966.755815505981445,41,3,37,0,11
1413393966.805814743041992,38,4,36,1,11
1413393966.855813741683960,40,3,36,4,11
1413393966.905812263488770,40,2,40,0,11
1413393966.955810785293579,44,3,38,5,11
1413393967.005810737609863,46,3,40,4,11
1413393967.055810213088989,45,3,42,1,11
1413393967.105809926986694,44,5,40,2,11
1413393967.155808925628662,47,6,38,6,11
1413393967.205808639526367,46,0,43,2,11
1413393967.255808115005493,46,0,42,4,11
1413393967.305807590484619,47,3,43,2,11
1413393967.355807542800903,49,5,44,3,11
1413393967.405807495117188,46,3,44,0,11
1413393967.455807685852051,46,2,42,2,11
1413393967.505807638168335,46,1,42,2,11
1413393967.555808067321777,45,3,43,1,11
1413393967.605808019638062,46,2,42,3,11
1413393967.655807971954346,48,5,42,3,11
1413393967.705807685852051,47,1,43,1,11
1413393967.755807399749756,48,3,42,2,11
1413393967.805807113647461,48,4,44,2,11
1413393967.855805873870850,47,7,43,2,11
1413393967.905804634094238,46,4,38,2,11
1413393967.955803632736206,44,2,37,4,11
1413393968.005803108215332,47,0,38,7,11
1413393968.055803537368774,46,3,40,4,11
1413393968.105804681777954,46,1,42,3,11
1413393968.155805587768555,48,1,45,2,11
1413393968.205806255340576,49,5,46,3,11
1413393968.255806446075439,50,3,49,1,11
1413393968.305806398391724,50,5,49,0,11
1413393968.355806350708008,50,7,48,0,11
1413393968.405807018280029,49,13,47,1,11
1413393968.455806970596313,50,5,46,2,11
1413393968.505806684494019,48,1,46,0,11
1413393968.555806636810303,49,14,44,3,11
1413393968.605807542800903,49,0,46,0,11
1413393968.655807971954346,48,1,46,1,11
1413393968.705808877944946,48,1,47,1,11
1413393968.755809307098389,49,0,48,1,11
1413393968.805808544158936,50,4,48,1,11
1413393968.855807542800903,50,5,47,0,11
1413393968.905807018280029,49,3,45,1,11
1413393968.955806493759155,45,10,43,2,11
1413393969.005805015563965,49,30,44,4,11
1413393969.055804729461670,49,5,47,1,11
1413393969.105804920196533,49,2,46,2,11
1413393969.155803918838501,50,5,46,1,11
1413393969.205802917480469,49,0,46,0,11
1413393969.255802154541016,49,2,42,3,11
1413393969.305801391601562,49,2,43,1,11
1413393969.355801582336426,46,1,41,1,11
1413393969.405801773071289,46,4,41,2,11
1413393969.455802202224731,46,3,42,2,11
1413393969.505802392959595,46,0,40,2,11
1413393969.555802106857300,47,0,41,4,11
1413393969.605802059173584,48,23,44,3,11
1413393969.655802011489868,49,3,43,2,11
1413393969.705801963806152,47,1,43,0,11
1413393969.755801677703857,48,5,43,3,11
1413393969.805801153182983,49,13,46,3,11
1413393969.855801105499268,49,1,48,0,11
1413393969.905800819396973,48,0,46,0,11
1413393969.955801010131836,46,0,43,1,11
1413393970.005800962448120,47,2,45,2,11
1413393970.055801153182983,46,0,43,0,11
1413393970.105801582336426,46,3,41,0,11
1413393970.155800819396973,48,18,42,5,11
1413393970.205800533294678,47,20,47,0,11
1413393970.255800485610962,48,0,46,1,11
1413393970.305800199508667,48,0,46,1,11
1413393970.355800151824951,50,3,47,3,11
1413393970.405800342559814,50,10,49,0,11
1413393970.455800533294678,50,1,49,0,11
1413393970.505801439285278,49,5,49,0,11
1413393970.555802106857300,49,3,47,1,11
1413393970.605802774429321,49,1,48,0,11
1413393970.655802726745605,49,1,48,1,11
1413393970.705803155899048,49,12,48,1,11
1413393970.755802631378174,49,14,46,1,11
1413393970.805801153182983,48,34,45,1,11
1413393970.855800151824951,46,2,42,4,11
1413393970.905799388885498,46,0,44,0,11
1413393970.955799102783203,45,0,37,1,11
1413393971.005800008773804,49,2,37,5,11
1413393971.055801630020142,46,0,37,3,11
1413393971.105804443359375,45,1,39,2,11
1413393971.155807495117188,43,0,37,1,11
1413393971.205809593200684,40,2,37,0,11
1413393971.255810737609863,37,3,33,1,11
1413393971.305812597274780,40,5,33,5,11
1413393971.355813503265381,43,6,37,5,11
1413393971.405813694000244,45,21,39,5,11
1413393971.455813169479370,43,1,38,1,11
1413393971.505812883377075,40,0,36,0,11
1413393971.555813312530518,36,2,34,2,11
1413393971.605814456939697,37,6,31,4,11
1413393971.655814647674561,35,8,31,0,11
1413393971.705815076828003,36,3,27,6,11
1413393971.755814313888550,34,0,31,2,11
1413393971.805813312530518,34,4,32,0,11
1413393971.855812311172485,34,4,30,2,11
1413393971.905810832977295,40,2,31,7,11
1413393971.955809831619263,39,0,37,1,11
1413393972.005808353424072,44,4,38,5,11
1413393972.055807590484619,50,4,43,7,11
1413393972.105808496475220,50,2,49,0,11
1413393972.155809402465820,50,1,49,0,11
1413393972.205811262130737,49,6,47,1,11
1413393972.255810976028442,48,12,46,1,11
1413393972.305810451507568,49,1,46,2,11
1413393972.355809688568115,49,0,46,1,11
1413393972.405809640884399,49,12,45,2,11
1413393972.455809593200684,49,0,47,1,11
1413393972.505809545516968,48,21,47,0,11
1413393972.555809736251831,49,1,46,2,11
1413393972.605809926986694,48,8,44,2,11
1413393972.655810117721558,46,0,45,0,11
1413393972.705810070037842,45,1,44,0,11
1413393972.755810022354126,47,2,44,2,11
1413393972.805810451507568,46,1,45,1,11
1413393972.855811834335327,49,8,44,3,11
1413393972.905812263488770,49,0,46,0,11
1413393972.955811977386475,47,0,45,0,11
1413393973.005812406539917,46,5,45,0,11
1413393973.055812597274780,46,0,45,1,11
1413393973.105813264846802,47,14,46,1,11
1413393973.155813455581665,47,0,46,0,11
1413393973.205813884735107,50,16,46,3,11
1413393973.255813837051392,49,1,45,1,11
1413393973.305813789367676,50,0,46,1,11
1413393973.355813980102539,48,0,46,1,11
1413393973.405813932418823,46,1,45,0,11
1413393973.455814123153687,50,3,44,4,11
1413393973.505814313888550,47,0,46,0,11
1413393973.555814981460571,48,4,44,1,11
1413393973.605815649032593,50,6,43,3,11
1413393973.655816316604614,45,0,43,0,11
1413393973.705817222595215,44,9,37,3,11
1413393973.755817651748657,43,1,41,0,11
1413393973.805817842483521,45,4,41,4,11
1413393973.855818033218384,43,2,42,0,11
1413393973.905817985534668,42,0,39,0,11
1413393973.955817699432373,47,2,37,6,11
1413393974.005817413330078,42,0,33,0,11
1413393974.055817365646362,39,1,24,2,11
1413393974.105817794799805,28,4,19,0,11
1413393974.155818223953247,22,7,19,1,11
1413393974.205819606781006,20,2,15,2,11
1413393974.255820751190186,18,1,15,0,11
1413393974.305824518203735,20,4,14,5,11
1413393974.355827331542969,22,0,17,3,11
1413393974.405828714370728,27,2,20,5,11
1413393974.455829858779907,25,6,20,0,11
1413393974.505830764770508,24,9,21,0,11
1413393974.555831909179688,31,2,16,12,11
1413393974.605831861495972,43,1,25,13,11
1413393974.655832052230835,40,4,30,0,11
1413393974.705832004547119,43,3,27,5,11
1413393974.755831956863403,35,4,28,3,11
1413393974.805832147598267,32,5,28,3,11
1413393974.855832338333130,29,10,26,0,11
1413393974.905831813812256,25,4,20,1,11
1413393974.955831289291382,23,4,17,3,11
1413393975.005831003189087,21,2,18,0,11
1413393975.055830001831055,22,2,17,3,11
1413393975.105830192565918,23,3,18,2,11
1413393975.155830621719360,29,5,18,10,11
1413393975.205830574035645,27,3,26,0,11
1413393975.255830764770508,26,3,23,2,11
1413393975.305831193923950,30,3,25,5,11
1413393975.355831623077393,37,3,30,7,11
1413393975.405831575393677,39,3,35,2,11
1413393975.455831289291382,46,3,36,8,11
1413393975.505831003189087,43,2,41,0,11
1413393975.555830240249634,45,0,38,4,11
1413393975.605830430984497,39,5,38,1,11
1413393975.655830383300781,38,1,35,1,11
1413393975.705830097198486,38,0,34,2,11
1413393975.755830049514771,38,2,36,2,11
1413393975.805829524993896,43,2,36,7,11
1413393975.855829477310181,43,2,41,1,11
1413393975.905829191207886,45,2,41,2,11
1413393975.955828905105591,46,0,41,2,11
1413393976.005828857421875,43,2,40,0,11
1413393976.055828571319580,45,0,40,3,11
1413393976.105828523635864,43,3,42,0,11
1413393976.155828714370728,47,1,41,5,11
1413393976.205828428268433,44,5,42,1,11
1413393976.255828142166138,45,0,41,2,11
1413393976.305827856063843,50,4,42,5,11
1413393976.355827808380127,48,1,45,1,11
1413393976.405827522277832,47,4,41,3,11
1413393976.455827474594116,45,1,44,0,11
1413393976.505827426910400,43,0,42,1,11
1413393976.555827379226685,46,0,43,3,11
1413393976.605827808380127,45,2,43,1,11
1413393976.655827522277832,47,0,44,3,11
1413393976.705827713012695,49,3,47,2,11
1413393976.755827665328979,50,3,46,1,11
1413393976.805827856063843,50,3,47,0,11
1413393976.855828285217285,48,3,45,1,11
1413393976.905828952789307,50,3,46,2,11
1413393976.955829143524170,44,0,42,1,11
1413393977.005829334259033,47,0,42,4,11
1413393977.055829048156738,45,0,43,1,11
1413393977.105828762054443,45,2,44,0,11
1413393977.155828237533569,43,0,43,0,11
1413393977.205827236175537,42,1,42,0,11
1413393977.255826234817505,42,1,41,0,11
1413393977.305825471878052,46,2,40,4,11
1413393977.355825662612915,46,0,43,1,11
1413393977.405826091766357,48,0,44,3,11
1413393977.455826520919800,48,4,47,1,11
1413393977.505826950073242,50,2,47,2,11
1413393977.555827856063843,49,5,47,0,11
1413393977.605828523635864,49,1,47,1,11
1413393977.655828475952148,49,2,48,1,11
1413393977.705828666687012,47,0,47,0,11
1413393977.755828619003296,47,1,45,2,11
1413393977.805828571319580,48,0,47,1,11
1413393977.855828762054443,48,2,47,0,11
1413393977.905828714370728,49,2,45,2,11
1413393977.955828428268433,49,1,46,2,11
1413393978.005828380584717,49,6,47,1,11
1413393978.055828571319580,50,12,48,1,11
1413393978.105828762054443,49,4,48,0,11
1413393978.155828714370728,50,1,48,1,11
1413393978.205828666687012,50,1,48,1,11
1413393978.255829095840454,50,3,49,0,11
1413393978.305829286575317,50,6,49,1,11
1413393978.355829715728760,49,1,49,0,11
1413393978.405829668045044,47,0,47,0,11
1413393978.455829620361328,45,1,44,0,11
1413393978.505829572677612,44,1,39,0,11
1413393978.555829286575317,44,0,39,1,11
1413393978.605829238891602,47,3,39,8,11
1413393978.655828475952148,48,9,45,2,11
1413393978.705827713012695,46,7,44,1,11
1413393978.755827188491821,44,1,43,0,11
1413393978.805827140808105,43,0,40,1,11
1413393978.855827093124390,44,0,40,2,11
1413393978.905827045440674,47,8,41,4,11
1413393978.955826997756958,47,1,45,1,11
1413393979.005826711654663,45,1,44,1,11
1413393979.055826663970947,39,0,37,0,11
1413393979.105826854705811,39,0,35,0,11
1413393979.155826568603516,40,0,34,4,11
1413393979.205826520919800,37,0,31,2,11
1413393979.255826473236084,42,0,32,7,11
1413393979.305826425552368,45,0,38,7,11
1413393979.355826377868652,45,0,43,2,11
1413393979.405826091766357,43,0,42,0,11
1413393979.455825805664062,42,1,38,0,11
1413393979.505825519561768,47,1,34,6,11
1413393979.555824995040894,45,1,38,0,11
1413393979.605824947357178,43,1,35,6,11
1413393979.655824661254883,37,0,33,2,11
1413393979.705824136734009,41,1,34,6,11
1413393979.755823850631714,40,0,36,0,11
1413393979.805823564529419,42,0,35,5,11
1413393979.855823516845703,45,5,33,10,11
1413393979.905823707580566,44,1,42,2,11
1413393979.955823898315430,45,0,44,1,11
1413393980.005823612213135,49,4,43,4,11
1413393980.055824041366577,49,1,47,0,11
1413393980.105824232101440,48,9,45,1,11
1413393980.155824422836304,44,3,40,0,11
1413393980.205824375152588,47,4,39,6,11
1413393980.255824565887451,45,2,43,1,11
1413393980.305824518203735,41,2,38,0,11
1413393980.355824708938599,41,7,32,9,11
1413393980.405824422836304,40,4,38,1,11
1413393980.455823659896851,38,4,36,1,11
1413393980.505823135375977,35,10,30,3,11
1413393980.555822372436523,30,4,30,0,11
1413393980.605822086334229,30,5,30,0,11
1413393980.655822038650513,37,4,28,7,11
1413393980.705821752548218,41,2,34,5,11
1413393980.755821704864502,44,2,38,6,11
1413393980.805821657180786,46,2,44,2,11
1413393980.855822086334229,49,4,43,4,11
1413393980.905822038650513,49,4,46,0,11
1413393980.955821990966797,48,8,46,1,11
1413393981.005822181701660,48,3,44,1,11
1413393981.055822610855103,48,2,45,0,11
1413393981.105823755264282,48,8,45,3,11
1413393981.155824184417725,47,3,47,0,11
1413393981.205824851989746,45,5,44,0,11
1413393981.255825757980347,49,10,42,4,11
1413393981.305825710296631,48,0,45,1,11
1413393981.355826139450073,44,3,43,0,11
1413393981.405826330184937,44,2,43,0,11
1413393981.455826282501221,42,4,40,2,11
1413393981.505826473236084,44,1,40,3,11
1413393981.555826187133789,49,1,43,5,11
1413393981.605826377868652,48,4,45,2,11
1413393981.655825853347778,50,5,46,2,11
1413393981.705826282501221,49,8,47,0,11
1413393981.755826473236084,49,4,47,2,11
1413393981.805826425552368,49,2,48,0,11
1413393981.855827093124390,47,4,46,0,11
1413393981.905827283859253,48,2,46,2,11
1413393981.955827236175537,46,0,46,0,11
1413393982.005827188491821,45,2,45,0,11
1413393982.055827379226685,46,0,45,1,11
1413393982.105827569961548,45,0,44,0,11
1413393982.155827760696411,50,3,44,5,11
1413393982.205827713012695,45,4,43,1,11
1413393982.255827426910400,40,5,39,0,11
1413393982.305827379226685,43,2,35,5,11
1413393982.355827569961548,39,0,34,1,11
1413393982.405827522277832,38,0,35,3,11
1413393982.455827474594116,41,0,38,3,11
1413393982.505827903747559,47,1,40,7,11
1413393982.555828094482422,47,0,40,1,11
1413393982.605828523635864,38,6,33,0,11
1413393982.655828714370728,33,3,28,2,11
1413393982.705828905105591,39,3,28,10,11
1413393982.755828857421875,38,4,32,0,11
1413393982.805829048156738,41,0,30,8,11
1413393982.855829238891602,37,3,34,1,11
1413393982.905829191207886,32,3,28,0,11
1413393982.955829381942749,36,6,28,6,11
1413393983.005829095840454,36,6,29,6,11
1413393983.055829048156738,32,5,30,0,11
1413393983.105829238891602,30,2,27,0,11
1413393983.155829191207886,35,2,26,7,11
1413393983.205829143524170,32,4,30,1,11
1413393983.255829095840454,29,0,27,1,11
1413393983.305828809738159,30,4,25,5,11
1413393983.355829238891602,28,2,26,0,11
1413393983.405829191207886,24,4,22,0,11
1413393983.455829143524170,26,1,21,3,11
1413393983.505829572677612,28,0,22,5,11
1413393983.555829524993896,25,1,22,3,11
1413393983.605829715728760,26,4,21,4,11
1413393983.655829906463623,29,2,22,5,11
1413393983.705829858779907,27,2,25,0,11
1413393983.755829811096191,25,7,21,1,11
1413393983.805829763412476,28,1,21,6,11
1413393983.855830192565918,29,2,24,3,11
1413393983.905830144882202,29,0,26,3,11
1413393983.955829858779907,26,3,22,4,11
1413393984.005829811096191,26,1,25,0,11
1413393984.055829524993896,31,2,23,6,11
1413393984.105829715728760,37,1,27,7,11
1413393984.155829429626465,33,1,30,0,11
1413393984.205829381942749,30,3,28,1,11
1413393984.255829334259033,27,2,27,0,11
1413393984.305829286575317,38,5,25,12,11
1413393984.355829238891602,38,1,34,3,11
1413393984.405829191207886,38,3,32,3,11
1413393984.455829143524170,38,1,34,1,11
1413393984.505829095840454,35,3,30,2,11
1413393984.555829048156738,41,1,32,8,11
1413393984.605829238891602,36,5,35,0,11
1413393984.655828952789307,32,7,31,0,11
1413393984.705828905105591,27,0,25,0,11
1413393984.755829095840454,30,4,25,5,11
1413393984.805829286575317,28,9,25,2,11
1413393984.855829477310181,29,5,25,4,11
1413393984.905829429626465,28,6,24,4,11
1413393984.955829620361328,25,2,24,0,11
1413393985.005830049514771,26,6,22,4,11
1413393985.055830240249634,27,5,24,1,11
1413393985.105830907821655,24,4,21,0,11
1413393985.155830621719360,25,10,21,3,11
1413393985.205830812454224,23,2,22,1,11
1413393985.255831241607666,27,1,23,4,11
1413393985.305831193923950,28,4,26,1,11
1413393985.355831623077393,30,5,26,3,11
1413393985.405831336975098,34,4,28,6,11
1413393985.455831289291382,36,2,33,2,11
1413393985.505831480026245,36,6,32,2,11
1413393985.555831432342529,37,2,32,2,11
1413393985.605832338333130,36,3,29,4,11
1413393985.655832767486572,32,5,27,0,11
1413393985.705833196640015,32,3,26,3,11
1413393985.755833387374878,30,6,26,0,11
1413393985.805833578109741,31,4,27,2,11
1413393985.855834007263184,32,0,28,3,11
1413393985.905834436416626,32,5,29,2,11
1413393985.955834388732910,32,4,30,1,11
1413393986.005834341049194,34,2,26,3,11
1413393986.055833339691162,41,1,27,8,11
1413393986.105832576751709,38,0,32,4,11
1413393986.155831575393677,39,0,32,2,11
1413393986.205830097198486,37,6,27,2,11
1413393986.255827426910400,38,7,22,8,11
1413393986.305826902389526,34,1,22,2,11
1413393986.355826377868652,32,4,19,2,11
1413393986.405826091766357,34,1,18,9,11
1413393986.455825567245483,34,1,23,4,11
1413393986.505825519561768,31,3,24,0,11
1413393986.555825710296631,30,1,21,4,11
1413393986.605826616287231,29,1,24,3,11
1413393986.655827522277832,26,6,20,1,11
1413393986.705826997756958,27,1,18,3,11
1413393986.755827426910400,26,1,16,5,11
1413393986.805827856063843,26,1,18,2,11
1413393986.855828285217285,30,1,18,9,11
1413393986.905829191207886,33,0,25,6,11
1413393986.955830812454224,38,1,28,9,11
1413393987.005831480026245,38,3,34,3,11
1413393987.055831909179688,42,2,36,6,11
1413393987.105832576751709,43,0,42,1,11
1413393987.155833721160889,48,2,42,6,11
1413393987.205834150314331,49,3,47,1,11
1413393987.255834102630615,49,2,46,1,11
1413393987.305834293365479,47,4,47,0,11
1413393987.355835199356079,49,9,46,2,11
1413393987.405835628509521,50,6,48,1,11
1413393987.455836296081543,50,3,49,1,11
1413393987.505836725234985,49,2,48,0,11
1413393987.555838108062744,50,9,47,1,11
1413393987.605838537216187,46,2,44,0,11
1413393987.655838727951050,44,2,40,0,11
1413393987.705838680267334,44,2,36,0,11
1413393987.755838871002197,43,5,35,4,11
1413393987.805839061737061,43,1,37,3,11
1413393987.855839014053345,47,1,38,5,11
1413393987.905838727951050,47,2,40,3,11
1413393987.955838203430176,45,9,40,1,11
1413393988.005837917327881,44,1,39,3,11
1413393988.055837631225586,45,2,40,4,11
1413393988.105838298797607,44,0,40,0,11
1413393988.155838489532471,48,1,39,5,11
1413393988.205838441848755,44,10,41,0,11
1413393988.255838394165039,44,2,40,1,11
1413393988.305838108062744,38,2,36,0,11
1413393988.355837821960449,38,3,35,2,11
1413393988.405837297439575,36,1,33,1,11
1413393988.455837011337280,39,1,33,3,11
1413393988.505836725234985,39,2,35,3,11
1413393988.555836200714111,47,4,37,10,11
1413393988.605836153030396,46,1,44,1,11
1413393988.655836343765259,47,2,44,1,11
1413393988.705836534500122,47,3,44,2,11
1413393988.755836725234985,47,4,43,1,11
1413393988.805836915969849,48,11,41,4,11
1413393988.855837345123291,45,3,40,2,11
1413393988.905837297439575,43,5,37,3,11
1413393988.955837488174438,40,3,36,1,11
1413393989.005837678909302,39,1,32,4,11
1413393989.055837392807007,39,1,33,3,11
1413393989.105837345123291,38,4,35,2,11
1413393989.155837297439575,38,2,36,1,11
1413393989.205837249755859,36,3,33,1,11
1413393989.255836248397827,40,2,34,5,11
1413393989.305835247039795,36,4,35,0,11
1413393989.355834722518921,40,7,27,5,11
1413393989.405833482742310,44,8,29,8,11
1413393989.455833196640015,41,8,35,5,11
1413393989.505833864212036,38,6,35,0,11
1413393989.555834531784058,36,1,33,1,11
1413393989.605835914611816,33,4,31,2,11
1413393989.655837297439575,32,4,30,1,11
1413393989.705837011337280,32,0,28,2,11
1413393989.755837678909302,34,0,29,3,11
1413393989.805838108062744,32,2,28,1,11
1413393989.855838775634766,33,2,29,2,11
1413393989.905838966369629,32,1,31,1,11
1413393989.955839633941650,41,1,28,10,11
1413393990.005839347839355,42,4,36,2,11
1413393990.055839300155640,46,2,36,9,11
1413393990.105839490890503,45,9,41,3,11
1413393990.155839443206787,45,1,38,2,11
1413393990.205839395523071,45,3,37,2,11
1413393990.255839347839355,40,0,34,2,11
1413393990.305839300155640,36,5,30,2,11
1413393990.355839729309082,34,1,29,4,11
1413393990.405839681625366,35,0,32,2,11
1413393990.455839872360229,34,1,32,0,11
1413393990.505840063095093,33,0,28,0,11
1413393990.555840015411377,33,0,27,3,11
1413393990.605839967727661,32,2,29,1,11
1413393990.655839920043945,33,0,28,3,11
1413393990.705839157104492,40,4,28,9,11
1413393990.755838632583618,35,5,31,0,11
1413393990.805838346481323,36,0,29,4,11
1413393990.855838775634766,38,2,31,3,11
1413393990.905838489532471,38,1,29,4,11
1413393990.955839395523071,44,3,30,10,11
1413393991.005840539932251,40,1,34,0,11
1413393991.055840015411377,40,3,32,1,11
1413393991.105839729309082,38,4,33,3,11
1413393991.155840158462524,31,8,27,0,11
1413393991.205839633941650,30,7,27,0,11
1413393991.255841255187988,35,2,26,8,11
1413393991.305841922760010,32,2,24,0,11
1413393991.355842590332031,31,2,23,0,11
1413393991.405842065811157,23,2,18,2,11
1413393991.455844640731812,28,1,22,5,11
1413393991.505845546722412,26,0,26,0,11
1413393991.555847644805908,26,0,26,0,11
1413393991.605849504470825,26,0,26,0,11
1413393991.655850410461426,26,0,26,0,11
1413393991.705851078033447,30,0,25,5,11
1413393991.755851507186890,34,0,30,4,11
1413393991.805851697921753,34,0,33,0,11
1413393991.855852842330933,36,0,34,2,11
1413393991.905853509902954,35,1,35,0,11
1413393991.955852508544922,35,3,31,2,11
1413393992.005852460861206,34,6,33,0,11
1413393992.055851936340332,32,0,31,0,11
1413393992.105853080749512,36,4,31,5,11
1413393992.155852556228638,35,2,34,1,11
1413393992.205852746963501,41,1,34,7,11
1413393992.255850553512573,46,0,39,6,11
1413393992.305847883224487,48,1,44,3,11
1413393992.355847835540771,45,2,45,0,11
1413393992.405847549438477,45,0,45,0,11
1413393992.455847263336182,48,0,45,3,11
1413393992.505847930908203,49,0,48,1,11
1413393992.555848360061646,49,6,49,0,11
1413393992.605849027633667,50,3,49,1,11
1413393992.655849218368530,49,1,49,0,11
1413393992.705849170684814,49,4,48,0,11
1413393992.755848169326782,48,3,45,0,11
1413393992.805846691131592,47,2,46,1,11
1413393992.855846405029297,43,5,39,0,11
1413393992.905844926834106,41,2,38,2,11
1413393992.955841779708862,49,1,39,9,11
1413393993.005841255187988,48,0,46,0,11
1413393993.055840969085693,47,0,46,0,11
1413393993.105842113494873,47,0,46,1,11
1413393993.155843257904053,50,2,46,3,11
1413393993.205842733383179,50,4,48,0,11
1413393993.255842447280884,49,0,48,0,11
1413393993.305841922760010,49,0,47,2,11
1413393993.355841636657715,46,7,45,1,11
1413393993.405841588973999,46,1,42,3,11
1413393993.455842018127441,47,3,45,1,11
1413393993.505841970443726,46,0,44,1,11
1413393993.555842399597168,46,0,45,0,11
1413393993.605842828750610,43,4,40,0,11
1413393993.655842304229736,41,6,37,0,11
1413393993.705842018127441,40,1,38,0,11
1413393993.755841732025146,41,8,33,4,11
1413393993.805842161178589,41,2,33,3,11
1413393993.855842828750610,30,0,26,1,11
1413393993.905842065811157,23,0,22,0,11
1413393993.955842494964600,26,0,19,6,11
1413393994.005842685699463,24,0,22,0,11
1413393994.055842876434326,26,0,22,3,11
1413393994.105844020843506,26,0,24,2,11
1413393994.155844688415527,26,0,23,0,11
1413393994.205845594406128,26,0,23,1,11
1413393994.255847692489624,28,0,24,4,11
1413393994.305848836898804,28,5,28,0,11
1413393994.355850219726562,28,3,28,0,11
1413393994.405851840972900,31,8,25,3,11
1413393994.455852985382080,33,5,24,2,11
1413393994.505853176116943,28,3,19,2,11
1413393994.555853366851807,23,0,19,0,11
1413393994.605853796005249,19,4,17,0,11
1413393994.655853748321533,14,8,12,1,11
1413393994.705852985382080,13,3,9,3,11
1413393994.755852460861206,11,0,9,0,11
1413393994.805851459503174,11,0,9,0,11
1413393994.855848073959351,12,2,8,4,11
1413393994.905843019485474,18,1,10,6,11
1413393994.955838918685913,24,3,16,8,11
1413393995.005837678909302,25,2,24,1,11
1413393995.055833339691162,39,2,25,14,11
1413393995.105833530426025,39,0,39,0,11
1413393995.155833721160889,41,4,39,2,11
1413393995.205832242965698,44,10,41,3,11
1413393995.255831480026245,49,0,44,5,11
1413393995.305830717086792,49,7,47,0,11
1413393995.355830430984497,48,0,44,1,11
1413393995.405829429626465,47,0,44,0,11
1413393995.455828666687012,44,1,41,0,11
1413393995.505828142166138,42,1,39,1,11
1413393995.555827379226685,44,6,37,7,11
1413393995.605826854705811,43,0,41,0,11
1413393995.655826568603516,42,2,37,0,11
1413393995.705826282501221,37,1,33,1,11
1413393995.755825996398926,35,1,30,1,11
1413393995.805825471878052,33,3,29,0,11
1413393995.855825185775757,31,1,27,2,11
1413393995.905824899673462,32,1,27,4,11
1413393995.955824613571167,30,1,28,0,11
1413393996.005824327468872,39,1,25,10,11
1413393996.055823802947998,49,10,34,11,11
1413393996.105823993682861,42,1,36,0,11
1413393996.155823945999146,44,0,34,4,11
1413393996.205823659896851,41,2,38,1,11
1413393996.255823373794556,36,1,33,1,11
1413393996.305823326110840,37,2,35,1,11
1413393996.355823755264282,47,7,35,11,11
1413393996.405823707580566,46,1,41,1,11
1413393996.455823659896851,46,2,40,1,11
1413393996.505823850631714,44,2,40,4,11
1413393996.555823802947998,45,0,42,3,11
1413393996.605824232101440,48,5,43,3,11
1413393996.655824422836304,48,1,44,2,11
1413393996.705825090408325,46,3,43,2,11
1413393996.755825281143188,44,1,41,1,11
1413393996.805825710296631,49,7,40,6,11
1413393996.855826377868652,48,4,46,0,11
1413393996.905826568603516,46,0,44,0,11
1413393996.955826520919800,49,12,44,3,11
1413393997.005826711654663,48,1,47,1,11
1413393997.055826902389526,47,0,47,0,11
1413393997.105827093124390,47,2,46,1,11
1413393997.155827045440674,48,9,45,3,11
1413393997.205826759338379,49,5,46,2,11
1413393997.255826711654663,49,0,48,0,11
1413393997.305826663970947,49,2,47,2,11
1413393997.355826854705811,50,11,49,1,11
1413393997.405826807022095,50,7,49,0,11
1413393997.455826997756958,47,2,46,0,11
1413393997.505826950073242,46,0,44,2,11
1413393997.555827140808105,48,28,45,2,11
1413393997.605827331542969,48,1,43,1,11
1413393997.655827283859253,48,2,44,1,11
1413393997.705827236175537,46,3,42,2,11
1413393997.755827426910400,47,10,44,2,11
1413393997.805827379226685,49,3,46,3,11
1413393997.855827569961548,49,1,48,0,11
1413393997.905827760696411,50,3,48,1,11
1413393997.955827713012695,49,10,47,0,11
1413393998.005827665328979,47,6,46,1,11
1413393998.055827617645264,48,2,47,1,11
1413393998.105827808380127,45,3,45,0,11
1413393998.155827760696411,48,9,44,4,11
1413393998.205827713012695,46,2,44,1,11
1413393998.255827665328979,44,0,43,0,11
1413393998.305827617645264,44,1,42,1,11
1413393998.355827808380127,44,2,43,0,11
1413393998.405827760696411,43,7,42,1,11
1413393998.455827713012695,43,0,43,0,11
1413393998.505827665328979,43,0,43,0,11
1413393998.555827379226685,45,0,43,2,11
1413393998.605827331542969,48,2,45,3,11
1413393998.655827283859253,48,0,47,0,11
1413393998.705826997756958,48,0,47,0,11
1413393998.755826950073242,48,1,45,1,11
1413393998.805826902389526,49,1,45,1,11
1413393998.855826854705811,48,0,46,0,11
1413393998.905826807022095,47,0,44,1,11
1413393998.955826520919800,47,0,44,1,11
1413393999.005825281143188,45,19,44,1,11
1413393999.055825233459473,45,0,44,0,11
1413393999.105825424194336,44,0,44,0,11
1413393999.155825376510620,43,0,43,0,11
1413393999.205825328826904,39,1,38,0,11
1413393999.255825042724609,38,0,37,0,11
1413393999.305824995040894,36,2,36,0,11
1413393999.355825185775757,35,0,34,0,11
1413393999.405825376510620,35,0,34,0,11
1413393999.455825328826904,32,1,29,1,11
1413393999.505825519561768,31,1,25,0,11
1413393999.555825471878052,29,0,24,1,11
1413393999.605825901031494,28,4,24,2,11
1413393999.655826091766357,27,0,25,0,11
1413393999.705826044082642,26,0,25,0,11
1413393999.755826234817505,25,0,25,0,11
1413393999.805826187133789,26,0,25,1,11
1413393999.855826377868652,22,1,21,0,11
1413393999.905826330184937,18,1,17,0,11
1413393999.955826282501221,14,3,14,0,11
1413394000.005826234817505,9,1,8,0,11
1413394000.055826187133789,6,4,6,0,11
1413394000.105826377868652,5,2,4,0,11
1413394000.155826330184937,6,3,4,1,11
1413394000.205825567245483,12,3,5,7,11
1413394000.255825519561768,11,0,10,0,11
1413394000.305825948715210,10,8,9,0,11
1413394000.355825662612915,8,9,8,0,11
1413394000.405825614929199,8,0,8,0,11
1413394000.455825567245483,8,0,8,0,11
1413394000.505825281143188,9,1,8,1,11
1413394000.555824995040894,8,0,7,1,11
1413394000.605825424194336,9,0,8,1,11
1413394000.655825138092041,11,0,9,2,11
1413394000.705825090408325,13,0,11,2,11
1413394000.755825996398926,23,0,13,10,11
1413394000.805825948715210,27,0,22,5,11
1413394000.855825901031494,28,0,27,1,11
1413394000.905825614929199,30,0,28,2,11
1413394000.955825567245483,33,0,30,3,11
1413394001.005825281143188,35,0,33,2,11
1413394001.055825233459473,35,0,35,0,11
1413394001.105825424194336,35,0,35,0,11
1413394001.155825376510620,35,0,35,0,11
1413394001.205825328826904,35,0,35,0,11
1413394001.255825281143188,35,0,35,0,11
1413394001.305825233459473,35,0,35,0,11
1413394001.355825424194336,35,0,35,0,11
1413394001.405825376510620,36,0,35,1,11
1413394001.455825328826904,36,0,36,0,11
1413394001.505825281143188,36,0,36,0,11
1413394001.555825233459473,38,0,36,2,11
1413394001.605825424194336,39,1,38,1,11
1413394001.655825376510620,39,0,39,0,11
1413394001.705825328826904,39,0,39,0,11
1413394001.755825281143188,39,0,39,0,11
1413394001.805825233459473,39,0,39,0,11
1413394001.855825424194336,39,0,39,0,11
1413394001.905825376510620,39,0,39,0,11
1413394001.955825328826904,39,0,38,0,11
1413394002.005825281143188,33,0,32,0,11
1413394002.105825424194336,33,0,30,0,11
1413394002.155825376510620,29,0,29,0,11
1413394002.205825328826904,29,0,29,0,11
1413394002.255825281143188,30,0,29,1,11
1413394002.305825233459473,30,0,30,0,11
1413394002.355825424194336,30,0,30,0,11
1413394002.405825376510620,30,0,30,0,11
1413394002.455825328826904,31,0,30,1,11
1413394002.505825281143188,31,0,31,0,11
1413394002.555824995040894,31,0,31,0,11
1413394002.605825185775757,31,0,31,0,11
1413394002.655825138092041,36,1,31,5,11
1413394002.705825090408325,36,0,36,0,11
1413394002.755825042724609,36,0,36,0,11
1413394002.805824995040894,36,0,36,0,11
1413394002.855825185775757,36,0,36,0,11
1413394002.905825138092041,36,0,36,0,11
1413394002.955825090408325,36,0,33,0,11
1413394003.005825042724609,36,0,33,0,11
1413394003.055824995040894,30,0,30,0,11
1413394003.105825185775757,29,1,29,0,11
1413394003.155825138092041,27,0,26,0,11
1413394003.205825090408325,24,0,22,0,11
1413394003.255825042724609,23,0,22,1,11
1413394003.305824995040894,23,0,23,0,11
