# timestamp (sec),slam_feats_in_state,msckf_feats_used,slam_feats_updated,slam_feats_delayed_init,clones
1403637149.985352993011475,0,3,0,0,5
1403637150.036702632904053,14,16,0,14,6
1403637150.086352825164795,12,16,11,0,7
1403637150.136475086212158,11,1,6,0,8
1403637150.186569929122925,7,1,1,0,9
1403637150.236645221710205,2,2,0,0,10
1403637150.286645412445068,0,0,0,0,11
1403637150.336645364761353,0,0,0,0,11
1403637150.386645317077637,0,0,0,0,11
1403637150.436645269393921,0,0,0,0,11
1403637150.486645221710205,0,0,0,0,11
1403637150.536645412445068,0,0,0,0,11
1403637150.586652994155884,0,3,0,0,11
1403637150.637310028076172,10,1,0,10,11
1403637150.687535524368286,9,0,9,0,11
1403637150.737692117691040,8,1,8,0,11
1403637150.788232088088989,12,0,7,5,11
1403637150.838304042816162,13,0,10,1,11
1403637150.888331174850464,12,1,10,0,11
1403637150.938276767730713,11,0,10,1,11
1403637150.987882137298584,11,0,10,1,11
1403637151.038036108016968,12,2,9,2,11
1403637151.087998628616333,12,0,11,0,11
1403637151.137959718704224,11,1,10,0,11
1403637151.188598155975342,15,1,9,4,11
1403637151.239011764526367,16,0,13,2,11
1403637151.289394378662109,18,0,15,3,11
1403637151.339403390884399,18,0,18,0,11
1403637151.389380693435669,19,1,18,1,11
1403637151.439249753952026,19,9,18,0,11
1403637151.489378929138184,21,1,17,3,11
1403637151.539376020431519,20,1,20,0,11
1403637151.589336156845093,20,3,19,0,11
1403637151.639177083969116,20,1,19,0,11
1403637151.689044475555420,19,0,18,0,11
1403637151.738994359970093,19,2,18,0,11
1403637151.789005041122437,19,0,17,1,11
1403637151.838847875595093,22,0,18,3,11
1403637151.888988494873047,26,0,21,5,11
1403637151.938833713531494,26,1,26,0,11
1403637151.988795280456543,25,0,22,0,11
1403637152.039116859436035,28,0,16,3,11
1403637152.088945627212524,28,0,23,3,11
1403637152.138763904571533,28,0,26,0,11
1403637152.188897848129272,27,1,26,1,11
1403637152.238966941833496,29,0,27,2,11
1403637152.289059638977051,30,0,26,1,11
1403637152.339048385620117,29,0,27,0,11
1403637152.389055967330933,27,1,27,0,11
1403637152.438931226730347,28,0,27,1,11
1403637152.489052534103394,32,0,25,4,11
1403637152.538969516754150,31,0,28,0,11
1403637152.588920116424561,30,0,27,2,11
1403637152.638989448547363,29,0,29,0,11
1403637152.688992261886597,29,0,29,0,11
1403637152.739022254943848,34,0,29,5,11
1403637152.789032936096191,37,0,33,4,11
1403637152.838951587677002,41,0,37,4,11
1403637152.888888835906982,41,0,41,0,11
1403637152.938853740692139,40,0,40,0,11
1403637152.989035367965698,41,0,37,2,11
1403637153.038981199264526,42,0,37,1,11
1403637153.088976383209229,40,0,38,0,11
1403637153.139064788818359,39,0,37,1,11
1403637153.189036369323730,41,0,38,2,11
1403637153.239053010940552,41,0,39,1,11
1403637153.289085149765015,41,0,39,0,11
1403637153.339179039001465,39,0,39,0,11
1403637153.389261960983276,39,1,38,0,11
1403637153.439227342605591,40,3,38,1,11
1403637153.489384174346924,40,0,36,1,11
1403637153.539424657821655,40,0,35,0,11
1403637153.589381933212280,38,0,33,1,11
1403637153.639400243759155,37,0,33,1,11
1403637153.689517736434937,36,0,34,1,11
1403637153.739651203155518,35,0,35,0,11
1403637153.789617776870728,35,2,35,0,11
1403637153.839624881744385,35,2,32,0,11
1403637153.889705181121826,35,2,32,0,11
1403637153.939726352691650,34,0,32,2,11
1403637153.989757299423218,34,0,33,0,11
1403637154.039746522903442,36,0,32,2,11
1403637154.089681863784790,36,0,34,1,11
1403637154.139659404754639,36,0,35,1,11
1403637154.189495563507080,44,0,36,8,11
1403637154.239535808563232,44,1,42,0,11
1403637154.289566993713379,45,0,42,1,11
1403637154.339595317840576,45,0,43,2,11
1403637154.389556884765625,46,0,44,1,11
1403637154.439647912979126,46,0,40,0,11
1403637154.489663600921631,45,1,40,0,11
1403637154.539534330368042,44,2,36,4,11
1403637154.589515447616577,44,2,38,0,11
1403637154.639301776885986,41,1,36,3,11
1403637154.689151763916016,38,0,31,0,11
1403637154.739227533340454,35,0,29,0,11
1403637154.789175271987915,33,0,23,4,11
1403637154.839174032211304,33,1,23,1,11
1403637154.889201402664185,31,1,20,3,11
1403637154.939218521118164,28,0,23,1,11
1403637154.989254951477051,25,0,23,1,11
1403637155.039271831512451,25,0,22,0,11
1403637155.089229345321655,23,0,21,1,11
1403637155.139158964157104,33,0,20,12,11
1403637155.189183950424194,33,1,29,0,11
1403637155.239338159561157,33,0,28,1,11
1403637155.289343833923340,31,0,29,1,11
1403637155.339322805404663,30,0,29,0,11
1403637155.389326572418213,33,1,26,3,11
1403637155.439428091049194,32,1,29,0,11
1403637155.489583969116211,39,1,28,10,11
1403637155.539530038833618,38,0,37,0,11
1403637155.589502334594727,38,0,36,1,11
1403637155.639459609985352,36,2,35,0,11
1403637155.689473152160645,36,0,35,0,11
1403637155.739533901214600,37,1,32,4,11
1403637155.789564847946167,37,0,33,0,11
1403637155.839561700820923,35,0,31,0,11
1403637155.889529466629028,34,2,29,2,11
1403637155.939494132995605,33,0,29,0,11
1403637155.989454030990601,28,0,24,0,11
1403637156.039509534835815,34,2,22,9,11
1403637156.089548826217651,33,0,28,2,11
1403637156.139562129974365,28,0,26,0,11
1403637156.189552545547485,28,0,26,0,11
1403637156.239544153213501,24,0,22,0,11
1403637156.289516448974609,21,0,21,0,11
1403637156.339499711990356,22,0,20,1,11
1403637156.389506578445435,22,1,19,0,11
1403637156.439482450485229,21,0,18,0,11
1403637156.489484071731567,19,0,17,0,11
1403637156.539498090744019,19,1,15,3,11
1403637156.589534759521484,22,0,16,3,11
1403637156.639582395553589,25,1,18,5,11
1403637156.689642429351807,26,0,21,2,11
1403637156.739698886871338,24,0,18,0,11
1403637156.789783000946045,22,0,16,2,11
1403637156.839917182922363,23,0,18,5,11
1403637156.889929294586182,23,0,23,0,11
1403637156.939970970153809,25,0,23,2,11
1403637156.990040063858032,25,0,24,0,11
1403637157.040158271789551,28,0,24,3,11
1403637157.090227365493774,27,0,25,0,11
1403637157.140298128128052,27,0,25,0,11
1403637157.190335035324097,26,0,24,1,11
1403637157.240465879440308,35,0,25,9,11
1403637157.290452480316162,36,1,33,2,11
1403637157.340467691421509,37,0,35,1,11
1403637157.390516757965088,36,0,36,0,11
1403637157.440587282180786,44,8,36,8,11
1403637157.490562677383423,44,0,43,0,11
1403637157.540540695190430,44,0,41,1,11
1403637157.590453863143921,44,0,41,1,11
1403637157.640379905700684,44,0,42,1,11
1403637157.690289735794067,44,0,43,1,11
1403637157.740188121795654,44,0,43,1,11
1403637157.790063858032227,44,0,43,1,11
1403637157.839951992034912,46,0,44,2,11
1403637157.889850378036499,49,1,45,3,11
1403637157.939764261245728,50,5,45,1,11
1403637157.989704132080078,49,3,45,0,11
1403637158.039633512496948,47,13,41,2,11
1403637158.089619159698486,45,0,42,0,11
1403637158.139622926712036,42,3,42,0,11
1403637158.189609289169312,46,0,39,4,11
1403637158.239572525024414,46,0,43,0,11
1403637158.289533376693726,43,0,42,0,11
1403637158.339469194412231,50,2,40,7,11
1403637158.389420986175537,49,1,47,0,11
1403637158.439371824264526,48,4,45,1,11
1403637158.489327907562256,49,2,46,2,11
1403637158.539273500442505,48,10,44,1,11
1403637158.589281797409058,47,0,44,0,11
1403637158.639201879501343,47,19,41,3,11
1403637158.689200878143311,47,0,43,1,11
1403637158.739162206649780,41,0,38,0,11
1403637158.789141654968262,38,1,37,0,11
1403637158.839105129241943,36,2,35,0,11
1403637158.889036655426025,36,1,33,2,11
1403637158.938955068588257,33,0,31,1,11
1403637158.988888025283813,33,0,28,3,11
1403637159.038875102996826,36,2,28,4,11
1403637159.088832855224609,32,2,30,1,11
1403637159.138731241226196,37,0,31,6,11
1403637159.188677310943604,38,0,36,1,11
1403637159.238525867462158,49,12,37,11,11
1403637159.288477897644043,48,1,46,0,11
1403637159.338451147079468,48,0,44,1,11
1403637159.388390779495239,47,11,43,2,11
1403637159.438378572463989,46,4,44,0,11
1403637159.488366127014160,44,0,42,0,11
1403637159.538342714309692,43,0,42,0,11
1403637159.588342428207397,42,3,42,0,11
1403637159.638329505920410,39,1,38,0,11
1403637159.688337087631226,41,1,37,2,11
1403637159.738405466079712,39,0,34,0,11
1403637159.788424730300903,38,1,33,0,11
1403637159.838426828384399,43,8,32,10,11
1403637159.888471841812134,49,15,41,7,11
1403637159.938466787338257,43,1,38,0,11
1403637159.988466262817383,43,7,34,6,11
1403637160.038478851318359,42,2,37,0,11
1403637160.088514566421509,37,2,36,0,11
1403637160.138551235198975,36,4,32,0,11
1403637160.188532114028931,33,4,30,0,11
1403637160.238515138626099,31,3,29,0,11
1403637160.288509607315063,28,3,27,0,11
1403637160.338490247726440,26,3,25,0,11
1403637160.388488292694092,25,2,23,0,11
1403637160.438495874404907,37,0,23,13,11
1403637160.488514661788940,41,1,31,7,11
1403637160.538525819778442,38,2,35,0,11
1403637160.588555812835693,44,7,30,12,11
1403637160.638594865798950,42,1,41,0,11
1403637160.688676834106445,46,4,36,8,11
1403637160.738733053207397,44,0,43,0,11
1403637160.788804292678833,41,1,41,0,11
1403637160.838878870010376,41,1,41,0,11
1403637160.888957500457764,50,4,40,9,11
1403637160.939046382904053,49,1,47,0,11
1403637160.989118337631226,47,1,45,0,11
1403637161.039147615432739,46,1,42,2,11
1403637161.089195489883423,46,0,43,1,11
1403637161.139171123504639,45,6,43,1,11
1403637161.189133882522583,47,0,43,3,11
1403637161.239143848419189,47,1,45,0,11
1403637161.289148092269897,49,8,45,3,11
1403637161.339227676391602,48,3,47,1,11
1403637161.389333963394165,48,2,46,0,11
1403637161.439394474029541,48,2,46,0,11
1403637161.489556789398193,45,11,38,2,11
1403637161.539542436599731,44,0,35,0,11
1403637161.589541912078857,39,4,33,0,11
1403637161.639525890350342,34,2,30,0,11
1403637161.689493894577026,31,3,21,0,11
1403637161.739466190338135,40,7,19,13,11
1403637161.789422750473022,34,3,28,3,11
1403637161.839398622512817,33,2,26,0,11
1403637161.889352321624756,33,4,22,6,11
1403637161.939330816268921,30,1,19,1,11
1403637161.989354133605957,26,2,19,0,11
1403637162.039295911788940,30,4,17,10,11
1403637162.089367628097534,35,2,15,8,11
1403637162.139452695846558,34,3,23,0,11
1403637162.189549922943115,25,0,22,0,11
1403637162.239615440368652,23,0,21,1,11
1403637162.289692640304565,26,0,22,3,11
1403637162.339776277542114,30,0,24,5,11
1403637162.389872074127197,37,0,27,7,11
1403637162.439953088760376,41,0,36,5,11
1403637162.489991188049316,39,2,37,1,11
1403637162.539991855621338,47,1,37,9,11
1403637162.589915275573730,48,1,41,3,11
1403637162.639706850051880,48,4,43,2,11
1403637162.689454793930054,46,5,43,2,11
1403637162.739370346069336,47,0,46,1,11
1403637162.789327859878540,49,6,46,3,11
1403637162.839299917221069,50,3,48,1,11
1403637162.889296770095825,49,3,46,0,11
1403637162.939274072647095,47,5,44,1,11
1403637162.989279031753540,44,2,43,0,11
1403637163.039246797561646,49,2,43,6,11
1403637163.089259147644043,46,0,45,0,11
1403637163.139259576797485,47,0,43,1,11
1403637163.189255952835083,39,2,30,0,11
1403637163.239252328872681,40,1,28,4,11
1403637163.289252996444702,40,4,27,9,11
1403637163.339255809783936,38,1,35,0,11
1403637163.389265298843384,38,6,29,4,11
1403637163.439276695251465,33,3,22,1,11
1403637163.489279270172119,41,1,17,13,11
1403637163.539283275604248,37,1,23,6,11
1403637163.589286804199219,35,1,22,2,11
1403637163.639297246932983,33,2,20,4,11
1403637163.689300537109375,26,1,15,1,11
1403637163.739320039749146,23,2,15,0,11
1403637163.789309024810791,29,0,14,13,11
1403637163.839335441589355,30,0,20,2,11
1403637163.889359235763550,37,0,16,9,11
1403637163.939383745193481,30,2,20,0,11
1403637163.989410161972046,33,1,15,8,11
1403637164.039489507675171,43,1,21,15,11
1403637164.089514970779419,43,1,36,5,11
1403637164.139521837234497,42,3,39,3,11
1403637164.189514636993408,47,0,32,6,11
1403637164.239474773406982,48,0,41,1,11
1403637164.289424180984497,45,3,41,2,11
1403637164.339406490325928,44,1,43,1,11
1403637164.389371156692505,49,8,43,5,11
1403637164.439366579055786,49,10,48,0,11
1403637164.489364385604858,45,2,44,0,11
1403637164.539360523223877,49,4,43,4,11
1403637164.589355707168579,47,3,46,1,11
1403637164.639357089996338,50,2,47,3,11
1403637164.689373254776001,49,1,48,0,11
1403637164.739397287368774,48,5,46,0,11
1403637164.789408206939697,42,3,42,0,11
1403637164.839416027069092,41,8,41,0,11
1403637164.889421939849854,36,1,35,1,11
1403637164.939427375793457,37,4,32,4,11
1403637164.989435911178589,42,1,32,8,11
1403637165.039444923400879,46,2,37,7,11
1403637165.089451789855957,46,1,36,4,11
1403637165.139453887939453,45,3,37,2,11
1403637165.189456224441528,41,4,37,1,11
1403637165.239450454711914,39,3,36,2,11
1403637165.289451837539673,36,3,29,4,11
1403637165.339427232742310,31,5,24,2,11
1403637165.389419078826904,30,8,22,5,11
1403637165.439422130584717,26,3,23,2,11
1403637165.489421606063843,25,1,23,2,11
1403637165.539418935775757,25,5,21,1,11
1403637165.589411258697510,21,7,15,2,11
1403637165.639404296875000,17,5,15,1,11
1403637165.689395904541016,18,0,13,2,11
1403637165.739382028579712,19,4,13,2,11
1403637165.789377212524414,19,2,13,4,11
1403637165.839370012283325,21,1,13,3,11
1403637165.889371871948242,20,1,14,0,11
1403637165.939353942871094,29,4,13,13,11
1403637165.989365100860596,28,4,22,3,11
1403637166.039371967315674,35,2,14,8,11
1403637166.089391469955444,36,2,15,7,11
1403637166.139397859573364,32,1,17,4,11
1403637166.189417600631714,30,0,15,5,11
1403637166.239414930343628,32,0,14,9,11
1403637166.289414882659912,30,1,17,3,11
1403637166.339371681213379,28,0,17,2,11
1403637166.389334440231323,21,2,13,1,11
1403637166.439326047897339,21,3,9,3,11
1403637166.489335060119629,18,0,10,1,11
1403637166.539348125457764,13,0,8,0,11
1403637166.589376449584961,12,0,6,1,11
1403637166.639417409896851,12,0,7,3,11
1403637166.689478158950806,13,0,7,3,11
1403637166.739518642425537,15,2,8,2,11
1403637166.789541721343994,12,2,7,0,11
1403637166.839577674865723,12,1,5,2,11
1403637166.889603853225708,10,0,5,1,11
1403637166.939608097076416,11,0,4,4,11
1403637166.989579677581787,17,0,6,8,11
1403637167.039552927017212,19,1,11,3,11
1403637167.089538574218750,19,0,12,2,11
1403637167.139463186264038,25,0,14,9,11
1403637167.189439535140991,29,0,23,6,11
1403637167.239423274993896,30,0,29,1,11
1403637167.289399862289429,34,0,29,4,11
1403637167.339368104934692,36,0,31,3,11
1403637167.389341592788696,40,0,32,4,11
1403637167.439323663711548,43,6,36,6,11
1403637167.489321470260620,42,2,40,1,11
1403637167.539315462112427,45,1,39,3,11
1403637167.589331388473511,45,0,38,3,11
1403637167.639350175857544,46,2,41,2,11
1403637167.689359903335571,45,0,40,2,11
1403637167.739361524581909,45,2,36,4,11
1403637167.789367198944092,46,1,37,4,11
1403637167.839367628097534,49,3,41,6,11
1403637167.889372348785400,47,5,43,0,11
1403637167.939384222030640,48,2,39,2,11
1403637167.989396810531616,47,5,37,3,11
1403637168.039423465728760,46,3,39,1,11
1403637168.089429378509521,44,2,39,4,11
1403637168.139432430267334,41,0,37,0,11
1403637168.189446926116943,39,0,34,1,11
1403637168.239454269409180,47,2,33,11,11
1403637168.289456367492676,47,3,41,3,11
1403637168.339452743530273,45,5,42,0,11
1403637168.389447689056396,47,6,39,6,11
1403637168.439444780349731,45,3,39,1,11
1403637168.489442586898804,48,0,40,5,11
1403637168.539428710937500,45,2,40,2,11
1403637168.589383840560913,48,17,38,4,11
1403637168.639377355575562,47,2,39,2,11
1403637168.689367294311523,44,0,39,2,11
1403637168.739368915557861,38,0,36,0,11
1403637168.789371013641357,35,2,30,0,11
1403637168.839371919631958,34,4,27,2,11
1403637168.889363765716553,41,1,27,10,11
1403637168.939367771148682,40,2,33,2,11
1403637168.989367961883545,38,3,31,2,11
1403637169.039371490478516,38,0,32,2,11
1403637169.089375734329224,40,1,34,6,11
1403637169.139375925064087,39,6,35,0,11
1403637169.189365863800049,47,5,33,9,11
1403637169.239357233047485,42,5,39,2,11
1403637169.289344787597656,48,2,38,7,11
1403637169.339341402053833,46,2,40,0,11
1403637169.389343500137329,41,3,34,3,11
1403637169.439345598220825,44,5,32,8,11
1403637169.489348411560059,42,3,36,1,11
1403637169.539354801177979,39,4,34,1,11
1403637169.589347124099731,35,2,27,2,11
1403637169.639350652694702,39,4,30,5,11
1403637169.689346790313721,41,5,32,7,11
1403637169.739345073699951,38,2,32,0,11
1403637169.789346933364868,40,4,26,8,11
1403637169.839344501495361,35,5,31,1,11
1403637169.889337062835693,31,1,23,6,11
1403637169.939328908920288,27,1,24,0,11
1403637169.989318132400513,25,0,24,0,11
1403637170.039313554763794,25,5,22,1,11
1403637170.089302539825439,32,1,22,8,11
1403637170.139298439025879,28,2,28,0,11
1403637170.189294576644897,26,4,24,0,11
1403637170.239284515380859,41,1,24,15,11
1403637170.289282321929932,38,2,35,1,11
1403637170.339290618896484,40,8,32,5,11
1403637170.389291763305664,45,3,34,7,11
1403637170.439295530319214,46,3,38,3,11
1403637170.489305257797241,41,6,34,4,11
1403637170.539307117462158,38,3,36,0,11
1403637170.589312076568604,36,3,32,1,11
1403637170.639316558837891,25,0,20,1,11
1403637170.689316749572754,25,4,18,3,11
1403637170.739312171936035,23,7,17,2,11
1403637170.789305925369263,18,4,14,0,11
1403637170.839300870895386,13,4,12,1,11
1403637170.889284610748291,26,3,13,13,11
1403637170.939275741577148,25,2,23,2,11
1403637170.989259958267212,26,6,24,1,11
1403637171.039250850677490,29,1,25,3,11
1403637171.089248657226562,29,1,27,1,11
1403637171.139251470565796,28,1,27,0,11
1403637171.189254045486450,32,1,25,7,11
1403637171.239261627197266,46,2,29,15,11
1403637171.289265155792236,41,0,41,0,11
1403637171.339277267456055,39,2,38,1,11
1403637171.389284849166870,47,9,35,11,11
1403637171.439286470413208,44,1,44,0,11
1403637171.489284753799438,43,0,42,0,11
1403637171.539294004440308,46,4,42,3,11
1403637171.589310407638550,44,1,43,0,11
1403637171.639317274093628,48,1,43,4,11
1403637171.689316272735596,48,2,47,1,11
1403637171.739310264587402,49,11,47,2,11
1403637171.789304256439209,49,0,47,0,11
1403637171.839306116104126,48,8,46,1,11
1403637171.889307737350464,48,1,47,1,11
1403637171.939315319061279,49,3,47,2,11
1403637171.989319324493408,49,5,45,1,11
1403637172.039312601089478,48,0,43,0,11
1403637172.089320898056030,48,3,41,3,11
1403637172.139311552047729,46,2,35,1,11
1403637172.189262628555298,48,6,29,4,11
1403637172.239225864410400,43,1,30,4,11
1403637172.289210557937622,40,3,30,3,11
1403637172.339208126068115,39,1,31,4,11
1403637172.389215707778931,30,2,26,0,11
1403637172.439224958419800,32,2,27,4,11
1403637172.489247798919678,33,2,26,2,11
1403637172.539273738861084,32,0,25,2,11
1403637172.589291810989380,33,1,25,4,11
1403637172.639304399490356,34,1,28,4,11
1403637172.689311742782593,35,2,31,3,11
1403637172.739321708679199,39,0,34,4,11
1403637172.789318799972534,43,1,36,5,11
1403637172.839286804199219,48,3,39,6,11
1403637172.889238119125366,46,6,42,2,11
1403637172.939222335815430,44,0,41,2,11
1403637172.989207506179810,41,1,39,2,11
1403637173.039204597473145,46,4,41,5,11
1403637173.089205980300903,43,1,42,1,11
1403637173.139202117919922,43,0,41,1,11
1403637173.189202785491943,44,1,41,1,11
1403637173.239177465438843,42,2,40,0,11
1403637173.289139747619629,40,0,34,1,11
1403637173.339086294174194,47,9,31,9,11
1403637173.389055490493774,41,0,36,0,11
1403637173.439034938812256,42,2,31,4,11
1403637173.489032030105591,41,18,32,4,11
1403637173.539036273956299,36,0,34,0,11
1403637173.589050054550171,36,1,33,0,11
1403637173.639077425003052,41,0,29,8,11
1403637173.689100503921509,39,0,24,0,11
1403637173.739107608795166,36,2,8,0,11
1403637173.789111375808716,21,0,4,1,11
1403637173.839115619659424,6,0,4,1,11
1403637173.889118671417236,4,0,3,0,11
1403637173.939139366149902,12,0,2,9,11
1403637173.989138364791870,12,0,5,0,11
1403637174.039139747619629,12,1,3,1,11
1403637174.089131116867065,23,0,3,17,11
1403637174.139142036437988,25,1,13,4,11
1403637174.189132928848267,21,3,11,2,11
1403637174.239136457443237,17,0,13,2,11
1403637174.289133787155151,11,3,9,1,11
1403637174.339140176773071,15,0,7,4,11
1403637174.389169216156006,23,1,9,9,11
1403637174.439247369766235,41,7,17,21,11
1403637174.489261627197266,40,2,36,1,11
1403637174.539274692535400,40,3,36,1,11
1403637174.589322328567505,49,3,37,12,11
1403637174.639309406280518,48,3,45,1,11
1403637174.689303398132324,48,11,44,0,11
1403637174.739306688308716,49,11,41,3,11
1403637174.789312124252319,38,14,35,1,11
1403637174.839310646057129,36,2,34,1,11
1403637174.889308214187622,35,3,32,1,11
1403637174.939311981201172,33,2,32,0,11
1403637174.989312648773193,30,1,27,1,11
1403637175.039316415786743,42,1,29,12,11
1403637175.089318990707397,40,3,38,0,11
1403637175.139328241348267,38,0,38,0,11
1403637175.189342260360718,38,4,35,1,11
1403637175.239355087280273,39,5,34,1,11
1403637175.289364099502563,37,2,32,3,11
1403637175.339370727539062,41,3,34,5,11
1403637175.389383077621460,48,14,37,10,11
1403637175.439376592636108,45,1,45,0,11
1403637175.489365100860596,43,1,43,0,11
1403637175.539346694946289,44,0,40,2,11
1403637175.589339256286621,44,1,42,0,11
1403637175.639330387115479,45,7,41,4,11
1403637175.689331293106079,44,0,44,0,11
1403637175.739330053329468,44,2,43,0,11
1403637175.789330720901489,43,2,40,0,11
1403637175.839333295822144,42,3,39,0,11
1403637175.889326572418213,46,6,39,6,11
1403637175.939329624176025,44,2,43,0,11
1403637175.989322900772095,49,10,40,5,11
1403637176.039335250854492,49,4,39,1,11
1403637176.089344978332520,42,6,36,1,11
1403637176.139350652694702,38,3,37,1,11
1403637176.189357757568359,44,1,38,6,11
1403637176.239358186721802,49,7,42,5,11
1403637176.289354324340820,48,1,44,0,11
1403637176.339353561401367,47,0,43,1,11
1403637176.389360904693604,46,11,42,3,11
1403637176.439372301101685,49,9,43,5,11
1403637176.489373922348022,47,8,45,1,11
1403637176.539370059967041,47,0,46,0,11
1403637176.589368343353271,48,2,43,2,11
1403637176.639367580413818,47,1,41,0,11
1403637176.689365863800049,41,2,38,0,11
1403637176.739380836486816,47,12,38,9,11
1403637176.789379358291626,47,2,46,0,11
1403637176.839381694793701,47,0,44,2,11
1403637176.889382123947144,45,1,44,0,11
1403637176.939383745193481,43,2,41,0,11
1403637176.989389657974243,49,4,40,7,11
1403637177.039394140243530,48,7,45,1,11
1403637177.089395523071289,46,3,43,2,11
1403637177.139394998550415,44,2,42,0,11
1403637177.189395666122437,49,19,42,6,11
1403637177.239397048950195,47,0,45,0,11
1403637177.289397001266479,48,1,42,2,11
1403637177.339387416839600,48,8,43,2,11
1403637177.389382600784302,46,4,44,0,11
1403637177.439380645751953,44,0,43,0,11
1403637177.489377975463867,43,1,41,1,11
1403637177.539372682571411,43,0,42,0,11
1403637177.589368343353271,44,2,40,2,11
1403637177.639360189437866,48,4,41,5,11
1403637177.689342498779297,48,23,46,2,11
1403637177.739336013793945,49,1,45,1,11
1403637177.789327859878540,48,17,44,1,11
1403637177.839324474334717,44,3,43,0,11
1403637177.889322996139526,44,0,42,0,11
1403637177.939326286315918,47,6,39,6,11
1403637177.989325761795044,47,1,44,2,11
1403637178.039314985275269,48,5,44,1,11
1403637178.089312791824341,48,1,44,1,11
1403637178.139306306838989,44,3,40,0,11
1403637178.189297676086426,38,1,29,0,11
1403637178.239294528961182,37,0,18,3,11
1403637178.289296627044678,40,2,12,10,11
1403637178.339296817779541,30,0,16,0,11
1403637178.389299154281616,29,1,13,7,11
1403637178.439319133758545,42,5,16,19,11
1403637178.489316225051880,39,3,35,0,11
1403637178.539315462112427,37,1,33,3,11
1403637178.589315414428711,35,1,33,0,11
1403637178.639323472976685,34,0,32,0,11
1403637178.689330101013184,33,1,32,1,11
1403637178.739336967468262,38,4,33,5,11
1403637178.789344310760498,40,4,37,2,11
1403637178.839351654052734,39,1,36,0,11
1403637178.889354705810547,41,1,33,5,11
1403637178.939361095428467,45,1,37,8,11
1403637178.989369153976440,48,2,45,3,11
1403637179.039362907409668,49,15,43,2,11
1403637179.089344978332520,47,2,39,0,11
1403637179.139338970184326,44,0,40,1,11
1403637179.189338207244873,42,0,40,0,11
1403637179.239336490631104,42,1,40,1,11
1403637179.289337158203125,43,0,41,1,11
1403637179.339331865310669,45,1,40,3,11
1403637179.389326572418213,47,0,42,2,11
1403637179.439320802688599,50,2,41,5,11
1403637179.489315271377563,49,0,44,1,11
1403637179.539308309555054,47,2,42,1,11
1403637179.589302539825439,47,7,44,2,11
1403637179.639296293258667,47,8,45,2,11
1403637179.689293622970581,47,0,42,0,11
1403637179.739289999008179,49,0,41,2,11
1403637179.789280414581299,45,1,41,1,11
1403637179.839271068572998,44,2,41,2,11
1403637179.889263629913330,43,1,42,0,11
1403637179.939263105392456,41,1,39,0,11
1403637179.989261865615845,40,2,36,1,11
1403637180.039265394210815,39,1,34,0,11
1403637180.089263916015625,41,2,34,6,11
1403637180.139266014099121,43,0,38,3,11
1403637180.189271211624146,47,5,39,5,11
1403637180.239270687103271,48,3,39,4,11
1403637180.289272546768188,44,0,36,2,11
1403637180.339277982711792,45,3,38,5,11
1403637180.389280319213867,42,1,37,2,11
1403637180.439281702041626,41,0,36,2,11
1403637180.489283323287964,39,2,34,1,11
1403637180.539285898208618,36,2,34,1,11
1403637180.589284896850586,37,1,33,3,11
1403637180.639264583587646,43,0,34,7,11
1403637180.689256191253662,44,3,42,1,11
1403637180.739245176315308,49,3,41,7,11
1403637180.789243698120117,49,2,47,0,11
1403637180.839239597320557,49,5,46,1,11
1403637180.889245986938477,46,1,42,0,11
1403637180.939247608184814,47,2,41,2,11
1403637180.989247322082520,46,1,38,4,11
1403637181.039247751235962,48,3,38,5,11
1403637181.089247941970825,46,1,41,1,11
1403637181.139249086380005,46,20,39,4,11
1403637181.189247846603394,39,3,38,0,11
1403637181.239250659942627,38,2,36,1,11
1403637181.289252758026123,38,1,34,0,11
1403637181.339251756668091,38,3,33,2,11
1403637181.389252662658691,38,5,34,3,11
1403637181.439250230789185,38,3,32,4,11
1403637181.489249229431152,34,4,30,0,11
1403637181.539244174957275,33,4,25,1,11
1403637181.589243412017822,30,0,24,3,11
1403637181.639242410659790,38,0,27,11,11
1403637181.689235210418701,46,3,35,10,11
1403637181.739230632781982,47,6,41,3,11
1403637181.789231300354004,46,3,40,2,11
1403637181.839231491088867,44,1,39,0,11
1403637181.889230012893677,49,6,38,7,11
1403637181.939230442047119,43,3,41,0,11
1403637181.989230155944824,43,2,39,2,11
1403637182.039234638214111,45,0,40,3,11
1403637182.089239120483398,42,2,40,0,11
1403637182.139237642288208,41,1,37,0,11
1403637182.189238786697388,48,7,35,9,11
1403637182.239234924316406,46,0,38,2,11
1403637182.289235353469849,47,4,35,3,11
1403637182.339234352111816,45,3,35,2,11
1403637182.389234781265259,42,4,34,2,11
1403637182.439235687255859,46,3,35,8,11
1403637182.489232063293457,45,3,40,4,11
1403637182.539228916168213,42,4,40,0,11
1403637182.589226007461548,42,1,39,1,11
1403637182.639219045639038,40,2,40,0,11
1403637182.689214706420898,38,1,36,0,11
1403637182.739207029342651,47,1,35,10,11
1403637182.789201974868774,44,16,42,1,11
1403637182.839201450347900,43,2,41,0,11
1403637182.889199495315552,42,1,37,1,11
1403637182.939201354980469,43,0,35,2,11
1403637182.989200830459595,44,0,35,5,11
1403637183.039200782775879,46,9,35,6,11
1403637183.089200496673584,45,0,39,2,11
1403637183.139200925827026,42,0,40,0,11
1403637183.189201593399048,42,2,40,1,11
1403637183.239207744598389,47,5,39,6,11
1403637183.289210319519043,48,3,43,1,11
1403637183.339213371276855,47,1,41,1,11
1403637183.389216661453247,45,10,37,2,11
1403637183.439217329025269,44,0,37,1,11
1403637183.489218235015869,39,0,37,0,11
1403637183.539219856262207,37,0,35,0,11
1403637183.589218854904175,48,14,35,11,11
1403637183.639214754104614,48,6,45,2,11
1403637183.689217329025269,48,0,46,0,11
1403637183.739223718643188,49,1,45,2,11
1403637183.789227724075317,47,1,43,0,11
1403637183.839230060577393,48,1,37,2,11
1403637183.889228820800781,45,0,29,0,11
1403637183.939228773117065,40,0,15,2,11
1403637183.989228010177612,39,6,15,9,11
1403637184.039226531982422,26,0,22,0,11
1403637184.089225053787231,25,0,21,2,11
1403637184.139221191406250,26,0,23,2,11
1403637184.189215660095215,35,0,25,10,11
1403637184.239210844039917,42,0,35,7,11
1403637184.289210319519043,41,0,41,0,11
1403637184.339213848114014,42,0,40,2,11
1403637184.389219522476196,43,0,38,1,11
1403637184.439227342605591,42,2,37,1,11
1403637184.489240169525146,40,0,32,2,11
1403637184.539252281188965,44,4,34,5,11
1403637184.589270591735840,43,10,20,6,11
1403637184.639292240142822,47,6,24,7,11
1403637184.689301490783691,34,3,21,3,11
1403637184.739300251007080,34,2,11,1,11
1403637184.789299249649048,24,1,8,0,11
1403637184.839298725128174,12,0,3,0,11
1403637184.889298677444458,8,0,0,0,11
1403637184.939298629760742,3,0,0,0,11
1403637184.989298582077026,0,1,0,0,11
1403637185.039264440536499,8,2,0,8,11
1403637185.089254379272461,10,0,0,2,11
1403637185.139252424240112,10,1,0,0,11
1403637185.189232587814331,11,0,0,9,11
1403637185.239216327667236,15,1,5,6,11
1403637185.289203405380249,29,2,9,14,11
1403637185.339203834533691,26,0,22,1,11
1403637185.389203310012817,36,0,23,12,11
1403637185.439199924468994,47,21,35,12,11
1403637185.489195346832275,49,1,45,2,11
1403637185.539185762405396,50,4,47,1,11
1403637185.589184045791626,48,2,43,1,11
1403637185.639189004898071,48,3,43,1,11
1403637185.689187526702881,45,0,41,1,11
1403637185.739188432693481,45,0,42,0,11
1403637185.789177179336548,47,4,37,5,11
1403637185.839174985885620,49,0,40,2,11
1403637185.889170646667480,45,0,41,1,11
1403637185.939164400100708,46,0,41,3,11
1403637185.989160299301147,48,0,43,3,11
1403637186.039148569107056,47,12,45,1,11
1403637186.089143037796021,49,0,46,2,11
1403637186.139139413833618,48,3,47,1,11
1403637186.189134120941162,49,2,47,2,11
1403637186.239125967025757,50,3,49,1,11
1403637186.289125919342041,50,1,49,0,11
1403637186.339127540588379,50,0,48,0,11
1403637186.389129877090454,49,6,48,0,11
1403637186.439131021499634,48,0,48,0,11
1403637186.489133834838867,50,3,48,2,11
1403637186.539132118225098,50,2,49,0,11
1403637186.589132308959961,49,1,49,0,11
1403637186.639137029647827,50,21,49,1,11
1403637186.689134359359741,50,2,50,0,11
1403637186.739127874374390,50,5,49,0,11
1403637186.789125204086304,50,2,48,0,11
1403637186.839125394821167,49,2,47,0,11
1403637186.889124870300293,49,0,47,1,11
1403637186.939125537872314,48,0,48,0,11
1403637186.989128589630127,49,29,48,1,11
1403637187.039128780364990,50,15,49,1,11
1403637187.089128494262695,50,3,50,0,11
1403637187.139127731323242,50,3,49,0,11
1403637187.189125299453735,50,3,49,0,11
1403637187.239121675491333,49,20,49,0,11
1403637187.289118051528931,48,0,48,0,11
1403637187.339115858078003,50,1,48,2,11
1403637187.389116525650024,50,2,50,0,11
1403637187.439117431640625,49,2,49,0,11
1403637187.489121198654175,49,1,47,0,11
1403637187.539118051528931,48,1,46,1,11
1403637187.589107036590576,48,31,47,1,11
1403637187.639103651046753,50,6,48,2,11
1403637187.689100265502930,50,3,50,0,11
1403637187.739093542098999,50,2,50,0,11
1403637187.789093255996704,47,2,47,0,11
1403637187.839082956314087,50,17,46,3,11
1403637187.889084339141846,50,1,49,0,11
1403637187.939084768295288,49,1,49,0,11
1403637187.989083766937256,49,2,48,1,11
1403637188.039083719253540,49,2,47,1,11
1403637188.089084625244141,48,3,47,0,11
1403637188.139088153839111,47,1,44,0,11
1403637188.189097166061401,49,22,43,2,11
1403637188.239096879959106,47,5,45,1,11
1403637188.289098978042603,49,1,46,3,11
1403637188.339099407196045,48,0,47,1,11
1403637188.389101266860962,49,0,48,1,11
1403637188.439102888107300,49,13,46,1,11
1403637188.489102125167847,49,2,47,0,11
1403637188.539097309112549,48,3,45,1,11
1403637188.589093446731567,48,4,44,0,11
1403637188.639093399047852,45,1,43,0,11
1403637188.689090728759766,43,4,43,0,11
1403637188.739089727401733,41,1,39,0,11
1403637188.789088487625122,48,8,38,7,11
1403637188.839087486267090,48,0,43,2,11
1403637188.889080762863159,47,16,44,2,11
1403637188.939076185226440,47,11,45,2,11
1403637188.989072799682617,46,0,46,0,11
1403637189.039057016372681,50,5,43,4,11
1403637189.089048862457275,48,0,48,0,11
1403637189.139042615890503,50,0,47,2,11
1403637189.189039468765259,50,1,49,0,11
1403637189.239038705825806,48,4,48,0,11
1403637189.289037466049194,46,0,45,1,11
1403637189.339039564132690,46,0,46,0,11
1403637189.389038085937500,47,7,45,2,11
1403637189.439038038253784,45,2,45,0,11
1403637189.489035129547119,45,9,41,4,11
1403637189.539031505584717,45,8,43,2,11
1403637189.589033126831055,43,0,42,0,11
1403637189.639034748077393,46,0,41,4,11
1403637189.689038753509521,44,3,44,0,11
1403637189.739054203033447,49,7,40,5,11
1403637189.789060354232788,48,0,42,0,11
1403637189.839062452316284,43,1,39,1,11
1403637189.889060258865356,40,0,40,0,11
1403637189.939059734344482,41,0,39,1,11
1403637189.989062070846558,46,3,38,6,11
1403637190.039065599441528,47,4,44,2,11
1403637190.089066505432129,47,6,44,2,11
1403637190.139067411422729,48,3,45,2,11
1403637190.189067840576172,45,1,45,0,11
1403637190.239067554473877,44,1,44,0,11
1403637190.289067983627319,44,3,42,1,11
1403637190.339070320129395,47,9,41,4,11
1403637190.389072179794312,45,0,44,0,11
1403637190.439072370529175,45,4,42,3,11
1403637190.489071130752563,46,0,43,1,11
1403637190.539070606231689,46,1,44,0,11
1403637190.589069366455078,45,2,44,1,11
1403637190.639068126678467,46,4,43,2,11
1403637190.689068317413330,49,2,44,3,11
1403637190.739068984985352,49,2,48,1,11
1403637190.789071559906006,49,1,48,0,11
1403637190.839076519012451,47,0,45,0,11
1403637190.889078140258789,47,2,46,0,11
1403637190.939077615737915,47,9,45,1,11
1403637190.989077091217041,47,0,46,0,11
1403637191.039075851440430,49,0,44,3,11
1403637191.089069843292236,49,1,47,0,11
1403637191.139067888259888,46,0,46,0,11
1403637191.189060688018799,48,10,46,2,11
1403637191.239056348800659,48,3,47,0,11
1403637191.289055824279785,48,1,47,0,11
1403637191.339055776596069,48,2,46,2,11
1403637191.389055013656616,47,0,47,0,11
1403637191.439055442810059,48,0,46,1,11
1403637191.489054679870605,48,0,47,0,11
1403637191.539056301116943,48,10,46,1,11
1403637191.589061737060547,48,0,45,0,11
1403637191.639065980911255,49,1,45,2,11
1403637191.689067840576172,47,0,45,0,11
1403637191.739075183868408,49,0,42,2,11
1403637191.789076566696167,48,10,47,1,11
1403637191.839066743850708,48,13,46,1,11
1403637191.889064788818359,44,1,42,0,11
1403637191.939061880111694,45,1,41,1,11
1403637191.989058017730713,43,0,41,1,11
1403637192.039059877395630,42,1,42,0,11
1403637192.089060068130493,42,1,41,0,11
1403637192.139058351516724,45,3,39,3,11
1403637192.189056396484375,41,1,40,0,11
1403637192.239054679870605,40,1,40,0,11
1403637192.289054870605469,40,0,39,0,11
1403637192.339052677154541,39,3,37,0,11
1403637192.389054775238037,47,0,37,9,11
1403637192.439053058624268,48,15,46,2,11
1403637192.489050865173340,48,1,47,1,11
1403637192.539049386978149,47,0,47,0,11
1403637192.589049339294434,47,0,43,1,11
1403637192.639049291610718,46,0,43,0,11
1403637192.689049482345581,46,1,43,3,11
1403637192.739049434661865,48,2,46,2,11
1403637192.789048910140991,49,1,48,1,11
1403637192.839049339294434,50,0,49,1,11
1403637192.889049053192139,50,2,49,0,11
1403637192.939047336578369,50,9,49,0,11
1403637192.989048004150391,49,1,49,0,11
1403637193.039045333862305,49,9,48,0,11
1403637193.089040279388428,50,2,48,1,11
1403637193.139035463333130,49,2,47,0,11
1403637193.189034938812256,49,1,44,0,11
1403637193.239036321640015,48,0,41,1,11
1403637193.289042949676514,46,2,38,1,11
1403637193.339046955108643,46,0,40,3,11
1403637193.389052152633667,44,1,38,2,11
1403637193.439055681228638,44,1,40,0,11
1403637193.489059209823608,41,0,40,1,11
1403637193.539059638977051,43,2,38,4,11
1403637193.589058399200439,41,1,39,1,11
1403637193.639047384262085,47,1,39,6,11
1403637193.689043760299683,46,2,43,1,11
1403637193.739043235778809,45,0,42,1,11
1403637193.789040803909302,46,1,41,3,11
1403637193.839037179946899,47,1,42,2,11
1403637193.889039754867554,49,2,44,3,11
1403637193.939043283462524,47,0,46,1,11
1403637193.989042282104492,45,6,44,0,11
1403637194.039049863815308,43,0,42,0,11
1403637194.089051008224487,44,0,42,2,11
1403637194.139049053192139,43,0,42,0,11
1403637194.189047574996948,42,1,40,0,11
1403637194.239048719406128,42,2,40,1,11
1403637194.289050102233887,41,0,41,0,11
1403637194.339053392410278,47,5,41,6,11
1403637194.389055490493774,47,1,45,1,11
1403637194.439056873321533,45,0,44,0,11
1403637194.489055871963501,44,0,44,0,11
1403637194.539056777954102,44,1,38,2,11
1403637194.589059114456177,44,2,38,0,11
1403637194.639060974121094,38,1,37,0,11
1403637194.689062356948853,37,0,36,1,11
1403637194.739062070846558,36,0,36,0,11
1403637194.789063692092896,36,0,35,0,11
1403637194.839064836502075,40,0,35,4,11
1403637194.889065027236938,40,1,39,1,11
1403637194.939067363739014,47,5,37,8,11
1403637194.989061832427979,47,1,43,2,11
1403637195.039057970046997,45,1,42,1,11
1403637195.089054584503174,45,1,40,2,11
1403637195.139051675796509,40,4,38,0,11
1403637195.189050674438477,43,1,36,4,11
1403637195.239050865173340,43,0,40,1,11
1403637195.289051294326782,41,1,40,0,11
1403637195.339049100875854,41,0,40,0,11
1403637195.389048099517822,39,0,39,0,11
1403637195.439045906066895,38,0,38,0,11
1403637195.489042997360229,40,0,36,4,11
1403637195.539042472839355,43,1,38,4,11
1403637195.589039325714111,48,0,40,5,11
1403637195.639038801193237,47,2,44,0,11
1403637195.689038276672363,46,0,43,0,11
1403637195.739036560058594,43,4,43,0,11
1403637195.789034366607666,47,1,43,4,11
1403637195.839032888412476,46,1,46,0,11
1403637195.889030218124390,45,2,45,0,11
1403637195.939026355743408,50,3,44,5,11
1403637195.989021062850952,50,1,44,0,11
1403637196.039025545120239,47,3,45,0,11
1403637196.089026451110840,46,1,43,1,11
1403637196.139030694961548,49,2,43,3,11
1403637196.189036607742310,46,2,44,0,11
1403637196.239040851593018,42,0,37,0,11
1403637196.289040327072144,43,1,37,3,11
1403637196.339038372039795,41,0,37,3,11
1403637196.389037370681763,39,2,37,0,11
1403637196.439036846160889,39,1,36,1,11
1403637196.489034891128540,39,1,36,2,11
1403637196.539034366607666,40,0,38,1,11
1403637196.589032649993896,40,2,36,1,11
1403637196.639033555984497,48,1,35,8,11
1403637196.689030408859253,47,0,40,2,11
1403637196.739031791687012,49,2,41,4,11
1403637196.789030790328979,48,3,39,2,11
1403637196.839031934738159,49,6,39,2,11
1403637196.889024734497070,44,1,40,1,11
1403637196.939023017883301,45,0,38,4,11
1403637196.989020347595215,45,9,40,3,11
1403637197.039020776748657,42,3,38,0,11
1403637197.089020967483521,41,3,34,5,11
1403637197.139020681381226,39,1,35,0,11
1403637197.189019441604614,32,4,28,0,11
1403637197.239018201828003,27,4,24,0,11
1403637197.289016008377075,28,1,20,4,11
1403637197.339014530181885,29,3,23,5,11
1403637197.389015913009644,30,5,23,5,11
1403637197.439015150070190,30,5,23,3,11
1403637197.489015340805054,30,7,23,3,11
1403637197.539015769958496,35,2,19,9,11
1403637197.589016437530518,31,2,24,1,11
1403637197.639016866683960,26,3,22,0,11
1403637197.689017534255981,27,4,16,5,11
1403637197.739018440246582,24,2,17,0,11
1403637197.789020776748657,23,6,14,3,11
1403637197.839023351669312,19,5,16,1,11
1403637197.889024496078491,19,5,15,1,11
1403637197.939026355743408,22,6,15,5,11
1403637197.989028215408325,26,1,17,8,11
1403637198.039031744003296,27,6,22,4,11
1403637198.089034318923950,33,5,25,7,11
1403637198.139035701751709,30,5,28,0,11
1403637198.189037799835205,29,4,21,2,11
1403637198.239038467407227,27,2,21,1,11
1403637198.289038419723511,38,5,20,14,11
1403637198.339037895202637,36,2,33,0,11
1403637198.389039516448975,34,3,32,0,11
1403637198.439040660858154,37,3,30,6,11
1403637198.489045143127441,40,5,34,4,11
1403637198.539046764373779,39,3,34,2,11
1403637198.589048147201538,40,2,32,4,11
1403637198.639047622680664,43,0,34,5,11
1403637198.689044237136841,36,0,34,0,11
1403637198.739042997360229,40,0,25,7,11
1403637198.789041280746460,40,1,33,0,11
1403637198.839042425155640,32,4,29,0,11
1403637198.889043807983398,39,1,28,8,11
1403637198.939044713973999,39,3,32,2,11
1403637198.989043235778809,35,1,30,0,11
1403637199.039040803909302,42,1,29,11,11
1403637199.089035987854004,43,2,40,2,11
1403637199.139034271240234,42,0,42,0,11
1403637199.189032077789307,43,4,39,1,11
1403637199.239028930664062,46,14,35,6,11
1403637199.289027214050293,41,5,36,0,11
1403637199.339023590087891,39,2,33,0,11
1403637199.389021158218384,33,0,30,0,11
1403637199.439018011093140,29,0,28,0,11
1403637199.489016771316528,28,2,28,0,11
1403637199.539016723632812,28,0,28,0,11
1403637199.589015245437622,37,3,27,9,11
1403637199.639014244079590,38,5,32,2,11
1403637199.689013719558716,33,2,30,0,11
1403637199.739010810852051,29,1,26,0,11
1403637199.789008140563965,28,3,24,0,11
1403637199.839005470275879,39,11,15,19,11
1403637199.889006137847900,32,0,30,0,11
1403637199.939003467559814,31,4,28,1,11
1403637199.989004135131836,30,5,22,1,11
1403637200.039005756378174,41,8,12,15,11
1403637200.089007616043091,40,11,13,9,11
1403637200.139007806777954,27,1,6,1,11
1403637200.189008235931396,15,0,3,0,11
1403637200.239008665084839,12,0,2,7,11
1403637200.289011478424072,9,2,9,0,11
1403637200.339015722274780,9,2,8,0,11
1403637200.389020681381226,9,3,8,0,11
1403637200.439076185226440,21,3,1,13,11
1403637200.489078044891357,19,3,10,0,11
1403637200.539079189300537,28,4,6,12,11
1403637200.589075803756714,25,3,12,7,11
1403637200.639073133468628,22,2,17,1,11
1403637200.689045190811157,28,1,18,10,11
1403637200.739037990570068,28,2,26,0,11
1403637200.789023637771606,30,0,23,2,11
1403637200.838975429534912,42,1,20,14,11
1403637200.888968229293823,39,2,33,1,11
1403637200.938947439193726,47,4,34,10,11
1403637200.988950729370117,44,0,41,0,11
1403637201.038948535919189,44,0,40,1,11
1403637201.088952064514160,42,0,41,1,11
1403637201.138962030410767,49,20,41,8,11
1403637201.188965320587158,50,0,48,1,11
1403637201.238968610763550,50,0,48,0,11
1403637201.288971424102783,49,4,46,0,11
1403637201.338972091674805,47,1,44,0,11
1403637201.388972997665405,44,1,41,1,11
1403637201.438977479934692,45,3,42,2,11
1403637201.488978624343872,46,0,43,2,11
1403637201.538981676101685,50,4,45,4,11
1403637201.588985204696655,47,1,47,0,11
1403637201.638989686965942,48,2,47,1,11
1403637201.688997745513916,50,0,47,2,11
1403637201.739010810852051,50,22,49,0,11
1403637201.789016008377075,50,0,46,1,11
1403637201.839018583297729,49,0,42,0,11
1403637201.889024972915649,47,28,42,1,11
1403637201.939021825790405,44,0,37,1,11
1403637201.989017486572266,44,0,35,0,11
1403637202.039011240005493,40,0,33,2,11
1403637202.088998556137085,38,0,33,1,11
1403637202.138987541198730,36,0,30,0,11
1403637202.188973903656006,35,0,28,1,11
1403637202.238961219787598,30,0,27,0,11
1403637202.288952589035034,28,0,26,0,11
1403637202.338952541351318,35,0,20,9,11
1403637202.388951778411865,35,0,25,1,11
1403637202.438954591751099,30,0,25,0,11
1403637202.488969087600708,38,10,25,13,11
1403637202.538973331451416,41,0,38,3,11
1403637202.588974237442017,42,0,41,1,11
1403637202.638972282409668,47,0,42,5,11
1403637202.688970088958740,49,0,46,2,11
1403637202.738968133926392,50,3,48,1,11
1403637202.788968086242676,49,1,49,0,11
1403637202.838968515396118,49,1,49,0,11
1403637202.888970136642456,50,0,48,1,11
1403637202.938973903656006,50,4,49,0,11
1403637202.988975286483765,49,0,48,0,11
1403637203.038975238800049,50,3,48,1,11
1403637203.088976383209229,49,19,49,0,11
1403637203.138977050781250,49,0,49,0,11
1403637203.188976526260376,49,0,49,0,11
1403637203.238976240158081,49,0,49,0,11
1403637203.288976669311523,50,0,49,1,11
1403637203.338977098464966,49,3,49,0,11
1403637203.388977766036987,49,1,48,0,11
1403637203.438978672027588,50,1,48,1,11
1403637203.488978624343872,49,0,49,0,11
1403637203.538979768753052,50,2,48,1,11
1403637203.588979482650757,50,0,50,0,11
1403637203.638979673385620,50,3,50,0,11
1403637203.688980340957642,50,17,50,0,11
1403637203.738979816436768,50,0,50,0,11
1403637203.788979053497314,50,0,50,0,11
1403637203.838979005813599,50,0,50,0,11
1403637203.888978481292725,50,0,50,0,11
1403637203.938979148864746,50,3,50,0,11
1403637203.988979101181030,50,1,49,0,11
1403637204.038979291915894,49,1,47,0,11
1403637204.088979244232178,49,0,47,0,11
1403637204.138979196548462,48,2,47,1,11
1403637204.188978672027588,48,0,48,0,11
1403637204.238978624343872,48,0,48,0,11
1403637204.288978099822998,49,13,48,1,11
1403637204.338975906372070,49,0,49,0,11
1403637204.388974189758301,49,0,49,0,11
1403637204.438971519470215,49,0,49,0,11
1403637204.488970518112183,49,0,49,0,11
1403637204.538970470428467,50,0,49,1,11
1403637204.588970184326172,50,1,50,0,11
1403637204.638970136642456,49,0,49,0,11
1403637204.688971757888794,49,0,48,0,11
1403637204.738971948623657,49,2,48,0,11
1403637204.788971185684204,48,0,48,0,11
1403637204.838969707489014,46,0,46,0,11
1403637204.888968944549561,48,6,46,2,11
1403637204.938967943191528,47,0,47,0,11
1403637204.988967180252075,47,0,47,0,11
1403637205.038966655731201,47,0,47,0,11
1403637205.088966608047485,47,0,47,0,11
1403637205.138966798782349,47,0,47,0,11
1403637205.188966751098633,47,0,47,0,11
1403637205.238966941833496,47,0,47,0,11
1403637205.288965940475464,47,0,47,0,11
1403637205.338964223861694,48,6,47,1,11
1403637205.388963937759399,48,0,48,0,11
1403637205.438963651657104,48,0,48,0,11
1403637205.488962650299072,48,7,48,0,11
1403637205.538962602615356,48,0,48,0,11
1403637205.588961839675903,48,0,48,0,11
1403637205.638964891433716,48,0,48,0,11
1403637205.688965559005737,48,0,48,0,11
1403637205.738966703414917,48,0,48,0,11
1403637205.788966417312622,48,0,48,0,11
1403637205.838966369628906,48,0,48,0,11
1403637205.888966321945190,48,0,48,0,11
1403637205.938966989517212,48,1,48,0,11
1403637205.988966703414917,48,0,48,0,11
1403637206.038965940475464,48,0,48,0,11
1403637206.088964462280273,48,2,48,0,11
1403637206.138963699340820,48,0,47,0,11
1403637206.188960552215576,48,0,47,0,11
1403637206.238959789276123,47,0,47,0,11
1403637206.288959026336670,47,0,47,0,11
1403637206.338958978652954,47,0,47,0,11
1403637206.388958930969238,47,0,47,0,11
1403637206.438959121704102,47,0,47,0,11
1403637206.488958597183228,47,0,47,0,11
1403637206.538958549499512,47,0,47,0,11
1403637206.588958501815796,47,0,47,0,11
1403637206.638959407806396,47,0,47,0,11
1403637206.688959836959839,47,1,47,0,11
1403637206.738960504531860,47,0,47,0,11
1403637206.788961172103882,47,0,47,0,11
1403637206.838961601257324,47,0,47,0,11
1403637206.888963222503662,47,0,47,0,11
1403637206.938961744308472,47,0,47,0,11
1403637206.988960266113281,47,0,47,0,11
1403637207.038962841033936,47,0,47,0,11
1403637207.088963031768799,46,0,46,0,11
1403637207.138963937759399,46,0,46,0,11
1403637207.188964843750000,46,0,46,0,11
1403637207.238966226577759,46,0,46,0,11
1403637207.288967847824097,46,1,46,0,11
1403637207.338969707489014,46,0,46,0,11
1403637207.388969898223877,46,0,46,0,11
1403637207.438969612121582,46,0,46,0,11
1403637207.488970518112183,46,0,46,0,11
1403637207.538970708847046,46,0,46,0,11
1403637207.588967800140381,46,0,46,0,11
1403637207.638966321945190,46,0,46,0,11
1403637207.688966512680054,45,0,45,0,11
1403637207.738967657089233,46,3,45,1,11
1403637207.788971900939941,46,0,46,0,11
1403637207.838976144790649,46,0,46,0,11
1403637207.888983011245728,47,3,46,1,11
1403637207.938985109329224,47,0,47,0,11
1403637207.988985538482666,47,0,47,0,11
1403637208.038986206054688,47,0,47,0,11
1403637208.088987588882446,47,0,47,0,11
1403637208.138985395431519,47,0,47,0,11
1403637208.188986063003540,47,0,47,0,11
1403637208.238985300064087,47,0,47,0,11
1403637208.288984537124634,47,0,47,0,11
1403637208.338981628417969,47,0,47,0,11
1403637208.388981342315674,47,0,47,0,11
1403637208.438982963562012,47,0,47,0,11
1403637208.488981962203979,47,2,47,0,11
1403637208.538984298706055,46,0,45,0,11
1403637208.588986873626709,46,0,45,0,11
1403637208.638987302780151,46,0,45,1,11
1403637208.688988685607910,46,0,46,0,11
1403637208.738987684249878,46,0,46,0,11
1403637208.788990020751953,46,0,46,0,11
1403637208.838993310928345,45,0,45,0,11
1403637208.888995170593262,45,0,45,0,11
1403637208.939000368118286,45,0,45,0,11
1403637208.989002943038940,45,0,45,0,11
1403637209.039004802703857,45,0,45,0,11
1403637209.089007139205933,45,4,45,0,11
1403637209.139005899429321,45,0,45,0,11
1403637209.189003705978394,45,0,45,0,11
1403637209.239001750946045,45,0,45,0,11
1403637209.289003372192383,44,0,44,0,11
1403637209.339003562927246,44,0,44,0,11
1403637209.389003515243530,44,0,44,0,11
1403637209.439002990722656,44,0,44,0,11
1403637209.489001035690308,44,0,44,0,11
1403637209.538996696472168,44,1,44,0,11
1403637209.588995218276978,44,0,44,0,11
1403637209.638995885848999,44,0,44,0,11
1403637209.689001083374023,44,1,44,0,11
1403637209.739005088806152,44,0,44,0,11
1403637209.789009094238281,44,0,44,0,11
1403637209.839013576507568,44,0,43,0,11
1403637209.889014959335327,44,0,43,0,11
1403637209.939016580581665,42,0,42,0,11
1403637209.989017724990845,42,0,42,0,11
1403637210.039017915725708,42,0,42,0,11
1403637210.089014768600464,42,0,39,0,11
1403637210.139010190963745,43,7,42,1,11
1403637210.189009904861450,46,0,43,3,11
1403637210.239009618759155,45,0,45,0,11
1403637210.289006710052490,47,6,44,3,11
1403637210.339007139205933,47,0,47,0,11
1403637210.389006137847900,46,0,46,0,11
1403637210.439004421234131,46,0,46,0,11
1403637210.489006757736206,46,0,46,0,11
1403637210.539009094238281,48,2,46,2,11
1403637210.589010953903198,48,3,48,0,11
1403637210.639013290405273,48,3,47,0,11
1403637210.689012050628662,48,4,46,0,11
1403637210.739005804061890,49,17,46,2,11
1403637210.789003849029541,49,3,48,1,11
1403637210.839002132415771,50,11,48,1,11
1403637210.889000654220581,50,18,49,0,11
1403637210.939003944396973,50,0,49,1,11
1403637210.989006519317627,50,0,50,0,11
1403637211.039008617401123,50,1,48,0,11
1403637211.089009761810303,50,3,48,0,11
1403637211.139008283615112,48,2,47,0,11
1403637211.189008235931396,48,3,47,0,11
1403637211.239008426666260,49,0,46,2,11
1403637211.289007425308228,48,1,46,0,11
1403637211.339009284973145,44,9,42,1,11
1403637211.389010190963745,44,1,41,1,11
1403637211.439007282257080,47,1,41,5,11
1403637211.489012956619263,48,10,43,2,11
1403637211.539012908935547,47,0,43,0,11
1403637211.589010953903198,44,0,40,1,11
1403637211.639010429382324,43,2,38,1,11
1403637211.689007759094238,40,0,39,1,11
1403637211.739007234573364,46,1,39,7,11
1403637211.789006471633911,44,1,40,1,11
1403637211.839005231857300,41,4,38,0,11
1403637211.889003276824951,37,1,32,0,11
1403637211.938998222351074,35,5,32,1,11
1403637211.988992929458618,31,2,30,0,11
1403637212.038987398147583,31,3,30,0,11
1403637212.088984966278076,35,4,28,6,11
1403637212.138982295989990,41,1,31,7,11
1403637212.188982248306274,36,3,34,0,11
1403637212.238981962203979,34,2,31,0,11
1403637212.288981914520264,31,0,29,0,11
1403637212.338979959487915,31,4,29,0,11
1403637212.388978242874146,34,2,25,6,11
1403637212.438977956771851,31,3,30,0,11
1403637212.488977670669556,29,3,26,1,11
1403637212.538980245590210,36,1,26,9,11
1403637212.588979721069336,36,1,34,1,11
1403637212.638978719711304,36,4,35,0,11
1403637212.688977956771851,38,3,31,4,11
1403637212.738977193832397,38,0,32,0,11
1403637212.788975000381470,40,1,31,5,11
1403637212.838975429534912,33,1,30,0,11
1403637212.888974189758301,30,1,28,0,11
1403637212.938974142074585,27,1,24,1,11
1403637212.988973379135132,31,2,25,4,11
1403637213.038974285125732,28,2,23,1,11
1403637213.088974237442017,27,0,21,0,11
1403637213.138974666595459,22,2,19,0,11
1403637213.188974380493164,25,3,19,5,11
1403637213.238974571228027,29,1,21,5,11
1403637213.288974761962891,27,4,24,0,11
1403637213.338974952697754,24,2,21,1,11
1403637213.388975620269775,25,0,19,3,11
1403637213.438975572586060,29,1,20,5,11
1403637213.488975524902344,29,0,20,3,11
1403637213.538975477218628,30,3,22,3,11
1403637213.588971614837646,30,5,25,5,11
1403637213.638968229293823,29,1,26,0,11
1403637213.688964843750000,28,3,25,0,11
1403637213.738963365554810,24,3,21,1,11
1403637213.788961887359619,24,0,18,0,11
1403637213.838958978652954,21,0,15,1,11
1403637213.888957977294922,20,3,14,3,11
1403637213.938958168029785,21,1,17,2,11
1403637213.988961458206177,19,2,18,0,11
1403637214.038964748382568,23,2,18,5,11
1403637214.088967561721802,24,0,22,2,11
1403637214.138969182968140,24,3,24,0,11
1403637214.188969373703003,29,2,23,5,11
1403637214.238969087600708,28,1,27,0,11
1403637214.288969755172729,28,1,25,2,11
1403637214.338969469070435,30,1,23,4,11
1403637214.388970613479614,30,1,25,3,11
1403637214.438971757888794,29,5,24,4,11
1403637214.488973140716553,35,3,25,7,11
1403637214.538973331451416,33,1,29,2,11
1403637214.588973283767700,32,3,28,0,11
1403637214.638972759246826,30,4,27,0,11
1403637214.688971757888794,27,2,23,0,11
1403637214.738970518112183,25,0,19,0,11
1403637214.788970470428467,23,0,19,4,11
1403637214.838971853256226,22,2,22,0,11
1403637214.888973712921143,26,0,21,4,11
1403637214.938973903656006,37,0,25,11,11
1403637214.988974809646606,35,1,35,0,11
1403637215.038975477218628,42,0,33,8,11
1403637215.088977575302124,43,1,38,1,11
1403637215.138980865478516,48,7,38,7,11
1403637215.188981533050537,45,0,45,0,11
1403637215.238981723785400,45,0,45,0,11
1403637215.288984298706055,50,6,44,5,11
1403637215.338985443115234,50,3,48,0,11
1403637215.388981819152832,49,22,48,0,11
1403637215.438983917236328,48,1,46,0,11
1403637215.488983154296875,46,1,44,0,11
1403637215.538983821868896,45,2,40,1,11
1403637215.588984966278076,43,1,39,0,11
1403637215.638986587524414,41,0,38,1,11
1403637215.688991308212280,39,0,37,0,11
1403637215.739002466201782,40,1,35,2,11
1403637215.789011001586914,37,1,34,2,11
1403637215.839016914367676,34,1,34,0,11
1403637215.889019250869751,40,2,33,6,11
1403637215.939020395278931,41,2,38,2,11
1403637215.989019632339478,41,1,35,5,11
1403637216.039021253585815,49,13,40,8,11
1403637216.089015960693359,46,0,45,0,11
1403637216.139014244079590,38,0,32,1,11
1403637216.189009189605713,36,0,36,0,11
1403637216.239003896713257,35,0,34,0,11
1403637216.289000511169434,34,0,33,0,11
1403637216.338994503021240,31,0,23,1,11
1403637216.388976812362671,44,2,25,17,11
1403637216.438971996307373,43,1,40,1,11
1403637216.488970041275024,42,1,40,0,11
1403637216.538969993591309,40,0,38,1,11
1403637216.588970184326172,43,2,39,3,11
1403637216.638971567153931,49,3,42,7,11
1403637216.688972711563110,49,0,48,1,11
1403637216.738971710205078,49,0,48,0,11
1403637216.788969516754150,49,15,47,0,11
1403637216.838967800140381,48,0,47,0,11
1403637216.888968944549561,47,0,47,0,11
1403637216.938971281051636,47,1,47,0,11
1403637216.988973379135132,49,2,47,2,11
1403637217.038975954055786,49,2,49,0,11
1403637217.088976144790649,49,3,49,0,11
1403637217.138974189758301,49,1,47,1,11
1403637217.188973188400269,49,0,43,0,11
1403637217.238973379135132,48,3,43,1,11
1403637217.288975477218628,46,20,44,2,11
1403637217.338975191116333,46,0,46,0,11
1403637217.388976097106934,47,11,45,2,11
1403637217.438975572586060,48,0,47,1,11
1403637217.488974571228027,49,0,48,1,11
1403637217.538973093032837,49,0,49,0,11
1403637217.588972568511963,49,1,49,0,11
1403637217.638967752456665,50,1,49,1,11
1403637217.688961744308472,50,0,50,0,11
1403637217.738959789276123,49,0,48,0,11
1403637217.788963317871094,49,1,47,0,11
1403637217.838963031768799,47,0,45,0,11
1403637217.888962984085083,46,20,43,2,11
1403637217.938958644866943,45,0,43,0,11
1403637217.988954544067383,47,5,42,3,11
1403637218.038953542709351,45,0,44,0,11
1403637218.088953495025635,44,0,41,0,11
1403637218.138951539993286,43,0,41,0,11
1403637218.188947677612305,40,1,37,2,11
1403637218.238943099975586,41,2,37,1,11
1403637218.288939476013184,39,0,32,1,11
1403637218.338933229446411,37,11,36,0,11
1403637218.388929843902588,37,3,36,1,11
1403637218.438926935195923,38,5,31,2,11
1403637218.488920211791992,47,12,35,12,11
1403637218.538919925689697,48,1,46,1,11
1403637218.588919401168823,48,6,46,0,11
1403637218.638918638229370,49,2,46,2,11
1403637218.688917160034180,48,15,48,0,11
1403637218.738915920257568,47,1,47,0,11
1403637218.788915395736694,48,1,47,1,11
1403637218.838915109634399,50,20,46,2,11
1403637218.888915300369263,48,0,46,0,11
1403637218.938914299011230,49,1,46,2,11
1403637218.988914251327515,48,0,47,1,11
1403637219.038913965225220,48,0,48,0,11
1403637219.088914155960083,47,10,46,0,11
1403637219.138915538787842,47,3,45,0,11
1403637219.188916921615601,48,1,45,2,11
1403637219.238916158676147,47,1,46,0,11
1403637219.288917064666748,47,4,45,1,11
1403637219.338917493820190,46,0,44,0,11
1403637219.388917922973633,47,6,43,2,11
1403637219.438916444778442,48,13,43,3,11
1403637219.488913536071777,46,2,44,0,11
1403637219.538910388946533,45,1,41,0,11
1403637219.588906049728394,44,2,40,0,11
1403637219.638906955718994,40,1,39,0,11
1403637219.688907146453857,43,4,39,4,11
1403637219.738908290863037,42,0,41,0,11
1403637219.788907766342163,43,1,39,1,11
1403637219.838918924331665,44,10,38,2,11
1403637219.888922214508057,44,0,39,2,11
1403637219.938922882080078,44,1,38,0,11
1403637219.988927841186523,38,1,37,0,11
1403637220.038932561874390,43,0,36,5,11
1403637220.088935613632202,43,1,41,1,11
1403637220.138936042785645,42,0,39,1,11
1403637220.188936471939087,43,1,40,1,11
1403637220.238935947418213,42,20,41,1,11
1403637220.288936138153076,42,3,40,1,11
1403637220.338936805725098,41,1,40,0,11
1403637220.388936996459961,41,3,39,1,11
1403637220.438938379287720,45,11,37,5,11
1403637220.488938570022583,47,1,40,3,11
1403637220.538938522338867,45,1,42,0,11
1403637220.588937520980835,48,18,40,4,11
1403637220.638937711715698,46,3,44,0,11
1403637220.688938856124878,44,2,43,0,11
1403637220.738938570022583,47,35,41,5,11
1403637220.788940906524658,44,10,44,0,11
1403637220.838942050933838,46,2,43,2,11
1403637220.888942003250122,44,0,43,0,11
1403637220.938944816589355,43,0,41,0,11
1403637220.988945245742798,42,0,40,1,11
1403637221.038947582244873,46,4,41,5,11
1403637221.088949203491211,46,2,45,0,11
1403637221.138949871063232,46,1,45,0,11
1403637221.188952445983887,48,13,45,3,11
1403637221.238952875137329,50,5,48,2,11
1403637221.288953065872192,50,3,49,0,11
1403637221.338950634002686,50,29,48,0,11
1403637221.388947248458862,48,6,47,0,11
1403637221.438947200775146,47,0,44,0,11
1403637221.488944053649902,45,0,43,0,11
1403637221.538943529129028,43,0,43,0,11
1403637221.588940620422363,43,0,43,0,11
1403637221.638938426971436,47,2,41,4,11
1403637221.688936948776245,47,0,44,0,11
1403637221.738936185836792,44,2,43,0,11
1403637221.788934469223022,47,8,42,5,11
1403637221.838933944702148,48,0,46,1,11
1403637221.888934612274170,48,0,46,1,11
1403637221.938934803009033,47,22,44,2,11
1403637221.988935470581055,49,1,44,2,11
1403637222.038934707641602,48,0,46,0,11
1403637222.088936090469360,46,0,46,0,11
1403637222.138936996459961,47,1,46,1,11
1403637222.188935995101929,47,0,46,0,11
1403637222.238934278488159,47,2,45,0,11
1403637222.288933038711548,46,0,44,0,11
1403637222.338929653167725,45,0,44,0,11
1403637222.388926982879639,48,5,43,4,11
1403637222.438926219940186,48,1,47,0,11
1403637222.488926410675049,47,0,45,0,11
1403637222.538928508758545,48,19,45,2,11
1403637222.588929414749146,48,2,47,1,11
1403637222.638931274414062,48,1,48,0,11
1403637222.688931703567505,48,2,48,0,11
1403637222.738934755325317,48,0,48,0,11
1403637222.788940668106079,47,0,47,0,11
1403637222.838941574096680,46,1,45,0,11
1403637222.888943195343018,45,0,45,0,11
1403637222.938943386077881,44,0,44,0,11
1403637222.988943576812744,44,0,44,0,11
1403637223.038944721221924,44,0,44,0,11
1403637223.088944435119629,44,0,44,0,11
1403637223.138942480087280,45,1,44,1,11
1403637223.188940048217773,45,0,45,0,11
1403637223.238940715789795,45,0,45,0,11
1403637223.288940906524658,45,0,45,0,11
1403637223.338943004608154,45,0,44,0,11
1403637223.388944387435913,45,0,44,0,11
1403637223.438945531845093,44,4,44,0,11
1403637223.488945245742798,44,0,44,0,11
1403637223.538945436477661,43,0,43,0,11
1403637223.588936328887939,47,18,43,4,11
1403637223.638935327529907,48,5,46,1,11
1403637223.688934326171875,48,1,47,0,11
1403637223.738933801651001,48,11,46,1,11
1403637223.788933992385864,47,0,45,0,11
1403637223.838933944702148,47,1,45,1,11
1403637223.888933897018433,48,0,46,2,11
1403637223.938933610916138,48,0,48,0,11
1403637223.988932371139526,48,0,47,0,11
1403637224.038932085037231,48,0,46,0,11
1403637224.088931798934937,48,0,46,1,11
1403637224.138930320739746,48,0,47,1,11
1403637224.188930511474609,48,4,48,0,11
1403637224.238930225372314,48,0,48,0,11
1403637224.288929700851440,48,0,48,0,11
1403637224.338929653167725,48,0,47,0,11
1403637224.388929128646851,48,0,45,0,11
1403637224.438931703567505,48,0,45,1,11
1403637224.488931894302368,47,0,46,1,11
1403637224.538932561874390,47,0,47,0,11
1403637224.588932752609253,47,0,46,0,11
1403637224.638933897018433,47,0,47,0,11
1403637224.688934803009033,47,0,47,0,11
1403637224.738934040069580,47,0,47,0,11
1403637224.788935899734497,47,9,47,0,11
1403637224.838936805725098,47,0,47,0,11
1403637224.888937234878540,47,0,47,0,11
1403637224.938937425613403,47,0,47,0,11
1403637224.988937139511108,47,0,47,0,11
1403637225.038937330245972,47,0,47,0,11
1403637225.088937520980835,47,0,47,0,11
1403637225.138937711715698,47,0,47,0,11
1403637225.188937187194824,47,0,47,0,11
1403637225.238937139511108,47,0,46,0,11
1403637225.288938045501709,47,0,46,0,11
1403637225.338937282562256,47,0,46,0,11
1403637225.388937473297119,47,9,46,1,11
1403637225.438937187194824,47,0,47,0,11
1403637225.488937139511108,47,0,47,0,11
1403637225.538937091827393,47,1,47,0,11
1403637225.588936805725098,48,0,47,1,11
1403637225.638937234878540,48,0,47,0,11
1403637225.688937664031982,48,0,46,0,11
1403637225.738938093185425,47,0,46,0,11
1403637225.788937568664551,47,0,46,1,11
1403637225.838936567306519,47,0,47,0,11
1403637225.888933658599854,47,0,46,0,11
1403637225.938929796218872,47,0,46,0,11
1403637225.988924503326416,46,8,45,1,11
1403637226.038923025131226,46,0,46,0,11
1403637226.088922023773193,46,0,45,0,11
1403637226.138921737670898,47,1,45,1,11
1403637226.188920021057129,46,0,44,0,11
1403637226.238921880722046,45,0,45,0,11
1403637226.288921594619751,46,0,44,1,11
1403637226.338926553726196,47,0,45,1,11
1403637226.388930320739746,46,0,46,0,11
1403637226.438934803009033,46,0,45,0,11
1403637226.488939046859741,45,0,45,0,11
1403637226.538940906524658,46,1,45,1,11
1403637226.588941574096680,46,11,45,0,11
1403637226.638941049575806,47,0,45,1,11
1403637226.688940525054932,46,0,46,0,11
1403637226.738939762115479,48,1,44,3,11
1403637226.788939237594604,48,0,45,0,11
1403637226.838937520980835,47,0,45,0,11
1403637226.888937950134277,45,0,45,0,11
1403637226.938937425613403,44,0,44,0,11
1403637226.988937854766846,45,0,43,1,11
1403637227.038938522338867,45,1,42,0,11
1403637227.088939189910889,45,0,42,1,11
1403637227.138940334320068,43,1,43,0,11
1403637227.188941240310669,46,11,43,3,11
1403637227.238941669464111,46,1,45,0,11
1403637227.288942813873291,46,0,45,0,11
1403637227.338943243026733,47,2,45,2,11
1403637227.388943672180176,47,0,46,0,11
1403637227.438946247100830,47,1,43,0,11
1403637227.488946199417114,46,0,43,0,11
1403637227.538948059082031,44,0,43,1,11
1403637227.588947057723999,44,0,44,0,11
1403637227.638948678970337,44,1,43,0,11
1403637227.688947916030884,44,0,42,0,11
1403637227.738948106765747,44,0,42,1,11
1403637227.788949012756348,47,6,43,4,11
1403637227.838946819305420,47,1,46,0,11
1403637227.888944625854492,47,0,46,0,11
1403637227.938941955566406,46,0,46,0,11
1403637227.988941192626953,46,0,46,0,11
1403637228.038940191268921,46,0,45,0,11
1403637228.088939905166626,47,0,44,1,11
1403637228.138939142227173,47,0,42,1,11
1403637228.188937425613403,46,0,43,0,11
1403637228.238937139511108,43,0,43,0,11
1403637228.288935661315918,43,0,43,0,11
1403637228.338934659957886,43,0,43,0,11
1403637228.388933897018433,45,2,43,2,11
1403637228.438934326171875,45,0,44,0,11
1403637228.488934516906738,45,0,42,0,11
1403637228.538935422897339,45,0,42,1,11
1403637228.588935613632202,45,0,43,1,11
1403637228.638934373855591,44,0,43,0,11
1403637228.688933372497559,44,0,43,0,11
1403637228.738934516906738,44,0,42,1,11
1403637228.788937091827393,44,0,43,0,11
1403637228.838938474655151,43,0,43,0,11
1403637228.888939619064331,43,0,43,0,11
1403637228.938940286636353,43,0,43,0,11
1403637228.988938570022583,44,3,43,1,11
1403637229.038938283920288,44,0,44,0,11
1403637229.088941574096680,44,0,41,0,11
1403637229.138942480087280,42,0,39,0,11
1403637229.188942193984985,41,0,40,1,11
1403637229.238942384719849,43,0,41,2,11
1403637229.288942098617554,44,0,40,1,11
1403637229.338942289352417,44,0,40,2,11
1403637229.388940334320068,43,0,42,0,11
1403637229.438940525054932,44,2,40,2,11
1403637229.488942861557007,44,0,39,0,11
1403637229.538944482803345,43,0,37,1,11
1403637229.588945627212524,43,0,36,3,11
1403637229.638944387435913,42,0,39,1,11
1403637229.688943147659302,42,0,34,2,11
1403637229.738941431045532,42,1,34,0,11
1403637229.788938045501709,41,0,34,4,11
1403637229.838933944702148,39,0,36,1,11
1403637229.888930082321167,39,0,36,0,11
1403637229.938928127288818,37,0,34,1,11
1403637229.988926649093628,38,0,33,2,11
1403637230.038927078247070,39,0,29,2,11
1403637230.088928222656250,37,0,28,0,11
1403637230.138929128646851,34,0,23,3,11
1403637230.188931941986084,31,1,25,1,11
1403637230.238933563232422,29,0,24,2,11
1403637230.288933515548706,28,0,24,0,11
1403637230.338932037353516,27,0,23,1,11
1403637230.388928174972534,25,0,24,0,11
1403637230.438925743103027,25,0,23,1,11
1403637230.488924264907837,25,1,22,0,11
1403637230.538924217224121,25,1,22,1,11
1403637230.588925123214722,24,1,23,1,11
1403637230.638926029205322,25,2,24,1,11
1403637230.688925981521606,26,0,23,1,11
1403637230.738926887512207,26,0,23,0,11
1403637230.788927316665649,26,0,22,2,11
1403637230.838926553726196,26,0,24,1,11
1403637230.888929128646851,33,0,23,10,11
1403637230.938929080963135,34,1,33,1,11
1403637230.988927364349365,34,0,32,0,11
1403637231.038927316665649,31,0,30,0,11
1403637231.088927507400513,29,0,28,0,11
1403637231.138929128646851,25,0,24,0,11
1403637231.188932657241821,22,0,21,0,11
1403637231.238934516906738,20,0,18,0,11
1403637231.288936376571655,19,0,16,0,11
1403637231.338937282562256,12,0,9,0,11
1403637231.388937711715698,10,0,7,0,11
1403637231.438937902450562,6,0,4,0,11
1403637231.488937854766846,7,0,3,3,11
1403637231.538938283920288,8,0,6,2,11
1403637231.588937997817993,7,2,7,0,11
1403637231.638937950134277,7,0,7,0,11
1403637231.688938140869141,7,1,7,0,11
1403637231.738938093185425,7,0,7,0,11
1403637231.788938045501709,7,0,7,0,11
1403637231.838940143585205,28,1,6,22,11
1403637231.888939380645752,28,0,26,0,11
1403637231.938938379287720,28,7,26,0,11
1403637231.988937854766846,30,5,26,4,11
1403637232.038942813873291,28,0,24,2,11
1403637232.088949203491211,44,0,26,16,11
1403637232.138951301574707,43,1,41,1,11
1403637232.188952684402466,45,1,41,2,11
1403637232.238949298858643,43,1,43,0,11
1403637232.288948774337769,45,0,40,4,11
1403637232.338948249816895,41,3,41,0,11
1403637232.388947963714600,40,1,40,0,11
1403637232.438947677612305,42,0,37,4,11
1403637232.488946199417114,38,0,37,0,11
1403637232.538945198059082,36,0,36,0,11
1403637232.588943004608154,38,1,35,3,11
1403637232.638942241668701,40,0,35,3,11
1403637232.688940763473511,41,0,36,4,11
1403637232.738940715789795,40,1,40,0,11
1403637232.788942098617554,47,0,40,7,11
1403637232.838941812515259,49,7,46,2,11
1403637232.888942003250122,50,0,46,1,11
1403637232.938940048217773,47,11,45,0,11
1403637232.988940238952637,45,2,44,0,11
1403637233.038940906524658,47,0,41,4,11
1403637233.088940382003784,46,1,45,0,11
1403637233.138939857482910,45,0,43,1,11
1403637233.188939809799194,50,4,44,5,11
1403637233.238938808441162,49,1,49,0,11
1403637233.288938045501709,48,3,47,1,11
1403637233.338937997817993,48,5,47,0,11
1403637233.388936758041382,50,4,46,2,11
1403637233.438935518264771,48,13,46,0,11
1403637233.488932609558105,48,7,44,2,11
1403637233.538927078247070,48,11,44,2,11
1403637233.588923454284668,43,2,42,0,11
1403637233.638921976089478,38,1,36,0,11
1403637233.688921689987183,37,0,35,0,11
1403637233.738919496536255,34,4,33,0,11
1403637233.788919448852539,35,4,33,2,11
1403637233.838918685913086,39,0,34,4,11
1403637233.888918399810791,37,5,35,0,11
1403637233.938919544219971,36,0,33,0,11
1403637233.988920211791992,35,0,34,0,11
1403637234.038922071456909,39,2,33,5,11
1403637234.088924646377563,40,0,33,3,11
1403637234.138930559158325,50,6,36,10,11
1403637234.188930511474609,45,5,43,0,11
1403637234.238930940628052,44,0,42,0,11
1403637234.288931846618652,42,1,36,3,11
1403637234.338928699493408,44,1,38,4,11
1403637234.388927698135376,45,11,40,5,11
1403637234.438926458358765,45,2,43,0,11
1403637234.488923549652100,46,2,43,1,11
1403637234.538923978805542,44,1,42,1,11
1403637234.588925361633301,48,0,43,4,11
1403637234.638926029205322,49,5,44,2,11
1403637234.688926935195923,48,1,45,1,11
1403637234.738927125930786,47,3,42,2,11
1403637234.788927555084229,47,1,36,1,11
1403637234.838926315307617,41,0,30,1,11
1403637234.888926982879639,40,4,29,7,11
1403637234.938929557800293,37,1,31,1,11
1403637234.988927602767944,44,2,23,12,11
1403637235.038928985595703,40,0,25,1,11
1403637235.088929176330566,35,0,19,1,11
1403637235.138932704925537,30,2,17,5,11
1403637235.188933372497559,23,1,18,3,11
1403637235.238934040069580,21,1,19,0,11
1403637235.288929462432861,24,6,18,4,11
1403637235.338926792144775,24,2,16,1,11
1403637235.388922929763794,29,2,17,7,11
1403637235.438920974731445,25,2,23,0,11
1403637235.488917827606201,25,4,23,1,11
1403637235.538918018341064,26,1,22,2,11
1403637235.588916301727295,32,1,23,6,11
1403637235.638914108276367,46,2,28,16,11
1403637235.688915491104126,50,1,45,5,11
1403637235.738914012908936,49,5,49,0,11
1403637235.788917064666748,47,2,45,1,11
1403637235.838920831680298,47,9,43,3,11
1403637235.888925790786743,47,4,44,3,11
1403637235.938928127288818,43,1,40,0,11
1403637235.988931894302368,38,1,36,1,11
1403637236.038943052291870,49,2,34,13,11
1403637236.088950157165527,50,1,42,1,11
1403637236.138956308364868,46,1,35,2,11
1403637236.188962936401367,42,2,33,3,11
1403637236.238964557647705,38,4,23,3,11
1403637236.288968324661255,34,1,22,2,11
1403637236.338973283767700,29,1,24,4,11
1403637236.388982057571411,42,0,22,14,11
1403637236.438985824584961,45,3,29,7,11
1403637236.488987445831299,38,2,33,0,11
1403637236.538985490798950,33,1,32,0,11
1403637236.588984012603760,33,0,30,3,11
1403637236.638980388641357,33,1,33,0,11
1403637236.688980102539062,34,6,32,2,11
1403637236.738979339599609,31,3,31,0,11
1403637236.788978815078735,39,4,29,9,11
1403637236.838979244232178,39,3,37,2,11
1403637236.888980150222778,39,4,35,2,11
1403637236.938980817794800,35,4,29,0,11
1403637236.988981723785400,38,1,25,10,11
1403637237.038982152938843,33,0,31,0,11
1403637237.088983535766602,42,3,28,11,11
1403637237.138982534408569,35,4,32,0,11
1403637237.188981056213379,32,3,29,0,11
1403637237.238981008529663,28,3,27,0,11
1403637237.288983821868896,27,2,23,0,11
1403637237.338984727859497,37,3,23,10,11
1403637237.388986110687256,33,1,32,0,11
1403637237.438985824584961,33,5,31,0,11
1403637237.488987684249878,46,4,29,14,11
1403637237.538989305496216,45,3,38,0,11
1403637237.588990688323975,43,1,38,0,11
1403637237.638991117477417,37,3,34,0,11
1403637237.688992500305176,41,3,32,4,11
1403637237.738994836807251,44,1,36,6,11
1403637237.788996458053589,44,0,41,3,11
1403637237.838999509811401,50,2,44,6,11
1403637237.889000892639160,50,1,49,0,11
1403637237.939001560211182,49,9,47,0,11
1403637237.989000797271729,49,3,47,1,11
1403637238.039000988006592,48,0,48,0,11
1403637238.089000701904297,48,3,44,1,11
1403637238.138998270034790,49,5,46,1,11
1403637238.188986539840698,48,14,46,1,11
1403637238.238984107971191,50,1,45,2,11
1403637238.288980960845947,49,3,45,0,11
1403637238.338978052139282,47,1,40,1,11
1403637238.388976097106934,45,0,39,1,11
1403637238.438972949981689,42,2,40,1,11
1403637238.488970994949341,40,0,39,0,11
1403637238.538962364196777,47,5,38,7,11
1403637238.588961362838745,47,1,44,1,11
1403637238.638960838317871,49,19,43,3,11
1403637238.688967704772949,46,0,43,0,11
1403637238.738971948623657,43,0,43,0,11
1403637238.788983106613159,49,8,43,6,11
1403637238.838986873626709,48,0,46,1,11
1403637238.888989448547363,49,2,47,1,11
1403637238.938991785049438,48,1,46,1,11
1403637238.988992929458618,48,1,43,2,11
1403637239.038990259170532,48,4,44,2,11
1403637239.088981628417969,47,4,44,1,11
1403637239.138971090316772,46,2,42,2,11
1403637239.188962221145630,44,4,42,1,11
1403637239.238956451416016,49,8,43,6,11
1403637239.288955688476562,45,1,44,0,11
1403637239.338953018188477,47,2,42,2,11
1403637239.388951778411865,48,9,42,3,11
1403637239.438950061798096,46,8,42,2,11
1403637239.488949060440063,43,0,42,0,11
1403637239.538966417312622,47,31,40,7,11
1403637239.588965654373169,44,0,43,0,11
1403637239.638966798782349,41,4,38,2,11
1403637239.688966989517212,37,7,37,0,11
1403637239.738966464996338,35,4,31,1,11
1403637239.788966417312622,29,1,26,1,11
1403637239.838965177536011,28,2,23,4,11
1403637239.888964414596558,26,6,24,0,11
1403637239.938962936401367,23,5,20,0,11
1403637239.988960027694702,22,1,19,1,11
1403637240.038958311080933,22,4,14,5,11
1403637240.088956356048584,18,5,13,0,11
1403637240.138949155807495,33,4,9,19,11
1403637240.188935995101929,44,20,24,17,11
1403637240.238930225372314,40,1,37,0,11
1403637240.288927316665649,35,2,34,0,11
1403637240.338925838470459,34,1,33,0,11
1403637240.388924598693848,30,2,28,0,11
1403637240.438924312591553,30,4,27,1,11
1403637240.488925933837891,34,3,26,5,11
1403637240.538924932479858,33,2,30,0,11
1403637240.588924884796143,30,2,30,0,11
1403637240.638925313949585,28,1,27,0,11
1403637240.688926219940186,33,1,27,6,11
1403637240.738936901092529,43,7,27,14,11
1403637240.788947582244873,50,10,41,7,11
1403637240.838954925537109,46,2,43,0,11
1403637240.888960123062134,44,3,40,2,11
1403637240.938961029052734,42,3,39,0,11
1403637240.988962173461914,40,1,36,3,11
1403637241.038963556289673,45,2,37,7,11
1403637241.088964700698853,43,1,38,1,11
1403637241.138965845108032,41,4,37,0,11
1403637241.188966989517212,44,5,35,7,11
1403637241.238971471786499,48,5,40,5,11
1403637241.288973331451416,44,0,40,0,11
1403637241.338975667953491,43,3,38,2,11
1403637241.388979911804199,44,2,37,5,11
1403637241.438981056213379,43,2,41,0,11
1403637241.488983631134033,43,0,37,1,11
1403637241.538987874984741,47,7,39,6,11
1403637241.588988304138184,41,0,39,0,11
1403637241.638988733291626,39,2,36,0,11
1403637241.688989400863647,35,1,32,0,11
1403637241.738989114761353,33,1,29,4,11
1403637241.788990020751953,33,0,30,2,11
1403637241.838991641998291,35,4,27,4,11
1403637241.888992309570312,35,2,29,1,11
1403637241.938991785049438,34,1,29,1,11
1403637241.988989591598511,38,0,29,8,11
1403637242.038989782333374,37,1,35,1,11
1403637242.088988065719604,37,1,33,1,11
1403637242.138985633850098,44,1,34,9,11
1403637242.188983440399170,43,0,39,0,11
1403637242.238982439041138,46,0,38,4,11
1403637242.288981676101685,47,4,41,4,11
1403637242.338982105255127,45,2,44,0,11
1403637242.388980388641357,45,1,40,1,11
1403637242.438980579376221,45,3,40,1,11
1403637242.488980293273926,44,1,41,2,11
1403637242.538980245590210,45,1,42,2,11
1403637242.588979959487915,47,3,45,2,11
1403637242.638980150222778,47,0,47,0,11
1403637242.688980340957642,45,1,43,0,11
1403637242.738980054855347,44,1,42,0,11
1403637242.788979768753052,44,0,41,1,11
1403637242.838976860046387,43,3,40,1,11
1403637242.888972520828247,46,3,34,4,11
1403637242.938969373703003,45,0,39,1,11
1403637242.988967180252075,39,1,36,1,11
1403637243.038964509963989,42,1,36,4,11
1403637243.088962078094482,40,0,38,1,11
1403637243.138962268829346,42,1,39,2,11
1403637243.188961029052734,50,4,40,9,11
1403637243.238961219787598,49,3,46,0,11
1403637243.288961172103882,48,2,42,1,11
1403637243.338960409164429,48,0,44,2,11
1403637243.388960838317871,48,4,45,2,11
1403637243.438960790634155,49,4,46,1,11
1403637243.488960742950439,47,8,45,0,11
1403637243.538961648941040,49,1,44,2,11
1403637243.588961362838745,49,1,45,2,11
1403637243.638960838317871,49,7,47,1,11
1403637243.688960552215576,47,1,46,0,11
1403637243.738960742950439,46,1,44,0,11
1403637243.788961887359619,47,2,42,3,11
1403637243.838962554931641,41,1,39,1,11
1403637243.888962507247925,42,0,39,2,11
1403637243.938964128494263,45,7,36,7,11
1403637243.988967657089233,47,1,42,3,11
1403637244.038969516754150,46,0,45,0,11
1403637244.088971614837646,48,6,45,3,11
1403637244.138971567153931,48,0,47,0,11
1403637244.188971996307373,50,0,47,2,11
1403637244.238971710205078,49,5,49,0,11
1403637244.288970947265625,48,5,46,0,11
1403637244.338970899581909,50,4,44,2,11
1403637244.388967990875244,49,11,45,1,11
1403637244.438966035842896,49,0,44,2,11
1403637244.488963365554810,49,2,45,1,11
1403637244.538959980010986,47,8,42,2,11
1403637244.588957071304321,48,10,42,3,11
1403637244.638953924179077,45,0,42,1,11
1403637244.688950538635254,49,2,42,5,11
1403637244.738947868347168,48,1,47,0,11
1403637244.788944482803345,49,13,43,3,11
1403637244.838943004608154,49,4,46,1,11
1403637244.888942241668701,47,1,43,0,11
1403637244.938941001892090,45,1,28,1,11
1403637244.988941192626953,46,9,26,2,11
1403637245.038936376571655,32,0,23,1,11
1403637245.088933229446411,28,0,24,1,11
1403637245.138930559158325,33,1,23,9,11
1403637245.188933372497559,39,1,28,7,11
1403637245.238937854766846,39,1,33,1,11
1403637245.288943052291870,35,0,34,0,11
1403637245.338943481445312,35,0,31,1,11
1403637245.388944864273071,46,1,31,12,11
1403637245.438946962356567,45,3,41,3,11
1403637245.488947391510010,47,10,42,4,11
1403637245.538948059082031,47,0,45,1,11
1403637245.588948965072632,49,7,43,3,11
1403637245.638951063156128,47,12,43,1,11
1403637245.688951253890991,45,0,41,2,11
1403637245.738952636718750,46,0,42,2,11
1403637245.788954973220825,44,1,38,1,11
1403637245.838956356048584,40,3,33,0,11
1403637245.888957738876343,35,2,29,2,11
1403637245.938960552215576,38,11,25,13,11
1403637245.988961696624756,38,1,35,0,11
1403637246.038964033126831,37,2,30,1,11
1403637246.088968753814697,34,3,17,6,11
1403637246.138973712921143,31,0,19,0,11
1403637246.188979387283325,25,4,16,5,11
1403637246.238985776901245,26,2,20,5,11
1403637246.288989782333374,24,1,21,0,11
1403637246.338991165161133,23,1,22,0,11
1403637246.388992786407471,22,2,18,1,11
1403637246.438998460769653,30,0,18,10,11
1403637246.488998413085938,29,4,22,1,11
1403637246.538996219635010,35,0,22,8,11
1403637246.588997364044189,38,3,26,9,11
1403637246.638995647430420,35,3,30,0,11
1403637246.688994884490967,33,5,29,1,11
1403637246.738995075225830,40,1,29,11,11
1403637246.788997411727905,40,2,33,3,11
1403637246.838998079299927,39,1,32,2,11
1403637246.888999223709106,33,0,30,0,11
1403637246.939002275466919,35,2,26,6,11
1403637246.989006519317627,34,0,31,0,11
1403637247.039011001586914,34,0,31,2,11
1403637247.089012622833252,33,0,33,0,11
1403637247.139012813568115,32,0,32,0,11
1403637247.189011812210083,47,0,31,15,11
1403637247.239007234573364,45,0,43,0,11
1403637247.289002418518066,49,2,42,5,11
1403637247.338995933532715,49,2,47,1,11
1403637247.388993263244629,49,6,47,1,11
1403637247.438992977142334,48,3,45,1,11
1403637247.488990068435669,47,4,45,0,11
1403637247.538992881774902,49,1,42,4,11
1403637247.588996648788452,48,4,45,1,11
1403637247.638997793197632,47,0,45,1,11
1403637247.689000844955444,50,5,45,4,11
1403637247.739001750946045,50,0,48,0,11
1403637247.789001941680908,47,3,44,0,11
1403637247.839000940322876,46,1,42,1,11
1403637247.889002323150635,44,1,42,0,11
1403637247.939004659652710,46,3,40,3,11
1403637247.989005804061890,45,11,38,3,11
1403637248.039001226425171,44,1,39,1,11
1403637248.088996648788452,47,2,35,7,11
1403637248.138992547988892,42,0,38,0,11
1403637248.188989877700806,43,1,34,5,11
1403637248.238989353179932,42,0,40,0,11
1403637248.288990497589111,43,1,40,3,11
1403637248.338991880416870,43,0,42,0,11
1403637248.388992547988892,44,0,41,2,11
1403637248.438994407653809,43,0,43,0,11
1403637248.488995790481567,43,0,43,0,11
1403637248.538999795913696,50,2,42,7,11
1403637248.589000701904297,50,13,49,0,11
1403637248.638997554779053,49,0,48,1,11
1403637248.688994884490967,50,7,49,1,11
1403637248.738993406295776,49,4,49,0,11
1403637248.788993597030640,50,9,49,1,11
1403637248.838994026184082,49,0,49,0,11
1403637248.888993978500366,49,3,48,1,11
1403637248.938993215560913,48,2,47,0,11
1403637248.988993167877197,50,7,47,2,11
1403637249.038992881774902,47,1,47,0,11
1403637249.088993072509766,47,0,47,0,11
1403637249.138993263244629,48,2,47,1,11
1403637249.188992023468018,50,11,48,2,11
1403637249.238992929458618,49,2,48,0,11
1403637249.288991212844849,50,6,47,1,11
1403637249.338990926742554,49,3,48,0,11
1403637249.388986110687256,48,10,46,1,11
1403637249.438984632492065,49,6,47,1,11
1403637249.488982915878296,48,0,48,0,11
1403637249.538981676101685,46,0,46,0,11
1403637249.588980197906494,49,0,46,3,11
1403637249.638979673385620,50,2,49,1,11
1403637249.688979625701904,50,0,50,0,11
1403637249.738979578018188,50,8,50,0,11
1403637249.788978576660156,50,9,48,0,11
1403637249.838977813720703,50,3,47,0,11
1403637249.888978004455566,48,4,46,0,11
1403637249.938977003097534,48,1,45,1,11
1403637249.988978147506714,49,5,45,3,11
1403637250.038979053497314,48,15,47,1,11
1403637250.088979482650757,47,1,44,1,11
1403637250.138980865478516,43,1,42,0,11
1403637250.188979387283325,40,0,39,0,11
1403637250.238978862762451,39,4,38,0,11
1403637250.288978576660156,37,0,37,0,11
1403637250.338977098464966,44,1,36,8,11
1403637250.388974905014038,48,1,42,6,11
1403637250.438973188400269,45,0,44,0,11
1403637250.488970994949341,47,3,45,2,11
1403637250.538970470428467,45,0,44,0,11
1403637250.588969230651855,45,1,42,2,11
1403637250.638967514038086,49,34,42,5,11
1403637250.688966989517212,48,0,47,0,11
1403637250.738967180252075,46,0,46,0,11
1403637250.788966655731201,46,0,45,0,11
1403637250.838966131210327,44,0,43,0,11
1403637250.888966083526611,42,0,42,0,11
1403637250.938965797424316,41,0,41,0,11
1403637250.988965988159180,40,0,40,0,11
1403637251.038967370986938,49,11,39,10,11
1403637251.088969469070435,47,0,45,0,11
1403637251.138970851898193,47,0,44,0,11
1403637251.188971996307373,45,0,42,1,11
1403637251.238973140716553,47,25,41,5,11
1403637251.288973093032837,46,0,45,0,11
1403637251.338971853256226,45,0,44,0,11
1403637251.388969898223877,45,0,42,0,11
1403637251.438969135284424,42,1,37,0,11
1403637251.488969564437866,38,0,36,0,11
1403637251.538970470428467,35,2,34,0,11
1403637251.588970899581909,33,1,32,0,11
1403637251.638972282409668,42,0,32,9,11
1403637251.688973426818848,40,1,38,0,11
1403637251.738975286483765,47,3,35,9,11
1403637251.788976430892944,45,1,43,0,11
1403637251.838976144790649,46,9,42,3,11
1403637251.888974428176880,43,0,43,0,11
1403637251.938973426818848,43,1,43,0,11
1403637251.988971948623657,41,0,41,0,11
1403637252.038971662521362,39,0,39,0,11
1403637252.088971614837646,39,0,38,1,11
1403637252.138971805572510,47,10,39,8,11
1403637252.188973188400269,46,0,46,0,11
1403637252.238974809646606,46,1,46,0,11
1403637252.288977384567261,46,0,46,0,11
1403637252.338979005813599,48,0,46,2,11
1403637252.388979911804199,49,0,47,1,11
1403637252.438981771469116,49,4,48,0,11
1403637252.488982200622559,47,0,46,0,11
1403637252.538982152938843,47,0,44,0,11
1403637252.588981866836548,46,0,45,0,11
1403637252.638982295989990,44,0,44,0,11
1403637252.688983201980591,44,0,44,0,11
1403637252.738984107971191,47,3,43,4,11
1403637252.788982868194580,47,0,47,0,11
1403637252.838979721069336,47,0,47,0,11
1403637252.888978242874146,47,0,47,0,11
1403637252.938977241516113,48,0,47,1,11
1403637252.988977670669556,48,0,48,0,11
1403637253.038979530334473,48,0,47,0,11
1403637253.088981628417969,49,0,45,1,11
1403637253.138981580734253,48,0,48,0,11
1403637253.188982009887695,48,9,48,0,11
1403637253.238981485366821,48,0,48,0,11
1403637253.288981437683105,48,0,48,0,11
1403637253.338979959487915,48,0,48,0,11
1403637253.388979196548462,48,0,48,0,11
1403637253.438978910446167,48,0,48,0,11
1403637253.488978624343872,48,0,47,0,11
1403637253.538978338241577,47,0,47,0,11
1403637253.588978767395020,47,0,47,0,11
1403637253.638978004455566,47,0,47,0,11
1403637253.688979148864746,47,0,47,0,11
1403637253.738979339599609,47,0,46,0,11
1403637253.788978576660156,47,0,46,0,11
1403637253.838978528976440,46,0,46,0,11
1403637253.888979196548462,46,0,46,0,11
1403637253.938982248306274,46,1,46,0,11
1403637253.988983869552612,46,0,45,0,11
1403637254.038980484008789,46,0,45,0,11
1403637254.088981628417969,45,0,45,0,11
1403637254.138983488082886,45,0,45,0,11
1403637254.188985586166382,45,0,45,0,11
1403637254.238986968994141,45,0,45,0,11
1403637254.288988590240479,45,0,45,0,11
1403637254.338989019393921,45,0,45,0,11
1403637254.388989448547363,45,6,44,0,11
1403637254.438989162445068,46,0,44,1,11
1403637254.488990068435669,45,0,45,0,11
1403637254.538990974426270,45,0,45,0,11
1403637254.588990926742554,45,0,45,0,11
1403637254.638991832733154,45,0,44,0,11
1403637254.688991785049438,44,0,44,0,11
1403637254.738992691040039,45,0,44,1,11
1403637254.788993358612061,46,0,45,1,11
1403637254.838994503021240,46,0,45,0,11
1403637254.888995409011841,45,0,45,0,11
1403637254.938996791839600,45,0,45,0,11
1403637254.988997936248779,45,8,45,0,11
1403637255.038998603820801,45,0,45,0,11
1403637255.088998317718506,46,0,45,1,11
1403637255.138998031616211,47,0,46,1,11
1403637255.188997268676758,47,0,47,0,11
1403637255.238998413085938,47,28,47,0,11
1403637255.288998365402222,45,0,45,0,11
1403637255.338998079299927,45,0,45,0,11
1403637255.388998031616211,45,0,45,0,11
1403637255.438997745513916,45,0,44,0,11
1403637255.488997220993042,46,0,43,1,11
1403637255.538997173309326,43,0,40,0,11
1403637255.588996887207031,43,7,39,1,11
1403637255.638996362686157,41,0,39,1,11
1403637255.688996076583862,39,0,37,0,11
1403637255.738996028900146,35,0,35,0,11
1403637255.788995981216431,34,0,32,0,11
1403637255.838996171951294,47,17,32,13,11
1403637255.888995647430420,42,0,42,0,11
1403637255.938995361328125,42,0,41,0,11
1403637255.988994359970093,41,0,39,0,11
1403637256.038994789123535,39,0,37,0,11
1403637256.088994264602661,37,0,37,0,11
1403637256.138993978500366,36,0,36,0,11
1403637256.188992500305176,43,2,36,7,11
1403637256.238991975784302,43,0,42,0,11
1403637256.288992166519165,43,0,41,0,11
1403637256.338992118835449,42,0,41,0,11
1403637256.388992309570312,41,0,41,0,11
1403637256.438992261886597,49,9,41,8,11
1403637256.488992691040039,49,0,49,0,11
1403637256.538992643356323,49,0,48,0,11
1403637256.588992834091187,49,0,48,0,11
1403637256.638991117477417,48,0,48,0,11
1403637256.688992500305176,49,0,48,1,11
1403637256.738993167877197,49,0,48,0,11
1403637256.788993597030640,50,7,48,1,11
1403637256.838993310928345,50,0,47,0,11
1403637256.888992786407471,48,0,45,1,11
1403637256.938992977142334,48,0,46,1,11
1403637256.988992214202881,48,0,47,1,11
1403637257.038992404937744,48,11,47,1,11
1403637257.088992357254028,48,0,45,0,11
1403637257.138992071151733,48,0,45,0,11
1403637257.188992023468018,45,0,45,0,11
1403637257.238991022109985,45,4,44,0,11
1403637257.288990497589111,44,0,43,0,11
1403637257.338990211486816,42,0,42,0,11
1403637257.388989925384521,45,1,40,3,11
1403637257.438989639282227,45,0,43,0,11
1403637257.488989830017090,43,1,42,0,11
1403637257.538989067077637,44,0,42,1,11
1403637257.588986396789551,43,0,43,0,11
1403637257.638983488082886,45,3,42,2,11
1403637257.688981533050537,44,1,44,0,11
1403637257.738980293273926,43,0,43,0,11
1403637257.788980007171631,49,24,41,7,11
1403637257.838979244232178,47,0,47,0,11
1403637257.888978958129883,45,0,45,0,11
1403637257.938979864120483,46,1,45,1,11
1403637257.988980054855347,46,0,44,0,11
1403637258.038980722427368,45,1,38,0,11
1403637258.088982105255127,42,1,33,2,11
1403637258.138985872268677,36,1,30,0,11
1403637258.188988924026489,35,0,31,1,11
1403637258.238992929458618,34,4,30,2,11
1403637258.288994550704956,31,0,29,0,11
1403637258.338994741439819,29,0,28,0,11
1403637258.388995885848999,46,2,26,17,11
1403637258.438992977142334,45,2,40,1,11
1403637258.488991975784302,42,0,41,0,11
1403637258.538992404937744,41,1,39,0,11
1403637258.588990688323975,41,1,38,1,11
1403637258.638990640640259,45,3,38,6,11
1403637258.688989877700806,43,1,43,0,11
1403637258.738990306854248,43,1,41,2,11
1403637258.788991451263428,44,1,42,1,11
1403637258.838991641998291,48,9,41,5,11
1403637258.888991594314575,47,0,43,0,11
1403637258.938991785049438,46,0,42,1,11
1403637258.988991975784302,45,1,43,1,11
1403637259.038992166519165,45,3,39,2,11
1403637259.088993310928345,46,0,40,2,11
1403637259.138995647430420,45,10,42,3,11
1403637259.188995361328125,45,0,45,0,11
1403637259.238996982574463,47,0,44,2,11
1403637259.288997173309326,47,2,47,0,11
1403637259.338997125625610,45,0,44,0,11
1403637259.388997554779053,44,0,44,0,11
1403637259.438997983932495,48,3,42,4,11
1403637259.488998413085938,47,2,45,0,11
1403637259.538999080657959,46,0,44,2,11
1403637259.588997364044189,47,0,44,1,11
1403637259.638998508453369,47,10,46,0,11
1403637259.688998699188232,47,0,46,1,11
1403637259.739002466201782,48,7,45,1,11
1403637259.789004564285278,48,0,46,1,11
1403637259.839004039764404,47,0,47,0,11
1403637259.889003753662109,47,0,46,0,11
1403637259.939001560211182,47,0,46,0,11
1403637259.989001989364624,47,0,46,1,11
1403637260.039001941680908,47,0,47,0,11
1403637260.089002370834351,47,0,47,0,11
1403637260.139003276824951,47,0,46,0,11
1403637260.189003705978394,47,0,46,0,11
1403637260.239004850387573,46,8,46,0,11
1403637260.289005279541016,46,0,46,0,11
1403637260.339004516601562,47,11,46,1,11
1403637260.389004945755005,46,0,45,0,11
1403637260.439005374908447,46,0,44,1,11
1403637260.489006042480469,45,0,44,0,11
1403637260.539005756378174,45,0,40,0,11
1403637260.589005470275879,44,0,37,1,11
1403637260.639004707336426,43,0,38,2,11
1403637260.689003467559814,40,1,38,0,11
1403637260.739003419876099,39,2,37,0,11
1403637260.789002895355225,37,2,37,0,11
1403637260.839004278182983,38,7,36,2,11
1403637260.889004468917847,38,0,37,0,11
1403637260.939005613327026,47,1,37,9,11
1403637260.989005565643311,46,0,45,0,11
1403637261.039005994796753,44,0,41,0,11
1403637261.089006185531616,43,3,38,1,11
1403637261.139004230499268,42,0,34,1,11
1403637261.189002275466919,43,2,32,3,11
1403637261.239001989364624,37,0,31,1,11
1403637261.289001941680908,37,1,29,3,11
1403637261.339003086090088,31,2,24,0,11
1403637261.389004230499268,29,0,23,1,11
1403637261.439005851745605,28,0,19,4,11
1403637261.489005565643311,25,0,21,0,11
1403637261.539004802703857,22,0,20,2,11
1403637261.589004278182983,21,0,21,0,11
1403637261.639003753662109,21,0,21,0,11
1403637261.689004182815552,21,0,19,0,11
1403637261.739004135131836,19,0,17,0,11
1403637261.789005041122437,18,0,16,1,11
1403637261.839005231857300,18,0,15,0,11
1403637261.889005899429321,17,0,15,0,11
1403637261.939006328582764,16,0,11,1,11
1403637261.989006280899048,16,0,14,0,11
1403637262.039006710052490,16,0,13,2,11
1403637262.089005947113037,16,0,15,0,11
1403637262.139003276824951,17,0,15,2,11
1403637262.189002752304077,17,0,16,0,11
1403637262.239002227783203,16,1,13,0,11
1403637262.289002895355225,13,3,8,0,11
1403637262.339002370834351,9,4,0,0,11
1403637262.389002323150635,7,0,0,1,11
1403637262.439002037048340,4,0,1,3,11
1403637262.489000558853149,3,0,2,0,11
1403637262.539003372192383,3,0,3,0,11
1403637262.589003801345825,3,0,1,0,11
1403637262.639003753662109,3,0,0,1,11
1403637262.689003705978394,3,0,1,1,11
1403637262.739003658294678,3,0,0,1,11
1403637262.789003610610962,3,0,1,0,11
1403637262.839004039764404,3,0,1,2,11
1403637262.889003515243530,3,0,2,0,11
1403637262.939003467559814,3,0,1,0,11
1403637262.989003419876099,3,0,0,1,11
1403637263.039003610610962,3,0,1,1,11
1403637263.089003562927246,3,0,2,1,11
1403637263.139003515243530,3,0,1,0,11
1403637263.189003467559814,3,0,1,0,11
1403637263.239003419876099,3,0,0,2,11
1403637263.289003610610962,3,0,2,0,11
1403637263.339003562927246,3,0,0,1,11
1403637263.389003515243530,3,0,1,0,11
1403637263.439003705978394,3,0,1,2,11
1403637263.489003658294678,3,0,2,0,11
1403637263.539003849029541,3,0,0,0,11
1403637263.589003801345825,3,0,0,1,11
1403637263.639003753662109,3,0,1,2,11
1403637263.689003705978394,3,0,2,0,11
1403637263.739003658294678,3,0,0,0,11
1403637263.789003849029541,3,0,0,1,11
1403637263.839003801345825,3,0,1,2,11
1403637263.889003753662109,3,0,2,0,11
1403637263.939003705978394,3,0,0,0,11
1403637263.989003658294678,3,0,0,1,11
1403637264.039003849029541,3,0,1,2,11
1403637264.089004039764404,3,0,2,0,11
1403637264.139003992080688,3,0,0,0,11
1403637264.189003944396973,3,0,0,1,11
1403637264.239003896713257,3,0,1,2,11
1403637264.289004087448120,3,0,2,0,11
1403637264.339004039764404,3,0,0,0,11
1403637264.389003992080688,3,0,0,1,11
1403637264.439003944396973,3,0,1,2,11
1403637264.489003896713257,3,0,2,0,11
1403637264.539004087448120,3,0,0,0,11
1403637264.589004039764404,3,0,0,1,11
1403637264.639003992080688,3,0,1,2,11
1403637264.689004182815552,3,0,2,0,11
1403637264.739004135131836,3,0,0,0,11
1403637264.789004325866699,3,0,0,1,11
1403637264.839004278182983,3,0,1,2,11
1403637264.889004230499268,3,0,2,0,11
1403637264.939004182815552,3,0,0,0,11
1403637264.989004135131836,3,0,0,1,11
1403637265.039004325866699,3,0,1,2,11
1403637265.089004516601562,3,0,2,0,11
1403637265.139004468917847,3,0,0,0,11
1403637265.189004421234131,3,0,0,1,11
1403637265.239004373550415,3,0,1,2,11
1403637265.289004564285278,3,0,2,0,11
1403637265.339004516601562,3,0,0,0,11
1403637265.389004468917847,3,0,0,1,11
1403637265.439004421234131,3,0,1,2,11
1403637265.489004373550415,3,0,2,0,11
