# timestamp (sec),slam_feats_in_state,msckf_feats_used,slam_feats_updated,slam_feats_delayed_init,clones
1403637149.983066797256470,0,1,0,0,5
1403637150.031353950500488,14,3,0,14,6
1403637150.080631017684937,12,15,9,0,7
1403637150.130750179290771,9,0,4,0,8
1403637150.181282520294189,6,5,3,0,9
1403637150.231293201446533,4,9,3,1,10
1403637150.281614780426025,2,8,0,0,11
1403637150.331712007522583,2,7,0,0,11
1403637150.382008075714111,0,8,0,0,11
1403637150.432370662689209,0,5,0,0,11
1403637150.482524871826172,0,3,0,0,11
1403637150.532692909240723,0,2,0,0,11
1403637150.582631111145020,0,4,0,0,11
1403637150.632593393325806,7,4,0,7,11
1403637150.682645559310913,7,4,6,0,11
1403637150.732710361480713,6,0,5,0,11
1403637150.782955884933472,6,2,5,1,11
1403637150.832892894744873,6,4,6,0,11
1403637150.882945060729980,7,0,6,1,11
1403637150.932941675186157,7,1,7,0,11
1403637150.982828617095947,8,1,7,1,11
1403637151.032829523086548,7,3,7,0,11
1403637151.082817792892456,7,1,7,0,11
1403637151.132820129394531,7,0,7,0,11
1403637151.182850599288940,7,2,7,0,11
1403637151.232920408248901,10,0,7,3,11
1403637151.282993793487549,10,0,9,0,11
1403637151.333009004592896,10,0,9,0,11
1403637151.382966279983521,12,1,9,3,11
1403637151.432988405227661,12,1,10,0,11
1403637151.483098506927490,12,3,10,1,11
1403637151.533159017562866,11,1,9,0,11
1403637151.583247900009155,12,4,9,1,11
1403637151.633256196975708,10,1,10,0,11
1403637151.683248281478882,10,4,9,0,11
1403637151.733255624771118,10,0,9,1,11
1403637151.783269643783569,13,0,9,3,11
1403637151.833287954330444,13,0,11,1,11
1403637151.883299350738525,13,1,12,0,11
1403637151.933317899703979,12,1,12,0,11
1403637151.983305931091309,13,0,12,1,11
1403637152.033272743225098,13,0,13,0,11
1403637152.083257436752319,13,0,13,0,11
1403637152.133246898651123,13,0,12,1,11
1403637152.183258295059204,14,0,13,1,11
1403637152.233244419097900,15,0,14,1,11
1403637152.283258676528931,15,0,14,0,11
1403637152.333268165588379,15,0,13,0,11
1403637152.383267402648926,14,0,13,0,11
1403637152.433316230773926,13,0,13,0,11
1403637152.483360767364502,15,0,13,2,11
1403637152.533401966094971,14,0,12,0,11
1403637152.583412885665894,14,0,12,0,11
1403637152.633430480957031,13,0,12,1,11
1403637152.683406591415405,13,0,13,0,11
1403637152.733266353607178,13,0,11,0,11
1403637152.783153533935547,13,0,11,0,11
1403637152.833151578903198,11,0,11,0,11
1403637152.883160114288330,11,0,8,0,11
1403637152.933164358139038,11,1,4,0,11
1403637152.983197689056396,9,1,4,1,11
1403637153.033303737640381,6,0,4,1,11
1403637153.083342790603638,6,0,4,0,11
1403637153.133348464965820,5,0,4,0,11
1403637153.183396816253662,5,0,3,1,11
1403637153.233396530151367,4,0,2,0,11
1403637153.283384561538696,2,0,1,0,11
1403637153.333377599716187,2,0,1,0,11
1403637153.383368015289307,1,0,1,0,11
1403637153.433475494384766,4,0,0,3,11
1403637153.483471393585205,4,0,2,0,11
1403637153.533531188964844,6,0,2,2,11
1403637153.583472728729248,6,0,1,3,11
1403637153.633419513702393,7,0,3,2,11
1403637153.683378696441650,6,0,5,0,11
1403637153.733341932296753,5,0,4,0,11
1403637153.783112764358521,9,0,4,4,11
1403637153.833059549331665,8,0,7,0,11
1403637153.883112430572510,10,0,6,3,11
1403637153.933132648468018,9,0,9,0,11
1403637153.983194828033447,9,0,6,0,11
1403637154.033333063125610,9,0,7,0,11
1403637154.083419084548950,7,0,5,0,11
1403637154.133481740951538,6,0,4,0,11
1403637154.183583021163940,6,0,4,1,11
1403637154.233574628829956,6,0,5,1,11
1403637154.283598423004150,6,0,5,0,11
1403637154.333673954010010,6,0,5,0,11
1403637154.383670330047607,5,0,5,0,11
1403637154.433660507202148,5,0,5,0,11
1403637154.483641624450684,5,0,5,0,11
1403637154.533642292022705,6,1,5,1,11
1403637154.583628892898560,6,0,6,0,11
1403637154.633604526519775,6,1,5,0,11
1403637154.683571338653564,7,0,5,1,11
1403637154.733583927154541,8,0,3,2,11
1403637154.783623218536377,10,0,5,2,11
1403637154.833671569824219,8,1,7,1,11
1403637154.883724212646484,8,0,8,0,11
1403637154.933825731277466,9,0,8,1,11
1403637154.983863353729248,8,0,6,0,11
1403637155.033891201019287,9,0,6,1,11
1403637155.083838224411011,7,1,5,1,11
1403637155.133812665939331,5,0,5,0,11
1403637155.183825254440308,6,0,4,1,11
1403637155.233869552612305,5,1,5,0,11
1403637155.283889055252075,5,0,4,0,11
1403637155.333901405334473,3,0,3,0,11
1403637155.383908510208130,3,0,3,0,11
1403637155.433886528015137,4,1,3,1,11
1403637155.483889818191528,4,0,4,0,11
1403637155.533894300460815,4,0,4,0,11
1403637155.583905935287476,5,0,3,1,11
1403637155.633915185928345,3,0,2,0,11
1403637155.683915853500366,2,0,2,0,11
1403637155.733950138092041,3,0,2,1,11
1403637155.783950328826904,3,0,2,0,11
1403637155.833980083465576,5,0,2,2,11
1403637155.884007453918457,4,0,4,0,11
1403637155.934031486511230,4,0,4,0,11
1403637155.984005212783813,4,0,4,0,11
1403637156.033996105194092,4,0,4,0,11
1403637156.083997488021851,3,0,3,0,11
1403637156.133993625640869,3,0,2,0,11
1403637156.183998107910156,3,0,2,0,11
1403637156.233998537063599,1,0,1,0,11
1403637156.284037351608276,4,2,1,3,11
1403637156.334045648574829,4,0,3,0,11
1403637156.384076356887817,4,0,3,0,11
1403637156.434086561203003,3,0,3,0,11
1403637156.484096765518188,1,0,1,0,11
1403637156.534096956253052,0,0,0,0,11
1403637156.584096908569336,0,0,0,0,11
1403637156.634096860885620,0,0,0,0,11
1403637156.684096813201904,0,0,0,0,11
1403637156.734096765518188,0,0,0,0,11
1403637156.784096956253052,0,0,0,0,11
1403637156.834096908569336,0,0,0,0,11
1403637156.884096860885620,0,0,0,0,11
1403637156.934096813201904,0,0,0,0,11
1403637156.984096765518188,0,0,0,0,11
1403637157.034096956253052,0,0,0,0,11
1403637157.084126710891724,1,0,0,1,11
1403637157.134118318557739,3,0,1,2,11
1403637157.184092760086060,4,0,3,1,11
1403637157.234110832214355,4,0,4,0,11
1403637157.284135580062866,4,0,4,0,11
1403637157.334195137023926,6,0,4,2,11
1403637157.384203195571899,6,0,6,0,11
1403637157.434224128723145,7,0,6,1,11
1403637157.484215736389160,8,0,7,1,11
1403637157.534244775772095,8,0,7,1,11
1403637157.584308147430420,8,0,8,0,11
1403637157.634345054626465,8,0,7,1,11
1403637157.684362888336182,9,0,7,1,11
1403637157.734360218048096,9,0,8,0,11
1403637157.784364461898804,10,0,6,3,11
1403637157.834393501281738,12,0,9,2,11
1403637157.884406805038452,16,0,11,5,11
1403637157.934425592422485,17,1,16,1,11
1403637157.984462261199951,18,1,17,1,11
1403637158.034481763839722,17,0,17,0,11
1403637158.084502220153809,19,1,17,2,11
1403637158.134537935256958,21,0,19,2,11
1403637158.184524059295654,21,0,21,0,11
1403637158.234468460083008,21,0,20,1,11
1403637158.284424066543579,21,0,21,0,11
1403637158.334442853927612,21,1,21,0,11
1403637158.384431362152100,26,0,21,5,11
1403637158.434458255767822,29,0,25,3,11
1403637158.484653234481812,31,1,28,2,11
1403637158.534717082977295,31,0,29,1,11
1403637158.584696769714355,31,0,30,0,11
1403637158.634686470031738,30,1,29,0,11
1403637158.684656858444214,29,0,23,0,11
1403637158.734580755233765,26,1,22,0,11
1403637158.784596443176270,22,1,19,0,11
1403637158.834577322006226,19,0,17,0,11
1403637158.884597778320312,17,0,15,0,11
1403637158.934582948684692,15,0,14,0,11
1403637158.984555482864380,13,0,13,0,11
1403637159.034597396850586,13,0,13,0,11
1403637159.084619760513306,13,0,13,0,11
1403637159.134685754776001,14,1,13,1,11
1403637159.184717416763306,14,0,13,0,11
1403637159.234739542007446,15,0,13,1,11
1403637159.284710407257080,14,0,13,0,11
1403637159.334707736968994,14,0,12,1,11
1403637159.384714365005493,15,0,11,2,11
1403637159.434688329696655,16,3,11,2,11
1403637159.484681844711304,14,0,13,0,11
1403637159.534627437591553,14,0,13,1,11
1403637159.584594011306763,14,2,14,0,11
1403637159.634527206420898,14,0,12,1,11
1403637159.684514999389648,14,3,10,0,11
1403637159.734548091888428,13,0,5,0,11
1403637159.784609079360962,11,1,4,2,11
1403637159.834634780883789,9,1,6,2,11
1403637159.884672403335571,8,1,6,1,11
1403637159.934687137603760,8,0,7,0,11
1403637159.984705686569214,9,2,6,2,11
1403637160.034716606140137,9,0,3,0,11
1403637160.084765434265137,8,2,3,1,11
1403637160.134788751602173,5,1,2,2,11
1403637160.184836626052856,5,3,3,0,11
1403637160.234844446182251,4,1,3,0,11
1403637160.284855842590332,3,2,3,0,11
1403637160.334859371185303,3,1,3,0,11
1403637160.384867906570435,4,0,3,1,11
1403637160.434873580932617,4,1,4,0,11
1403637160.484829902648926,8,0,4,4,11
1403637160.534822225570679,6,1,5,0,11
1403637160.584821462631226,6,0,5,0,11
1403637160.634816408157349,5,0,5,0,11
1403637160.684788227081299,5,0,4,1,11
1403637160.734764337539673,7,0,4,2,11
1403637160.784811973571777,10,0,6,3,11
1403637160.834853649139404,9,0,8,0,11
1403637160.884927272796631,9,1,7,1,11
1403637160.934956789016724,8,0,8,0,11
1403637160.984958648681641,8,0,8,0,11
1403637161.034980773925781,8,0,8,0,11
1403637161.085069179534912,8,0,6,0,11
1403637161.135166883468628,9,0,7,1,11
1403637161.185199022293091,7,1,7,0,11
1403637161.235224485397339,8,0,7,1,11
1403637161.285239934921265,9,0,8,1,11
1403637161.335262298583984,9,0,7,0,11
1403637161.385326147079468,10,0,7,2,11
1403637161.435405731201172,10,0,8,1,11
1403637161.485489130020142,9,1,8,0,11
1403637161.535655021667480,13,1,8,4,11
1403637161.585734128952026,12,1,12,0,11
1403637161.635828256607056,13,1,12,1,11
1403637161.685850143432617,12,0,11,0,11
1403637161.735894918441772,12,2,11,0,11
1403637161.786018610000610,16,1,10,5,11
1403637161.836035490036011,15,0,13,1,11
1403637161.886036872863770,14,1,14,0,11
1403637161.936021804809570,14,2,14,0,11
1403637161.986016511917114,15,1,14,1,11
1403637162.036037206649780,15,2,15,0,11
1403637162.086116075515747,14,1,13,0,11
1403637162.136219978332520,14,1,12,0,11
1403637162.186360120773315,14,0,8,1,11
1403637162.236478567123413,13,0,8,0,11
1403637162.286499261856079,9,1,1,0,11
1403637162.336561679840088,9,0,0,1,11
1403637162.386537551879883,4,0,0,2,11
1403637162.436533212661743,3,0,1,0,11
1403637162.486613035202026,3,0,1,1,11
1403637162.536607027053833,2,0,1,0,11
1403637162.586616277694702,2,1,1,0,11
1403637162.636635065078735,1,1,1,0,11
1403637162.686624050140381,1,2,0,0,11
1403637162.736549139022827,3,1,0,2,11
1403637162.786360502243042,4,1,2,2,11
1403637162.836305379867554,5,1,3,1,11
1403637162.886155128479004,10,0,4,5,11
1403637162.936140775680542,10,0,9,1,11
1403637162.986156463623047,16,0,10,6,11
1403637163.036163806915283,17,0,16,1,11
1403637163.086144447326660,20,0,16,4,11
1403637163.136142730712891,21,0,15,1,11
1403637163.186137199401855,18,2,12,0,11
1403637163.236139297485352,15,0,11,1,11
1403637163.286137580871582,13,1,12,0,11
1403637163.336134910583496,12,0,11,0,11
1403637163.386147022247314,12,1,9,0,11
1403637163.436162948608398,11,1,9,0,11
1403637163.486169338226318,8,0,7,0,11
1403637163.536187171936035,7,0,6,0,11
1403637163.586199998855591,6,2,6,0,11
1403637163.636219024658203,6,0,6,0,11
1403637163.686227560043335,6,0,5,0,11
1403637163.736229896545410,8,0,6,2,11
1403637163.786273002624512,10,0,7,2,11
1403637163.836279630661011,11,1,8,2,11
1403637163.886296749114990,14,2,9,3,11
1403637163.936303138732910,13,1,11,0,11
1403637163.986326217651367,12,1,10,0,11
1403637164.036342382431030,11,0,10,0,11
1403637164.086379051208496,13,1,9,3,11
1403637164.136376380920410,12,4,11,0,11
1403637164.186378002166748,12,1,9,1,11
1403637164.236372947692871,12,3,9,0,11
1403637164.286367893218994,10,2,8,0,11
1403637164.336366176605225,9,2,7,0,11
1403637164.386349201202393,11,1,7,3,11
1403637164.436341762542725,11,0,9,1,11
1403637164.486323118209839,11,3,9,0,11
1403637164.536341190338135,10,0,8,1,11
1403637164.586341381072998,11,1,8,2,11
1403637164.636352777481079,11,1,9,0,11
1403637164.686374425888062,12,0,7,2,11
1403637164.736393451690674,11,2,5,0,11
1403637164.786424636840820,9,2,5,1,11
1403637164.836443662643433,4,1,4,0,11
1403637164.886503696441650,7,1,4,3,11
1403637164.936508417129517,6,1,4,0,11
1403637164.986561536788940,8,4,4,2,11
1403637165.036651849746704,12,2,5,6,11
1403637165.086699485778809,12,7,10,0,11
1403637165.136731147766113,8,1,7,0,11
1403637165.186777114868164,12,2,7,4,11
1403637165.236780643463135,11,2,11,0,11
1403637165.286795139312744,10,2,9,1,11
1403637165.336803197860718,7,2,5,0,11
1403637165.386827468872070,7,1,5,1,11
1403637165.436846971511841,7,0,4,1,11
1403637165.486857891082764,5,1,3,0,11
1403637165.536878824234009,7,2,3,2,11
1403637165.586879730224609,5,5,2,0,11
1403637165.636872053146362,5,1,2,0,11
1403637165.686893701553345,3,2,2,1,11
1403637165.736901760101318,3,1,3,0,11
1403637165.786907434463501,5,1,3,2,11
1403637165.836914539337158,5,0,4,0,11
1403637165.886929035186768,4,0,3,0,11
1403637165.936943054199219,9,3,3,5,11
1403637165.986976146697998,10,1,4,2,11
1403637166.036979675292969,9,0,5,0,11
1403637166.086987257003784,6,0,4,0,11
1403637166.136988162994385,5,0,3,0,11
1403637166.187047719955444,6,0,3,2,11
1403637166.237043142318726,5,0,3,0,11
1403637166.287073850631714,6,1,3,2,11
1403637166.337050437927246,5,4,3,0,11
1403637166.387018442153931,5,3,3,0,11
1403637166.436996221542358,3,2,2,0,11
1403637166.486997842788696,3,0,2,0,11
1403637166.536993026733398,2,1,2,0,11
1403637166.586992979049683,2,0,0,0,11
1403637166.637099981307983,4,0,1,2,11
1403637166.687099933624268,3,0,0,0,11
1403637166.737099885940552,1,0,0,0,11
1403637166.787184238433838,1,0,0,1,11
1403637166.837184190750122,1,0,0,0,11
1403637166.887184143066406,1,0,0,0,11
1403637166.937214851379395,1,0,0,1,11
1403637166.987214803695679,1,0,0,0,11
1403637167.037209510803223,4,0,0,3,11
1403637167.087203502655029,3,0,2,0,11
1403637167.137200832366943,3,0,2,0,11
1403637167.187198877334595,2,0,2,0,11
1403637167.237204551696777,2,0,2,0,11
1403637167.287206888198853,4,0,2,2,11
1403637167.337214946746826,5,0,3,1,11
1403637167.387241125106812,9,1,4,4,11
1403637167.437236070632935,9,0,8,0,11
1403637167.487242698669434,10,0,8,2,11
1403637167.537262678146362,12,3,8,2,11
1403637167.587370872497559,19,0,9,7,11
1403637167.637418270111084,16,0,13,1,11
1403637167.687451601028442,17,0,11,2,11
1403637167.737475872039795,16,0,10,2,11
1403637167.787491798400879,13,1,9,1,11
1403637167.837481260299683,11,0,6,1,11
1403637167.887450933456421,12,0,6,2,11
1403637167.937447786331177,9,0,4,0,11
1403637167.987452507019043,7,0,3,0,11
1403637168.037490844726562,4,0,3,1,11
1403637168.087499618530273,4,2,4,0,11
1403637168.137509346008301,6,1,4,2,11
1403637168.187518119812012,7,1,6,1,11
1403637168.237540960311890,6,3,4,1,11
1403637168.287542581558228,8,0,5,2,11
1403637168.337560176849365,7,1,7,0,11
1403637168.387555837631226,9,0,6,3,11
1403637168.437559604644775,11,1,9,2,11
1403637168.487586021423340,11,1,7,3,11
1403637168.537571430206299,12,0,9,2,11
1403637168.587564945220947,12,0,10,1,11
1403637168.637554407119751,12,0,8,2,11
1403637168.687550067901611,10,1,10,0,11
1403637168.737555980682373,10,0,9,0,11
1403637168.787557601928711,11,1,9,1,11
1403637168.837557792663574,9,1,6,0,11
1403637168.887557744979858,9,0,5,0,11
1403637168.937554359436035,6,0,5,1,11
1403637168.987555980682373,6,0,5,0,11
1403637169.037546873092651,7,0,5,1,11
1403637169.087538003921509,6,6,6,0,11
1403637169.137512683868408,6,4,5,0,11
1403637169.187506437301636,7,4,4,1,11
1403637169.237509489059448,6,4,5,0,11
1403637169.287476778030396,4,0,3,1,11
1403637169.337475061416626,5,2,3,1,11
1403637169.387472629547119,4,2,2,0,11
1403637169.437449455261230,13,1,2,10,11
1403637169.487439155578613,10,0,5,0,11
1403637169.537433147430420,11,0,4,3,11
1403637169.587423563003540,9,4,3,2,11
1403637169.637456178665161,11,1,3,2,11
1403637169.687455654144287,6,2,3,0,11
1403637169.737486124038696,4,3,2,1,11
1403637169.787495374679565,3,1,2,0,11
1403637169.837500095367432,3,5,1,0,11
1403637169.887509107589722,3,3,2,1,11
1403637169.937506198883057,3,2,3,0,11
1403637169.987513303756714,2,4,2,0,11
1403637170.037533521652222,2,2,1,0,11
1403637170.087532758712769,1,0,1,0,11
1403637170.137570142745972,4,0,1,3,11
1403637170.187576293945312,5,1,3,1,11
1403637170.237574815750122,8,0,4,3,11
1403637170.287584066390991,15,0,6,8,11
1403637170.337580680847168,13,2,9,0,11
1403637170.387579441070557,11,0,6,1,11
1403637170.437581062316895,9,1,6,0,11
1403637170.487586736679077,7,1,5,1,11
1403637170.537593603134155,7,0,6,1,11
1403637170.587605237960815,5,3,5,0,11
1403637170.637611627578735,5,1,3,0,11
1403637170.687615156173706,5,3,3,0,11
1403637170.737622737884521,4,3,3,1,11
1403637170.787619829177856,2,5,1,0,11
1403637170.837615489959717,2,0,1,0,11
1403637170.887600421905518,1,1,1,0,11
1403637170.937594652175903,1,0,1,0,11
1403637170.987602949142456,1,2,0,0,11
1403637171.037599325180054,2,2,0,1,11
1403637171.087599277496338,1,0,0,0,11
1403637171.137586593627930,0,1,0,0,11
1403637171.187600851058960,6,0,0,6,11
1403637171.237606763839722,6,0,3,0,11
1403637171.287609338760376,6,2,2,0,11
1403637171.337616205215454,3,1,2,0,11
1403637171.387626647949219,2,2,2,0,11
1403637171.437629699707031,2,0,2,0,11
1403637171.487647771835327,3,1,1,1,11
1403637171.537650108337402,2,0,1,0,11
1403637171.587653875350952,1,0,1,0,11
1403637171.637656211853027,1,1,1,0,11
1403637171.687656402587891,1,0,1,0,11
1403637171.737656831741333,1,0,1,0,11
1403637171.787640333175659,1,4,1,0,11
1403637171.837620735168457,4,0,1,3,11
1403637171.887617349624634,4,0,3,0,11
1403637171.937606334686279,7,1,3,3,11
1403637171.987604618072510,8,2,5,3,11
1403637172.037607908248901,8,0,7,0,11
1403637172.087614536285400,8,0,6,0,11
1403637172.137614965438843,7,4,6,0,11
1403637172.187589406967163,7,3,6,1,11
1403637172.237552881240845,7,1,6,0,11
1403637172.287546396255493,7,2,2,0,11
1403637172.337548255920410,7,1,0,2,11
1403637172.387548208236694,1,0,0,0,11
1403637172.437550067901611,1,1,0,0,11
1403637172.487549066543579,1,0,0,1,11
1403637172.537553548812866,1,0,1,0,11
1403637172.587592124938965,2,1,1,1,11
1403637172.637595176696777,1,1,1,0,11
1403637172.687593698501587,1,1,1,0,11
1403637172.737657785415649,3,0,1,2,11
1403637172.787738561630249,5,0,1,2,11
1403637172.837736129760742,6,2,0,1,11
1403637172.887732028961182,4,1,1,0,11
1403637172.937736988067627,2,0,1,1,11
1403637172.987698793411255,6,1,1,4,11
1403637173.037679195404053,7,0,2,1,11
1403637173.087666988372803,7,0,1,1,11
1403637173.137672424316406,4,1,1,0,11
1403637173.187672376632690,2,0,0,0,11
1403637173.237691164016724,1,1,0,0,11
1403637173.287695646286011,0,3,0,0,11
1403637173.337759971618652,1,2,0,1,11
1403637173.387866020202637,5,0,0,4,11
1403637173.437870979309082,5,0,5,0,11
1403637173.487876653671265,7,0,5,2,11
1403637173.537864208221436,8,0,7,1,11
1403637173.587858915328979,8,0,8,0,11
1403637173.637843370437622,10,1,8,2,11
1403637173.687833786010742,9,0,6,0,11
1403637173.737836837768555,9,0,5,1,11
1403637173.787944078445435,10,0,4,5,11
1403637173.837955236434937,11,0,8,1,11
1403637173.887964725494385,10,0,6,0,11
1403637173.937978982925415,9,0,4,0,11
1403637173.987973690032959,7,1,3,1,11
1403637174.037975072860718,5,0,1,0,11
1403637174.087975740432739,4,0,1,0,11
1403637174.137986898422241,1,2,1,0,11
1403637174.188005685806274,1,5,1,0,11
1403637174.238011360168457,1,4,0,0,11
1403637174.288026571273804,1,5,0,0,11
1403637174.338035345077515,1,0,0,1,11
1403637174.388119935989380,4,0,1,3,11
1403637174.438119888305664,4,1,3,0,11
1403637174.488136291503906,5,0,3,1,11
1403637174.538150310516357,4,1,4,0,11
1403637174.588169574737549,5,0,4,1,11
1403637174.638221263885498,7,2,4,2,11
1403637174.688233375549316,7,0,6,0,11
1403637174.738243341445923,6,0,5,0,11
1403637174.788398981094360,8,1,4,3,11
1403637174.838412284851074,8,0,5,1,11
1403637174.888419866561890,5,1,5,0,11
1403637174.938432216644287,5,0,5,0,11
1403637174.988437652587891,5,2,4,0,11
1403637175.038442850112915,6,1,4,1,11
1403637175.088449001312256,5,1,4,0,11
1403637175.138473033905029,6,0,4,1,11
1403637175.188470363616943,5,0,4,0,11
1403637175.238471508026123,5,2,4,0,11
1403637175.288474798202515,5,0,4,1,11
1403637175.338471174240112,5,0,4,0,11
1403637175.388442516326904,8,1,4,3,11
1403637175.438440561294556,7,0,7,0,11
1403637175.488452196121216,7,0,7,0,11
1403637175.538467407226562,7,0,7,0,11
1403637175.588476419448853,7,0,7,0,11
1403637175.638492584228516,10,0,7,3,11
1403637175.688495635986328,11,0,10,1,11
1403637175.738492488861084,11,0,11,0,11
1403637175.788488149642944,11,0,11,0,11
1403637175.838498592376709,13,1,9,3,11
1403637175.888496398925781,11,0,9,0,11
1403637175.938492774963379,11,2,8,0,11
1403637175.988494157791138,10,1,8,1,11
1403637176.038531064987183,11,3,9,2,11
1403637176.088535547256470,11,3,9,0,11
1403637176.138539552688599,11,1,9,0,11
1403637176.188540935516357,9,0,9,0,11
1403637176.238550662994385,10,0,9,1,11
1403637176.288556337356567,9,0,9,0,11
1403637176.338559627532959,9,0,9,0,11
1403637176.388563156127930,9,0,9,0,11
1403637176.438577175140381,13,0,9,4,11
1403637176.488567352294922,13,1,13,0,11
1403637176.538579940795898,13,2,12,0,11
1403637176.588591337203979,14,1,11,1,11
1403637176.638601541519165,14,0,12,1,11
1403637176.688612461090088,16,1,13,3,11
1403637176.738615036010742,16,0,15,0,11
1403637176.788614988327026,13,0,12,0,11
1403637176.838617324829102,11,0,11,0,11
1403637176.888619184494019,11,1,11,0,11
1403637176.938619136810303,11,0,11,0,11
1403637176.988626003265381,11,1,10,0,11
1403637177.038637161254883,15,0,9,5,11
1403637177.088641643524170,13,1,13,0,11
1403637177.138645172119141,13,1,13,0,11
1403637177.188644409179688,13,1,13,0,11
1403637177.238642930984497,14,2,13,1,11
1403637177.288638114929199,15,0,14,1,11
1403637177.338627815246582,14,2,14,0,11
1403637177.388616085052490,14,1,14,0,11
1403637177.438612222671509,15,0,14,1,11
1403637177.488611698150635,15,0,14,0,11
1403637177.538614988327026,15,1,13,0,11
1403637177.588612318038940,14,0,12,0,11
1403637177.638573408126831,17,0,10,4,11
1403637177.688562631607056,17,0,12,1,11
1403637177.738555431365967,14,0,12,0,11
1403637177.788534879684448,13,0,10,3,11
1403637177.838525295257568,13,7,8,0,11
1403637177.888519048690796,11,5,7,0,11
1403637177.938521146774292,6,1,6,0,11
1403637177.988519668579102,6,0,6,0,11
1403637178.038529634475708,10,0,6,4,11
1403637178.088535785675049,10,1,10,0,11
1403637178.138532400131226,10,0,10,0,11
1403637178.188533544540405,22,3,10,12,11
1403637178.238528013229370,24,3,20,4,11
1403637178.288516044616699,25,0,22,1,11
1403637178.338520288467407,26,0,21,2,11
1403637178.388516902923584,22,0,20,0,11
1403637178.438509702682495,18,0,17,0,11
1403637178.488509654998779,18,0,17,0,11
1403637178.538507461547852,16,1,16,0,11
1403637178.588508129119873,16,1,16,0,11
1403637178.638523340225220,16,0,16,0,11
1403637178.688543796539307,18,0,16,2,11
1403637178.738557338714600,17,1,17,0,11
1403637178.788566112518311,17,0,17,0,11
1403637178.838573455810547,19,1,17,2,11
1403637178.888577222824097,19,1,16,0,11
1403637178.938570261001587,19,1,15,0,11
1403637178.988567590713501,17,0,15,1,11
1403637179.038548946380615,15,0,14,0,11
1403637179.088521718978882,15,0,11,0,11
1403637179.138513565063477,14,0,14,0,11
1403637179.188521862030029,18,0,14,4,11
1403637179.238521814346313,19,0,18,1,11
1403637179.288535594940186,17,1,16,0,11
1403637179.338542461395264,17,0,16,0,11
1403637179.388545513153076,16,0,15,0,11
1403637179.438546895980835,17,0,15,1,11
1403637179.488539695739746,16,0,15,0,11
1403637179.538527011871338,17,0,15,1,11
1403637179.588521480560303,19,0,15,3,11
1403637179.638512372970581,19,0,15,0,11
1403637179.688508033752441,18,0,15,0,11
1403637179.738507270812988,16,0,15,1,11
1403637179.788499593734741,16,0,16,0,11
1403637179.838495731353760,16,0,16,0,11
1403637179.888483524322510,20,0,16,4,11
1403637179.938486099243164,20,0,20,0,11
1403637179.988493204116821,21,0,20,1,11
1403637180.038504362106323,20,1,17,1,11
1403637180.088511705398560,20,1,17,1,11
1403637180.138526916503906,17,0,16,0,11
1403637180.188527345657349,18,2,13,1,11
1403637180.238530397415161,15,1,12,0,11
1403637180.288543701171875,14,1,11,1,11
1403637180.338544845581055,14,2,12,2,11
1403637180.388547420501709,13,1,12,0,11
1403637180.438545942306519,9,0,8,0,11
1403637180.488527297973633,14,0,7,6,11
1403637180.538531303405762,12,1,8,0,11
1403637180.588576793670654,14,0,6,4,11
1403637180.638610601425171,11,0,8,1,11
1403637180.688624382019043,10,0,10,0,11
1403637180.738654851913452,14,0,10,4,11
1403637180.788664579391479,14,0,12,1,11
1403637180.838667631149292,16,0,13,2,11
1403637180.888672351837158,18,0,15,3,11
1403637180.938677549362183,18,1,18,0,11
1403637180.988680362701416,17,0,16,1,11
1403637181.038682222366333,16,4,16,0,11
1403637181.088685512542725,16,5,16,0,11
1403637181.138683080673218,16,0,16,0,11
1403637181.188676595687866,15,0,13,0,11
1403637181.238680124282837,14,3,11,1,11
1403637181.288683891296387,11,1,10,0,11
1403637181.338683843612671,10,2,9,0,11
1403637181.388657569885254,14,1,7,7,11
1403637181.438670158386230,26,4,11,12,11
1403637181.488682985305786,26,4,21,0,11
1403637181.538710355758667,21,2,18,0,11
1403637181.588735818862915,26,0,17,6,11
1403637181.638748168945312,23,1,19,0,11
1403637181.688764095306396,22,1,18,0,11
1403637181.738802909851074,22,1,16,4,11
1403637181.788792848587036,21,2,19,0,11
1403637181.838790655136108,21,0,16,1,11
1403637181.888794422149658,19,1,16,0,11
1403637181.938796758651733,17,1,16,1,11
1403637181.988794565200806,17,0,16,1,11
1403637182.038777351379395,16,1,16,0,11
1403637182.088760852813721,16,0,15,1,11
1403637182.138762950897217,16,1,14,0,11
1403637182.188763856887817,17,0,13,1,11
1403637182.238761425018311,16,0,14,2,11
1403637182.288763046264648,16,0,16,0,11
1403637182.338757991790771,17,1,14,2,11
1403637182.388753175735474,17,0,15,0,11
1403637182.438742399215698,14,1,13,0,11
1403637182.488728284835815,14,0,13,1,11
1403637182.538695812225342,24,2,11,13,11
1403637182.588689565658569,29,0,20,5,11
1403637182.638689994812012,29,0,23,2,11
1403637182.688678264617920,25,0,23,2,11
1403637182.738656997680664,26,0,24,1,11
1403637182.788625478744507,42,1,24,17,11
1403637182.838616609573364,40,3,39,1,11
1403637182.888607501983643,40,1,39,0,11
1403637182.938606500625610,44,4,38,4,11
1403637182.988604307174683,44,0,40,1,11
1403637183.038616895675659,46,0,40,4,11
1403637183.088618755340576,46,2,42,2,11
1403637183.138629913330078,49,1,43,3,11
1403637183.188651323318481,48,6,45,1,11
1403637183.238658905029297,46,0,44,0,11
1403637183.288668632507324,48,0,45,3,11
1403637183.338669061660767,48,13,47,0,11
1403637183.388683795928955,47,4,44,0,11
1403637183.438688993453979,48,0,44,1,11
1403637183.488685607910156,46,2,45,1,11
1403637183.538688898086548,47,0,45,2,11
1403637183.588684558868408,47,0,45,0,11
1403637183.638667345046997,48,0,44,2,11
1403637183.688688755035400,48,0,41,2,11
1403637183.738699197769165,49,2,47,2,11
1403637183.788711547851562,50,5,49,1,11
1403637183.838720083236694,49,1,48,0,11
1403637183.888720512390137,49,0,42,1,11
1403637183.938718080520630,45,17,38,0,11
1403637183.988709688186646,47,1,34,4,11
1403637184.038709163665771,44,1,35,1,11
1403637184.088697671890259,40,0,33,4,11
1403637184.138682126998901,38,0,37,0,11
1403637184.188666820526123,38,0,36,1,11
1403637184.238652944564819,38,0,35,0,11
1403637184.288701534271240,49,15,31,12,11
1403637184.338701486587524,46,3,40,1,11
1403637184.388717174530029,45,3,38,2,11
1403637184.438723802566528,42,0,34,1,11
1403637184.488742351531982,36,2,30,0,11
1403637184.538825988769531,42,10,29,9,11
1403637184.588873863220215,42,1,28,5,11
1403637184.638910531997681,45,1,31,3,11
1403637184.688935756683350,39,2,27,4,11
1403637184.738939523696899,39,2,21,2,11
1403637184.788945198059082,34,1,19,1,11
1403637184.838937044143677,24,2,19,0,11
1403637184.888915061950684,23,11,18,4,11
1403637184.938901662826538,23,0,21,2,11
1403637184.988877296447754,33,0,22,10,11
1403637185.038870573043823,33,2,31,0,11
1403637185.088861465454102,35,0,31,3,11
1403637185.138844013214111,43,2,34,9,11
1403637185.188852071762085,43,0,42,1,11
1403637185.238852024078369,43,0,41,0,11
1403637185.288844108581543,49,3,40,7,11
1403637185.338832855224609,47,5,46,0,11
1403637185.388826608657837,50,2,45,3,11
1403637185.438826799392700,49,10,47,0,11
1403637185.488824129104614,49,4,47,1,11
1403637185.538820266723633,49,2,48,1,11
1403637185.588818550109863,49,6,49,0,11
1403637185.638834238052368,49,2,48,0,11
1403637185.688838005065918,49,0,47,0,11
1403637185.738842010498047,49,4,46,1,11
1403637185.788826465606689,48,0,45,0,11
1403637185.838821649551392,47,1,44,0,11
1403637185.888825178146362,47,12,45,2,11
1403637185.938814878463745,49,7,47,2,11
1403637185.988812446594238,50,1,49,1,11
1403637186.038804769515991,50,10,49,0,11
1403637186.088798761367798,50,5,50,0,11
1403637186.138794422149658,50,3,50,0,11
1403637186.188749790191650,50,6,50,0,11
1403637186.238730192184448,50,0,50,0,11
1403637186.288718461990356,50,0,50,0,11
1403637186.338723421096802,50,3,46,0,11
1403637186.388732910156250,49,1,45,0,11
1403637186.438743352890015,47,0,45,1,11
1403637186.488751411437988,47,10,45,1,11
1403637186.538742780685425,48,5,46,1,11
1403637186.588741302490234,48,0,47,1,11
1403637186.638736963272095,50,9,47,2,11
1403637186.688729047775269,50,4,49,0,11
1403637186.738706588745117,48,2,48,0,11
1403637186.788704872131348,49,4,48,1,11
1403637186.838711023330688,49,0,48,0,11
1403637186.888715505599976,49,0,48,0,11
1403637186.938729524612427,49,2,48,1,11
1403637186.988743066787720,50,1,49,1,11
1403637187.038756608963013,50,3,50,0,11
1403637187.088773488998413,50,11,49,0,11
1403637187.138777494430542,50,4,48,0,11
1403637187.188776969909668,49,1,48,0,11
1403637187.238774538040161,49,8,48,1,11
1403637187.288764476776123,50,3,49,1,11
1403637187.338761091232300,49,3,49,0,11
1403637187.388768911361694,48,5,48,0,11
1403637187.438773393630981,47,0,46,0,11
1403637187.488781690597534,46,0,44,0,11
1403637187.538786649703979,47,1,44,3,11
1403637187.588777542114258,47,0,45,1,11
1403637187.638777971267700,48,0,46,1,11
1403637187.688760519027710,49,9,46,2,11
1403637187.738746881484985,50,3,49,1,11
1403637187.788749933242798,48,2,48,0,11
1403637187.838730812072754,50,34,48,2,11
1403637187.888735055923462,49,2,48,0,11
1403637187.938736915588379,50,2,48,1,11
1403637187.988746881484985,48,3,46,0,11
1403637188.038770437240601,48,1,46,0,11
1403637188.088781118392944,46,2,46,0,11
1403637188.138806581497192,47,1,44,1,11
1403637188.188839435577393,47,2,46,0,11
1403637188.238854885101318,46,1,46,0,11
1403637188.288874626159668,47,7,43,3,11
1403637188.338875293731689,48,2,45,2,11
1403637188.388880491256714,48,1,46,2,11
1403637188.438874721527100,50,26,48,2,11
1403637188.488873720169067,49,3,48,0,11
1403637188.538858652114868,50,0,47,1,11
1403637188.588850498199463,47,2,45,0,11
1403637188.638854026794434,44,0,43,0,11
1403637188.688844442367554,43,0,41,2,11
1403637188.738835096359253,41,0,41,0,11
1403637188.788831710815430,40,0,40,0,11
1403637188.838826656341553,40,0,37,1,11
1403637188.888782739639282,44,0,37,5,11
1403637188.938746690750122,42,0,39,0,11
1403637188.988711833953857,48,14,39,8,11
1403637189.038631200790405,48,19,47,1,11
1403637189.088607311248779,48,0,45,2,11
1403637189.138588666915894,46,0,44,0,11
1403637189.188581228256226,45,0,43,0,11
1403637189.238582611083984,42,0,42,0,11
1403637189.288595914840698,41,0,41,0,11
1403637189.338619232177734,39,2,39,0,11
1403637189.388639926910400,39,1,39,0,11
1403637189.438657045364380,39,0,39,0,11
1403637189.488667249679565,39,1,37,2,11
1403637189.538663864135742,39,1,36,1,11
1403637189.588685274124146,47,4,35,10,11
1403637189.638713359832764,49,16,45,3,11
1403637189.688726425170898,47,4,46,1,11
1403637189.738753795623779,46,0,46,0,11
1403637189.788781166076660,46,1,45,1,11
1403637189.838785886764526,47,0,45,1,11
1403637189.888777017593384,46,2,44,0,11
1403637189.938750982284546,47,2,42,2,11
1403637189.988736867904663,45,1,41,0,11
1403637190.038723945617676,42,1,39,0,11
1403637190.088731050491333,39,1,33,0,11
1403637190.138731956481934,37,1,33,0,11
1403637190.188739538192749,34,1,32,1,11
1403637190.238742351531982,43,4,33,10,11
1403637190.288730382919312,46,12,42,3,11
1403637190.338728666305542,45,0,44,0,11
1403637190.388724088668823,42,0,40,0,11
1403637190.438725233078003,39,0,38,0,11
1403637190.488728046417236,37,0,34,1,11
1403637190.538731813430786,39,0,34,4,11
1403637190.588730096817017,39,0,38,1,11
1403637190.638727426528931,41,2,39,2,11
1403637190.688725948333740,39,2,36,1,11
1403637190.738727092742920,39,0,39,0,11
1403637190.788725852966309,50,1,38,11,11
1403637190.838726758956909,49,1,48,0,11
1403637190.888725757598877,49,8,47,1,11
1403637190.938720941543579,50,5,48,1,11
1403637190.988719224929810,49,2,49,0,11
1403637191.038712739944458,49,2,49,0,11
1403637191.088709831237793,49,0,49,0,11
1403637191.138711214065552,49,0,48,0,11
1403637191.188712596893311,50,7,47,1,11
1403637191.238706588745117,49,0,47,0,11
1403637191.288703441619873,48,0,47,0,11
1403637191.338709592819214,47,0,46,0,11
1403637191.388714551925659,50,3,46,3,11
1403637191.438712120056152,49,1,49,0,11
1403637191.488707780838013,50,8,46,1,11
1403637191.538713932037354,50,5,46,0,11
1403637191.588736057281494,47,2,44,0,11
1403637191.638749599456787,47,0,43,1,11
1403637191.688752889633179,44,1,42,1,11
1403637191.738768100738525,44,0,42,0,11
1403637191.788773059844971,48,1,42,5,11
1403637191.838762521743774,44,1,44,0,11
1403637191.888757228851318,43,2,43,0,11
1403637191.938761711120605,43,0,40,1,11
1403637191.988760232925415,45,1,40,3,11
1403637192.038761138916016,43,2,42,0,11
1403637192.088765621185303,49,1,43,6,11
1403637192.138764858245850,48,3,46,1,11
1403637192.188768148422241,48,4,45,2,11
1403637192.238771200180054,48,2,46,1,11
1403637192.288774013519287,47,2,46,0,11
1403637192.338788032531738,46,2,42,1,11
1403637192.388796091079712,45,1,43,0,11
1403637192.438796043395996,44,0,43,1,11
1403637192.488793373107910,47,3,44,3,11
1403637192.538790702819824,46,0,46,0,11
1403637192.588791131973267,46,0,46,0,11
1403637192.638790607452393,47,2,45,1,11
1403637192.688798666000366,49,6,45,2,11
1403637192.738811492919922,48,4,45,0,11
1403637192.788820505142212,49,1,45,2,11
1403637192.838838815689087,48,4,47,1,11
1403637192.888849258422852,48,0,47,0,11
1403637192.938846349716187,48,0,47,0,11
1403637192.988850831985474,48,0,47,1,11
1403637193.038849353790283,50,2,48,2,11
1403637193.088832855224609,50,1,49,0,11
1403637193.138822317123413,49,0,48,0,11
1403637193.188819408416748,48,1,44,0,11
1403637193.238821029663086,47,1,41,0,11
1403637193.288822650909424,46,1,39,3,11
1403637193.338829278945923,45,1,42,2,11
1403637193.388840198516846,44,0,42,2,11
1403637193.438853263854980,45,1,43,1,11
1403637193.488866806030273,46,0,44,1,11
1403637193.538873195648193,43,0,42,1,11
1403637193.588884592056274,44,0,41,1,11
1403637193.638896226882935,44,0,40,0,11
1403637193.688904523849487,44,0,42,2,11
1403637193.738911151885986,42,0,39,0,11
1403637193.788918972015381,42,0,38,2,11
1403637193.838933706283569,42,1,36,2,11
1403637193.888931512832642,44,1,32,5,11
1403637193.938914537429810,45,1,31,3,11
1403637193.988907098770142,40,0,33,2,11
1403637194.038894653320312,37,0,32,1,11
1403637194.088893890380859,34,0,32,0,11
1403637194.138905763626099,39,0,29,7,11
1403637194.188925981521606,39,0,36,0,11
1403637194.238930225372314,38,0,35,1,11
1403637194.288936614990234,38,0,34,2,11
1403637194.338946342468262,37,1,35,1,11
1403637194.388947010040283,36,0,33,2,11
1403637194.438943386077881,35,0,34,0,11
1403637194.488933086395264,36,0,34,2,11
1403637194.538929700851440,45,3,35,10,11
1403637194.588930368423462,46,0,42,1,11
1403637194.638932943344116,45,0,40,2,11
1403637194.688931465148926,43,0,40,1,11
1403637194.738920211791992,42,3,38,1,11
1403637194.788916110992432,40,0,39,0,11
1403637194.838914871215820,39,0,39,0,11
1403637194.888914823532104,37,1,37,0,11
1403637194.938903331756592,37,0,36,0,11
1403637194.988883495330811,36,1,35,0,11
1403637195.038870334625244,38,1,32,4,11
1403637195.088862419128418,39,0,33,3,11
1403637195.138856887817383,36,1,34,0,11
1403637195.188853263854980,41,1,33,6,11
1403637195.238846063613892,39,1,39,0,11
1403637195.288842916488647,43,0,35,4,11
1403637195.338824987411499,45,0,40,3,11
1403637195.388814210891724,43,0,40,1,11
1403637195.438800096511841,42,0,40,1,11
1403637195.488796472549438,38,1,37,0,11
1403637195.538791894912720,37,1,35,0,11
1403637195.588783025741577,37,2,35,1,11
1403637195.638780593872070,39,0,36,3,11
1403637195.688786506652832,41,1,37,2,11
1403637195.738787889480591,47,0,37,7,11
1403637195.788794279098511,45,0,43,0,11
1403637195.838802814483643,42,2,42,0,11
1403637195.888811588287354,40,1,39,0,11
1403637195.938819646835327,40,0,39,0,11
1403637195.988822221755981,42,1,38,3,11
1403637196.038831710815430,44,0,40,2,11
1403637196.088832616806030,47,5,42,4,11
1403637196.138844013214111,45,1,41,0,11
1403637196.188858985900879,45,1,40,3,11
1403637196.238859653472900,44,0,41,1,11
1403637196.288859844207764,46,0,42,2,11
1403637196.338857173919678,42,1,41,0,11
1403637196.388859510421753,44,0,40,2,11
1403637196.438860893249512,49,1,41,5,11
1403637196.488863706588745,46,3,40,0,11
1403637196.538868904113770,45,2,37,0,11
1403637196.588864326477051,41,1,36,3,11
1403637196.638862609863281,45,1,37,5,11
1403637196.688863277435303,47,0,39,5,11
1403637196.738863229751587,45,1,43,0,11
1403637196.788862466812134,45,3,40,3,11
1403637196.838860273361206,48,4,40,4,11
1403637196.888865709304810,46,0,39,0,11
1403637196.938867330551147,38,2,32,1,11
1403637196.988867044448853,38,1,31,4,11
1403637197.038873910903931,39,1,35,2,11
1403637197.088879108428955,36,2,33,1,11
1403637197.138889551162720,41,5,32,7,11
1403637197.188887596130371,41,0,32,3,11
1403637197.238887548446655,38,3,30,1,11
1403637197.288889408111572,33,3,24,1,11
1403637197.338891744613647,34,7,23,5,11
1403637197.388899564743042,32,3,19,4,11
1403637197.438904285430908,27,3,17,0,11
1403637197.488905429840088,26,3,11,6,11
1403637197.538906812667847,23,2,14,2,11
1403637197.588907003402710,19,1,11,1,11
1403637197.638907432556152,22,3,10,7,11
1403637197.688916921615601,16,5,10,2,11
1403637197.738917827606201,14,3,7,0,11
1403637197.788928270339966,11,4,7,2,11
1403637197.838959217071533,14,3,6,6,11
1403637197.888967990875244,14,6,11,0,11
1403637197.938970804214478,19,8,9,7,11
1403637197.988976716995239,22,5,13,6,11
1403637198.038975715637207,22,2,17,4,11
1403637198.088976144790649,23,6,17,4,11
1403637198.138974666595459,23,4,19,2,11
1403637198.188976287841797,22,3,20,1,11
1403637198.238975524902344,24,2,17,3,11
1403637198.288973569869995,34,3,20,11,11
1403637198.338975191116333,31,1,28,0,11
1403637198.388980388641357,37,1,28,7,11
1403637198.438983917236328,35,3,31,2,11
1403637198.488983392715454,34,4,31,0,11
1403637198.538984060287476,33,0,26,3,11
1403637198.588986396789551,31,4,21,1,11
1403637198.638985157012939,28,3,20,0,11
1403637198.688978672027588,29,3,18,9,11
1403637198.738975286483765,25,4,19,0,11
1403637198.788969993591309,25,2,18,0,11
1403637198.838942527770996,25,2,17,7,11
1403637198.888931035995483,24,5,23,0,11
1403637198.938911437988281,29,3,21,5,11
1403637198.988898038864136,29,7,25,1,11
1403637199.038905143737793,31,2,25,4,11
1403637199.088906049728394,39,3,28,9,11
1403637199.138916492462158,38,0,32,0,11
1403637199.188922405242920,38,4,31,1,11
1403637199.238916635513306,44,8,29,12,11
1403637199.288918733596802,44,3,36,3,11
1403637199.338914871215820,41,2,37,0,11
1403637199.388913393020630,37,2,29,0,11
1403637199.438904762268066,36,1,27,1,11
1403637199.488901615142822,30,1,28,1,11
1403637199.538904428482056,29,0,29,0,11
1403637199.588900804519653,46,3,27,18,11
1403637199.638893842697144,46,0,40,2,11
1403637199.688888072967529,42,2,38,1,11
1403637199.738880634307861,36,4,34,1,11
1403637199.788865566253662,35,1,33,0,11
1403637199.838854789733887,27,6,24,2,11
1403637199.888852119445801,24,4,24,0,11
1403637199.938851356506348,23,2,18,0,11
1403637199.988854408264160,38,4,15,18,11
1403637200.038844108581543,33,3,26,0,11
1403637200.088838577270508,30,1,20,3,11
1403637200.138835430145264,19,4,18,0,11
1403637200.188831806182861,18,1,16,0,11
1403637200.238823413848877,15,4,15,0,11
1403637200.288792610168457,32,7,10,20,11
1403637200.338776111602783,30,0,29,0,11
1403637200.388763427734375,27,2,26,0,11
1403637200.438754558563232,28,1,22,6,11
1403637200.488777875900269,36,1,26,10,11
1403637200.538791656494141,34,2,34,0,11
1403637200.588799238204956,32,1,29,0,11
1403637200.638784646987915,36,2,27,7,11
1403637200.688775062561035,37,1,33,4,11
1403637200.738769769668579,34,0,34,0,11
1403637200.788754940032959,44,1,31,13,11
1403637200.838752508163452,43,1,42,0,11
1403637200.888761043548584,47,8,39,6,11
1403637200.938763141632080,46,1,44,0,11
1403637200.988766193389893,48,21,42,4,11
1403637201.038771390914917,47,0,45,0,11
1403637201.088774204254150,47,1,45,1,11
1403637201.138777732849121,46,0,46,0,11
1403637201.188782691955566,46,0,45,0,11
1403637201.238783359527588,50,25,45,4,11
1403637201.288783788681030,48,0,45,0,11
1403637201.338788270950317,47,0,43,0,11
1403637201.388790130615234,45,1,43,1,11
1403637201.438800573348999,44,0,44,0,11
1403637201.488809585571289,50,2,43,6,11
1403637201.538815736770630,49,1,48,0,11
1403637201.588818073272705,47,19,46,1,11
1403637201.638818740844727,48,0,46,1,11
1403637201.688821554183960,49,0,45,1,11
1403637201.738827228546143,48,0,42,1,11
1403637201.788833379745483,47,1,42,1,11
1403637201.838835716247559,46,18,40,3,11
1403637201.888835191726685,46,0,41,1,11
1403637201.938828229904175,44,0,41,0,11
1403637201.988809585571289,42,0,41,0,11
1403637202.038787841796875,43,0,41,2,11
1403637202.088762283325195,45,0,40,2,11
1403637202.138742923736572,46,1,44,1,11
1403637202.188734769821167,48,5,45,3,11
1403637202.238738775253296,47,27,46,1,11
1403637202.288742065429688,47,0,47,0,11
1403637202.338742733001709,46,0,46,0,11
1403637202.388744354248047,46,0,45,0,11
1403637202.438738346099854,46,9,44,1,11
1403637202.488736867904663,44,0,44,0,11
1403637202.538729667663574,45,1,44,1,11
1403637202.588723897933960,47,1,45,2,11
1403637202.638720989227295,47,0,47,0,11
1403637202.688719749450684,47,0,47,0,11
1403637202.738719701766968,47,14,47,0,11
1403637202.788720846176147,47,6,45,0,11
1403637202.838719367980957,50,17,45,3,11
1403637202.888718605041504,48,0,48,0,11
1403637202.938714742660522,48,0,47,0,11
1403637202.988713741302490,48,0,46,0,11
1403637203.038706541061401,46,10,44,1,11
1403637203.088708877563477,45,0,45,0,11
1403637203.138710498809814,45,0,44,0,11
1403637203.188711166381836,46,0,44,1,11
1403637203.238717794418335,45,0,43,0,11
1403637203.288722038269043,45,0,39,0,11
1403637203.338720560073853,45,10,39,3,11
1403637203.388727426528931,42,6,42,0,11
1403637203.438730239868164,49,11,42,7,11
1403637203.488730669021606,50,1,48,1,11
1403637203.538729429244995,50,0,47,0,11
1403637203.588730573654175,49,0,47,0,11
1403637203.638731956481934,48,9,47,1,11
1403637203.688730955123901,48,0,48,0,11
1403637203.738730192184448,48,0,48,0,11
1403637203.788730859756470,48,0,48,0,11
1403637203.838730096817017,48,0,48,0,11
1403637203.888733386993408,48,0,46,0,11
1403637203.938735961914062,50,9,46,2,11
1403637203.988742589950562,48,8,46,0,11
1403637204.038745164871216,48,11,48,0,11
1403637204.088746070861816,48,0,47,0,11
1403637204.138747215270996,48,0,46,0,11
1403637204.188747406005859,47,0,46,1,11
1403637204.238749504089355,47,8,47,0,11
1403637204.288751363754272,47,0,47,0,11
1403637204.338752746582031,47,0,47,0,11
1403637204.388748884201050,47,0,46,0,11
1403637204.438748598098755,47,0,47,0,11
1403637204.488746166229248,47,0,47,0,11
1403637204.538745403289795,48,7,47,1,11
1403637204.588742971420288,50,2,48,2,11
1403637204.638742685317993,50,1,50,0,11
1403637204.688746213912964,50,0,50,0,11
1403637204.738744974136353,50,0,50,0,11
1403637204.788748979568481,49,0,49,0,11
1403637204.838748216629028,49,4,49,0,11
1403637204.888747930526733,49,0,49,0,11
1403637204.938747882843018,48,0,48,0,11
1403637204.988748073577881,48,0,48,0,11
1403637205.038748979568481,48,0,48,0,11
1403637205.088747739791870,47,0,47,0,11
1403637205.138746976852417,48,8,47,1,11
1403637205.188745498657227,48,5,48,0,11
1403637205.238743066787720,48,0,48,0,11
1403637205.288736343383789,48,0,48,0,11
1403637205.338732242584229,48,0,48,0,11
1403637205.388730525970459,48,0,48,0,11
1403637205.438728094100952,48,4,48,0,11
1403637205.488723993301392,48,0,48,0,11
1403637205.538724422454834,48,0,48,0,11
1403637205.588723897933960,48,0,48,0,11
1403637205.638725280761719,48,0,48,0,11
1403637205.688724040985107,48,0,48,0,11
1403637205.738722562789917,48,3,48,0,11
1403637205.788722991943359,48,0,48,0,11
1403637205.838723659515381,48,0,48,0,11
1403637205.888723611831665,48,0,48,0,11
1403637205.938726186752319,48,0,48,0,11
1403637205.988725185394287,48,0,47,0,11
1403637206.038723468780518,47,0,47,0,11
1403637206.088721990585327,47,0,47,0,11
1403637206.138720989227295,47,0,47,0,11
1403637206.188719749450684,47,0,47,0,11
1403637206.238719224929810,47,0,47,0,11
1403637206.288717985153198,47,0,47,0,11
1403637206.338716983795166,47,3,47,0,11
1403637206.388716459274292,47,0,47,0,11
1403637206.438716650009155,47,0,47,0,11
1403637206.488716125488281,47,0,47,0,11
1403637206.538715600967407,47,0,47,0,11
1403637206.588716983795166,47,0,47,0,11
1403637206.638720035552979,47,0,47,0,11
1403637206.688719511032104,47,0,47,0,11
1403637206.738721132278442,47,0,47,0,11
1403637206.788720607757568,47,0,47,0,11
1403637206.838721513748169,47,0,46,0,11
1403637206.888724327087402,47,0,44,0,11
1403637206.938718318939209,46,1,44,0,11
1403637206.988713741302490,44,0,44,0,11
1403637207.038718461990356,44,0,44,0,11
1403637207.088718414306641,44,0,44,0,11
1403637207.138719797134399,44,0,44,0,11
1403637207.188718318939209,44,0,44,0,11
1403637207.238722562789917,44,0,44,0,11
1403637207.288726568222046,44,0,44,0,11
1403637207.338730335235596,44,0,44,0,11
1403637207.388730525970459,44,0,44,0,11
1403637207.438729524612427,44,0,44,0,11
1403637207.488732814788818,44,0,44,0,11
1403637207.538734436035156,44,1,44,0,11
1403637207.588740587234497,44,0,44,0,11
1403637207.638741731643677,44,0,44,0,11
1403637207.688741922378540,44,0,44,0,11
1403637207.738740205764771,44,0,44,0,11
1403637207.788739204406738,44,0,44,0,11
1403637207.838741302490234,44,3,44,0,11
1403637207.888746500015259,44,0,43,0,11
1403637207.938750267028809,44,0,43,0,11
1403637207.988750696182251,43,0,43,0,11
1403637208.038751602172852,43,0,43,0,11
1403637208.088752031326294,43,0,43,0,11
1403637208.138749837875366,43,3,43,0,11
1403637208.188751935958862,43,1,43,0,11
1403637208.238751888275146,43,0,43,0,11
1403637208.288750648498535,43,0,43,0,11
1403637208.338749647140503,43,0,43,0,11
1403637208.388750314712524,43,0,43,0,11
1403637208.438750028610229,43,1,43,0,11
1403637208.488749265670776,43,0,43,0,11
1403637208.538750410079956,43,0,43,0,11
1403637208.588752031326294,44,0,43,1,11
1403637208.638752460479736,44,0,44,0,11
1403637208.688754320144653,44,0,44,0,11
1403637208.738753080368042,44,3,44,0,11
1403637208.788758277893066,44,2,44,0,11
1403637208.838763475418091,44,0,44,0,11
1403637208.888765573501587,44,0,44,0,11
1403637208.938771724700928,44,0,44,0,11
1403637208.988772869110107,44,0,44,0,11
1403637209.038773775100708,44,2,44,0,11
1403637209.088767766952515,44,0,44,0,11
1403637209.138766050338745,44,0,44,0,11
1403637209.188761472702026,44,0,44,0,11
1403637209.238754749298096,44,0,44,0,11
1403637209.288756847381592,44,0,44,0,11
1403637209.338759660720825,46,8,44,2,11
1403637209.388758897781372,46,1,46,0,11
1403637209.438759088516235,46,0,46,0,11
1403637209.488753318786621,46,0,46,0,11
1403637209.538750171661377,46,0,46,0,11
1403637209.588746547698975,45,0,45,0,11
1403637209.638744354248047,45,1,45,0,11
1403637209.688749551773071,45,0,45,0,11
1403637209.738754510879517,45,0,45,0,11
1403637209.788758039474487,45,0,45,0,11
1403637209.838762760162354,45,0,45,0,11
1403637209.888762712478638,45,0,45,0,11
1403637209.938765048980713,45,4,45,0,11
1403637209.988765954971313,45,2,45,0,11
1403637210.038766145706177,45,0,45,0,11
1403637210.088767051696777,44,0,44,0,11
1403637210.138769865036011,42,0,42,0,11
1403637210.188770294189453,42,0,42,0,11
1403637210.238772630691528,43,6,42,1,11
1403637210.288769721984863,41,0,41,0,11
1403637210.338769912719727,40,0,40,0,11
1403637210.388774633407593,39,2,39,0,11
1403637210.438780546188354,38,1,38,0,11
1403637210.488793134689331,38,0,38,0,11
1403637210.538816928863525,48,11,38,10,11
1403637210.588824748992920,48,6,48,0,11
1403637210.638829231262207,48,6,48,0,11
1403637210.688825130462646,48,2,48,0,11
1403637210.738821506500244,48,3,48,0,11
1403637210.788817405700684,48,1,48,0,11
1403637210.838811874389648,49,9,46,1,11
1403637210.888808488845825,50,16,46,1,11
1403637210.938813924789429,48,0,47,0,11
1403637210.988818883895874,47,0,47,0,11
1403637211.038823127746582,47,1,47,0,11
1403637211.088825702667236,47,3,46,0,11
1403637211.138826131820679,48,5,45,1,11
1403637211.188829421997070,47,9,46,1,11
1403637211.238832235336304,50,4,46,3,11
1403637211.288833618164062,49,0,47,0,11
1403637211.338834524154663,45,1,44,0,11
1403637211.388839006423950,44,1,43,1,11
1403637211.438834905624390,44,8,42,1,11
1403637211.488838911056519,48,1,41,5,11
1403637211.538840770721436,49,1,45,1,11
1403637211.588841438293457,47,0,43,1,11
1403637211.638841629028320,45,3,42,0,11
1403637211.688841104507446,42,1,41,0,11
1403637211.738839626312256,44,12,35,4,11
1403637211.788841962814331,42,5,36,2,11
1403637211.838836431503296,40,1,35,3,11
1403637211.888834238052368,38,3,34,0,11
1403637211.938829898834229,34,2,32,0,11
1403637211.988822937011719,33,1,28,1,11
1403637212.038801193237305,35,1,27,4,11
1403637212.088794469833374,31,1,29,0,11
1403637212.138787269592285,29,6,26,1,11
1403637212.188784837722778,25,6,24,1,11
1403637212.238787174224854,25,4,23,0,11
1403637212.288781166076660,26,5,23,1,11
1403637212.338771343231201,38,2,23,14,11
1403637212.388770818710327,39,3,35,3,11
1403637212.438769817352295,38,1,36,1,11
1403637212.488768577575684,39,3,35,4,11
1403637212.538768768310547,38,0,38,0,11
1403637212.588768720626831,37,4,35,0,11
1403637212.638767242431641,39,0,33,5,11
1403637212.688763380050659,41,4,33,3,11
1403637212.738761663436890,42,2,37,1,11
1403637212.788754224777222,44,3,38,6,11
1403637212.838754177093506,38,1,37,0,11
1403637212.888751745223999,35,0,33,0,11
1403637212.938750505447388,32,0,31,0,11
1403637212.988748550415039,34,2,29,3,11
1403637213.038748979568481,36,4,30,4,11
1403637213.088746309280396,35,0,31,1,11
1403637213.138745546340942,32,2,29,0,11
1403637213.188745260238647,33,2,30,1,11
1403637213.238745450973511,32,1,29,2,11
1403637213.288745641708374,29,1,27,1,11
1403637213.338746786117554,25,4,23,0,11
1403637213.388748407363892,31,0,21,8,11
1403637213.438749790191650,31,1,27,4,11
1403637213.488749742507935,32,0,29,1,11
1403637213.538747787475586,34,0,29,3,11
1403637213.588743448257446,34,1,26,5,11
1403637213.638738393783569,31,1,29,1,11
1403637213.688733100891113,29,1,28,0,11
1403637213.738731622695923,29,1,27,1,11
1403637213.788728713989258,26,2,24,0,11
1403637213.838724374771118,25,0,20,3,11
1403637213.888722658157349,27,0,21,4,11
1403637213.938721895217896,28,3,26,1,11
1403637213.988722085952759,27,3,26,0,11
1403637214.038714170455933,34,0,24,8,11
1403637214.088707208633423,31,2,29,0,11
1403637214.138700008392334,29,5,27,0,11
1403637214.188692808151245,33,1,27,5,11
1403637214.238691806793213,31,0,31,0,11
1403637214.288687467575073,32,1,31,1,11
1403637214.338689327239990,34,1,29,3,11
1403637214.388687133789062,35,1,29,3,11
1403637214.438688755035400,30,6,22,3,11
1403637214.488694906234741,33,4,24,5,11
1403637214.538696527481079,29,0,26,1,11
1403637214.588697433471680,28,0,25,0,11
1403637214.638700962066650,27,1,22,1,11
1403637214.688700437545776,26,2,22,2,11
1403637214.738699913024902,25,1,19,4,11
1403637214.788698196411133,32,0,22,7,11
1403637214.838697195053101,30,3,29,0,11
1403637214.888695240020752,38,0,28,10,11
1403637214.938696384429932,38,1,36,0,11
1403637214.988696575164795,41,3,35,4,11
1403637215.038695096969604,40,0,36,3,11
1403637215.088696241378784,48,2,38,8,11
1403637215.138696670532227,49,1,44,2,11
1403637215.188696384429932,48,0,45,0,11
1403637215.238699674606323,48,7,43,1,11
1403637215.288697481155396,46,5,44,0,11
1403637215.338696956634521,47,0,43,3,11
1403637215.388695001602173,46,0,45,0,11
1403637215.438699483871460,45,1,40,1,11
1403637215.488707065582275,44,4,40,1,11
1403637215.538707733154297,41,1,39,0,11
1403637215.588709831237793,47,6,36,7,11
1403637215.638708829879761,47,0,41,2,11
1403637215.688705205917358,42,0,41,0,11
1403637215.738700151443481,42,0,39,0,11
1403637215.788696765899658,38,1,37,0,11
1403637215.838694095611572,39,2,36,3,11
1403637215.888690710067749,45,0,37,6,11
1403637215.938683271408081,46,12,41,3,11
1403637215.988680362701416,42,1,39,0,11
1403637216.038678646087646,40,1,38,0,11
1403637216.088680505752563,38,0,38,0,11
1403637216.138675928115845,36,1,34,1,11
1403637216.188686370849609,37,1,33,3,11
1403637216.238689422607422,41,0,32,4,11
1403637216.288693189620972,41,0,36,3,11
1403637216.338696241378784,38,0,35,0,11
1403637216.388698577880859,36,0,35,0,11
1403637216.438693284988403,48,17,34,14,11
1403637216.488694190979004,48,5,48,0,11
1403637216.538698673248291,48,11,48,0,11
1403637216.588701486587524,49,2,48,1,11
1403637216.638704776763916,49,0,45,1,11
1403637216.688708305358887,50,0,46,1,11
1403637216.738711357116699,47,1,47,0,11
1403637216.788712024688721,47,0,44,0,11
1403637216.838713169097900,49,7,44,2,11
1403637216.888717412948608,48,2,46,2,11
1403637216.938730716705322,50,20,47,2,11
1403637216.988734006881714,50,0,48,0,11
1403637217.038739204406738,49,10,48,0,11
1403637217.088742494583130,48,0,48,0,11
1403637217.138744592666626,48,10,46,1,11
1403637217.188743829727173,48,0,46,0,11
1403637217.238744258880615,45,0,44,0,11
1403637217.288743257522583,44,0,44,0,11
1403637217.338743925094604,47,0,43,3,11
1403637217.388742446899414,46,0,44,0,11
1403637217.438744068145752,48,3,43,4,11
1403637217.488743543624878,49,2,46,1,11
1403637217.538747310638428,49,17,47,1,11
1403637217.588746070861816,48,0,48,0,11
1403637217.638738870620728,49,10,46,1,11
1403637217.688726902008057,49,1,47,0,11
1403637217.738713502883911,47,7,46,0,11
1403637217.788716554641724,46,0,42,0,11
1403637217.838716506958008,45,0,41,0,11
1403637217.888710498809814,41,0,39,2,11
1403637217.938708543777466,41,0,41,0,11
1403637217.988708734512329,41,0,41,0,11
1403637218.038707494735718,43,1,41,2,11
1403637218.088710546493530,44,0,42,1,11
1403637218.138707160949707,50,11,41,6,11
1403637218.188706398010254,47,1,45,0,11
1403637218.238700151443481,49,7,45,2,11
1403637218.288692712783813,46,3,43,1,11
1403637218.338677644729614,48,11,43,3,11
1403637218.388673067092896,47,2,45,0,11
1403637218.438666343688965,47,2,42,1,11
1403637218.488661766052246,47,0,43,1,11
1403637218.538661479949951,46,1,44,0,11
1403637218.588661909103394,44,1,44,0,11
1403637218.638660192489624,47,4,42,4,11
1403637218.688660144805908,47,0,46,0,11
1403637218.738657474517822,49,33,45,3,11
1403637218.788658380508423,47,3,45,1,11
1403637218.838660717010498,49,3,43,3,11
1403637218.888662099838257,47,0,46,0,11
1403637218.938662290573120,48,5,46,2,11
1403637218.988664627075195,49,0,47,1,11
1403637219.038664579391479,49,0,44,1,11
1403637219.088665485382080,47,1,43,0,11
1403637219.138667821884155,45,0,41,0,11
1403637219.188670635223389,44,0,38,1,11
1403637219.238669872283936,41,0,38,1,11
1403637219.288670778274536,38,0,37,0,11
1403637219.338673353195190,45,15,37,7,11
1403637219.388672351837158,45,0,43,2,11
1403637219.438663244247437,48,0,44,3,11
1403637219.488648176193237,47,1,44,0,11
1403637219.538634300231934,47,1,40,2,11
1403637219.588620185852051,45,0,35,0,11
1403637219.638622760772705,42,3,34,1,11
1403637219.688625097274780,38,1,34,2,11
1403637219.738626718521118,39,4,32,2,11
1403637219.788625240325928,38,1,31,0,11
1403637219.838641643524170,34,0,26,1,11
1403637219.888648986816406,32,2,25,0,11
1403637219.938663721084595,38,1,21,11,11
1403637219.988666772842407,35,0,7,0,11
1403637220.038668394088745,30,1,7,0,11
1403637220.088712453842163,20,10,7,13,11
1403637220.138713836669922,21,1,18,1,11
1403637220.188713788986206,21,0,18,0,11
1403637220.238714218139648,19,0,18,0,11
1403637220.288716077804565,23,0,18,5,11
1403637220.338713169097900,24,1,23,1,11
1403637220.388712406158447,26,0,23,2,11
1403637220.438711166381836,31,1,25,5,11
1403637220.488715171813965,32,0,29,2,11
1403637220.538715839385986,36,0,30,4,11
1403637220.588716745376587,37,0,34,2,11
1403637220.638716936111450,37,0,35,2,11
1403637220.688721895217896,42,29,35,6,11
1403637220.738722562789917,42,0,40,0,11
1403637220.788725137710571,42,0,38,1,11
1403637220.838723659515381,41,0,37,2,11
1403637220.888723611831665,39,0,39,0,11
1403637220.938724279403687,39,0,39,0,11
1403637220.988724470138550,39,0,38,0,11
1403637221.038727521896362,40,0,37,1,11
1403637221.088729619979858,38,0,37,0,11
1403637221.138733863830566,37,0,37,0,11
1403637221.188739061355591,36,1,28,1,11
1403637221.238741397857666,36,1,33,1,11
1403637221.288747310638428,41,21,33,6,11
1403637221.338747739791870,40,0,39,0,11
1403637221.388745069503784,38,0,37,0,11
1403637221.438744783401489,39,0,37,1,11
1403637221.488743305206299,39,0,38,1,11
1403637221.538740158081055,39,0,39,0,11
1403637221.588738679885864,38,0,37,0,11
1403637221.638737440109253,38,1,36,0,11
1403637221.688735485076904,36,1,32,0,11
1403637221.738732576370239,36,0,33,2,11
1403637221.788731336593628,35,0,32,0,11
1403637221.838728427886963,34,0,33,0,11
1403637221.888728857040405,40,7,32,7,11
1403637221.938729524612427,40,0,37,1,11
1403637221.988730430603027,41,1,35,1,11
1403637222.038728952407837,37,0,35,0,11
1403637222.088730812072754,36,1,35,0,11
1403637222.138731002807617,35,0,35,0,11
1403637222.188729763031006,34,3,33,0,11
1403637222.238723039627075,34,0,32,0,11
1403637222.288718700408936,34,1,32,2,11
1403637222.338709354400635,36,4,33,2,11
1403637222.388694286346436,41,17,35,5,11
1403637222.438691139221191,40,0,39,0,11
1403637222.488688707351685,41,7,39,1,11
1403637222.538687705993652,40,0,40,0,11
1403637222.588690280914307,40,0,38,0,11
1403637222.638694763183594,42,0,37,3,11
1403637222.688693761825562,41,0,40,0,11
1403637222.738701343536377,40,0,39,1,11
1403637222.788713455200195,40,0,39,0,11
1403637222.838716030120850,40,0,40,0,11
1403637222.888720512390137,40,0,40,0,11
1403637222.938722848892212,40,0,40,0,11
1403637222.988730669021606,43,9,38,4,11
1403637223.038731575012207,43,0,43,0,11
1403637223.088732004165649,43,0,43,0,11
1403637223.138734817504883,44,0,43,1,11
1403637223.188735723495483,44,0,44,0,11
1403637223.238736391067505,44,0,44,0,11
1403637223.288734674453735,43,0,43,0,11
1403637223.338732242584229,43,0,43,0,11
1403637223.388731241226196,43,0,41,0,11
1403637223.438730955123901,41,0,37,0,11
1403637223.488730430603027,39,0,37,0,11
1403637223.538730144500732,35,0,34,0,11
1403637223.588718175888062,46,3,34,11,11
1403637223.638716936111450,45,0,41,1,11
1403637223.688714504241943,45,1,41,0,11
1403637223.738713026046753,45,0,40,3,11
1403637223.788712024688721,44,0,42,1,11
1403637223.838710069656372,44,0,42,1,11
1403637223.888707399368286,44,1,43,0,11
1403637223.938705921173096,43,0,43,0,11
1403637223.988702774047852,43,0,43,0,11
1403637224.038702249526978,43,0,43,0,11
1403637224.088701486587524,45,0,42,2,11
1403637224.138694286346436,47,0,44,2,11
1403637224.188697814941406,48,2,46,2,11
1403637224.238697052001953,48,0,48,0,11
1403637224.288695812225342,48,0,48,0,11
1403637224.338695764541626,48,0,48,0,11
1403637224.388695001602173,48,0,48,0,11
1403637224.438697099685669,48,0,48,0,11
1403637224.488697052001953,48,0,48,0,11
1403637224.538697719573975,48,0,48,0,11
1403637224.588697195053101,48,0,48,0,11
1403637224.638694763183594,48,0,48,0,11
1403637224.688693523406982,48,0,48,0,11
1403637224.738694429397583,48,0,48,0,11
1403637224.788696289062500,48,2,48,0,11
1403637224.838697910308838,48,0,48,0,11
1403637224.888699054718018,48,0,48,0,11
1403637224.938699007034302,48,0,48,0,11
1403637224.988698959350586,48,0,48,0,11
1403637225.038699150085449,48,0,48,0,11
1403637225.088698625564575,48,0,48,0,11
1403637225.138697862625122,48,0,48,0,11
1403637225.188697576522827,48,0,46,0,11
1403637225.238697052001953,48,0,45,0,11
1403637225.288691520690918,48,0,42,2,11
1403637225.338694810867310,46,0,41,0,11
1403637225.388698101043701,47,0,38,3,11
1403637225.438701629638672,46,0,43,1,11
1403637225.488701820373535,45,0,44,1,11
1403637225.538702726364136,45,0,45,0,11
1403637225.588703393936157,45,0,44,0,11
1403637225.638707160949707,45,0,44,0,11
1403637225.688709259033203,44,0,44,0,11
1403637225.738710880279541,44,0,44,0,11
1403637225.788712501525879,44,0,44,0,11
1403637225.838713169097900,44,0,44,0,11
1403637225.888709306716919,44,0,44,0,11
1403637225.938697814941406,45,0,44,1,11
1403637225.988686800003052,45,2,45,0,11
1403637226.038681030273438,45,0,44,0,11
1403637226.088677406311035,45,1,43,0,11
1403637226.138677835464478,45,0,43,1,11
1403637226.188674926757812,44,0,40,0,11
1403637226.238684177398682,45,0,36,1,11
1403637226.288692474365234,43,0,36,3,11
1403637226.338699579238892,41,0,37,2,11
1403637226.388705968856812,40,0,38,0,11
1403637226.438711881637573,40,0,35,1,11
1403637226.488717555999756,40,0,36,1,11
1403637226.538717746734619,40,0,37,3,11
1403637226.588716030120850,40,4,40,0,11
1403637226.638714313507080,40,0,39,0,11
1403637226.688711881637573,39,1,37,0,11
1403637226.738708734512329,38,0,36,0,11
1403637226.788707017898560,39,0,36,2,11
1403637226.838704347610474,38,0,36,1,11
1403637226.888703107833862,38,0,37,0,11
1403637226.938703298568726,38,0,37,1,11
1403637226.988704681396484,39,0,38,1,11
1403637227.038704872131348,39,0,39,0,11
1403637227.088706493377686,39,0,38,0,11
1403637227.138708353042603,38,0,37,0,11
1403637227.188709020614624,39,5,37,2,11
1403637227.238708496093750,38,0,38,0,11
1403637227.288708209991455,39,1,37,1,11
1403637227.338711500167847,40,0,38,1,11
1403637227.388711452484131,40,0,38,1,11
1403637227.438709259033203,40,0,37,0,11
1403637227.488709449768066,39,0,35,0,11
1403637227.538706302642822,39,0,35,2,11
1403637227.588706970214844,38,0,34,1,11
1403637227.638705015182495,38,0,35,0,11
1403637227.688704967498779,37,0,34,2,11
1403637227.738702058792114,37,0,37,0,11
1403637227.788702249526978,37,2,37,0,11
1403637227.838702917098999,37,0,37,0,11
1403637227.888705968856812,37,1,37,0,11
1403637227.938707351684570,37,0,36,0,11
1403637227.988710403442383,37,0,37,0,11
1403637228.038712024688721,37,0,36,0,11
1403637228.088714122772217,37,0,36,1,11
1403637228.138715982437134,37,0,37,0,11
1403637228.188720464706421,37,0,34,0,11
1403637228.238721370697021,37,0,36,0,11
1403637228.288723707199097,38,0,34,2,11
1403637228.338724851608276,38,0,36,0,11
1403637228.388725996017456,39,0,35,4,11
1403637228.438725948333740,39,0,39,0,11
1403637228.488726139068604,39,0,39,0,11
1403637228.538727045059204,39,0,39,0,11
1403637228.588725566864014,39,0,39,0,11
1403637228.638725042343140,39,0,39,0,11
1403637228.688722610473633,39,0,39,0,11
1403637228.738724946975708,39,0,39,0,11
1403637228.788724660873413,39,0,38,0,11
1403637228.838723421096802,39,0,38,0,11
1403637228.888725280761719,39,0,38,1,11
1403637228.938726663589478,39,0,39,0,11
1403637228.988726377487183,39,0,39,0,11
1403637229.038725137710571,39,0,38,0,11
1403637229.088729619979858,39,1,32,0,11
1403637229.138730764389038,38,0,31,2,11
1403637229.188731193542480,36,0,31,2,11
1403637229.238729715347290,35,0,28,0,11
1403637229.288725376129150,35,0,29,2,11
1403637229.338716030120850,39,11,30,8,11
1403637229.388705253601074,40,0,36,1,11
1403637229.438696384429932,38,0,33,1,11
1403637229.488692283630371,38,0,33,1,11
1403637229.538687705993652,36,0,28,1,11
1403637229.588689327239990,36,2,25,1,11
1403637229.638689994812012,35,0,23,5,11
1403637229.688691616058350,35,0,28,4,11
1403637229.738694190979004,35,0,32,3,11
1403637229.788699626922607,37,1,34,2,11
1403637229.838706970214844,37,1,34,0,11
1403637229.888711690902710,36,0,24,1,11
1403637229.938714027404785,42,9,22,9,11
1403637229.988712787628174,36,2,30,3,11
1403637230.038711071014404,31,0,30,0,11
1403637230.088709115982056,27,1,24,0,11
1403637230.138707637786865,26,0,20,0,11
1403637230.188708305358887,24,0,20,1,11
1403637230.238708019256592,21,0,19,1,11
1403637230.288714885711670,28,4,19,7,11
1403637230.338712453842163,27,0,25,0,11
1403637230.388710260391235,27,0,25,1,11
1403637230.438709497451782,25,0,24,0,11
1403637230.488707065582275,26,0,24,1,11
1403637230.538704872131348,31,0,25,6,11
1403637230.588704109191895,31,0,30,0,11
1403637230.638704299926758,31,0,29,0,11
1403637230.688702106475830,29,0,27,1,11
1403637230.738702058792114,28,0,25,1,11
1403637230.788701772689819,30,0,26,2,11
1403637230.838701963424683,30,0,27,2,11
1403637230.888699531555176,29,0,26,0,11
1403637230.938698291778564,29,0,26,1,11
1403637230.988693714141846,26,0,23,1,11
1403637231.038692712783813,22,0,17,1,11
1403637231.088692903518677,16,1,10,0,11
1403637231.138693571090698,14,0,8,2,11
1403637231.188695192337036,11,0,7,3,11
1403637231.238695383071899,8,0,4,1,11
1403637231.288695812225342,7,0,3,0,11
1403637231.338696002960205,3,0,2,0,11
1403637231.388696193695068,2,0,1,0,11
1403637231.438696622848511,2,0,1,0,11
1403637231.488702535629272,2,1,1,1,11
1403637231.538702964782715,15,0,1,13,11
1403637231.588702440261841,14,0,10,0,11
1403637231.638702869415283,13,1,10,0,11
1403637231.688703536987305,13,0,10,3,11
1403637231.738703489303589,15,0,11,3,11
1403637231.788703441619873,15,0,14,0,11
1403637231.838701725006104,12,0,11,0,11
1403637231.888697385787964,12,2,10,0,11
1403637231.938696384429932,25,3,10,15,11
1403637231.988696098327637,25,4,25,0,11
1403637232.038694620132446,24,3,23,0,11
1403637232.088690042495728,34,1,23,10,11
1403637232.138679742813110,45,3,32,12,11
1403637232.188679218292236,44,0,43,0,11
1403637232.238674640655518,44,9,39,5,11
1403637232.288675785064697,42,0,41,0,11
1403637232.338675022125244,39,1,38,0,11
1403637232.388677358627319,37,1,35,0,11
1403637232.438677549362183,34,0,33,0,11
1403637232.488675355911255,29,2,29,0,11
1403637232.538671970367432,29,0,28,1,11
1403637232.588669061660767,35,1,29,6,11
1403637232.638665914535522,34,0,33,0,11
1403637232.688665151596069,35,0,31,4,11
1403637232.738664150238037,37,0,35,2,11
1403637232.788665771484375,36,1,34,0,11
1403637232.838665246963501,47,0,32,12,11
1403637232.888665437698364,45,2,41,0,11
1403637232.938665628433228,41,0,40,0,11
1403637232.988666534423828,44,3,37,5,11
1403637233.038666009902954,41,1,40,0,11
1403637233.088665485382080,41,2,40,0,11
1403637233.138664960861206,40,1,40,0,11
1403637233.188660383224487,49,5,40,9,11
1403637233.238658666610718,48,0,47,0,11
1403637233.288657426834106,49,2,46,1,11
1403637233.338654994964600,48,1,47,0,11
1403637233.388651847839355,48,5,43,2,11
1403637233.438647747039795,48,4,41,1,11
1403637233.488640308380127,47,6,42,2,11
1403637233.538630485534668,45,4,40,0,11
1403637233.588619232177734,43,2,36,4,11
1403637233.638610363006592,39,2,37,0,11
1403637233.688605785369873,37,0,32,0,11
1403637233.738603591918945,36,3,32,0,11
1403637233.788607835769653,42,4,28,10,11
1403637233.838615179061890,40,3,33,0,11
1403637233.888620376586914,35,2,30,0,11
1403637233.938626766204834,32,0,21,0,11
1403637233.988647460937500,36,1,20,6,11
1403637234.038650751113892,27,3,20,0,11
1403637234.088658571243286,27,1,17,3,11
1403637234.138660192489624,24,0,18,2,11
1403637234.188664913177490,25,4,19,4,11
1403637234.238664865493774,22,0,20,0,11
1403637234.288667201995850,28,2,18,7,11
1403637234.338663101196289,28,3,23,3,11
1403637234.388660192489624,30,7,26,3,11
1403637234.438654899597168,38,2,25,9,11
1403637234.488647222518921,40,1,32,3,11
1403637234.538643121719360,41,0,35,5,11
1403637234.588641405105591,45,2,39,5,11
1403637234.638641834259033,48,4,42,5,11
1403637234.688641548156738,47,1,45,2,11
1403637234.738640308380127,49,4,42,3,11
1403637234.788641452789307,44,3,41,1,11
1403637234.838642120361328,43,1,39,1,11
1403637234.888641357421875,46,5,35,6,11
1403637234.938644647598267,45,4,35,4,11
1403637234.988643646240234,41,1,38,0,11
1403637235.038644552230835,39,1,34,1,11
1403637235.088642120361328,37,1,33,1,11
1403637235.138645410537720,38,4,26,3,11
1403637235.188645124435425,42,2,28,7,11
1403637235.238645792007446,38,1,35,3,11
1403637235.288645267486572,38,6,36,0,11
1403637235.338632583618164,44,0,33,6,11
1403637235.388619184494019,42,1,40,0,11
1403637235.438611030578613,40,2,39,1,11
1403637235.488614082336426,46,4,37,9,11
1403637235.538620948791504,48,0,46,2,11
1403637235.588628530502319,50,3,46,2,11
1403637235.638648033142090,47,5,44,0,11
1403637235.688668012619019,47,0,42,1,11
1403637235.738669633865356,46,12,42,3,11
1403637235.788682222366333,45,2,42,1,11
1403637235.838689804077148,44,2,40,1,11
1403637235.888692855834961,42,1,40,1,11
1403637235.938692569732666,38,2,37,0,11
1403637235.988693237304688,47,12,34,12,11
1403637236.038689613342285,45,2,43,1,11
1403637236.088687181472778,46,0,43,2,11
1403637236.138685941696167,43,0,40,0,11
1403637236.188682794570923,40,3,34,0,11
1403637236.238680839538574,40,1,30,6,11
1403637236.288681745529175,35,2,33,0,11
1403637236.338683128356934,30,2,29,0,11
1403637236.388681888580322,31,1,23,4,11
1403637236.438681125640869,27,2,26,0,11
1403637236.488681793212891,34,4,21,10,11
1403637236.538686513900757,33,4,29,0,11
1403637236.588689327239990,33,0,27,4,11
1403637236.638695478439331,33,4,31,2,11
1403637236.688697576522827,32,4,30,0,11
1403637236.738704681396484,37,2,28,6,11
1403637236.788706541061401,37,6,31,4,11
1403637236.838706254959106,34,1,33,1,11
1403637236.888706207275391,32,2,28,2,11
1403637236.938701868057251,29,3,26,1,11
1403637236.988701105117798,28,1,23,4,11
1403637237.038700819015503,30,0,25,5,11
1403637237.088699579238892,33,7,25,5,11
1403637237.138698101043701,27,5,26,0,11
1403637237.188691854476929,33,4,25,6,11
1403637237.238692522048950,29,1,26,0,11
1403637237.288700819015503,28,4,25,0,11
1403637237.338706016540527,37,4,23,11,11
1403637237.388710260391235,36,2,31,0,11
1403637237.438711643218994,33,2,30,0,11
1403637237.488714933395386,36,1,24,7,11
1403637237.538716554641724,35,2,28,0,11
1403637237.588715553283691,30,4,26,1,11
1403637237.638713359832764,36,4,25,8,11
1403637237.688711643218994,36,3,29,1,11
1403637237.738709211349487,40,3,29,6,11
1403637237.788709878921509,34,2,32,0,11
1403637237.838706016540527,38,2,31,6,11
1403637237.888706207275391,38,2,37,1,11
1403637237.938711643218994,47,1,34,9,11
1403637237.988710641860962,48,0,43,1,11
1403637238.038707733154297,48,6,42,3,11
1403637238.088706254959106,49,24,45,3,11
1403637238.138703584671021,47,1,44,0,11
1403637238.188698053359985,49,0,40,3,11
1403637238.238694190979004,49,0,40,2,11
1403637238.288688898086548,47,0,36,2,11
1403637238.338682413101196,44,0,36,2,11
1403637238.388665914535522,43,6,33,5,11
1403637238.438662290573120,43,1,36,1,11
1403637238.488659620285034,41,0,33,1,11
1403637238.538657903671265,37,2,34,1,11
1403637238.588657140731812,37,3,35,0,11
1403637238.638656377792358,40,0,34,5,11
1403637238.688654422760010,48,4,38,9,11
1403637238.738654851913452,46,0,45,0,11
1403637238.788659811019897,47,2,45,1,11
1403637238.838668823242188,47,1,42,1,11
1403637238.888668060302734,49,16,43,2,11
1403637238.938670635223389,46,4,43,1,11
1403637238.988673448562622,48,6,43,4,11
1403637239.038669586181641,48,1,46,1,11
1403637239.088670969009399,49,0,45,2,11
1403637239.138673305511475,47,3,47,0,11
1403637239.188674211502075,47,3,47,0,11
1403637239.238674879074097,48,4,47,1,11
1403637239.288678407669067,48,9,45,2,11
1403637239.338679790496826,49,3,47,1,11
1403637239.388680219650269,47,7,45,1,11
1403637239.438679456710815,45,3,43,1,11
1403637239.488685607910156,47,8,41,4,11
1403637239.538691043853760,47,7,43,3,11
1403637239.588692903518677,47,3,44,3,11
1403637239.638709783554077,46,20,41,3,11
1403637239.688710927963257,40,0,40,0,11
1403637239.738713026046753,33,4,32,0,11
1403637239.788714408874512,28,1,25,0,11
1403637239.838714599609375,27,1,20,0,11
1403637239.888714551925659,25,4,16,5,11
1403637239.938713073730469,20,4,19,0,11
1403637239.988711595535278,20,1,16,1,11
1403637240.038709402084351,17,2,14,0,11
1403637240.088704109191895,15,8,12,1,11
1403637240.138696670532227,19,7,11,6,11
1403637240.188682794570923,45,4,14,28,11
1403637240.238668203353882,44,3,39,4,11
1403637240.288664340972900,41,4,39,0,11
1403637240.338663816452026,38,2,34,0,11
1403637240.388665676116943,39,2,32,4,11
1403637240.438664913177490,35,3,35,0,11
1403637240.488660812377930,41,5,35,6,11
1403637240.538655757904053,41,1,38,0,11
1403637240.588645935058594,41,0,38,0,11
1403637240.638638973236084,36,3,36,0,11
1403637240.688629865646362,47,1,36,11,11
1403637240.738634586334229,45,0,44,0,11
1403637240.788638591766357,45,1,43,0,11
1403637240.838640213012695,41,3,40,0,11
1403637240.888642311096191,41,0,38,3,11
1403637240.938641548156738,45,2,38,6,11
1403637240.988646030426025,46,1,41,3,11
1403637241.038648843765259,47,5,40,4,11
1403637241.088651895523071,47,4,41,2,11
1403637241.138656377792358,43,1,38,0,11
1403637241.188663005828857,44,3,36,4,11
1403637241.238668441772461,42,0,37,1,11
1403637241.288670539855957,37,2,33,0,11
1403637241.338677883148193,37,2,28,5,11
1403637241.388680458068848,36,0,32,2,11
1403637241.438682556152344,35,1,33,0,11
1403637241.488685369491577,37,1,31,3,11
1403637241.538686990737915,36,1,31,1,11
1403637241.588687896728516,36,2,28,4,11
1403637241.638689994812012,34,2,28,4,11
1403637241.688691616058350,30,1,24,1,11
1403637241.738693237304688,27,2,21,4,11
1403637241.788694381713867,27,0,23,1,11
1403637241.838694810867310,26,4,23,2,11
1403637241.888697147369385,26,2,22,1,11
1403637241.938696861267090,26,0,21,2,11
1403637241.988694429397583,28,1,22,4,11
1403637242.038694620132446,29,1,24,4,11
1403637242.088697433471680,30,0,26,2,11
1403637242.138699769973755,36,0,27,6,11
1403637242.188697814941406,35,0,32,1,11
1403637242.238698005676270,39,0,31,5,11
1403637242.288701534271240,42,1,35,5,11
1403637242.338702678680420,43,1,39,4,11
1403637242.388701677322388,43,0,43,0,11
1403637242.438702821731567,45,0,41,3,11
1403637242.488705873489380,46,1,44,1,11
1403637242.538708925247192,49,0,43,4,11
1403637242.588712930679321,49,0,47,0,11
1403637242.638716459274292,47,1,46,1,11
1403637242.688721895217896,47,0,45,0,11
1403637242.738724470138550,47,0,45,1,11
1403637242.788727283477783,46,1,40,1,11
1403637242.838731765747070,43,0,39,0,11
1403637242.888732194900513,42,1,35,2,11
1403637242.938731193542480,39,0,35,0,11
1403637242.988728046417236,38,1,34,2,11
1403637243.038725614547729,36,0,33,0,11
1403637243.088725328445435,42,0,32,7,11
1403637243.138720512390137,43,0,37,3,11
1403637243.188717126846313,43,0,40,1,11
1403637243.238713502883911,42,2,39,1,11
1403637243.288712739944458,48,1,37,6,11
1403637243.338711261749268,46,1,43,0,11
1403637243.388709545135498,47,5,41,4,11
1403637243.438713073730469,48,0,44,1,11
1403637243.488713741302490,49,1,44,3,11
1403637243.538712978363037,49,6,47,1,11
1403637243.588712453842163,49,2,46,1,11
1403637243.638712167739868,49,11,45,0,11
1403637243.688712120056152,47,1,41,1,11
1403637243.738711595535278,44,2,40,1,11
1403637243.788711786270142,42,2,41,1,11
1403637243.838712215423584,41,1,36,4,11
1403637243.888712167739868,45,0,38,4,11
1403637243.938713788986206,41,0,34,0,11
1403637243.988715887069702,44,0,35,5,11
1403637244.038716316223145,44,2,39,4,11
1403637244.088716983795166,43,0,41,0,11
1403637244.138717412948608,45,0,40,3,11
1403637244.188719034194946,44,0,42,0,11
1403637244.238720655441284,47,8,41,4,11
1403637244.288719654083252,49,0,45,3,11
1403637244.338718652725220,49,0,48,1,11
1403637244.388715744018555,50,4,48,1,11
1403637244.438712596893311,50,7,49,0,11
1403637244.488710165023804,49,6,46,0,11
1403637244.538708925247192,50,4,46,1,11
1403637244.588708639144897,47,1,43,0,11
1403637244.638710021972656,48,8,42,2,11
1403637244.688710212707520,45,0,42,2,11
1403637244.738711118698120,47,1,43,2,11
1403637244.788712263107300,46,12,43,2,11
1403637244.838712453842163,48,7,43,4,11
1403637244.888712882995605,48,0,45,0,11
1403637244.938712835311890,47,0,44,1,11
1403637244.988715171813965,47,0,44,3,11
1403637245.038712501525879,50,2,45,3,11
1403637245.088709592819214,49,7,45,0,11
1403637245.138710975646973,46,27,42,1,11
1403637245.188711404800415,46,1,44,2,11
1403637245.238709688186646,49,2,45,3,11
1403637245.288706302642822,48,2,45,1,11
1403637245.338706731796265,47,0,45,0,11
1403637245.388704538345337,49,8,44,4,11
1403637245.438703775405884,50,7,47,1,11
1403637245.488704681396484,48,2,45,0,11
1403637245.538704633712769,46,0,41,0,11
1403637245.588708162307739,47,1,36,2,11
1403637245.638711452484131,48,1,33,5,11
1403637245.688714265823364,44,4,36,2,11
1403637245.738725900650024,46,20,32,7,11
1403637245.788728475570679,45,23,37,3,11
1403637245.838727951049805,39,0,32,1,11
1403637245.888730049133301,36,0,31,0,11
1403637245.938733339309692,32,3,28,2,11
1403637245.988734006881714,38,2,28,7,11
1403637246.038735628128052,39,3,33,2,11
1403637246.088737964630127,34,6,31,1,11
1403637246.138740777969360,29,1,25,0,11
1403637246.188743352890015,27,6,22,0,11
1403637246.238745212554932,22,6,20,0,11
1403637246.288747549057007,20,1,19,0,11
1403637246.338750123977661,29,0,10,11,11
1403637246.388751268386841,45,1,20,19,11
1403637246.438751220703125,40,1,35,1,11
1403637246.488751649856567,39,1,35,0,11
1403637246.538754224777222,34,1,32,1,11
1403637246.588754892349243,33,1,32,0,11
1403637246.638753652572632,34,5,29,5,11
1403637246.688754081726074,33,3,30,0,11
1403637246.738755702972412,44,2,28,12,11
1403637246.788755655288696,36,0,34,0,11
1403637246.838756322860718,40,0,32,7,11
1403637246.888756275177002,36,0,33,0,11
1403637246.938751697540283,33,0,31,0,11
1403637246.988751649856567,31,1,29,2,11
1403637247.038753032684326,31,0,30,0,11
1403637247.088753223419189,44,0,29,13,11
1403637247.138753652572632,43,0,41,0,11
1403637247.188754558563232,42,0,40,0,11
1403637247.238753795623779,46,1,39,5,11
1403637247.288749933242798,44,1,43,0,11
1403637247.338737726211548,46,11,41,4,11
1403637247.388724088668823,46,1,44,0,11
1403637247.438714504241943,45,2,42,2,11
1403637247.488715887069702,45,1,43,2,11
1403637247.538709163665771,50,6,45,5,11
1403637247.588701486587524,50,1,50,0,11
1403637247.638695478439331,50,0,48,0,11
1403637247.688688993453979,50,0,48,0,11
1403637247.738682985305786,47,3,44,0,11
1403637247.788674592971802,47,3,44,0,11
1403637247.838662624359131,47,12,38,3,11
1403637247.888663530349731,47,0,41,1,11
1403637247.938662767410278,44,10,41,2,11
1403637247.988660573959351,43,2,37,0,11
1403637248.038654565811157,39,2,24,1,11
1403637248.088650703430176,42,1,22,8,11
1403637248.138643264770508,33,2,28,3,11
1403637248.188640832901001,31,1,23,0,11
1403637248.238639593124390,31,0,28,0,11
1403637248.288640022277832,26,2,26,0,11
1403637248.338640451431274,26,1,25,0,11
1403637248.388639926910400,26,1,25,0,11
1403637248.438634157180786,35,1,25,10,11
1403637248.488631725311279,33,1,32,0,11
1403637248.538626909255981,49,0,31,17,11
1403637248.588626146316528,48,0,48,0,11
1403637248.638622522354126,48,0,48,0,11
1403637248.688611745834351,49,6,45,2,11
1403637248.738597154617310,49,22,46,1,11
1403637248.788596391677856,47,0,46,1,11
1403637248.838594198226929,47,0,47,0,11
1403637248.888593912124634,49,1,45,2,11
1403637248.938594579696655,49,0,46,0,11
1403637248.988594770431519,47,0,46,0,11
1403637249.038592338562012,48,15,45,2,11
1403637249.088592767715454,47,0,47,0,11
1403637249.138593435287476,47,0,46,0,11
1403637249.188592910766602,47,0,46,0,11
1403637249.238592386245728,47,0,46,1,11
1403637249.288590908050537,50,3,47,3,11
1403637249.338590860366821,50,20,48,0,11
1403637249.388589143753052,48,0,46,0,11
1403637249.438588142395020,48,0,46,1,11
1403637249.488586902618408,47,0,47,0,11
1403637249.538585901260376,46,3,46,0,11
1403637249.588585138320923,47,2,46,1,11
1403637249.638584852218628,47,9,46,1,11
1403637249.688584566116333,47,0,47,0,11
1403637249.738583564758301,47,0,45,0,11
1403637249.788582801818848,47,0,42,0,11
1403637249.838582515716553,46,0,43,2,11
1403637249.888583898544312,49,13,44,4,11
1403637249.938581228256226,50,16,48,1,11
1403637249.988580942153931,49,1,47,1,11
1403637250.038582324981689,48,0,42,0,11
1403637250.088582992553711,46,1,43,0,11
1403637250.138584375381470,39,0,37,1,11
1403637250.188583374023438,38,2,37,0,11
1403637250.238584518432617,44,4,36,7,11
1403637250.288583755493164,43,1,41,1,11
1403637250.338584184646606,41,1,40,0,11
1403637250.388583421707153,40,2,38,0,11
1403637250.438577651977539,47,10,36,9,11
1403637250.488576889038086,47,11,44,3,11
1403637250.538576841354370,48,3,44,3,11
1403637250.588576316833496,47,0,46,0,11
1403637250.638579368591309,46,0,44,0,11
1403637250.688579082489014,44,0,42,0,11
1403637250.738579034805298,41,1,40,0,11
1403637250.788579225540161,41,0,39,1,11
1403637250.838578939437866,39,1,38,1,11
1403637250.888580083847046,49,8,38,11,11
1403637250.938579797744751,48,0,48,0,11
1403637250.988579988479614,49,0,48,1,11
1403637251.038582086563110,50,9,46,1,11
1403637251.088584661483765,49,11,46,0,11
1403637251.138586282730103,46,1,44,1,11
1403637251.188587188720703,46,0,45,0,11
1403637251.238586902618408,47,17,42,4,11
1403637251.288586854934692,47,0,45,0,11
1403637251.338584184646606,47,0,44,1,11
1403637251.388581037521362,45,0,43,0,11
1403637251.438579559326172,42,0,35,1,11
1403637251.488579511642456,46,0,30,8,11
1403637251.538580417633057,40,0,35,0,11
1403637251.588581562042236,37,1,32,1,11
1403637251.638584375381470,43,0,33,7,11
1403637251.688586711883545,45,4,39,6,11
1403637251.738587379455566,46,0,43,2,11
1403637251.788587808609009,46,1,45,0,11
1403637251.838586568832397,47,6,43,2,11
1403637251.888585090637207,46,0,44,0,11
1403637251.938584089279175,44,3,44,0,11
1403637251.988584518432617,46,1,42,4,11
1403637252.038584470748901,46,18,46,0,11
1403637252.088584899902344,45,0,45,0,11
1403637252.138583421707153,47,1,44,2,11
1403637252.188581466674805,48,0,46,1,11
1403637252.238577842712402,47,0,47,0,11
1403637252.288577795028687,49,3,47,2,11
1403637252.338576316833496,49,0,49,0,11
1403637252.388575315475464,49,0,49,0,11
1403637252.438574790954590,49,1,49,0,11
1403637252.488574028015137,48,0,48,0,11
1403637252.538573980331421,48,0,48,0,11
1403637252.588573694229126,48,0,47,0,11
1403637252.638572454452515,48,10,47,0,11
1403637252.688571214675903,47,0,47,0,11
1403637252.738570690155029,47,0,47,0,11
1403637252.788570880889893,47,0,47,0,11
1403637252.838570833206177,48,0,47,1,11
1403637252.888572454452515,48,1,48,0,11
1403637252.938576221466064,48,0,48,0,11
1403637252.988579273223877,48,0,48,0,11
1403637253.038580894470215,48,1,48,0,11
1403637253.088582515716553,48,0,48,0,11
1403637253.138581991195679,48,0,48,0,11
1403637253.188582420349121,48,0,48,0,11
1403637253.238581180572510,48,7,48,0,11
1403637253.288579702377319,48,0,48,0,11
1403637253.338578939437866,46,0,46,0,11
1403637253.388578176498413,46,0,46,0,11
1403637253.438577651977539,46,0,46,0,11
1403637253.488577127456665,46,0,46,0,11
1403637253.538576602935791,46,0,46,0,11
1403637253.588577747344971,45,0,44,0,11
1403637253.638576269149780,45,0,44,0,11
1403637253.688577651977539,45,0,44,1,11
1403637253.738578081130981,45,0,45,0,11
1403637253.788577318191528,45,0,45,0,11
1403637253.838577270507812,46,11,45,1,11
1403637253.888577699661255,46,1,46,0,11
1403637253.938578605651855,46,0,46,0,11
1403637253.988579034805298,46,0,46,0,11
1403637254.038578987121582,46,0,46,0,11
1403637254.088579654693604,46,0,45,1,11
1403637254.138580799102783,46,0,46,0,11
1403637254.188583135604858,46,0,45,0,11
1403637254.238583564758301,46,0,45,0,11
1403637254.288586139678955,45,0,45,0,11
1403637254.338585853576660,45,0,45,0,11
1403637254.388586282730103,45,0,45,0,11
1403637254.438587188720703,46,12,45,1,11
1403637254.488586425781250,49,0,46,3,11
1403637254.538587331771851,49,0,49,0,11
1403637254.588588476181030,49,0,49,0,11
1403637254.638589620590210,49,0,49,0,11
1403637254.688590288162231,49,0,49,0,11
1403637254.738591909408569,49,0,49,0,11
1403637254.788591861724854,49,0,49,0,11
1403637254.838592767715454,49,0,49,0,11
1403637254.888594150543213,49,0,49,0,11
1403637254.938595533370972,49,0,48,0,11
1403637254.988596439361572,49,0,44,0,11
1403637255.038600444793701,48,11,43,0,11
1403637255.088599920272827,47,1,46,1,11
1403637255.138600349426270,47,0,47,0,11
1403637255.188600540161133,47,0,47,0,11
1403637255.238600254058838,47,0,47,0,11
1403637255.288600921630859,47,0,46,1,11
1403637255.338601350784302,47,0,47,0,11
1403637255.388601541519165,47,0,47,0,11
1403637255.438601732254028,48,1,46,1,11
1403637255.488602161407471,48,0,47,1,11
1403637255.538602828979492,46,0,46,0,11
1403637255.588603258132935,46,0,46,0,11
1403637255.638603687286377,46,14,45,0,11
1403637255.688604593276978,46,1,42,2,11
1403637255.738604784011841,44,0,41,0,11
1403637255.788604497909546,42,0,41,0,11
1403637255.838604211807251,40,0,39,0,11
1403637255.888604879379272,40,0,37,0,11
1403637255.938604593276978,38,0,36,0,11
1403637255.988602876663208,37,0,37,0,11
1403637256.038602590560913,38,0,37,1,11
1403637256.088601827621460,37,0,36,0,11
1403637256.138601779937744,37,0,36,0,11
1403637256.188599586486816,36,0,36,0,11
1403637256.238595724105835,41,9,35,5,11
1403637256.288594245910645,41,0,40,0,11
1403637256.338593006134033,40,0,39,0,11
1403637256.388592004776001,41,4,39,1,11
1403637256.438592433929443,40,1,40,0,11
1403637256.488592147827148,40,0,40,0,11
1403637256.538594484329224,40,2,39,0,11
1403637256.588597536087036,40,0,33,0,11
1403637256.638614892959595,43,31,38,5,11
1403637256.688624143600464,43,0,41,0,11
1403637256.738628625869751,41,0,41,0,11
1403637256.788631677627563,41,1,40,0,11
1403637256.838631868362427,41,8,40,1,11
1403637256.888630628585815,42,0,41,1,11
1403637256.938627719879150,42,0,42,0,11
1403637256.988626718521118,41,0,41,0,11
1403637257.038625717163086,43,0,41,2,11
1403637257.088624000549316,44,0,43,1,11
1403637257.138623952865601,44,0,43,0,11
1403637257.188624858856201,44,2,43,0,11
1403637257.238623380661011,43,22,42,0,11
1403637257.288624286651611,43,0,42,0,11
1403637257.338623762130737,42,0,42,0,11
1403637257.388623952865601,42,0,42,0,11
1403637257.438624143600464,43,5,41,2,11
1403637257.488624095916748,43,0,43,0,11
1403637257.538624048233032,44,0,42,1,11
1403637257.588623285293579,44,0,43,0,11
1403637257.638622760772705,44,0,42,1,11
1403637257.688622474670410,44,2,42,0,11
1403637257.738621711730957,43,0,40,0,11
1403637257.788621902465820,41,0,38,0,11
1403637257.838621854782104,43,15,38,4,11
1403637257.888622760772705,43,0,39,0,11
1403637257.938625097274780,39,0,37,0,11
1403637257.988626003265381,38,2,37,0,11
1403637258.038628339767456,40,0,31,4,11
1403637258.088631868362427,39,6,30,0,11
1403637258.138637304306030,31,0,25,0,11
1403637258.188642501831055,29,1,25,0,11
1403637258.238645315170288,26,0,17,1,11
1403637258.288646697998047,21,0,9,0,11
1403637258.338648319244385,16,0,10,1,11
1403637258.388648509979248,11,2,9,0,11
1403637258.438649177551270,21,1,4,10,11
1403637258.488649606704712,39,1,13,23,11
1403637258.538649559020996,39,0,35,0,11
1403637258.588649988174438,38,0,35,2,11
1403637258.638653039932251,39,3,36,3,11
1403637258.688653469085693,38,5,36,0,11
1403637258.738654375076294,39,0,35,2,11
1403637258.788653850555420,38,2,34,1,11
1403637258.838655471801758,42,0,33,5,11
1403637258.888656139373779,42,0,37,2,11
1403637258.938656806945801,43,0,37,3,11
1403637258.988657474517822,47,0,38,5,11
1403637259.038657903671265,44,1,42,0,11
1403637259.088657617568970,48,9,42,6,11
1403637259.138657808303833,48,0,48,0,11
1403637259.188658237457275,49,0,45,1,11
1403637259.238658189773560,49,0,46,0,11
1403637259.288658618927002,48,0,45,3,11
1403637259.338659286499023,48,0,46,0,11
1403637259.388659715652466,48,1,44,0,11
1403637259.438659667968750,47,0,43,1,11
1403637259.488659620285034,47,1,42,2,11
1403637259.538660764694214,45,0,43,0,11
1403637259.588657855987549,45,0,40,2,11
1403637259.638659477233887,46,0,43,2,11
1403637259.688660860061646,49,3,45,4,11
1403637259.738664627075195,49,0,45,0,11
1403637259.788667440414429,47,0,45,0,11
1403637259.838666915893555,46,0,45,1,11
1403637259.888666868209839,46,0,45,0,11
1403637259.938665390014648,46,0,45,0,11
1403637259.988666057586670,46,0,45,1,11
1403637260.038666486740112,46,0,46,0,11
1403637260.088667154312134,46,0,45,0,11
1403637260.138667821884155,46,0,44,0,11
1403637260.188668012619019,45,0,44,0,11
1403637260.238668680191040,45,0,43,1,11
1403637260.288668632507324,46,4,44,1,11
1403637260.338670015335083,46,0,42,1,11
1403637260.388670921325684,47,0,42,2,11
1403637260.438670873641968,46,0,42,1,11
1403637260.488668203353882,42,0,40,1,11
1403637260.538665533065796,42,0,38,0,11
1403637260.588664531707764,44,3,36,3,11
1403637260.638663768768311,45,1,36,5,11
1403637260.688664674758911,45,1,41,2,11
1403637260.738665819168091,45,0,41,2,11
1403637260.788666725158691,43,0,41,0,11
1403637260.838667869567871,42,0,36,0,11
1403637260.888667583465576,41,2,35,4,11
1403637260.938667774200439,39,0,34,0,11
1403637260.988667964935303,39,1,34,0,11
1403637261.038668632507324,33,0,28,2,11
1403637261.088670253753662,32,0,29,0,11
1403637261.138670921325684,31,1,29,1,11
1403637261.188668727874756,33,2,27,4,11
1403637261.238668918609619,32,1,27,0,11
1403637261.288668394088745,30,0,24,0,11
1403637261.338670730590820,26,0,21,0,11
1403637261.388672590255737,25,1,22,1,11
1403637261.438674211502075,25,0,23,2,11
1403637261.488674163818359,26,0,25,1,11
1403637261.538673400878906,26,0,25,0,11
1403637261.588672637939453,27,0,23,1,11
1403637261.638672351837158,26,0,22,1,11
1403637261.688672065734863,23,0,19,0,11
1403637261.738671779632568,22,0,18,0,11
1403637261.788670778274536,21,0,18,2,11
1403637261.838670253753662,20,1,20,0,11
1403637261.888670444488525,20,0,20,0,11
1403637261.938670635223389,20,1,20,0,11
1403637261.988670349121094,20,0,19,0,11
1403637262.038670063018799,20,0,18,0,11
1403637262.088673353195190,22,0,17,3,11
1403637262.138674974441528,22,0,17,1,11
1403637262.188679695129395,21,0,17,2,11
1403637262.238681793212891,22,4,17,2,11
1403637262.288677692413330,15,3,10,0,11
1403637262.338676929473877,13,2,3,1,11
1403637262.388678312301636,11,0,5,1,11
1403637262.438687801361084,18,0,1,12,11
1403637262.488687992095947,17,0,4,1,11
1403637262.538687705993652,14,0,4,1,11
1403637262.588688611984253,6,1,2,0,11
1403637262.638688564300537,4,0,2,0,11
1403637262.688688993453979,2,0,2,0,11
1403637262.738688945770264,2,0,2,0,11
1403637262.788686513900757,4,0,2,2,11
1403637262.838689088821411,6,0,2,2,11
1403637262.888689756393433,6,0,2,0,11
1403637262.938689708709717,4,0,0,0,11
1403637262.988689661026001,2,0,0,0,11
1403637263.038690805435181,3,0,0,3,11
1403637263.088690757751465,3,0,2,0,11
1403637263.138692617416382,4,0,2,1,11
1403637263.188694238662720,4,0,2,1,11
1403637263.238694429397583,4,0,2,0,11
1403637263.288695096969604,3,0,2,0,11
1403637263.338695287704468,2,0,2,0,11
1403637263.388695716857910,2,0,2,0,11
1403637263.438696384429932,2,0,2,0,11
1403637263.488696336746216,2,0,0,0,11
1403637263.538696527481079,2,0,0,0,11
1403637263.588697910308838,3,0,0,3,11
1403637263.638697862625122,3,0,2,0,11
1403637263.688697814941406,3,0,2,0,11
1403637263.738698005676270,2,0,2,0,11
1403637263.788698196411133,2,0,2,0,11
1403637263.838698387145996,2,0,2,0,11
1403637263.888699769973755,3,0,2,1,11
1403637263.938700675964355,4,0,3,1,11
1403637263.988701105117798,4,0,4,0,11
1403637264.038701772689819,4,0,4,0,11
1403637264.088703632354736,6,0,4,2,11
1403637264.138703823089600,6,0,6,0,11
1403637264.188703775405884,6,0,6,0,11
1403637264.238703966140747,6,0,6,0,11
1403637264.288704156875610,6,0,6,0,11
1403637264.338704347610474,7,0,6,1,11
1403637264.388704538345337,7,0,7,0,11
1403637264.438704490661621,7,0,7,0,11
1403637264.488704681396484,7,0,7,0,11
1403637264.538705110549927,7,0,7,0,11
1403637264.588705301284790,7,0,7,0,11
1403637264.638705253601074,7,0,7,0,11
1403637264.688705444335938,7,0,7,0,11
1403637264.738705635070801,7,0,7,0,11
1403637264.788706064224243,7,0,7,0,11
1403637264.838706254959106,7,0,7,0,11
1403637264.888706445693970,7,0,7,0,11
1403637264.938706636428833,7,0,7,0,11
1403637264.988706588745117,8,0,7,1,11
1403637265.038707017898560,8,0,8,0,11
1403637265.088706970214844,8,0,8,0,11
1403637265.138707160949707,8,0,8,0,11
1403637265.188707113265991,8,0,8,0,11
1403637265.238707304000854,8,0,8,0,11
1403637265.288707494735718,8,0,8,0,11
1403637265.338707447052002,8,0,8,0,11
1403637265.388707399368286,8,0,8,0,11
1403637265.438707351684570,8,0,8,0,11
1403637265.488707304000854,8,0,8,0,11
