# timestamp (sec),slam_feats_in_state,msckf_feats_used,slam_feats_updated,slam_feats_delayed_init,clones
1403637149.982654571533203,0,1,0,0,5
1403637150.030152320861816,15,6,0,15,6
1403637150.080313920974731,13,18,10,0,7
1403637150.130261898040771,11,1,5,0,8
1403637150.180390119552612,7,4,2,1,9
1403637150.230326414108276,3,10,2,0,10
1403637150.280533075332642,3,9,0,0,11
1403637150.330495357513428,1,6,0,0,11
1403637150.380427837371826,0,10,0,0,11
1403637150.430588483810425,0,5,0,0,11
1403637150.480736017227173,0,3,0,0,11
1403637150.531186819076538,0,2,0,0,11
1403637150.581427097320557,0,4,0,0,11
1403637150.631877422332764,7,3,0,7,11
1403637150.681949138641357,7,5,6,0,11
1403637150.732016324996948,5,0,4,0,11
1403637150.782041549682617,4,1,4,0,11
1403637150.831967592239380,5,2,4,1,11
1403637150.882152795791626,6,6,4,2,11
1403637150.932169437408447,7,1,6,1,11
1403637150.982273340225220,7,1,7,0,11
1403637151.032281160354614,7,1,7,0,11
1403637151.082495212554932,8,2,7,1,11
1403637151.132533073425293,8,2,7,0,11
1403637151.182747125625610,8,2,7,0,11
1403637151.233105421066284,8,0,7,1,11
1403637151.283262968063354,8,0,8,0,11
1403637151.333308696746826,7,0,7,0,11
1403637151.383309602737427,8,1,6,2,11
1403637151.433357477188110,8,2,8,0,11
1403637151.483383655548096,8,0,8,0,11
1403637151.533498048782349,8,1,8,0,11
1403637151.584039688110352,18,1,8,10,11
1403637151.634030103683472,17,0,15,0,11
1403637151.684005498886108,17,1,15,0,11
1403637151.734016418457031,15,1,15,0,11
1403637151.784099340438843,15,0,14,1,11
1403637151.834252357482910,17,0,15,2,11
1403637151.884230613708496,17,1,16,0,11
1403637151.934337377548218,18,2,14,1,11
1403637151.984235048294067,17,1,9,0,11
1403637152.034169197082520,16,0,9,1,11
1403637152.084140539169312,11,0,9,1,11
1403637152.134127378463745,11,0,10,0,11
1403637152.183694362640381,11,0,10,1,11
1403637152.233723402023315,11,0,11,0,11
1403637152.283754587173462,11,0,11,0,11
1403637152.333739280700684,11,0,11,0,11
1403637152.383767604827881,12,0,11,1,11
1403637152.433877944946289,13,0,11,1,11
1403637152.483883380889893,13,0,10,0,11
1403637152.533904075622559,12,0,9,0,11
1403637152.583916902542114,10,1,8,1,11
1403637152.633984088897705,9,0,6,2,11
1403637152.683997869491577,15,0,7,6,11
1403637152.733980178833008,13,0,12,0,11
1403637152.784002542495728,13,0,11,1,11
1403637152.834016799926758,13,0,12,1,11
1403637152.883974552154541,14,1,13,1,11
1403637152.933937549591064,16,0,14,2,11
1403637152.983959197998047,16,0,15,0,11
1403637153.033965587615967,15,0,14,0,11
1403637153.084016323089600,13,0,13,0,11
1403637153.134056091308594,14,0,13,1,11
1403637153.184045076370239,15,2,14,1,11
1403637153.234093189239502,16,0,15,1,11
1403637153.284123182296753,16,0,15,0,11
1403637153.334118843078613,16,0,14,0,11
1403637153.384188175201416,14,0,10,0,11
1403637153.434224843978882,13,0,9,0,11
1403637153.484228610992432,11,1,8,1,11
1403637153.534227848052979,10,0,8,0,11
1403637153.584216356277466,10,1,7,1,11
1403637153.634219169616699,9,0,9,0,11
1403637153.684218406677246,8,0,8,0,11
1403637153.734226226806641,8,1,8,0,11
1403637153.784217596054077,8,1,8,0,11
1403637153.834210395812988,8,1,7,0,11
1403637153.884223222732544,7,1,7,0,11
1403637153.934228658676147,7,1,7,0,11
1403637153.984255313873291,8,0,7,1,11
1403637154.034275293350220,8,0,7,0,11
1403637154.084376096725464,10,0,8,2,11
1403637154.134411334991455,10,0,9,0,11
1403637154.184592962265015,11,0,9,2,11
1403637154.234616994857788,12,0,11,1,11
1403637154.284630298614502,12,0,12,0,11
1403637154.334696292877197,12,0,12,0,11
1403637154.384666442871094,12,0,12,0,11
1403637154.434665918350220,13,0,12,1,11
1403637154.484669208526611,13,0,12,1,11
1403637154.534633874893188,13,0,13,0,11
1403637154.584653615951538,13,1,10,0,11
1403637154.634602546691895,12,0,9,0,11
1403637154.684535503387451,8,1,8,0,11
1403637154.734523773193359,8,0,7,0,11
1403637154.784584999084473,10,1,6,3,11
1403637154.834618806838989,11,1,6,2,11
1403637154.884671688079834,10,0,7,0,11
1403637154.934719085693359,6,0,6,0,11
1403637154.984824419021606,7,0,5,1,11
1403637155.034881591796875,7,0,6,0,11
1403637155.085000038146973,6,2,5,1,11
1403637155.135109663009644,5,1,5,0,11
1403637155.185142278671265,5,0,5,0,11
1403637155.235198020935059,5,1,5,0,11
1403637155.285280704498291,4,1,4,0,11
1403637155.335278749465942,4,1,4,0,11
1403637155.385288953781128,5,1,4,1,11
1403637155.435324907302856,5,0,4,1,11
1403637155.485356569290161,5,0,5,0,11
1403637155.535355806350708,4,0,4,0,11
1403637155.585507869720459,11,0,4,7,11
1403637155.635457515716553,10,0,8,1,11
1403637155.685447931289673,12,0,9,2,11
1403637155.735447168350220,11,0,11,0,11
1403637155.785465955734253,12,0,11,1,11
1403637155.835494756698608,11,0,11,0,11
1403637155.885496616363525,10,0,9,0,11
1403637155.935462713241577,10,0,9,0,11
1403637155.985447406768799,8,0,8,0,11
1403637156.035450458526611,8,0,7,0,11
1403637156.085446596145630,8,0,6,0,11
1403637156.135447740554810,6,0,6,0,11
1403637156.185445785522461,6,0,6,0,11
1403637156.235441446304321,6,0,5,0,11
1403637156.285442829132080,6,0,5,0,11
1403637156.335435628890991,5,0,5,0,11
1403637156.385411262512207,5,0,5,0,11
1403637156.435410499572754,5,0,5,0,11
1403637156.485399246215820,5,0,5,0,11
1403637156.535357713699341,5,1,5,0,11
1403637156.585351228713989,6,0,5,1,11
1403637156.635350465774536,6,0,6,0,11
1403637156.685343265533447,5,0,5,0,11
1403637156.735333919525146,5,0,5,0,11
1403637156.785186290740967,10,0,5,5,11
1403637156.835125923156738,10,0,9,0,11
1403637156.885087966918945,10,0,8,0,11
1403637156.935038089752197,9,0,7,0,11
1403637156.984979152679443,8,0,7,0,11
1403637157.034978151321411,7,0,3,0,11
1403637157.084975957870483,7,0,3,0,11
1403637157.134978532791138,3,0,2,0,11
1403637157.184968948364258,4,0,2,1,11
1403637157.234969615936279,3,0,2,0,11
1403637157.284966230392456,4,0,2,1,11
1403637157.334973573684692,3,0,3,0,11
1403637157.385185480117798,7,0,2,4,11
1403637157.435248374938965,7,0,5,0,11
1403637157.485453605651855,7,0,6,1,11
1403637157.535500049591064,7,0,7,0,11
1403637157.585575342178345,8,0,7,1,11
1403637157.635620594024658,9,0,8,1,11
1403637157.685653448104858,10,0,8,1,11
1403637157.735661029815674,12,2,9,2,11
1403637157.785697698593140,12,0,11,1,11
1403637157.835736274719238,14,0,11,3,11
1403637157.885775327682495,13,0,13,0,11
1403637157.935787200927734,14,0,12,2,11
1403637157.985806226730347,19,0,14,5,11
1403637158.035796642303467,18,0,18,0,11
1403637158.085793018341064,20,0,18,2,11
1403637158.135819435119629,22,0,19,2,11
1403637158.185826778411865,22,0,21,0,11
1403637158.235821485519409,20,0,19,0,11
1403637158.285814046859741,20,0,19,0,11
1403637158.335839748382568,19,0,18,0,11
1403637158.385863542556763,20,0,18,1,11
1403637158.435977220535278,20,1,18,1,11
1403637158.486043214797974,23,1,18,4,11
1403637158.536116838455200,22,0,20,0,11
1403637158.586209297180176,23,0,20,1,11
1403637158.636268854141235,20,1,18,0,11
1403637158.686308622360229,20,0,17,1,11
1403637158.736322879791260,18,1,17,0,11
1403637158.786357641220093,17,0,16,0,11
1403637158.836432695388794,15,1,15,0,11
1403637158.886464118957520,14,1,13,0,11
1403637158.936497211456299,14,0,13,1,11
1403637158.986494779586792,11,0,9,0,11
1403637159.036547899246216,9,0,7,0,11
1403637159.086588859558105,8,0,8,0,11
1403637159.136612415313721,8,0,8,0,11
1403637159.186624050140381,8,0,8,0,11
1403637159.236637830734253,10,0,8,2,11
1403637159.286607742309570,11,0,9,1,11
1403637159.336592912673950,11,0,11,0,11
1403637159.386576890945435,10,0,10,0,11
1403637159.436550378799438,11,0,9,1,11
1403637159.486536979675293,11,0,8,0,11
1403637159.536546468734741,8,0,8,0,11
1403637159.586563348770142,8,2,8,0,11
1403637159.636603832244873,9,5,8,1,11
1403637159.686583757400513,10,1,8,1,11
1403637159.736605167388916,8,1,6,0,11
1403637159.786636829376221,6,4,5,0,11
1403637159.836657285690308,7,1,5,2,11
1403637159.886719465255737,12,1,7,5,11
1403637159.936738729476929,11,0,10,1,11
1403637159.986741542816162,8,0,8,0,11
1403637160.036728143692017,8,4,8,0,11
1403637160.086718797683716,8,2,8,0,11
1403637160.136715412139893,7,1,7,0,11
1403637160.186785459518433,8,1,7,1,11
1403637160.236804485321045,8,0,6,0,11
1403637160.286811828613281,8,1,6,0,11
1403637160.336820125579834,6,0,6,0,11
1403637160.386827468872070,5,0,5,0,11
1403637160.436900854110718,14,1,5,9,11
1403637160.486946821212769,14,0,13,0,11
1403637160.536965847015381,12,0,12,0,11
1403637160.586993217468262,11,0,11,0,11
1403637160.637023687362671,9,0,9,0,11
1403637160.687081813812256,9,2,9,0,11
1403637160.737196445465088,11,0,8,3,11
1403637160.787288427352905,10,0,10,0,11
1403637160.837357997894287,9,0,8,0,11
1403637160.887438297271729,9,1,8,0,11
1403637160.937541007995605,9,0,8,1,11
1403637160.987607002258301,8,0,8,0,11
1403637161.037666082382202,8,0,7,0,11
1403637161.087760210037231,8,0,4,0,11
1403637161.138000249862671,8,0,7,1,11
1403637161.188039302825928,9,0,7,1,11
1403637161.238070487976074,9,0,7,0,11
1403637161.288094758987427,9,0,8,1,11
1403637161.338307619094849,14,0,9,5,11
1403637161.388493299484253,19,1,13,5,11
1403637161.438585996627808,19,2,19,0,11
1403637161.488714933395386,24,1,18,6,11
1403637161.538847446441650,28,0,24,4,11
1403637161.588907718658447,27,0,27,0,11
1403637161.638996362686157,38,1,25,11,11
1403637161.688954353332520,37,2,36,0,11
1403637161.738899469375610,34,2,31,2,11
1403637161.788866281509399,38,2,31,5,11
1403637161.838812351226807,36,1,34,0,11
1403637161.888747930526733,33,1,31,0,11
1403637161.938708782196045,33,1,28,2,11
1403637161.988764762878418,36,1,31,4,11
1403637162.038798093795776,35,1,31,0,11
1403637162.088925123214722,32,1,18,0,11
1403637162.139058113098145,27,2,13,0,11
1403637162.189151287078857,17,0,6,0,11
1403637162.239295959472656,16,0,1,4,11
1403637162.289580106735229,19,0,0,9,11
1403637162.339606285095215,14,0,4,0,11
1403637162.389636754989624,10,0,5,0,11
1403637162.439743518829346,9,0,5,4,11
1403637162.489779710769653,10,0,6,3,11
1403637162.539963245391846,23,0,7,14,11
1403637162.589885950088501,27,2,19,5,11
1403637162.639764308929443,29,0,21,4,11
1403637162.689607381820679,29,0,25,1,11
1403637162.739467144012451,29,0,23,3,11
1403637162.789370775222778,39,4,25,12,11
1403637162.839304208755493,45,1,34,6,11
1403637162.889229059219360,43,1,34,5,11
1403637162.939132690429688,47,3,33,6,11
1403637162.989029884338379,46,2,38,3,11
1403637163.038964271545410,43,0,38,3,11
1403637163.088917255401611,47,0,39,7,11
1403637163.138893365859985,47,0,44,2,11
1403637163.188899755477905,45,1,41,2,11
1403637163.238905668258667,42,2,40,0,11
1403637163.288913011550903,42,1,38,1,11
1403637163.338915586471558,46,9,38,6,11
1403637163.388916254043579,49,13,42,5,11
1403637163.438981294631958,49,0,46,1,11
1403637163.489015340805054,48,1,41,1,11
1403637163.539069414138794,43,1,36,1,11
1403637163.589090347290039,41,5,35,2,11
1403637163.639130353927612,39,3,34,1,11
1403637163.689152717590332,41,1,30,5,11
1403637163.739208459854126,39,0,33,1,11
1403637163.789268255233765,37,1,30,2,11
1403637163.839355945587158,42,1,33,7,11
1403637163.889429807662964,48,0,39,8,11
1403637163.939522027969360,47,5,47,0,11
1403637163.989624261856079,48,11,44,3,11
1403637164.039645433425903,46,1,45,0,11
1403637164.089649915695190,49,4,44,4,11
1403637164.139643192291260,49,0,47,0,11
1403637164.189632892608643,47,8,44,0,11
1403637164.239606142044067,48,0,44,2,11
1403637164.289582252502441,45,2,41,1,11
1403637164.339577436447144,43,5,40,1,11
1403637164.389561176300049,42,1,40,2,11
1403637164.439577817916870,45,3,42,3,11
1403637164.489580154418945,44,2,43,1,11
1403637164.539590597152710,46,2,42,3,11
1403637164.589653730392456,49,14,45,3,11
1403637164.639657497406006,49,4,48,1,11
1403637164.689646720886230,48,2,47,0,11
1403637164.739622354507446,49,8,47,2,11
1403637164.789587020874023,49,5,47,1,11
1403637164.839563369750977,48,1,45,0,11
1403637164.889551162719727,41,0,40,1,11
1403637164.939541578292847,42,5,38,4,11
1403637164.989537000656128,42,2,37,3,11
1403637165.039523601531982,39,2,36,0,11
1403637165.089522123336792,32,2,27,0,11
1403637165.139530420303345,31,2,24,1,11
1403637165.189544677734375,37,3,23,12,11
1403637165.239536523818970,36,5,28,5,11
1403637165.289501667022705,39,1,31,5,11
1403637165.339480876922607,33,3,30,2,11
1403637165.389473915100098,29,2,24,3,11
1403637165.439477443695068,27,1,23,0,11
1403637165.489481925964355,33,5,21,9,11
1403637165.539450883865356,32,1,25,3,11
1403637165.589425802230835,28,2,19,4,11
1403637165.639414787292480,25,4,17,1,11
1403637165.689399719238281,24,3,13,1,11
1403637165.739384651184082,19,2,7,3,11
1403637165.789384126663208,13,1,6,0,11
1403637165.839387416839600,9,3,6,1,11
1403637165.889379024505615,17,0,7,10,11
1403637165.939368486404419,19,5,11,2,11
1403637165.989319801330566,25,6,13,6,11
1403637166.039298534393311,26,5,17,8,11
1403637166.089313745498657,34,7,23,10,11
1403637166.139328002929688,36,0,32,3,11
1403637166.189318180084229,33,2,30,1,11
1403637166.239324331283569,35,0,30,2,11
1403637166.289329767227173,34,1,32,1,11
1403637166.339353561401367,37,6,30,7,11
1403637166.389318943023682,38,3,36,2,11
1403637166.439332723617554,40,2,33,2,11
1403637166.489358425140381,45,0,32,6,11
1403637166.539382934570312,41,4,35,1,11
1403637166.589474439620972,41,1,37,2,11
1403637166.639527082443237,40,2,37,2,11
1403637166.689584255218506,39,0,38,1,11
1403637166.739599943161011,41,0,36,3,11
1403637166.789616107940674,43,2,34,6,11
1403637166.839608192443848,41,1,39,0,11
1403637166.889609098434448,41,0,39,1,11
1403637166.939646720886230,48,4,39,8,11
1403637166.989667654037476,50,1,44,2,11
1403637167.039684772491455,50,6,45,1,11
1403637167.089692592620850,48,1,43,1,11
1403637167.139702558517456,48,0,42,1,11
1403637167.189711093902588,48,0,41,3,11
1403637167.239672183990479,47,5,39,1,11
1403637167.289648771286011,45,0,31,0,11
1403637167.339625597000122,41,0,30,1,11
1403637167.389588594436646,37,0,31,5,11
1403637167.439554214477539,38,1,34,1,11
1403637167.489537954330444,34,0,29,0,11
1403637167.539523124694824,36,2,31,3,11
1403637167.589525699615479,40,4,33,5,11
1403637167.639525413513184,48,0,37,9,11
1403637167.689522027969360,47,2,45,0,11
1403637167.739528894424438,45,2,42,1,11
1403637167.789527416229248,50,6,43,5,11
1403637167.839521646499634,47,8,43,0,11
1403637167.889519214630127,49,3,42,3,11
1403637167.939511299133301,46,2,42,2,11
1403637167.989537239074707,46,4,38,4,11
1403637168.039545774459839,45,1,41,1,11
1403637168.089548110961914,45,1,37,2,11
1403637168.139550447463989,43,1,37,2,11
1403637168.189555406570435,40,7,37,0,11
1403637168.239555597305298,44,3,32,8,11
1403637168.289567232131958,41,3,36,1,11
1403637168.339574337005615,38,3,34,1,11
1403637168.389576911926270,40,3,32,5,11
1403637168.439580202102661,39,0,33,3,11
1403637168.489583492279053,37,0,34,0,11
1403637168.539590358734131,40,3,31,8,11
1403637168.589590549468994,46,18,37,7,11
1403637168.639574527740479,46,0,40,1,11
1403637168.689559698104858,45,0,39,1,11
1403637168.739562511444092,39,4,35,0,11
1403637168.789558410644531,40,0,34,3,11
1403637168.839553833007812,38,1,32,3,11
1403637168.889553785324097,42,0,31,4,11
1403637168.939548015594482,40,1,32,3,11
1403637168.989543676376343,41,5,35,6,11
1403637169.039539337158203,41,1,40,0,11
1403637169.089532375335693,43,3,35,4,11
1403637169.139521598815918,42,6,35,3,11
1403637169.189509391784668,46,7,34,7,11
1403637169.239489555358887,46,2,40,4,11
1403637169.289474487304688,43,2,40,0,11
1403637169.339460849761963,49,5,37,7,11
1403637169.389467000961304,48,4,39,2,11
1403637169.439469099044800,43,2,35,0,11
1403637169.489471197128296,40,1,31,4,11
1403637169.539474010467529,37,2,34,0,11
1403637169.589490413665771,41,3,31,9,11
1403637169.639494419097900,40,2,35,0,11
1403637169.689499378204346,37,1,31,3,11
1403637169.739497184753418,33,2,30,0,11
1403637169.789500236511230,37,3,25,8,11
1403637169.839500665664673,35,4,33,1,11
1403637169.889495372772217,30,2,29,0,11
1403637169.939486503601074,35,4,25,10,11
1403637169.989469766616821,35,0,32,1,11
1403637170.039462089538574,35,2,30,1,11
1403637170.089459180831909,32,2,29,0,11
1403637170.139451980590820,38,5,25,10,11
1403637170.189449787139893,36,5,32,0,11
1403637170.239446163177490,34,5,28,0,11
1403637170.289439678192139,38,2,24,8,11
1403637170.339438676834106,32,7,28,1,11
1403637170.389437437057495,30,5,28,1,11
1403637170.439432144165039,30,9,25,2,11
1403637170.489430189132690,24,2,22,0,11
1403637170.539420843124390,34,2,19,10,11
1403637170.589417695999146,35,5,28,5,11
1403637170.639416933059692,28,7,25,0,11
1403637170.689415693283081,30,1,23,3,11
1403637170.739413976669312,26,10,24,0,11
1403637170.789413213729858,21,9,17,3,11
1403637170.839398384094238,23,6,18,3,11
1403637170.889382362365723,26,0,20,5,11
1403637170.939374208450317,24,1,22,0,11
1403637170.989362716674805,28,1,20,4,11
1403637171.039346218109131,29,7,22,2,11
1403637171.089343786239624,25,6,21,0,11
1403637171.139344215393066,31,1,19,8,11
1403637171.189369916915894,41,0,23,14,11
1403637171.239405155181885,36,1,31,0,11
1403637171.289438962936401,32,6,31,0,11
1403637171.339478015899658,43,4,31,12,11
1403637171.389495849609375,44,5,42,2,11
1403637171.439498662948608,44,0,44,0,11
1403637171.489498138427734,47,1,44,3,11
1403637171.539505243301392,49,1,46,3,11
1403637171.589505910873413,47,1,46,0,11
1403637171.639494657516479,50,4,44,3,11
1403637171.689485073089600,49,10,47,0,11
1403637171.739476442337036,47,2,46,1,11
1403637171.789464712142944,48,2,46,2,11
1403637171.839465618133545,49,4,47,2,11
1403637171.889463901519775,48,1,48,0,11
1403637171.939465045928955,49,2,46,2,11
1403637171.989464521408081,47,3,44,1,11
1403637172.039456367492676,49,2,42,3,11
1403637172.089460134506226,48,3,43,1,11
1403637172.139444589614868,46,2,38,1,11
1403637172.189397811889648,47,5,38,3,11
1403637172.239348411560059,43,2,40,3,11
1403637172.289317846298218,49,1,39,6,11
1403637172.339320659637451,46,2,44,1,11
1403637172.389333009719849,46,2,45,1,11
1403637172.439349889755249,49,3,45,4,11
1403637172.489382028579712,49,3,48,1,11
1403637172.539403676986694,49,2,49,0,11
1403637172.589419841766357,46,0,46,0,11
1403637172.639427900314331,48,2,45,2,11
1403637172.689431667327881,50,1,47,2,11
1403637172.739429712295532,48,6,48,0,11
1403637172.789418935775757,48,0,46,2,11
1403637172.839391469955444,49,7,46,1,11
1403637172.889357805252075,47,3,44,1,11
1403637172.939339160919189,48,6,43,5,11
1403637172.989330768585205,45,1,45,0,11
1403637173.039332151412964,48,5,44,4,11
1403637173.089328050613403,47,2,46,1,11
1403637173.139322042465210,47,2,47,0,11
1403637173.189322233200073,46,1,46,0,11
1403637173.239286661148071,45,2,43,0,11
1403637173.289239883422852,44,0,37,0,11
1403637173.339190006256104,45,0,26,5,11
1403637173.389150142669678,42,1,35,1,11
1403637173.439091682434082,43,11,35,6,11
1403637173.489091873168945,45,13,36,5,11
1403637173.539106130599976,49,1,35,4,11
1403637173.589128255844116,41,0,35,0,11
1403637173.639156341552734,40,1,24,5,11
1403637173.689170360565186,37,0,15,0,11
1403637173.739181518554688,27,1,8,1,11
1403637173.789192676544189,15,1,7,0,11
1403637173.839203834533691,10,1,6,1,11
1403637173.889205694198608,6,0,2,0,11
1403637173.939208269119263,5,1,2,0,11
1403637173.989229917526245,3,1,2,1,11
1403637174.039280652999878,9,3,2,6,11
1403637174.089369773864746,27,0,5,18,11
1403637174.139375448226929,26,0,18,1,11
1403637174.189384222030640,31,0,18,5,11
1403637174.239379167556763,30,1,22,7,11
1403637174.289383172988892,30,1,27,1,11
1403637174.339397668838501,38,0,19,8,11
1403637174.389434814453125,43,0,27,8,11
1403637174.439447164535522,35,2,30,2,11
1403637174.489456415176392,33,4,31,1,11
1403637174.539461851119995,37,3,32,5,11
1403637174.589465618133545,40,1,35,3,11
1403637174.639460563659668,38,2,34,0,11
1403637174.689459323883057,37,2,32,3,11
1403637174.739483594894409,46,2,33,11,11
1403637174.789485454559326,35,2,33,0,11
1403637174.839471578598022,36,1,29,2,11
1403637174.889461517333984,33,2,24,0,11
1403637174.939439535140991,44,1,23,15,11
1403637174.989435672760010,41,2,37,3,11
1403637175.039437532424927,42,1,40,2,11
1403637175.089431762695312,43,2,40,2,11
1403637175.139430761337280,45,2,42,3,11
1403637175.189431190490723,43,1,41,0,11
1403637175.239442586898804,43,3,36,0,11
1403637175.289449930191040,43,4,36,2,11
1403637175.339449882507324,42,2,32,4,11
1403637175.389420032501221,49,6,36,8,11
1403637175.439415454864502,47,1,39,5,11
1403637175.489409923553467,45,0,41,1,11
1403637175.539404869079590,50,1,42,8,11
1403637175.589404582977295,48,1,44,0,11
1403637175.639403343200684,48,3,43,0,11
1403637175.689399719238281,48,2,42,4,11
1403637175.739398479461670,47,3,46,0,11
1403637175.789400100708008,49,5,44,4,11
1403637175.839397907257080,48,2,47,0,11
1403637175.889388561248779,47,12,45,1,11
1403637175.939390420913696,46,2,45,0,11
1403637175.989397048950195,48,6,42,4,11
1403637176.039412498474121,48,1,44,0,11
1403637176.089418888092041,44,4,42,1,11
1403637176.139420509338379,49,4,40,6,11
1403637176.189420461654663,45,1,43,0,11
1403637176.239419698715210,43,2,40,0,11
1403637176.289423227310181,45,0,40,3,11
1403637176.339423894882202,43,3,40,1,11
1403637176.389441490173340,48,11,39,6,11
1403637176.439449787139893,46,0,43,2,11
1403637176.489456653594971,47,5,44,3,11
1403637176.539458036422729,46,2,46,0,11
1403637176.589471101760864,48,7,42,4,11
1403637176.639473438262939,46,2,44,0,11
1403637176.689474821090698,42,3,42,0,11
1403637176.739478588104248,43,1,42,1,11
1403637176.789478063583374,44,4,43,1,11
1403637176.839479923248291,43,2,43,0,11
1403637176.889479160308838,43,1,43,0,11
1403637176.939481019973755,47,22,40,7,11
1403637176.989481449127197,50,11,46,3,11
1403637177.039479732513428,48,0,47,0,11
1403637177.089475870132446,42,2,41,1,11
1403637177.139473438262939,40,3,38,0,11
1403637177.189470529556274,45,0,38,5,11
1403637177.239472866058350,43,0,43,0,11
1403637177.289472818374634,44,0,42,2,11
1403637177.339474439620972,44,0,42,0,11
1403637177.389482498168945,44,0,40,0,11
1403637177.439488887786865,41,1,37,0,11
1403637177.489495277404785,38,0,32,0,11
1403637177.539534330368042,47,22,31,11,11
1403637177.589541435241699,46,4,39,3,11
1403637177.639548540115356,45,6,41,1,11
1403637177.689552068710327,45,0,42,2,11
1403637177.739553928375244,44,4,44,0,11
1403637177.789551258087158,44,9,43,0,11
1403637177.839548110961914,44,4,42,1,11
1403637177.889546394348145,43,4,43,0,11
1403637177.939542293548584,40,2,40,0,11
1403637177.989537000656128,39,0,39,0,11
1403637178.039521455764771,48,4,36,10,11
1403637178.089520692825317,48,4,44,2,11
1403637178.139516592025757,47,16,43,2,11
1403637178.189506053924561,47,4,39,3,11
1403637178.239508152008057,41,4,30,0,11
1403637178.289525747299194,42,18,28,7,11
1403637178.339530944824219,37,0,28,0,11
1403637178.389534235000610,34,1,23,0,11
1403637178.439534664154053,28,2,23,0,11
1403637178.489536523818970,23,1,19,1,11
1403637178.539537429809570,21,1,18,0,11
1403637178.589541435241699,17,2,16,0,11
1403637178.639549732208252,17,1,15,0,11
1403637178.689553737640381,16,1,15,0,11
1403637178.739581346511841,24,2,14,9,11
1403637178.789589643478394,25,4,23,1,11
1403637178.839596033096313,28,4,24,4,11
1403637178.889597654342651,38,1,26,12,11
1403637178.939597368240356,41,0,36,3,11
1403637178.989601373672485,42,0,38,1,11
1403637179.039589643478394,49,7,34,9,11
1403637179.089571475982666,48,2,41,1,11
1403637179.139573335647583,43,0,42,0,11
1403637179.189584016799927,45,0,42,2,11
1403637179.239583253860474,45,2,40,1,11
1403637179.289591550827026,46,0,40,1,11
1403637179.339591741561890,48,3,41,6,11
1403637179.389587640762329,48,4,45,0,11
1403637179.439585685729980,49,1,42,2,11
1403637179.489575147628784,47,8,42,0,11
1403637179.539569616317749,44,0,41,0,11
1403637179.589569330215454,42,0,41,0,11
1403637179.639558792114258,49,2,36,8,11
1403637179.689555406570435,50,3,46,1,11
1403637179.739549160003662,46,5,43,1,11
1403637179.789538621902466,46,0,43,1,11
1403637179.839529275894165,43,1,41,1,11
1403637179.889520168304443,43,2,41,0,11
1403637179.939513444900513,44,1,40,3,11
1403637179.989495277404785,47,2,38,5,11
1403637180.039491415023804,45,1,37,0,11
1403637180.089476823806763,44,5,36,3,11
1403637180.139476537704468,40,0,37,1,11
1403637180.189473867416382,38,2,36,0,11
1403637180.239468097686768,43,2,33,6,11
1403637180.289473295211792,39,1,33,3,11
1403637180.339472770690918,39,2,29,5,11
1403637180.389469146728516,37,4,36,1,11
1403637180.439464092254639,39,3,30,6,11
1403637180.489461660385132,34,2,31,0,11
1403637180.539461612701416,32,3,30,0,11
1403637180.589466810226440,37,4,26,8,11
1403637180.639467000961304,37,0,34,1,11
1403637180.689472675323486,39,4,34,4,11
1403637180.739477396011353,39,5,37,0,11
1403637180.789477825164795,45,1,34,7,11
1403637180.839472055435181,47,3,39,4,11
1403637180.889467239379883,48,4,42,5,11
1403637180.939465999603271,47,2,43,2,11
1403637180.989464759826660,47,0,42,1,11
1403637181.039461851119995,49,16,39,4,11
1403637181.089456796646118,47,3,40,1,11
1403637181.139453887939453,44,14,39,2,11
1403637181.189457178115845,40,0,36,0,11
1403637181.239457607269287,38,5,35,0,11
1403637181.289453268051147,39,6,33,3,11
1403637181.339449882507324,38,3,32,2,11
1403637181.389445543289185,38,3,32,1,11
1403637181.439445972442627,33,6,28,1,11
1403637181.489448785781860,32,2,26,2,11
1403637181.539452075958252,44,1,25,14,11
1403637181.589453935623169,38,1,33,0,11
1403637181.639454364776611,42,1,32,6,11
1403637181.689457178115845,41,1,36,2,11
1403637181.739458799362183,44,1,33,7,11
1403637181.789457082748413,43,2,40,1,11
1403637181.839452028274536,50,10,39,9,11
1403637181.889452219009399,49,6,45,0,11
1403637181.939452409744263,46,1,43,0,11
1403637181.989453077316284,46,1,41,1,11
1403637182.039452791213989,48,10,40,5,11
1403637182.089453220367432,46,4,43,0,11
1403637182.139454603195190,45,4,39,2,11
1403637182.189456224441528,45,2,39,2,11
1403637182.239456653594971,42,0,40,1,11
1403637182.289457798004150,40,6,36,2,11
1403637182.339457750320435,39,1,35,0,11
1403637182.389458417892456,46,1,33,10,11
1403637182.439456462860107,47,5,38,2,11
1403637182.489451646804810,41,1,37,1,11
1403637182.539449453353882,39,0,37,1,11
1403637182.589440584182739,47,6,37,10,11
1403637182.639436721801758,49,2,46,3,11
1403637182.689434289932251,48,0,47,0,11
1403637182.739428997039795,45,2,44,0,11
1403637182.789427757263184,44,1,42,0,11
1403637182.839427947998047,44,1,42,0,11
1403637182.889420986175537,46,14,42,4,11
1403637182.939422369003296,46,1,46,0,11
1403637182.989422559738159,48,1,45,2,11
1403637183.039421796798706,50,4,46,2,11
1403637183.089422702789307,49,2,46,1,11
1403637183.139423131942749,47,1,43,0,11
1403637183.189422607421875,48,4,44,2,11
1403637183.239423751831055,49,14,44,2,11
1403637183.289425373077393,49,0,45,1,11
1403637183.339425325393677,46,0,45,0,11
1403637183.389424085617065,45,0,40,1,11
1403637183.439422845840454,43,0,39,0,11
1403637183.489420413970947,44,6,40,4,11
1403637183.539418697357178,44,0,42,0,11
1403637183.589419126510620,43,0,41,0,11
1403637183.639415264129639,41,0,39,1,11
1403637183.689415931701660,41,0,35,1,11
1403637183.739425182342529,42,0,35,1,11
1403637183.789431571960449,42,0,28,5,11
1403637183.839438676834106,47,10,27,6,11
1403637183.889438152313232,39,0,13,0,11
1403637183.939428329467773,44,15,12,11,11
1403637183.989426136016846,24,0,17,0,11
1403637184.039422988891602,23,0,17,0,11
1403637184.089420318603516,24,0,16,7,11
1403637184.139413595199585,24,0,23,0,11
1403637184.189400911331177,24,1,23,1,11
1403637184.239394903182983,25,2,23,1,11
1403637184.289392709732056,26,0,24,1,11
1403637184.339392900466919,25,0,22,0,11
1403637184.389387369155884,30,1,15,5,11
1403637184.439397335052490,37,0,19,10,11
1403637184.489413976669312,37,0,22,9,11
1403637184.539438247680664,48,6,32,13,11
1403637184.589465141296387,47,13,36,2,11
1403637184.639472961425781,48,3,37,1,11
1403637184.689481496810913,37,7,33,0,11
1403637184.739478826522827,35,7,20,0,11
1403637184.789476156234741,30,0,12,0,11
1403637184.839473962783813,16,1,6,0,11
1403637184.889473676681519,10,1,0,0,11
1403637184.939471006393433,6,5,0,0,11
1403637184.989470958709717,0,0,0,0,11
1403637185.039462089538574,3,1,0,3,11
1403637185.089440822601318,14,0,2,11,11
1403637185.139430284500122,19,2,11,5,11
1403637185.189401149749756,43,2,16,25,11
1403637185.239400863647461,41,1,40,0,11
1403637185.289397001266479,46,5,40,5,11
1403637185.339395999908447,46,0,45,1,11
1403637185.389396429061890,48,0,45,3,11
1403637185.439394950866699,50,10,46,2,11
1403637185.489389419555664,50,21,47,0,11
1403637185.539379596710205,48,3,47,0,11
1403637185.589371919631958,50,0,46,3,11
1403637185.639371395111084,50,3,47,0,11
1403637185.689370632171631,49,2,47,0,11
1403637185.739369392395020,46,0,45,0,11
1403637185.789364576339722,49,1,44,4,11
1403637185.839364290237427,46,0,42,0,11
1403637185.889359951019287,47,4,42,2,11
1403637185.939359664916992,44,0,40,1,11
1403637185.989358663558960,43,1,39,0,11
1403637186.039353370666504,48,4,39,7,11
1403637186.089345932006836,47,6,46,1,11
1403637186.139340162277222,49,1,47,2,11
1403637186.189332008361816,50,3,48,1,11
1403637186.239322423934937,50,2,49,0,11
1403637186.289314031600952,50,1,48,1,11
1403637186.339313268661499,50,3,50,0,11
1403637186.389315366744995,50,5,49,0,11
1403637186.439317941665649,49,2,49,0,11
1403637186.489320993423462,49,8,48,0,11
1403637186.539314270019531,48,1,47,0,11
1403637186.589313268661499,50,10,47,3,11
1403637186.639307022094727,50,3,50,0,11
1403637186.689303874969482,50,10,50,0,11
1403637186.739292860031128,50,1,50,0,11
1403637186.789289236068726,50,1,49,0,11
1403637186.839291334152222,50,3,49,0,11
1403637186.889294385910034,49,3,49,0,11
1403637186.939301729202271,49,3,47,1,11
1403637186.989308595657349,50,33,49,1,11
1403637187.039313077926636,50,9,48,0,11
1403637187.089316129684448,50,3,48,0,11
1403637187.139316558837891,48,2,48,0,11
1403637187.189315080642700,49,9,47,2,11
1403637187.239311218261719,49,5,48,1,11
1403637187.289301156997681,50,12,49,1,11
1403637187.339297056198120,48,2,47,0,11
1403637187.389296293258667,49,0,47,1,11
1403637187.439298629760742,49,1,47,1,11
1403637187.489301204681396,49,1,47,1,11
1403637187.539303541183472,48,3,46,1,11
1403637187.589301347732544,48,34,47,1,11
1403637187.639299392700195,49,3,47,2,11
1403637187.689295053482056,49,3,49,0,11
1403637187.739291429519653,50,3,49,1,11
1403637187.789292335510254,49,9,49,0,11
1403637187.839290857315063,50,4,49,1,11
1403637187.889290809631348,50,7,48,0,11
1403637187.939290285110474,50,2,48,0,11
1403637187.989288330078125,48,0,48,0,11
1403637188.039287090301514,47,2,47,0,11
1403637188.089286088943481,49,4,47,2,11
1403637188.139285087585449,49,3,48,1,11
1403637188.189282894134521,48,24,48,0,11
1403637188.239278554916382,49,1,46,2,11
1403637188.289277553558350,47,5,47,0,11
1403637188.339277267456055,49,2,44,2,11
1403637188.389276981353760,48,8,45,1,11
1403637188.439277172088623,46,2,46,0,11
1403637188.489276885986328,50,2,46,4,11
1403637188.539274215698242,50,2,50,0,11
1403637188.589262485504150,50,24,50,0,11
1403637188.639264822006226,50,0,50,0,11
1403637188.689263582229614,47,2,46,0,11
1403637188.739262819290161,45,1,44,0,11
1403637188.789253473281860,47,19,44,3,11
1403637188.839252710342407,46,0,45,1,11
1403637188.889244794845581,44,0,44,0,11
1403637188.939235448837280,44,0,42,0,11
1403637188.989222288131714,50,1,41,6,11
1403637189.039211511611938,47,1,27,0,11
1403637189.089200735092163,46,1,28,1,11
1403637189.139193296432495,29,1,27,1,11
1403637189.189179420471191,46,2,28,18,11
1403637189.239184141159058,45,0,43,0,11
1403637189.289191246032715,45,0,43,0,11
1403637189.339190721511841,41,0,41,0,11
1403637189.389176368713379,46,11,41,5,11
1403637189.439172983169556,44,0,44,0,11
1403637189.489168405532837,44,1,44,0,11
1403637189.539166450500488,42,1,42,0,11
1403637189.589160442352295,49,3,40,8,11
1403637189.639169216156006,48,3,44,1,11
1403637189.689179897308350,46,2,42,1,11
1403637189.739185810089111,45,9,42,2,11
1403637189.789186477661133,46,1,42,4,11
1403637189.839187145233154,46,0,46,0,11
1403637189.889186620712280,46,0,46,0,11
1403637189.939189195632935,47,1,46,1,11
1403637189.989193201065063,47,9,44,1,11
1403637190.039198637008667,46,8,40,2,11
1403637190.089198350906372,42,0,39,0,11
1403637190.139198541641235,40,2,37,1,11
1403637190.189197540283203,37,1,35,1,11
1403637190.239195585250854,38,2,35,2,11
1403637190.289195060729980,36,3,36,0,11
1403637190.339194774627686,47,5,33,13,11
1403637190.389195442199707,47,0,44,0,11
1403637190.439194202423096,42,1,41,0,11
1403637190.489192485809326,45,2,37,6,11
1403637190.539193391799927,45,0,42,0,11
1403637190.589191913604736,45,3,40,2,11
1403637190.639191150665283,46,3,40,2,11
1403637190.689193964004517,46,1,41,3,11
1403637190.739195108413696,45,1,44,1,11
1403637190.789194822311401,46,3,45,1,11
1403637190.839198589324951,47,0,43,2,11
1403637190.889200210571289,48,0,45,1,11
1403637190.939202308654785,48,1,45,2,11
1403637190.989200115203857,49,4,47,1,11
1403637191.039198875427246,48,2,48,0,11
1403637191.089192390441895,48,0,46,0,11
1403637191.139188051223755,50,3,45,2,11
1403637191.189182519912720,48,5,47,0,11
1403637191.239176273345947,48,6,47,0,11
1403637191.289175510406494,48,2,47,1,11
1403637191.339174270629883,49,1,47,2,11
1403637191.389174461364746,50,6,49,1,11
1403637191.439174890518188,50,0,50,0,11
1403637191.489175319671631,49,0,49,0,11
1403637191.539178133010864,50,1,47,1,11
1403637191.589185714721680,50,2,41,0,11
1403637191.639191865921021,48,4,41,0,11
1403637191.689194202423096,41,0,38,0,11
1403637191.739201545715332,42,2,37,1,11
1403637191.789205074310303,43,3,35,5,11
1403637191.839199066162109,45,4,41,3,11
1403637191.889194726943970,48,1,43,3,11
1403637191.939190626144409,47,1,44,1,11
1403637191.989184856414795,46,2,45,0,11
1403637192.039185523986816,45,0,45,0,11
1403637192.089183807373047,44,0,43,0,11
1403637192.139179944992065,46,0,42,3,11
1403637192.189177274703979,46,0,45,0,11
1403637192.239171981811523,46,2,42,3,11
1403637192.289171695709229,50,1,44,4,11
1403637192.339163780212402,48,7,47,0,11
1403637192.389158487319946,46,2,45,0,11
1403637192.439148426055908,46,4,45,0,11
1403637192.489140033721924,44,0,40,0,11
1403637192.539134025573730,44,0,40,0,11
1403637192.589129209518433,44,1,39,3,11
1403637192.639130353927612,47,0,41,5,11
1403637192.689127445220947,47,0,45,0,11
1403637192.739125490188599,47,2,42,1,11
1403637192.789122104644775,46,5,42,0,11
1403637192.839119911193848,47,0,42,4,11
1403637192.889119863510132,46,0,46,0,11
1403637192.939116716384888,50,5,44,4,11
1403637192.989118337631226,48,5,47,0,11
1403637193.039119005203247,47,3,45,0,11
1403637193.089122533798218,49,11,45,3,11
1403637193.139123916625977,48,2,47,0,11
1403637193.189126014709473,50,2,45,2,11
1403637193.239130020141602,46,1,46,0,11
1403637193.289133548736572,46,1,43,0,11
1403637193.339136123657227,47,1,41,1,11
1403637193.389140129089355,45,4,42,1,11
1403637193.439141273498535,45,1,41,2,11
1403637193.489140748977661,48,2,42,4,11
1403637193.539139509201050,46,2,44,1,11
1403637193.589133977890015,46,7,44,1,11
1403637193.639131069183350,48,3,45,2,11
1403637193.689131021499634,48,2,45,2,11
1403637193.739132642745972,46,0,46,0,11
1403637193.789135456085205,46,0,42,2,11
1403637193.839139223098755,47,5,43,2,11
1403637193.889143466949463,45,1,43,0,11
1403637193.939150810241699,45,0,40,0,11
1403637193.989158153533936,45,1,38,3,11
1403637194.039159774780273,39,1,37,0,11
1403637194.089161157608032,43,0,37,4,11
1403637194.139160633087158,42,0,39,2,11
1403637194.189164161682129,45,0,41,3,11
1403637194.239166975021362,46,5,43,2,11
1403637194.289168596267700,47,0,43,1,11
1403637194.339171648025513,46,0,39,1,11
1403637194.389171838760376,44,0,41,1,11
1403637194.439173221588135,43,1,41,2,11
1403637194.489172220230103,45,2,40,2,11
1403637194.539172887802124,43,1,38,1,11
1403637194.589174032211304,44,4,38,2,11
1403637194.639175891876221,39,0,35,2,11
1403637194.689176559448242,38,0,35,0,11
1403637194.739173889160156,36,0,34,1,11
1403637194.789173364639282,35,1,32,1,11
1403637194.839173793792725,38,0,32,4,11
1403637194.889174222946167,36,1,35,0,11
1403637194.939172506332397,35,0,34,0,11
1403637194.989169120788574,34,1,32,2,11
1403637195.039168596267700,34,3,32,2,11
1403637195.089168310165405,34,1,31,0,11
1403637195.139167547225952,31,2,27,0,11
1403637195.189162969589233,36,1,26,7,11
1403637195.239160299301147,35,1,28,2,11
1403637195.289158821105957,32,0,26,0,11
1403637195.339151382446289,34,0,23,5,11
1403637195.389145374298096,31,1,28,0,11
1403637195.439141750335693,30,0,28,2,11
1403637195.489140748977661,29,1,26,1,11
1403637195.539136886596680,31,0,21,2,11
1403637195.589132070541382,35,0,20,6,11
1403637195.639129877090454,35,0,25,6,11
1403637195.689131498336792,32,0,29,1,11
1403637195.739129543304443,36,0,30,5,11
1403637195.789130687713623,39,0,33,4,11
1403637195.839133024215698,40,1,34,2,11
1403637195.889130830764771,40,0,33,2,11
1403637195.939133882522583,41,4,28,3,11
1403637195.989131689071655,42,2,26,5,11
1403637196.039137601852417,42,1,31,6,11
1403637196.089138984680176,39,3,37,1,11
1403637196.139143705368042,37,2,34,1,11
1403637196.189147949218750,35,0,35,0,11
1403637196.239152908325195,40,2,29,8,11
1403637196.289150476455688,40,2,35,1,11
1403637196.339143991470337,39,0,31,1,11
1403637196.389136075973511,40,3,30,6,11
1403637196.439131498336792,35,0,33,0,11
1403637196.489121913909912,41,0,29,7,11
1403637196.539113283157349,40,1,37,2,11
1403637196.589106559753418,45,0,38,6,11
1403637196.639105558395386,48,3,42,3,11
1403637196.689102172851562,47,3,42,1,11
1403637196.739101171493530,47,2,42,2,11
1403637196.789099216461182,45,1,39,1,11
1403637196.839096546173096,47,9,39,3,11
1403637196.889094114303589,45,1,42,2,11
1403637196.939093112945557,44,1,40,1,11
1403637196.989090681076050,42,11,33,5,11
1403637197.039091348648071,40,2,35,2,11
1403637197.089092969894409,39,3,37,1,11
1403637197.139094114303589,37,1,34,1,11
1403637197.189092397689819,36,3,29,0,11
1403637197.239094495773315,35,3,25,6,11
1403637197.289094686508179,31,2,24,3,11
1403637197.339095354080200,29,2,24,2,11
1403637197.389096260070801,25,1,23,0,11
1403637197.439098119735718,26,3,19,5,11
1403637197.489102125167847,30,6,16,7,11
1403637197.539102077484131,27,3,17,0,11
1403637197.589102268218994,26,1,15,5,11
1403637197.639099121093750,33,3,16,14,11
1403637197.689100265502930,30,5,25,0,11
1403637197.739101171493530,26,4,20,0,11
1403637197.789099693298340,26,6,19,4,11
1403637197.839098453521729,22,3,17,0,11
1403637197.889098882675171,25,5,11,5,11
1403637197.939100503921509,24,5,13,3,11
1403637197.989100694656372,27,8,14,9,11
1403637198.039105653762817,21,6,19,0,11
1403637198.089107751846313,23,4,17,4,11
1403637198.139108896255493,20,3,18,0,11
1403637198.189114093780518,19,1,16,1,11
1403637198.239114761352539,19,2,14,0,11
1403637198.289116859436035,28,4,11,13,11
1403637198.339117527008057,23,1,22,0,11
1403637198.389118671417236,23,3,22,0,11
1403637198.439119815826416,25,3,21,4,11
1403637198.489117860794067,24,4,24,0,11
1403637198.539118528366089,30,0,21,8,11
1403637198.589121580123901,32,2,22,3,11
1403637198.639120817184448,35,2,23,5,11
1403637198.689116954803467,32,2,24,7,11
1403637198.739114999771118,28,2,23,0,11
1403637198.789113759994507,29,2,23,2,11
1403637198.839103937149048,30,2,23,7,11
1403637198.889095544815063,29,3,26,0,11
1403637198.939083814620972,38,3,22,9,11
1403637198.989081144332886,33,3,29,0,11
1403637199.039083957672119,31,4,27,2,11
1403637199.089086532592773,42,3,28,12,11
1403637199.139090299606323,42,0,33,1,11
1403637199.189091444015503,38,2,32,0,11
1403637199.239087581634521,33,4,30,1,11
1403637199.289086818695068,39,2,28,8,11
1403637199.339087247848511,46,3,32,8,11
1403637199.389084815979004,41,2,40,0,11
1403637199.439082622528076,39,0,38,0,11
1403637199.489083051681519,45,2,38,7,11
1403637199.539083003997803,45,2,45,0,11
1403637199.589083671569824,44,1,42,1,11
1403637199.639081716537476,45,1,39,3,11
1403637199.689079523086548,45,16,38,4,11
1403637199.739074945449829,44,3,39,2,11
1403637199.789069652557373,41,1,34,0,11
1403637199.839069604873657,31,3,24,1,11
1403637199.889069557189941,32,2,21,10,11
1403637199.939071416854858,31,0,29,0,11
1403637199.989072322845459,29,3,26,1,11
1403637200.039071798324585,26,8,25,0,11
1403637200.089074134826660,23,2,14,0,11
1403637200.139071702957153,15,2,13,0,11
1403637200.189059972763062,24,2,11,12,11
1403637200.239058494567871,20,7,20,0,11
1403637200.289052009582520,22,4,17,2,11
1403637200.339045524597168,18,2,13,0,11
1403637200.389029741287231,24,2,12,9,11
1403637200.439026117324829,20,5,18,0,11
1403637200.489019632339478,20,2,18,1,11
1403637200.539011478424072,34,2,17,15,11
1403637200.589006900787354,31,3,28,0,11
1403637200.638998985290527,35,1,27,7,11
1403637200.688995361328125,33,1,29,0,11
1403637200.738986730575562,39,0,25,8,11
1403637200.788982152938843,48,1,32,12,11
1403637200.838965177536011,48,10,42,3,11
1403637200.888959169387817,47,1,43,0,11
1403637200.938948631286621,48,12,40,3,11
1403637200.988947629928589,47,0,41,1,11
1403637201.038945674896240,41,0,38,0,11
1403637201.088941812515259,48,6,37,8,11
1403637201.138940572738647,47,0,43,3,11
1403637201.188937664031982,47,0,46,0,11
1403637201.238935708999634,48,11,44,3,11
1403637201.288932085037231,48,0,46,0,11
1403637201.338927268981934,47,2,45,0,11
1403637201.388926982879639,49,9,44,3,11
1403637201.438925981521606,48,8,45,1,11
1403637201.488926649093628,47,1,46,0,11
1403637201.538925886154175,49,12,46,3,11
1403637201.588926553726196,49,0,47,1,11
1403637201.638925790786743,50,16,48,1,11
1403637201.688925981521606,48,4,47,0,11
1403637201.738928079605103,50,1,47,2,11
1403637201.788928508758545,49,0,49,0,11
1403637201.838927984237671,49,12,48,1,11
1403637201.888928174972534,50,24,49,1,11
1403637201.938923835754395,49,1,48,0,11
1403637201.988915443420410,49,0,49,0,11
1403637202.038911581039429,50,5,49,1,11
1403637202.088903903961182,49,1,48,0,11
1403637202.138897418975830,49,5,48,0,11
1403637202.188897132873535,48,0,48,0,11
1403637202.238901138305664,48,8,46,2,11
1403637202.288902282714844,49,3,48,1,11
1403637202.338903188705444,47,0,47,0,11
1403637202.388904094696045,47,0,47,0,11
1403637202.438903808593750,48,2,46,2,11
1403637202.488906145095825,50,13,48,2,11
1403637202.538906335830688,50,0,50,0,11
1403637202.588905572891235,50,0,50,0,11
1403637202.638905525207520,50,1,50,0,11
1403637202.688905477523804,50,1,49,0,11
1403637202.738908290863037,50,4,48,0,11
1403637202.788908720016479,49,1,45,0,11
1403637202.838911771774292,49,7,44,1,11
1403637202.888914108276367,47,2,42,1,11
1403637202.938916444778442,46,0,43,0,11
1403637202.988918066024780,43,0,42,1,11
1403637203.038920879364014,46,1,41,3,11
1403637203.088926076889038,47,14,45,1,11
1403637203.138926506042480,47,0,45,1,11
1403637203.188926935195923,47,0,46,1,11
1403637203.238929748535156,47,1,44,0,11
1403637203.288931608200073,46,0,43,1,11
1403637203.338931798934937,46,3,44,2,11
1403637203.388933420181274,47,0,46,1,11
1403637203.438933134078979,49,6,47,2,11
1403637203.488933324813843,50,3,49,1,11
1403637203.538932561874390,50,1,50,0,11
1403637203.588932991027832,50,2,50,0,11
1403637203.638932704925537,50,0,49,0,11
1403637203.688933134078979,49,13,48,0,11
1403637203.738932847976685,48,0,47,1,11
1403637203.788932561874390,47,0,46,1,11
1403637203.838932514190674,47,2,47,0,11
1403637203.888933181762695,48,0,47,1,11
1403637203.938933372497559,50,2,47,2,11
1403637203.988934755325317,50,0,50,0,11
1403637204.038934946060181,50,5,49,0,11
1403637204.088935136795044,49,2,49,0,11
1403637204.138935327529907,50,0,49,1,11
1403637204.188935279846191,50,2,50,0,11
1403637204.238935232162476,49,0,49,0,11
1403637204.288933753967285,49,29,49,0,11
1403637204.338930845260620,49,6,49,0,11
1403637204.388926982879639,49,0,49,0,11
1403637204.438923597335815,49,0,49,0,11
1403637204.488920450210571,49,0,49,0,11
1403637204.538919925689697,49,1,49,0,11
1403637204.588920116424561,49,0,49,0,11
1403637204.638920068740845,49,0,49,0,11
1403637204.688921213150024,49,2,49,0,11
1403637204.738920450210571,48,0,48,0,11
1403637204.788923025131226,49,1,48,1,11
1403637204.838925361633301,49,0,49,0,11
1403637204.888926744461060,49,14,49,0,11
1403637204.938930273056030,49,1,49,0,11
1403637204.988932132720947,49,0,49,0,11
1403637205.038933515548706,49,0,49,0,11
1403637205.088932275772095,49,0,49,0,11
1403637205.138931989669800,49,0,49,0,11
1403637205.188930988311768,49,0,49,0,11
1403637205.238930702209473,49,0,49,0,11
1403637205.288927793502808,49,2,49,0,11
1403637205.338926315307617,49,0,49,0,11
1403637205.388925313949585,49,1,49,0,11
1403637205.438925504684448,49,0,49,0,11
1403637205.488928318023682,49,12,49,0,11
1403637205.538929462432861,50,0,48,1,11
1403637205.588929653167725,50,0,49,0,11
1403637205.638928890228271,49,0,49,0,11
1403637205.688927412033081,49,0,49,0,11
1403637205.738925218582153,49,0,49,0,11
1403637205.788923501968384,49,0,49,0,11
1403637205.838922977447510,49,0,49,0,11
1403637205.888922214508057,49,0,49,0,11
1403637205.938920021057129,49,0,48,0,11
1403637205.988919258117676,49,0,48,0,11
1403637206.038918972015381,48,0,48,0,11
1403637206.088918685913086,48,4,48,0,11
1403637206.138918399810791,48,0,48,0,11
1403637206.188919067382812,48,0,48,0,11
1403637206.238919496536255,48,0,48,0,11
1403637206.288920402526855,47,0,47,0,11
1403637206.338920831680298,47,0,47,0,11
1403637206.388920307159424,47,0,47,0,11
1403637206.438920974731445,47,0,47,0,11
1403637206.488921642303467,47,0,47,0,11
1403637206.538921594619751,47,0,47,0,11
1403637206.588920354843140,47,0,47,0,11
1403637206.638919115066528,47,0,47,0,11
1403637206.688919782638550,47,4,47,0,11
1403637206.738919258117676,47,0,47,0,11
1403637206.788920164108276,47,0,47,0,11
1403637206.838920116424561,47,0,47,0,11
1403637206.888921022415161,47,0,47,0,11
1403637206.938920021057129,47,0,46,0,11
1403637206.988919258117676,47,0,47,0,11
1403637207.038921356201172,47,0,46,0,11
1403637207.088921546936035,45,0,45,0,11
1403637207.138922929763794,45,0,45,0,11
1403637207.188921689987183,45,0,43,0,11
1403637207.238924026489258,45,0,43,0,11
1403637207.288927793502808,43,1,42,0,11
1403637207.338930368423462,43,0,42,0,11
1403637207.388930559158325,42,0,42,0,11
1403637207.438930511474609,42,0,42,0,11
1403637207.488932132720947,42,0,42,0,11
1403637207.538932800292969,42,0,42,0,11
1403637207.588937520980835,42,0,42,0,11
1403637207.638938426971436,42,0,42,0,11
1403637207.688938379287720,42,0,42,0,11
1403637207.738937854766846,42,0,42,0,11
1403637207.788938522338867,42,0,42,0,11
1403637207.838939189910889,42,0,42,0,11
1403637207.888943672180176,42,8,42,0,11
1403637207.938946485519409,42,0,42,0,11
1403637207.988946914672852,42,0,42,0,11
1403637208.038947343826294,42,0,42,0,11
1403637208.088947534561157,42,0,42,0,11
1403637208.138944149017334,42,0,42,0,11
1403637208.188945531845093,42,0,42,0,11
1403637208.238945722579956,42,0,42,0,11
1403637208.288945436477661,42,0,42,0,11
1403637208.338947296142578,42,0,41,0,11
1403637208.388947963714600,43,0,42,1,11
1403637208.438946962356567,44,0,43,1,11
1403637208.488946914672852,43,8,43,0,11
1403637208.538947105407715,43,0,43,0,11
1403637208.588946580886841,43,0,43,0,11
1403637208.638946771621704,43,0,43,0,11
1403637208.688946723937988,43,0,43,0,11
1403637208.738946437835693,43,0,43,0,11
1403637208.788947105407715,43,0,43,0,11
1403637208.838948011398315,43,0,43,0,11
1403637208.888947963714600,43,0,43,0,11
1403637208.938948154449463,43,0,43,0,11
1403637208.988947391510010,43,0,43,0,11
1403637209.038947105407715,43,0,43,0,11
1403637209.088941097259521,43,9,43,0,11
1403637209.138939142227173,43,0,43,0,11
1403637209.188935756683350,43,0,43,0,11
1403637209.238931894302368,43,0,43,0,11
1403637209.288932323455811,43,0,43,0,11
1403637209.338931798934937,43,0,43,0,11
1403637209.388931512832642,43,0,43,0,11
1403637209.438932180404663,43,0,43,0,11
1403637209.488933324813843,43,0,43,0,11
1403637209.538931369781494,43,0,43,0,11
1403637209.588932275772095,43,0,43,0,11
1403637209.638933181762695,42,0,42,0,11
1403637209.688936948776245,42,2,42,0,11
1403637209.738939285278320,42,0,42,0,11
1403637209.788941383361816,42,0,42,0,11
1403637209.838943958282471,42,0,42,0,11
1403637209.888944625854492,42,0,42,0,11
1403637209.938945531845093,42,0,42,0,11
1403637209.988945960998535,42,0,42,0,11
1403637210.038946151733398,40,0,40,0,11
1403637210.088944196701050,42,0,39,2,11
1403637210.138943433761597,42,0,42,0,11
1403637210.188942909240723,42,1,42,0,11
1403637210.238943099975586,41,0,41,0,11
1403637210.288938760757446,46,18,40,6,11
1403637210.338937759399414,46,0,45,1,11
1403637210.388931035995483,45,0,45,0,11
1403637210.438920259475708,45,0,45,0,11
1403637210.488909482955933,45,0,45,0,11
1403637210.538897752761841,45,4,44,1,11
1403637210.588893651962280,45,2,45,0,11
1403637210.638891458511353,45,3,45,0,11
1403637210.688879013061523,48,31,45,3,11
1403637210.738883018493652,48,0,48,0,11
1403637210.788888216018677,48,0,48,0,11
1403637210.838893175125122,48,2,48,0,11
1403637210.888900279998779,49,17,48,1,11
1403637210.938902616500854,50,3,49,1,11
1403637210.988904237747192,50,2,48,0,11
1403637211.038905620574951,49,3,47,0,11
1403637211.088907957077026,46,1,43,0,11
1403637211.138906002044678,45,4,42,0,11
1403637211.188907146453857,44,1,41,2,11
1403637211.238905191421509,46,4,42,2,11
1403637211.288905858993530,45,8,42,1,11
1403637211.338906526565552,43,1,40,0,11
1403637211.388909339904785,41,3,39,0,11
1403637211.438910007476807,39,2,39,0,11
1403637211.488909482955933,48,3,38,9,11
1403637211.538915634155273,48,2,44,0,11
1403637211.588917970657349,48,5,44,1,11
1403637211.638918876647949,44,3,43,1,11
1403637211.688920259475708,46,2,41,4,11
1403637211.738920450210571,44,0,42,0,11
1403637211.788921117782593,40,2,38,0,11
1403637211.838922977447510,41,1,37,2,11
1403637211.888922452926636,42,2,37,3,11
1403637211.938923120498657,44,4,37,4,11
1403637211.988922357559204,41,1,36,1,11
1403637212.038918495178223,41,1,35,2,11
1403637212.088917732238770,37,0,31,1,11
1403637212.138915538787842,35,2,31,0,11
1403637212.188908815383911,37,3,27,9,11
1403637212.238912343978882,38,2,33,4,11
1403637212.288908958435059,41,3,35,3,11
1403637212.338909387588501,41,1,34,4,11
1403637212.388908624649048,37,3,35,0,11
1403637212.438907623291016,36,5,31,1,11
1403637212.488908529281616,38,3,33,3,11
1403637212.538908004760742,36,2,35,0,11
1403637212.588906764984131,35,1,34,0,11
1403637212.638904094696045,33,0,31,1,11
1403637212.688903570175171,34,4,30,1,11
1403637212.738905429840088,40,1,29,7,11
1403637212.788904190063477,38,2,35,1,11
1403637212.838903665542603,36,0,29,3,11
1403637212.888902187347412,35,0,27,2,11
1403637212.938902378082275,34,0,29,1,11
1403637212.988901615142822,32,2,27,4,11
1403637213.038898944854736,33,3,28,5,11
1403637213.088898181915283,31,1,28,0,11
1403637213.138897418975830,32,3,28,1,11
1403637213.188897132873535,30,5,28,1,11
1403637213.238897085189819,33,0,28,3,11
1403637213.288897752761841,30,3,29,0,11
1403637213.338898181915283,26,1,26,0,11
1403637213.388899087905884,31,1,24,6,11
1403637213.438899278640747,34,2,27,4,11
1403637213.488898992538452,35,1,28,2,11
1403637213.538899421691895,33,2,28,1,11
1403637213.588898897171021,31,4,26,3,11
1403637213.638896942138672,30,3,26,2,11
1403637213.688895225524902,35,3,28,7,11
1403637213.738893508911133,33,2,31,0,11
1403637213.788892269134521,31,1,27,0,11
1403637213.838890075683594,25,1,22,0,11
1403637213.888889789581299,24,2,22,1,11
1403637213.938889980316162,24,1,23,1,11
1403637213.988892078399658,24,6,24,0,11
1403637214.038892984390259,30,3,23,6,11
1403637214.088892459869385,30,0,28,1,11
1403637214.138893365859985,30,2,28,2,11
1403637214.188893556594849,32,0,29,2,11
1403637214.238893747329712,32,1,28,3,11
1403637214.288893938064575,33,2,26,2,11
1403637214.338892459869385,33,1,26,0,11
1403637214.388892889022827,29,3,23,2,11
1403637214.438894510269165,28,9,23,2,11
1403637214.488896369934082,32,3,23,6,11
1403637214.538895845413208,30,0,26,1,11
1403637214.588897705078125,31,0,27,3,11
1403637214.638899326324463,30,2,28,0,11
1403637214.688900709152222,29,1,27,0,11
1403637214.738901376724243,27,2,21,3,11
1403637214.788903236389160,27,0,25,0,11
1403637214.838903427124023,41,1,24,16,11
1403637214.888905286788940,39,0,38,0,11
1403637214.938906669616699,39,0,38,0,11
1403637214.988906621932983,40,0,36,3,11
1403637215.038907289505005,45,1,37,6,11
1403637215.088910102844238,47,8,40,4,11
1403637215.138911724090576,47,0,42,1,11
1403637215.188912630081177,48,1,39,3,11
1403637215.238912105560303,46,1,35,0,11
1403637215.288912534713745,46,0,34,4,11
1403637215.338912963867188,43,0,40,2,11
1403637215.388913631439209,40,0,37,0,11
1403637215.438918113708496,42,0,25,5,11
1403637215.488926410675049,42,1,37,0,11
1403637215.538927316665649,46,9,37,8,11
1403637215.588924884796143,44,1,41,1,11
1403637215.638922691345215,44,0,40,1,11
1403637215.688920259475708,44,5,40,3,11
1403637215.738918066024780,44,1,41,0,11
1403637215.788920879364014,43,1,40,2,11
1403637215.838926315307617,42,2,39,1,11
1403637215.888926267623901,44,3,39,2,11
1403637215.938925266265869,42,3,38,1,11
1403637215.988920450210571,41,4,35,1,11
1403637216.038915872573853,40,0,33,0,11
1403637216.088891744613647,45,14,34,10,11
1403637216.138888597488403,39,2,35,1,11
1403637216.188881158828735,37,1,30,0,11
1403637216.238875150680542,34,1,20,1,11
1403637216.288872003555298,32,0,16,4,11
1403637216.338867187500000,21,3,20,0,11
1403637216.388862371444702,20,0,18,0,11
1403637216.438857316970825,21,1,16,1,11
1403637216.488852739334106,35,5,16,16,11
1403637216.538851022720337,35,0,28,2,11
1403637216.588850498199463,35,2,30,1,11
1403637216.638851881027222,32,0,29,1,11
1403637216.688851118087769,49,2,30,17,11
1403637216.738849639892578,47,6,41,0,11
1403637216.788847923278809,47,0,37,0,11
1403637216.838847398757935,43,14,38,3,11
1403637216.888849735260010,46,1,41,5,11
1403637216.938853740692139,50,2,46,4,11
1403637216.988857030868530,50,1,50,0,11
1403637217.038859844207764,50,0,50,0,11
1403637217.088862895965576,50,1,50,0,11
1403637217.138861894607544,50,1,50,0,11
1403637217.188863039016724,50,24,47,0,11
1403637217.238863706588745,50,2,48,0,11
1403637217.288864135742188,48,1,48,0,11
1403637217.338865041732788,49,9,48,1,11
1403637217.388864040374756,49,0,49,0,11
1403637217.438864707946777,50,14,49,1,11
1403637217.488862752914429,50,2,50,0,11
1403637217.538859844207764,50,0,50,0,11
1403637217.588856935501099,50,2,49,0,11
1403637217.638849258422852,49,1,48,0,11
1403637217.688838958740234,49,0,48,1,11
1403637217.738834381103516,49,1,47,0,11
1403637217.788827419281006,50,20,46,1,11
1403637217.838820695877075,48,3,48,0,11
1403637217.888815641403198,49,1,46,2,11
1403637217.938811540603638,47,9,46,1,11
1403637217.988810777664185,47,0,46,0,11
1403637218.038811206817627,48,9,46,2,11
1403637218.088812828063965,48,1,47,1,11
1403637218.138815879821777,49,1,46,1,11
1403637218.188818216323853,47,1,45,0,11
1403637218.238819360733032,45,2,44,0,11
1403637218.288819789886475,43,0,43,0,11
1403637218.338820695877075,42,1,42,0,11
1403637218.388819932937622,49,12,41,7,11
1403637218.438821792602539,50,2,47,1,11
1403637218.488821983337402,49,1,48,0,11
1403637218.538822650909424,48,7,47,1,11
1403637218.588823080062866,48,1,48,0,11
1403637218.638823032379150,49,6,47,1,11
1403637218.688822746276855,49,0,48,0,11
1403637218.738825082778931,48,30,47,1,11
1403637218.788825273513794,48,0,46,0,11
1403637218.838826179504395,50,0,44,2,11
1403637218.888827085494995,48,2,45,0,11
1403637218.938826560974121,44,0,43,0,11
1403637218.988827466964722,46,5,43,3,11
1403637219.038827180862427,48,1,45,2,11
1403637219.088828086853027,49,1,44,1,11
1403637219.138831138610840,49,4,43,1,11
1403637219.188832998275757,46,1,41,0,11
1403637219.238832235336304,45,6,37,3,11
1403637219.288833141326904,42,1,39,0,11
1403637219.338836908340454,47,10,39,8,11
1403637219.388837099075317,47,0,47,0,11
1403637219.438833951950073,47,2,46,0,11
1403637219.488825559616089,47,2,39,1,11
1403637219.538818120956421,45,1,38,0,11
1403637219.588808774948120,43,4,35,2,11
1403637219.638810157775879,39,3,34,0,11
1403637219.688811063766479,36,3,33,1,11
1403637219.738810539245605,38,7,34,3,11
1403637219.788809299468994,39,1,36,2,11
1403637219.838814020156860,42,3,37,3,11
1403637219.888813734054565,44,14,39,4,11
1403637219.938814401626587,47,8,35,4,11
1403637219.988819599151611,46,0,27,0,11
1403637220.038822174072266,37,0,25,0,11
1403637220.088824987411499,27,0,26,0,11
1403637220.138825654983521,47,19,26,21,11
1403637220.188826799392700,50,2,45,3,11
1403637220.238828659057617,50,0,49,0,11
1403637220.288828372955322,50,0,45,1,11
1403637220.338826656341553,48,1,45,0,11
1403637220.388826608657837,45,0,44,0,11
1403637220.438826322555542,43,1,41,0,11
1403637220.488829851150513,49,8,41,6,11
1403637220.538830280303955,47,3,45,1,11
1403637220.588830471038818,49,0,44,2,11
1403637220.638830423355103,48,3,45,0,11
1403637220.688831329345703,47,7,46,1,11
1403637220.738830089569092,49,18,45,2,11
1403637220.788826942443848,48,0,44,0,11
1403637220.838824987411499,48,0,43,1,11
1403637220.888823986053467,45,0,43,0,11
1403637220.938821792602539,45,0,42,1,11
1403637220.988820552825928,43,1,40,2,11
1403637221.038820981979370,43,0,42,1,11
1403637221.088820934295654,47,0,43,4,11
1403637221.138821601867676,48,3,47,1,11
1403637221.188825368881226,46,0,46,0,11
1403637221.238825559616089,49,1,46,3,11
1403637221.288825750350952,49,7,48,0,11
1403637221.338826417922974,48,16,46,0,11
1403637221.388824462890625,48,0,45,1,11
1403637221.438823938369751,46,0,45,0,11
1403637221.488821506500244,48,0,45,3,11
1403637221.538818359375000,49,0,47,1,11
1403637221.588817596435547,49,1,48,0,11
1403637221.638816356658936,48,0,48,0,11
1403637221.688814640045166,48,0,46,0,11
1403637221.738814353942871,49,0,46,1,11
1403637221.788813352584839,47,0,46,0,11
1403637221.838812351226807,47,1,45,0,11
1403637221.888813495635986,47,3,45,1,11
1403637221.938814163208008,48,9,45,2,11
1403637221.988815307617188,48,0,37,0,11
1403637222.038815975189209,47,1,38,0,11
1403637222.088817596435547,39,0,38,1,11
1403637222.138818740844727,39,0,38,0,11
1403637222.188818931579590,38,0,37,1,11
1403637222.238817214965820,38,0,36,1,11
1403637222.288815259933472,38,0,37,0,11
1403637222.338809967041016,37,0,36,0,11
1403637222.388805627822876,37,1,36,0,11
1403637222.438800334930420,43,21,29,8,11
1403637222.488799571990967,44,2,40,2,11
1403637222.538799285888672,47,5,41,4,11
1403637222.588801145553589,45,0,45,0,11
1403637222.638803720474243,46,0,44,1,11
1403637222.688804864883423,49,5,45,3,11
1403637222.738812446594238,48,0,47,0,11
1403637222.788823366165161,48,0,46,0,11
1403637222.838827133178711,47,0,47,0,11
1403637222.888833761215210,47,0,47,0,11
1403637222.938839197158813,47,0,47,0,11
1403637222.988838672637939,47,0,47,0,11
1403637223.038836240768433,47,5,47,0,11
1403637223.088832378387451,47,2,44,0,11
1403637223.138824462890625,44,0,44,0,11
1403637223.188814163208008,44,0,44,0,11
1403637223.238802671432495,44,0,44,0,11
1403637223.288795948028564,44,0,44,0,11
1403637223.338793516159058,44,0,44,0,11
1403637223.388792276382446,44,0,44,0,11
1403637223.438792228698730,44,0,44,0,11
1403637223.488791942596436,44,0,44,0,11
1403637223.538791656494141,43,0,43,0,11
1403637223.588791847229004,43,0,43,0,11
1403637223.638786077499390,43,17,43,0,11
1403637223.688789367675781,44,1,43,1,11
1403637223.738790273666382,46,0,44,2,11
1403637223.788790464401245,46,0,46,0,11
1403637223.838791370391846,46,0,46,0,11
1403637223.888791084289551,49,1,46,3,11
1403637223.938790559768677,48,0,48,0,11
1403637223.988789319992065,48,0,48,0,11
1403637224.038788795471191,48,0,48,0,11
1403637224.088788509368896,48,0,48,0,11
1403637224.138782978057861,48,0,46,0,11
1403637224.188784837722778,47,0,46,0,11
1403637224.238783836364746,46,0,46,0,11
1403637224.288780689239502,46,0,41,0,11
1403637224.338779211044312,46,0,40,0,11
1403637224.388778448104858,41,0,27,0,11
1403637224.438781023025513,40,0,24,0,11
1403637224.488781452178955,26,0,24,0,11
1403637224.538781642913818,24,0,21,0,11
1403637224.588781356811523,23,0,19,0,11
1403637224.638782024383545,21,0,19,0,11
1403637224.688782691955566,19,0,19,0,11
1403637224.738781213760376,19,0,19,0,11
1403637224.788782119750977,19,0,19,0,11
1403637224.838784694671631,20,0,19,1,11
1403637224.888785600662231,20,0,20,0,11
1403637224.938786745071411,20,0,19,0,11
1403637224.988787174224854,20,0,19,0,11
1403637225.038787841796875,20,0,19,1,11
1403637225.088788747787476,20,0,20,0,11
1403637225.138789415359497,20,0,20,0,11
1403637225.188789606094360,20,0,20,0,11
1403637225.238790035247803,20,0,20,0,11
1403637225.288790464401245,20,0,20,0,11
1403637225.338790416717529,20,0,20,0,11
1403637225.388790607452393,20,0,20,0,11
1403637225.438790559768677,26,1,20,6,11
1403637225.488790512084961,27,0,25,1,11
1403637225.538790941238403,27,0,26,0,11
1403637225.588791131973267,27,0,26,1,11
1403637225.638792276382446,27,0,26,0,11
1403637225.688792467117310,26,0,26,0,11
1403637225.738792896270752,26,0,26,0,11
1403637225.788792610168457,26,0,26,0,11
1403637225.838792085647583,26,0,26,0,11
1403637225.888790130615234,26,0,26,0,11
1403637225.938788414001465,26,0,26,0,11
1403637225.988786220550537,26,0,26,0,11
1403637226.038784742355347,26,1,26,0,11
1403637226.088783979415894,26,0,26,0,11
1403637226.138783931732178,26,0,26,0,11
1403637226.188783407211304,26,0,26,0,11
1403637226.238785743713379,25,0,25,0,11
1403637226.288788557052612,25,0,25,0,11
1403637226.338789224624634,25,0,25,0,11
1403637226.388788700103760,25,0,25,0,11
1403637226.438790321350098,26,0,25,1,11
1403637226.488791704177856,26,0,25,0,11
1403637226.538791894912720,27,0,25,1,11
1403637226.588791847229004,28,0,26,2,11
1403637226.638793706893921,34,1,26,6,11
1403637226.688795804977417,35,0,32,1,11
1403637226.738797426223755,34,0,32,1,11
1403637226.788798570632935,36,0,32,2,11
1403637226.838799953460693,35,0,29,1,11
1403637226.888803243637085,37,0,28,3,11
1403637226.938804864883423,36,0,24,3,11
1403637226.988807439804077,35,0,24,1,11
1403637227.038808822631836,31,0,24,3,11
1403637227.088811159133911,28,0,24,0,11
1403637227.138815402984619,26,0,24,0,11
1403637227.188816308975220,25,0,24,1,11
1403637227.238816976547241,27,1,25,2,11
1403637227.288816690444946,27,0,27,0,11
1403637227.338817119598389,27,0,27,0,11
1403637227.388817548751831,28,0,26,1,11
1403637227.438816785812378,29,0,27,1,11
1403637227.488816976547241,32,0,28,4,11
1403637227.538817167282104,35,0,30,3,11
1403637227.588818073272705,35,0,32,0,11
1403637227.638817310333252,36,0,32,3,11
1403637227.688817739486694,35,0,34,1,11
1403637227.738816499710083,35,0,35,0,11
1403637227.788816928863525,35,0,35,0,11
1403637227.838817358016968,35,1,34,1,11
1403637227.888820171356201,35,0,35,0,11
1403637227.938820362091064,35,0,35,0,11
1403637227.988821744918823,35,0,35,0,11
1403637228.038821935653687,34,0,34,0,11
1403637228.088822126388550,34,0,34,0,11
1403637228.138821840286255,34,0,34,0,11
1403637228.188822031021118,34,0,34,0,11
1403637228.238821983337402,34,0,34,0,11
1403637228.288822174072266,34,0,34,0,11
1403637228.338822364807129,34,0,34,0,11
1403637228.388822078704834,34,0,29,0,11
1403637228.438822031021118,34,0,25,0,11
1403637228.488821983337402,33,0,24,5,11
1403637228.538821935653687,29,0,23,1,11
1403637228.588824033737183,29,0,22,1,11
1403637228.638826131820679,27,0,22,3,11
1403637228.688831329345703,27,0,24,1,11
1403637228.738834857940674,27,0,19,1,11
1403637228.788836002349854,27,0,9,1,11
1403637228.838836908340454,24,0,9,3,11
1403637228.888836860656738,16,0,11,3,11
1403637228.938836336135864,16,0,14,1,11
1403637228.988834857940674,15,0,12,0,11
1403637229.038834571838379,15,0,13,1,11
1403637229.088834762573242,15,0,14,1,11
1403637229.138834476470947,15,0,15,0,11
1403637229.188834428787231,15,0,15,0,11
1403637229.238834142684937,15,0,15,0,11
1403637229.288834810256958,15,0,14,0,11
1403637229.338835477828979,15,0,13,0,11
1403637229.388836145401001,14,0,11,0,11
1403637229.438837051391602,14,0,11,1,11
1403637229.488838195800781,14,0,11,2,11
1403637229.538839340209961,14,0,13,1,11
1403637229.588840246200562,14,0,14,0,11
1403637229.638840675354004,14,0,10,0,11
1403637229.688841581344604,14,0,6,0,11
1403637229.738842725753784,15,0,4,5,11
1403637229.788843631744385,13,0,7,2,11
1403637229.838845014572144,14,0,9,3,11
1403637229.888845682144165,13,0,9,1,11
1403637229.938846349716187,13,0,10,0,11
1403637229.988847494125366,14,0,10,4,11
1403637230.038848876953125,15,0,11,2,11
1403637230.088850975036621,16,0,13,1,11
1403637230.138853073120117,14,0,14,0,11
1403637230.188854694366455,14,0,10,1,11
1403637230.238856077194214,14,1,9,0,11
1403637230.288857698440552,14,1,7,3,11
1403637230.338859558105469,12,0,10,1,11
1403637230.388861417770386,10,1,10,0,11
1403637230.438863515853882,10,0,10,0,11
1403637230.488865137100220,10,0,10,0,11
1403637230.538867473602295,11,0,10,1,11
1403637230.588867425918579,11,0,11,0,11
1403637230.638866901397705,12,1,11,1,11
1403637230.688866376876831,18,2,10,6,11
1403637230.738866806030273,18,0,15,0,11
1403637230.788868188858032,17,0,14,1,11
1403637230.838868379592896,17,0,15,1,11
1403637230.888867855072021,16,0,15,1,11
1403637230.938866615295410,15,0,14,0,11
1403637230.988865852355957,14,0,12,0,11
1403637231.038866281509399,13,0,10,0,11
1403637231.088866710662842,12,0,5,0,11
1403637231.138867616653442,12,1,4,2,11
1403637231.188867807388306,10,0,2,3,11
1403637231.238867759704590,6,0,2,0,11
1403637231.288868904113770,6,0,1,5,11
1403637231.338869094848633,4,0,2,0,11
1403637231.388869047164917,3,0,0,0,11
1403637231.438868999481201,2,0,0,1,11
1403637231.488868951797485,1,0,1,0,11
1403637231.538869142532349,1,0,1,0,11
1403637231.588868618011475,1,3,1,0,11
1403637231.638869047164917,1,1,1,0,11
1403637231.688868761062622,1,1,1,0,11
1403637231.738868951797485,1,0,1,0,11
1403637231.788869142532349,2,0,1,1,11
1403637231.838871479034424,22,0,2,20,11
1403637231.888868093490601,43,1,20,21,11
1403637231.938868284225464,40,2,36,0,11
1403637231.988868951797485,34,1,33,1,11
1403637232.038866758346558,34,3,30,1,11
1403637232.088859796524048,40,1,28,10,11
1403637232.138859510421753,36,1,35,0,11
1403637232.188858270645142,38,0,34,4,11
1403637232.238858222961426,41,1,36,4,11
1403637232.288858890533447,39,0,38,0,11
1403637232.338859081268311,37,0,35,1,11
1403637232.388858079910278,34,0,33,0,11
1403637232.438858509063721,34,0,31,3,11
1403637232.488857507705688,30,1,30,0,11
1403637232.538855791091919,30,2,30,0,11
1403637232.588852167129517,32,0,30,2,11
1403637232.638849496841431,32,0,31,0,11
1403637232.688846349716187,33,1,30,3,11
1403637232.738844871520996,38,0,33,5,11
1403637232.788844108581543,39,0,36,2,11
1403637232.838842868804932,46,1,37,7,11
1403637232.888843059539795,45,1,41,0,11
1403637232.938841342926025,48,5,41,5,11
1403637232.988842487335205,46,0,44,0,11
1403637233.038845539093018,46,13,41,4,11
1403637233.088846445083618,45,0,44,0,11
1403637233.138847589492798,45,0,44,0,11
1403637233.188848018646240,48,0,44,4,11
1403637233.238847255706787,48,0,48,0,11
1403637233.288847208023071,48,2,47,1,11
1403637233.338848829269409,50,7,48,2,11
1403637233.388848543167114,50,3,49,0,11
1403637233.438847303390503,49,0,47,0,11
1403637233.488845109939575,49,0,45,1,11
1403637233.538842201232910,49,16,44,1,11
1403637233.588840246200562,44,1,43,0,11
1403637233.638839960098267,46,10,37,5,11
1403637233.688839912414551,44,0,42,0,11
1403637233.738839864730835,40,1,40,0,11
1403637233.788838148117065,40,2,39,0,11
1403637233.838835477828979,40,3,39,0,11
1403637233.888833522796631,37,6,37,0,11
1403637233.938830375671387,39,0,35,2,11
1403637233.988828420639038,40,0,37,1,11
1403637234.038827657699585,38,3,37,0,11
1403637234.088826894760132,37,1,31,0,11
1403637234.138826608657837,46,3,31,10,11
1403637234.188826799392700,42,2,41,1,11
1403637234.238823890686035,48,1,40,7,11
1403637234.288823127746582,44,3,42,1,11
1403637234.338817834854126,45,0,41,2,11
1403637234.388816595077515,46,4,38,5,11
1403637234.438814878463745,45,3,42,1,11
1403637234.488811731338501,45,2,41,1,11
1403637234.538811922073364,44,2,41,1,11
1403637234.588811874389648,43,2,41,0,11
1403637234.638813257217407,41,2,39,1,11
1403637234.688814163208008,38,1,38,0,11
1403637234.738814353942871,39,4,35,4,11
1403637234.788815021514893,40,2,39,1,11
1403637234.838816165924072,42,2,39,2,11
1403637234.888817548751831,39,4,34,3,11
1403637234.938819169998169,36,1,32,0,11
1403637234.988819360733032,42,0,30,9,11
1403637235.038819313049316,40,1,36,1,11
1403637235.088818550109863,40,0,32,2,11
1403637235.138820409774780,40,0,33,3,11
1403637235.188819646835327,40,0,34,5,11
1403637235.238820552825928,39,1,38,0,11
1403637235.288820266723633,42,4,36,4,11
1403637235.338819026947021,42,0,39,0,11
1403637235.388813257217407,48,12,37,7,11
1403637235.438812494277954,46,0,41,0,11
1403637235.488811731338501,43,3,38,0,11
1403637235.538810253143311,44,1,38,3,11
1403637235.588808298110962,48,1,39,7,11
1403637235.638808727264404,49,0,44,1,11
1403637235.688813686370850,48,0,45,0,11
1403637235.738816499710083,46,13,42,2,11
1403637235.788821458816528,45,2,39,3,11
1403637235.838823080062866,43,4,39,0,11
1403637235.888822078704834,39,1,38,0,11
1403637235.938822984695435,37,3,34,1,11
1403637235.988828897476196,45,10,31,13,11
1403637236.038829803466797,43,2,40,0,11
1403637236.088829994201660,44,0,40,2,11
1403637236.138829469680786,37,1,36,0,11
1403637236.188828706741333,35,3,32,0,11
1403637236.238827943801880,33,1,29,0,11
1403637236.288828134536743,31,6,27,0,11
1403637236.338829755783081,36,4,25,10,11
1403637236.388830661773682,33,0,29,0,11
1403637236.438831090927124,30,4,28,0,11
1403637236.488832712173462,34,3,25,6,11
1403637236.538833856582642,32,4,31,0,11
1403637236.588835477828979,34,4,28,5,11
1403637236.638836145401001,34,2,33,0,11
1403637236.688837051391602,36,5,32,2,11
1403637236.738838911056519,38,2,32,4,11
1403637236.788839101791382,35,3,32,2,11
1403637236.838840723037720,39,4,31,6,11
1403637236.888840436935425,35,3,31,0,11
1403637236.938841819763184,40,5,27,8,11
1403637236.988842487335205,33,3,28,2,11
1403637237.038842678070068,34,5,28,3,11
1403637237.088842391967773,32,4,27,1,11
1403637237.138841152191162,30,8,23,5,11
1403637237.188839435577393,29,4,24,3,11
1403637237.238837718963623,25,3,22,0,11
1403637237.288836717605591,32,4,22,8,11
1403637237.338835000991821,41,3,28,12,11
1403637237.388838529586792,42,0,37,1,11
1403637237.438840150833130,44,0,34,5,11
1403637237.488841533660889,41,1,35,0,11
1403637237.538844108581543,43,2,32,6,11
1403637237.588844537734985,38,0,36,0,11
1403637237.638843297958374,36,2,34,0,11
1403637237.688841104507446,41,1,31,6,11
1403637237.738841056823730,40,2,35,1,11
1403637237.788841724395752,43,0,35,6,11
1403637237.838836908340454,47,7,39,7,11
1403637237.888837099075317,46,0,46,0,11
1403637237.938837051391602,47,0,46,1,11
1403637237.988832235336304,50,9,47,3,11
1403637238.038830518722534,50,1,50,0,11
1403637238.088829755783081,50,2,50,0,11
1403637238.138827562332153,50,3,48,0,11
1403637238.188824415206909,49,3,45,0,11
1403637238.238816976547241,48,15,46,1,11
1403637238.288816690444946,48,0,46,1,11
1403637238.338815689086914,49,0,46,1,11
1403637238.388813495635986,49,1,46,1,11
1403637238.438812971115112,49,7,45,1,11
1403637238.488812446594238,47,0,46,1,11
1403637238.538813114166260,47,0,46,0,11
1403637238.588812351226807,50,1,44,3,11
1403637238.638810634613037,49,0,45,0,11
1403637238.688809156417847,48,3,43,0,11
1403637238.738805770874023,46,3,40,1,11
1403637238.788806676864624,43,0,41,1,11
1403637238.838803291320801,48,10,42,6,11
1403637238.888802528381348,49,2,47,1,11
1403637238.938803195953369,48,4,47,0,11
1403637238.988801956176758,49,2,47,1,11
1403637239.038796424865723,48,15,44,1,11
1403637239.088788747787476,46,2,44,1,11
1403637239.138779163360596,44,1,43,0,11
1403637239.188768625259399,46,1,43,3,11
1403637239.238760709762573,47,0,44,1,11
1403637239.288761138916016,49,5,45,2,11
1403637239.338757276535034,47,6,44,1,11
1403637239.388752460479736,49,8,44,3,11
1403637239.438750267028809,47,7,46,1,11
1403637239.488749980926514,46,0,44,0,11
1403637239.538764238357544,47,25,42,4,11
1403637239.588764190673828,46,1,44,1,11
1403637239.638767004013062,42,5,37,3,11
1403637239.688766479492188,37,4,35,1,11
1403637239.738764762878418,34,5,31,0,11
1403637239.788765192031860,30,4,28,0,11
1403637239.838765859603882,27,3,25,0,11
1403637239.888766288757324,24,3,19,1,11
1403637239.938767194747925,19,4,16,1,11
1403637239.988767862319946,18,1,13,1,11
1403637240.038769483566284,16,2,11,2,11
1403637240.088771104812622,13,4,11,0,11
1403637240.138768911361694,44,4,9,35,11
1403637240.188773870468140,39,0,37,0,11
1403637240.238782167434692,37,5,30,3,11
1403637240.288788557052612,32,2,27,0,11
1403637240.338793277740479,28,0,22,0,11
1403637240.388798952102661,31,1,18,7,11
1403637240.438808679580688,27,11,24,0,11
1403637240.488810539245605,23,4,17,0,11
1403637240.538812160491943,35,0,16,13,11
1403637240.588805437088013,29,3,28,0,11
1403637240.638799667358398,28,3,27,0,11
1403637240.688796758651733,27,2,25,0,11
1403637240.738795757293701,26,2,25,0,11
1403637240.788795232772827,32,3,25,7,11
1403637240.838795661926270,30,6,28,2,11
1403637240.888799667358398,34,3,27,6,11
1403637240.938802242279053,34,2,32,2,11
1403637240.988802909851074,47,1,34,13,11
1403637241.038800954818726,48,2,44,3,11
1403637241.088800430297852,49,7,44,2,11
1403637241.138799905776978,46,2,42,1,11
1403637241.188800334930420,44,6,38,3,11
1403637241.238801956176758,42,1,39,0,11
1403637241.288803815841675,40,0,37,0,11
1403637241.338804483413696,40,0,35,3,11
1403637241.388806819915771,44,1,36,5,11
1403637241.438808441162109,43,1,40,0,11
1403637241.488810300827026,41,0,37,0,11
1403637241.538813352584839,44,4,32,7,11
1403637241.588813066482544,39,1,35,0,11
1403637241.638813734054565,42,1,34,6,11
1403637241.688815355300903,41,1,38,2,11
1403637241.738815784454346,43,1,35,5,11
1403637241.788817644119263,45,1,37,3,11
1403637241.838825225830078,46,9,41,3,11
1403637241.888826847076416,44,1,43,1,11
1403637241.938827037811279,41,0,40,0,11
1403637241.988827228546143,40,1,38,0,11
1403637242.038827180862427,39,1,38,0,11
1403637242.088827371597290,37,0,37,0,11
1403637242.138828277587891,43,0,36,6,11
1403637242.188828468322754,46,0,40,3,11
1403637242.238829612731934,46,0,44,1,11
1403637242.288830518722534,44,0,41,0,11
1403637242.338832616806030,43,1,36,3,11
1403637242.388832807540894,42,1,38,2,11
1403637242.438834428787231,44,6,39,4,11
1403637242.488835573196411,49,0,43,6,11
1403637242.538837432861328,48,0,45,0,11
1403637242.588840246200562,46,0,43,0,11
1403637242.638842105865479,45,0,42,3,11
1403637242.688844203948975,43,1,43,0,11
1403637242.738846063613892,42,2,41,0,11
1403637242.788848400115967,43,0,38,3,11
1403637242.838850259780884,44,1,38,2,11
1403637242.888849735260010,43,1,40,0,11
1403637242.938848972320557,40,0,39,1,11
1403637242.988848209381104,40,3,39,1,11
1403637243.038849592208862,49,3,39,9,11
1403637243.088850736618042,50,1,48,1,11
1403637243.138851404190063,50,1,48,1,11
1403637243.188851594924927,48,4,47,0,11
1403637243.238849639892578,48,2,46,0,11
1403637243.288849353790283,49,0,45,2,11
1403637243.338850498199463,49,4,46,1,11
1403637243.388851404190063,50,7,45,2,11
1403637243.438850641250610,48,8,45,0,11
1403637243.488849878311157,48,1,43,2,11
1403637243.538850784301758,44,0,41,0,11
1403637243.588849782943726,48,4,39,6,11
1403637243.638850212097168,47,2,43,1,11
1403637243.688850641250610,46,2,43,1,11
1403637243.738851308822632,45,1,42,1,11
1403637243.788852691650391,46,0,42,3,11
1403637243.838854074478149,41,1,39,0,11
1403637243.888854503631592,42,1,38,2,11
1403637243.938855648040771,41,1,34,2,11
1403637243.988858699798584,44,0,35,4,11
1403637244.038862228393555,48,15,37,8,11
1403637244.088862419128418,49,0,45,2,11
1403637244.138862371444702,50,0,44,3,11
1403637244.188863515853882,50,3,47,0,11
1403637244.238863229751587,48,2,47,1,11
1403637244.288863182067871,49,1,46,1,11
1403637244.338864088058472,49,0,45,0,11
1403637244.388863801956177,49,0,45,2,11
1403637244.438862085342407,48,9,46,1,11
1403637244.488859653472900,48,0,46,0,11
1403637244.538858175277710,46,4,43,1,11
1403637244.588857889175415,44,0,41,1,11
1403637244.638856410980225,47,19,40,5,11
1403637244.688856124877930,47,0,41,1,11
1403637244.738856315612793,46,1,42,0,11
1403637244.788856267929077,46,0,42,3,11
1403637244.838856697082520,47,0,44,3,11
1403637244.888856887817383,47,0,46,0,11
1403637244.938855409622192,45,1,42,0,11
1403637244.988855600357056,44,0,41,0,11
1403637245.038852453231812,45,19,40,5,11
1403637245.088850975036621,43,0,43,0,11
1403637245.138852596282959,43,1,41,1,11
1403637245.188852787017822,43,0,41,1,11
1403637245.238850116729736,49,10,42,6,11
1403637245.288851022720337,48,0,47,0,11
1403637245.338850975036621,49,0,47,1,11
1403637245.388850450515747,49,2,47,1,11
1403637245.438849925994873,50,1,43,1,11
1403637245.488849401473999,49,0,41,1,11
1403637245.538849353790283,45,0,42,0,11
1403637245.588848352432251,45,13,40,4,11
1403637245.638846635818481,50,16,42,5,11
1403637245.688848018646240,47,1,44,0,11
1403637245.738850116729736,45,0,42,0,11
1403637245.788850784301758,41,0,35,1,11
1403637245.838851213455200,45,4,34,8,11
1403637245.888853073120117,41,1,37,1,11
1403637245.938854217529297,36,5,31,1,11
1403637245.988855600357056,31,1,28,0,11
1403637246.038856267929077,28,0,21,1,11
1403637246.088856458663940,24,2,19,1,11
1403637246.138856172561646,21,0,19,0,11
1403637246.188854217529297,29,4,18,9,11
1403637246.238853454589844,33,2,24,6,11
1403637246.288855314254761,33,4,29,0,11
1403637246.338854551315308,39,1,25,10,11
1403637246.388854503631592,38,2,35,0,11
1403637246.438853740692139,34,2,32,0,11
1403637246.488854169845581,42,0,30,10,11
1403637246.538854837417603,40,0,40,0,11
1403637246.588853120803833,49,3,37,9,11
1403637246.638852119445801,42,0,33,0,11
1403637246.688851118087769,35,0,31,0,11
1403637246.738850116729736,31,0,31,0,11
1403637246.788852453231812,33,2,28,5,11
1403637246.838852405548096,29,0,27,1,11
1403637246.888853311538696,25,1,22,0,11
1403637246.938861131668091,33,2,20,12,11
1403637246.988866806030273,30,2,30,0,11
1403637247.038871049880981,30,0,29,0,11
1403637247.088873386383057,30,0,27,0,11
1403637247.138876438140869,36,0,29,7,11
1403637247.188876390457153,36,0,35,0,11
1403637247.238877534866333,50,1,32,14,11
1403637247.288877248764038,48,2,46,0,11
1403637247.338878870010376,48,0,46,2,11
1403637247.388887882232666,48,14,48,0,11
1403637247.438887357711792,47,0,47,0,11
1403637247.488888502120972,47,3,47,0,11
1403637247.538891792297363,49,9,43,3,11
1403637247.588891029357910,49,1,47,0,11
1403637247.638889789581299,47,0,47,0,11
1403637247.688885927200317,50,3,45,3,11
1403637247.738882303237915,49,1,47,0,11
1403637247.788876771926880,47,1,47,0,11
1403637247.838872194290161,47,0,42,1,11
1403637247.888869524002075,48,0,42,1,11
1403637247.938865900039673,45,1,42,1,11
1403637247.988862514495850,46,16,40,5,11
1403637248.038860321044922,43,1,43,0,11
1403637248.088857889175415,40,1,39,0,11
1403637248.138856172561646,46,2,39,7,11
1403637248.188855886459351,46,0,46,0,11
1403637248.238855600357056,46,0,46,0,11
1403637248.288853883743286,49,2,46,3,11
1403637248.338853120803833,48,1,46,0,11
1403637248.388852596282959,47,1,46,0,11
1403637248.438851833343506,47,7,43,3,11
1403637248.488851547241211,46,1,45,0,11
1403637248.538851499557495,46,0,45,1,11
1403637248.588850021362305,49,11,45,4,11
1403637248.638847351074219,48,0,48,0,11
1403637248.688842773437500,50,1,46,2,11
1403637248.738839149475098,50,2,46,0,11
1403637248.788837432861328,48,6,46,1,11
1403637248.838835954666138,48,0,47,0,11
1403637248.888836145401001,47,2,46,0,11
1403637248.938835144042969,50,7,45,3,11
1403637248.988836050033569,49,0,48,0,11
1403637249.038836479187012,49,6,48,1,11
1403637249.088838338851929,49,2,49,0,11
1403637249.138841152191162,50,1,49,1,11
1403637249.188841819763184,50,18,48,0,11
1403637249.238843679428101,50,0,48,0,11
1403637249.288843631744385,49,3,46,1,11
1403637249.338843345642090,48,3,46,1,11
1403637249.388842821121216,49,5,47,2,11
1403637249.438842058181763,48,0,48,0,11
1403637249.488841056823730,49,0,47,1,11
1403637249.538840532302856,49,6,47,1,11
1403637249.588840246200562,50,12,48,2,11
1403637249.638839960098267,50,5,50,0,11
1403637249.688839912414551,50,1,50,0,11
1403637249.738840103149414,49,1,49,0,11
1403637249.788838863372803,50,13,48,1,11
1403637249.838837862014771,49,2,49,0,11
1403637249.888837099075317,49,0,49,0,11
1403637249.938834667205811,49,1,49,0,11
1403637249.988830566406250,48,6,47,1,11
1403637250.038828134536743,47,0,46,0,11
1403637250.088827133178711,47,8,42,3,11
1403637250.138826131820679,46,2,41,3,11
1403637250.188826084136963,47,4,41,4,11
1403637250.238825559616089,46,5,42,3,11
1403637250.288825035095215,44,2,41,0,11
1403637250.338824272155762,39,0,38,0,11
1403637250.388822078704834,46,1,37,9,11
1403637250.438820362091064,43,0,41,0,11
1403637250.488818883895874,43,2,40,1,11
1403637250.538818597793579,39,1,37,0,11
1403637250.588817834854126,38,1,37,0,11
1403637250.638816118240356,47,14,34,12,11
1403637250.688816070556641,49,5,45,3,11
1403637250.738813161849976,49,2,48,1,11
1403637250.788812398910522,49,4,48,0,11
1403637250.838812351226807,46,2,44,1,11
1403637250.888812780380249,46,0,45,1,11
1403637250.938812494277954,46,0,46,0,11
1403637250.988812685012817,45,1,44,0,11
1403637251.038812637329102,45,1,44,0,11
1403637251.088814496994019,42,0,40,0,11
1403637251.138819932937622,49,27,41,8,11
1403637251.188820600509644,47,0,46,0,11
1403637251.238821029663086,48,12,40,3,11
1403637251.288820028305054,47,3,42,2,11
1403637251.338815212249756,48,0,44,3,11
1403637251.388811588287354,48,3,47,1,11
1403637251.438809156417847,47,0,43,1,11
1403637251.488809347152710,47,1,45,1,11
1403637251.538810253143311,46,2,45,0,11
1403637251.588810920715332,45,0,43,0,11
1403637251.638812541961670,44,0,43,0,11
1403637251.688814163208008,43,0,42,1,11
1403637251.738814592361450,45,16,39,4,11
1403637251.788815736770630,45,0,42,0,11
1403637251.838815927505493,46,6,42,4,11
1403637251.888814926147461,46,1,45,0,11
1403637251.938813209533691,46,1,45,0,11
1403637251.988811016082764,47,1,44,2,11
1403637252.038812398910522,46,0,45,0,11
1403637252.088812828063965,44,0,44,0,11
1403637252.138814449310303,47,16,44,3,11
1403637252.188815593719482,47,0,46,0,11
1403637252.238816261291504,47,0,46,0,11
1403637252.288819789886475,46,0,46,0,11
1403637252.338820457458496,46,6,46,0,11
1403637252.388821125030518,46,0,46,0,11
1403637252.438820600509644,46,2,44,1,11
1403637252.488821029663086,46,0,45,0,11
1403637252.538820981979370,45,0,45,0,11
1403637252.588820695877075,46,0,45,1,11
1403637252.638820409774780,46,0,46,0,11
1403637252.688820838928223,46,0,46,0,11
1403637252.738821506500244,47,10,46,1,11
1403637252.788820266723633,47,0,47,0,11
1403637252.838816165924072,47,0,47,0,11
1403637252.888814210891724,48,0,47,1,11
1403637252.938809633255005,48,8,48,0,11
1403637252.988807678222656,48,0,48,0,11
1403637253.038808107376099,48,1,48,0,11
1403637253.088806867599487,48,0,48,0,11
1403637253.138806581497192,49,0,48,1,11
1403637253.188806533813477,49,0,47,0,11
1403637253.238806009292603,49,0,41,0,11
1403637253.288805723190308,47,0,38,0,11
1403637253.338804721832275,41,3,41,0,11
1403637253.388804197311401,41,0,38,0,11
1403637253.438803911209106,38,0,36,0,11
1403637253.488803386688232,38,0,36,0,11
1403637253.538802623748779,36,0,36,0,11
1403637253.588802814483643,36,0,34,0,11
1403637253.638801813125610,36,0,33,0,11
1403637253.688802719116211,34,0,30,0,11
1403637253.738802909851074,33,0,33,0,11
1403637253.788802385330200,33,0,33,0,11
1403637253.838802576065063,33,0,32,0,11
1403637253.888803243637085,33,0,32,1,11
1403637253.938804149627686,41,2,33,8,11
1403637253.988804578781128,41,0,41,0,11
1403637254.038804531097412,43,0,41,2,11
1403637254.088804721832275,43,0,43,0,11
1403637254.138806104660034,45,0,43,2,11
1403637254.188807249069214,45,0,45,0,11
1403637254.238808393478394,45,0,45,0,11
1403637254.288809299468994,46,0,45,1,11
1403637254.338809251785278,46,0,46,0,11
1403637254.388809204101562,46,0,45,0,11
1403637254.438809156417847,46,0,46,0,11
1403637254.488810062408447,46,0,46,0,11
1403637254.538811683654785,46,3,45,0,11
1403637254.588812112808228,44,0,43,0,11
1403637254.638813972473145,44,0,42,0,11
1403637254.688814163208008,43,0,43,0,11
1403637254.738815546035767,43,0,43,0,11
1403637254.788817882537842,43,0,43,0,11
1403637254.838818073272705,43,0,43,0,11
1403637254.888818025588989,43,0,43,0,11
1403637254.938817977905273,43,0,43,0,11
1403637254.988818883895874,43,0,43,0,11
1403637255.038819313049316,43,0,43,0,11
1403637255.088818550109863,43,0,43,0,11
1403637255.138818264007568,43,0,43,0,11
1403637255.188818693161011,44,0,43,1,11
1403637255.238818407058716,44,0,44,0,11
1403637255.288818836212158,45,0,44,1,11
1403637255.338819503784180,47,2,45,2,11
1403637255.388819456100464,47,0,47,0,11
1403637255.438819408416748,48,0,46,1,11
1403637255.488819122314453,48,0,47,0,11
1403637255.538819789886475,46,0,45,0,11
1403637255.588819265365601,45,0,45,0,11
1403637255.638818740844727,44,1,43,0,11
1403637255.688818454742432,44,0,43,0,11
1403637255.738817691802979,43,0,43,0,11
1403637255.788816928863525,42,0,41,0,11
1403637255.838816404342651,42,0,40,0,11
1403637255.888815641403198,40,0,38,0,11
1403637255.938815355300903,42,0,38,3,11
1403637255.988817214965820,41,0,40,0,11
1403637256.038817644119263,41,0,40,0,11
1403637256.088819980621338,49,24,40,9,11
1403637256.138820886611938,49,0,49,0,11
1403637256.188819646835327,49,0,49,0,11
1403637256.238819599151611,49,0,45,0,11
1403637256.288819313049316,49,0,47,0,11
1403637256.338819265365601,48,1,43,1,11
1403637256.388818264007568,46,0,44,0,11
1403637256.438820123672485,45,0,44,1,11
1403637256.488820552825928,46,0,43,1,11
1403637256.538822889328003,47,0,43,1,11
1403637256.588824748992920,45,0,25,0,11
1403637256.638828992843628,44,0,22,0,11
1403637256.688847541809082,31,16,21,6,11
1403637256.738851070404053,28,0,24,0,11
1403637256.788852930068970,27,0,18,0,11
1403637256.838852643966675,25,0,18,1,11
1403637256.888851642608643,20,0,18,0,11
1403637256.938847780227661,19,0,19,0,11
1403637256.988845825195312,21,0,19,2,11
1403637257.038843154907227,22,0,21,1,11
1403637257.088840723037720,22,1,19,0,11
1403637257.138840913772583,20,0,19,0,11
1403637257.188840150833130,22,0,20,2,11
1403637257.238841533660889,23,0,22,1,11
1403637257.288843631744385,41,1,23,18,11
1403637257.338843584060669,43,1,40,2,11
1403637257.388843774795532,43,0,42,0,11
1403637257.438843488693237,43,0,41,2,11
1403637257.488843441009521,41,0,40,1,11
1403637257.538844585418701,43,0,40,2,11
1403637257.588845014572144,43,1,43,0,11
1403637257.638844490051270,43,0,43,0,11
1403637257.688843965530396,42,0,42,0,11
1403637257.738843441009521,42,0,39,0,11
1403637257.788843631744385,42,0,38,0,11
1403637257.838842868804932,45,15,38,6,11
1403637257.888843536376953,42,1,40,0,11
1403637257.938844919204712,42,0,39,0,11
1403637257.988845109939575,40,0,37,1,11
1403637258.038845539093018,38,0,38,0,11
1403637258.088847637176514,36,0,36,0,11
1403637258.138852596282959,36,1,32,0,11
1403637258.188856601715088,34,2,33,0,11
1403637258.238859176635742,32,1,27,0,11
1403637258.288861751556396,28,1,25,0,11
1403637258.338862419128418,26,2,22,1,11
1403637258.388862371444702,25,0,22,1,11
1403637258.438859939575195,36,0,23,13,11
1403637258.488858699798584,37,0,34,1,11
1403637258.538858175277710,36,1,34,0,11
1403637258.588858604431152,43,0,33,9,11
1403637258.638859033584595,43,1,41,1,11
1403637258.688858509063721,42,3,40,1,11
1403637258.738859176635742,42,1,40,0,11
1403637258.788859367370605,48,8,39,8,11
1403637258.838860273361206,48,2,44,1,11
1403637258.888860225677490,47,0,42,0,11
1403637258.938860177993774,45,1,41,2,11
1403637258.988859891891479,45,1,41,1,11
1403637259.038860082626343,48,4,38,4,11
1403637259.088862180709839,46,1,41,0,11
1403637259.138862609863281,43,0,41,1,11
1403637259.188862323760986,43,1,42,1,11
1403637259.238864183425903,43,0,43,0,11
1403637259.288864374160767,43,1,43,0,11
1403637259.338864564895630,43,1,43,0,11
1403637259.388864994049072,50,0,43,7,11
1403637259.438865900039673,49,4,49,0,11
1403637259.488866090774536,49,0,49,0,11
1403637259.538867235183716,50,0,49,1,11
1403637259.588864803314209,50,0,48,0,11
1403637259.638863563537598,50,8,50,0,11
1403637259.688863039016724,50,0,50,0,11
1403637259.738864421844482,50,1,50,0,11
1403637259.788865327835083,50,2,50,0,11
1403637259.838864803314209,50,0,50,0,11
1403637259.888865232467651,50,0,50,0,11
1403637259.938865423202515,50,0,50,0,11
1403637259.988865137100220,50,0,50,0,11
1403637260.038864850997925,50,13,50,0,11
1403637260.088864564895630,50,0,50,0,11
1403637260.138863563537598,50,0,50,0,11
1403637260.188862800598145,50,0,50,0,11
1403637260.238863468170166,50,7,50,0,11
1403637260.288863420486450,50,0,50,0,11
1403637260.338864326477051,50,1,50,0,11
1403637260.388864517211914,49,1,48,0,11
1403637260.438863754272461,49,0,48,0,11
1403637260.488862752914429,48,1,47,0,11
1403637260.538861036300659,48,0,44,0,11
1403637260.588859558105469,43,1,41,1,11
1403637260.638858795166016,44,6,37,2,11
1403637260.688858985900879,40,0,35,0,11
1403637260.738857269287109,36,0,31,0,11
1403637260.788855075836182,34,1,26,0,11
1403637260.838851690292358,31,1,21,1,11
1403637260.888849973678589,29,0,22,2,11
1403637260.938848733901978,26,0,23,1,11
1403637260.988847732543945,24,0,21,1,11
1403637261.038848638534546,24,0,22,0,11
1403637261.088850259780884,23,1,22,1,11
1403637261.138852596282959,23,1,23,0,11
1403637261.188854217529297,23,0,22,0,11
1403637261.238854646682739,27,3,22,4,11
1403637261.288854837417603,26,3,23,1,11
1403637261.338855266571045,23,2,21,0,11
1403637261.388855218887329,23,1,22,1,11
1403637261.438854932785034,25,0,22,3,11
1403637261.488855361938477,26,1,24,1,11
1403637261.538854360580444,24,4,22,0,11
1403637261.588854789733887,24,0,21,0,11
1403637261.638854742050171,22,0,21,0,11
1403637261.688856840133667,26,4,19,5,11
1403637261.738857746124268,26,1,22,0,11
1403637261.788859844207764,23,0,20,0,11
1403637261.838860750198364,24,1,17,3,11
1403637261.888861179351807,22,1,20,0,11
1403637261.938861846923828,20,1,20,0,11
1403637261.988862752914429,20,6,20,0,11
1403637262.038863658905029,20,1,20,0,11
1403637262.088864803314209,21,2,19,1,11
1403637262.138866662979126,21,2,18,1,11
1403637262.188868999481201,21,3,17,1,11
1403637262.238868713378906,19,2,17,0,11
1403637262.288871288299561,17,3,11,3,11
1403637262.338871717453003,17,5,3,0,11
1403637262.388874530792236,15,1,4,2,11
1403637262.438872575759888,7,3,0,1,11
1403637262.488872528076172,7,0,0,1,11
1403637262.538872718811035,3,0,1,1,11
1403637262.588872671127319,2,0,2,0,11
1403637262.638872861862183,2,0,2,0,11
1403637262.688872814178467,2,0,2,0,11
1403637262.738872766494751,2,0,2,0,11
1403637262.788873672485352,2,0,2,0,11
1403637262.838873624801636,2,0,0,0,11
1403637262.888873577117920,2,0,0,0,11
1403637262.938873529434204,2,0,0,2,11
1403637262.988877773284912,4,0,2,2,11
1403637263.038879394531250,6,0,2,2,11
1403637263.088879346847534,6,0,1,0,11
1403637263.138879299163818,4,0,0,0,11
1403637263.188879251480103,2,0,0,1,11
1403637263.238879203796387,2,0,1,1,11
1403637263.288879632949829,2,0,2,0,11
1403637263.338879585266113,2,0,1,0,11
1403637263.388879537582397,2,0,1,0,11
1403637263.438879489898682,2,0,0,1,11
1403637263.488879442214966,2,0,1,0,11
1403637263.538879632949829,2,0,1,1,11
1403637263.588879585266113,2,0,1,0,11
1403637263.638879537582397,2,0,1,0,11
1403637263.688879728317261,2,0,1,1,11
1403637263.738880872726440,3,0,1,1,11
1403637263.788882970809937,5,0,1,2,11
1403637263.838883161544800,5,0,1,1,11
1403637263.888883113861084,4,0,2,0,11
1403637263.938883066177368,2,0,1,0,11
1403637263.988883018493652,2,0,1,0,11
1403637264.038883447647095,2,0,1,1,11
1403637264.088884353637695,3,0,2,1,11
1403637264.138884544372559,3,0,2,0,11
1403637264.188884496688843,3,0,2,0,11
1403637264.238884687423706,3,0,2,1,11
1403637264.288885116577148,3,0,2,0,11
1403637264.338885307312012,3,0,2,0,11
1403637264.388885259628296,2,0,2,0,11
1403637264.438885450363159,2,0,2,0,11
1403637264.488885641098022,3,0,2,1,11
1403637264.538885593414307,4,0,3,1,11
1403637264.588885545730591,8,0,4,4,11
1403637264.638885498046875,8,0,4,0,11
1403637264.688885688781738,9,0,4,1,11
1403637264.738885879516602,9,0,4,4,11
1403637264.788886547088623,10,0,7,1,11
1403637264.838886499404907,10,0,6,1,11
1403637264.888887643814087,11,0,5,2,11
1403637264.938887596130371,11,0,5,2,11
1403637264.988887548446655,11,0,5,2,11
1403637265.038887739181519,11,0,6,2,11
1403637265.088887691497803,11,0,7,2,11
1403637265.138887643814087,11,0,5,1,11
1403637265.188887834548950,11,0,5,1,11
1403637265.238887786865234,11,0,4,4,11
1403637265.288887977600098,11,0,7,1,11
1403637265.338887929916382,11,0,5,2,11
1403637265.388887882232666,11,0,5,1,11
1403637265.438888072967529,11,0,4,3,11
1403637265.488888025283813,11,0,7,2,11
