# timestamp (sec),slam_feats_in_state,msckf_feats_used,slam_feats_updated,slam_feats_delayed_init,clones
1413393890.058723211288452,0,13,0,0,5
1413393890.105712652206421,17,15,0,17,6
1413393890.155785322189331,17,0,17,0,7
1413393890.206241130828857,17,3,17,0,8
1413393890.256449222564697,17,1,17,0,9
1413393890.306935548782349,17,3,17,0,10
1413393890.356888294219971,17,1,17,0,11
1413393890.406987667083740,17,2,16,0,11
1413393890.457288026809692,18,1,15,2,11
1413393890.507407188415527,18,1,17,1,11
1413393890.557198286056519,30,1,18,12,11
1413393890.607185125350952,35,1,25,8,11
1413393890.657983064651489,38,0,33,3,11
1413393890.709098100662231,48,7,36,11,11
1413393890.759229660034180,49,3,47,2,11
1413393890.809173107147217,50,2,49,1,11
1413393890.859068155288696,50,3,50,0,11
1413393890.909032106399536,50,0,50,0,11
1413393890.958995580673218,50,3,50,0,11
1413393891.009009361267090,50,0,49,0,11
1413393891.059054613113403,50,4,48,0,11
1413393891.109116077423096,50,1,48,1,11
1413393891.159240484237671,50,3,49,1,11
1413393891.209439992904663,50,1,49,0,11
1413393891.259562492370605,49,1,45,0,11
1413393891.309563636779785,49,6,47,1,11
1413393891.359364032745361,45,2,42,1,11
1413393891.409271240234375,41,3,38,1,11
1413393891.459119558334351,42,2,38,2,11
1413393891.508802890777588,38,2,34,1,11
1413393891.558311939239502,38,0,34,2,11
1413393891.607941389083862,38,0,36,2,11
1413393891.657561063766479,43,0,37,5,11
1413393891.707421302795410,43,0,40,0,11
1413393891.757283210754395,45,0,36,3,11
1413393891.807142734527588,45,1,38,2,11
1413393891.857052326202393,44,0,37,3,11
1413393891.906877040863037,46,1,32,4,11
1413393891.956717967987061,46,5,30,4,11
1413393892.006608963012695,40,14,26,5,11
1413393892.056635141372681,40,1,32,7,11
1413393892.106735229492188,45,4,34,7,11
1413393892.156804084777832,47,2,40,2,11
1413393892.206799745559692,42,1,40,0,11
1413393892.256739139556885,40,2,39,0,11
1413393892.306720495223999,39,4,38,0,11
1413393892.356763362884521,37,3,36,0,11
1413393892.406774282455444,36,5,35,0,11
1413393892.456743717193604,35,2,35,0,11
1413393892.506711721420288,32,2,32,0,11
1413393892.556711435317993,34,6,30,4,11
1413393892.606688261032104,37,2,34,3,11
1413393892.656691312789917,43,5,36,6,11
1413393892.706705808639526,43,4,40,2,11
1413393892.756752729415894,44,1,41,2,11
1413393892.806759119033813,46,3,39,4,11
1413393892.856745243072510,49,3,39,4,11
1413393892.906750440597534,46,3,40,1,11
1413393892.956769466400146,44,1,40,2,11
1413393893.006759881973267,42,0,37,3,11
1413393893.056761264801025,39,0,38,0,11
1413393893.106767892837524,38,0,38,0,11
1413393893.156805753707886,43,1,36,5,11
1413393893.206803560256958,44,0,41,1,11
1413393893.256801128387451,43,0,42,1,11
1413393893.306805610656738,50,19,43,7,11
1413393893.356772661209106,50,2,48,0,11
1413393893.406776666641235,47,10,43,0,11
1413393893.456789970397949,46,1,40,1,11
1413393893.506801843643188,48,4,37,5,11
1413393893.556816101074219,48,28,41,3,11
1413393893.606859922409058,46,4,39,3,11
1413393893.656864166259766,44,2,36,1,11
1413393893.706866025924683,43,6,35,2,11
1413393893.756870985031128,40,5,31,3,11
1413393893.806833267211914,40,9,31,1,11
1413393893.856806516647339,38,10,29,5,11
1413393893.906795263290405,47,7,31,13,11
1413393893.956809282302856,45,3,39,2,11
1413393894.006840705871582,41,4,30,2,11
1413393894.056896686553955,39,6,24,2,11
1413393894.106923580169678,35,3,18,2,11
1413393894.156958341598511,33,1,16,5,11
1413393894.206996202468872,26,2,14,1,11
1413393894.257020473480225,22,2,16,0,11
1413393894.307088136672974,23,2,14,7,11
1413393894.357101202011108,23,1,15,1,11
1413393894.407111406326294,21,1,16,0,11
1413393894.457134485244751,21,2,13,5,11
1413393894.507217168807983,30,1,18,9,11
1413393894.557244539260864,30,1,26,3,11
1413393894.607254981994629,31,3,29,2,11
1413393894.657263994216919,34,2,29,3,11
1413393894.707267999649048,37,0,30,4,11
1413393894.757272481918335,40,2,32,6,11
1413393894.807278871536255,48,2,36,10,11
1413393894.857286930084229,49,7,45,3,11
1413393894.907310962677002,49,2,45,2,11
1413393894.957319736480713,48,6,45,1,11
1413393895.007332086563110,48,1,44,2,11
1413393895.057357072830200,49,3,44,3,11
1413393895.107344150543213,49,1,43,2,11
1413393895.157318115234375,48,3,43,2,11
1413393895.207320928573608,48,1,42,3,11
1413393895.257324218750000,45,0,42,1,11
1413393895.307327032089233,43,3,39,2,11
1413393895.357319593429565,41,4,38,1,11
1413393895.407324552536011,40,3,37,1,11
1413393895.457323312759399,43,2,35,5,11
1413393895.507318496704102,41,2,36,2,11
1413393895.557310104370117,43,5,35,5,11
1413393895.607309103012085,45,1,39,4,11
1413393895.657297372817993,43,6,38,2,11
1413393895.707292318344116,42,2,36,2,11
1413393895.757294893264771,38,5,33,1,11
1413393895.807282686233521,35,3,31,3,11
1413393895.857274770736694,32,4,32,0,11
1413393895.907271385192871,29,9,24,1,11
1413393895.957263708114624,30,0,20,2,11
1413393896.007264375686646,30,2,19,5,11
1413393896.057262420654297,27,3,22,3,11
1413393896.107270956039429,26,1,21,1,11
1413393896.157267808914185,24,7,17,1,11
1413393896.207265615463257,22,1,15,2,11
1413393896.257279634475708,20,3,16,0,11
1413393896.307292222976685,19,0,15,2,11
1413393896.357299089431763,19,0,13,1,11
1413393896.407302618026733,17,0,7,1,11
1413393896.457341432571411,19,2,6,6,11
1413393896.507355928421021,20,3,8,7,11
1413393896.557361125946045,19,1,8,1,11
1413393896.607365131378174,18,5,8,5,11
1413393896.657367229461670,15,1,13,2,11
1413393896.707363605499268,15,0,8,1,11
1413393896.757372379302979,15,3,5,0,11
1413393896.807371616363525,15,0,1,6,11
1413393896.857384681701660,16,0,6,5,11
1413393896.907387733459473,15,0,5,3,11
1413393896.957391738891602,14,1,6,1,11
1413393897.007387638092041,14,1,5,5,11
1413393897.057397842407227,15,0,7,3,11
1413393897.107402801513672,17,4,10,4,11
1413393897.157408714294434,17,0,13,4,11
1413393897.207421541213989,18,3,9,1,11
1413393897.257429599761963,20,2,10,2,11
1413393897.307453155517578,26,3,12,12,11
1413393897.357459306716919,27,3,22,3,11
1413393897.407471895217896,28,1,25,1,11
1413393897.457450151443481,29,5,24,4,11
1413393897.507450103759766,28,1,26,2,11
1413393897.557479143142700,32,1,26,4,11
1413393897.607487201690674,37,1,31,5,11
1413393897.657492399215698,38,0,36,2,11
1413393897.707465410232544,41,1,38,3,11
1413393897.757445096969604,48,4,36,7,11
1413393897.807423353195190,48,5,44,2,11
1413393897.857383251190186,48,1,40,3,11
1413393897.907360315322876,46,0,42,2,11
1413393897.957340955734253,45,7,43,2,11
1413393898.007301568984985,46,1,42,2,11
1413393898.057284355163574,44,4,40,0,11
1413393898.107293844223022,43,1,39,2,11
1413393898.157269239425659,42,1,39,2,11
1413393898.207227945327759,35,9,22,2,11
1413393898.257218599319458,35,11,29,1,11
1413393898.307216167449951,36,5,26,7,11
1413393898.357208967208862,33,8,19,1,11
1413393898.407201766967773,29,3,15,5,11
1413393898.457193374633789,21,6,11,4,11
1413393898.507214307785034,21,0,13,1,11
1413393898.557262182235718,21,1,8,5,11
1413393898.607310056686401,20,6,10,1,11
1413393898.657324314117432,16,3,10,3,11
1413393898.707344770431519,15,1,12,2,11
1413393898.757379055023193,15,3,9,0,11
1413393898.807381391525269,14,0,7,1,11
1413393898.857453823089600,16,1,5,5,11
1413393898.907445669174194,12,4,8,0,11
1413393898.957434892654419,12,1,7,3,11
1413393899.007454156875610,13,2,7,3,11
1413393899.057440280914307,14,0,7,2,11
1413393899.107417821884155,15,1,4,3,11
1413393899.157410144805908,9,1,5,1,11
1413393899.207295417785645,14,4,4,7,11
1413393899.257282495498657,15,5,6,2,11
1413393899.307254791259766,14,9,9,2,11
1413393899.357251167297363,10,3,9,0,11
1413393899.407251596450806,7,1,7,0,11
1413393899.457244396209717,7,2,7,0,11
1413393899.507229089736938,5,6,5,0,11
1413393899.557226657867432,4,3,4,0,11
1413393899.607208251953125,3,3,3,0,11
1413393899.657204866409302,3,0,3,0,11
1413393899.707223653793335,6,1,2,3,11
1413393899.757247686386108,6,1,3,0,11
1413393899.807333230972290,13,3,0,8,11
1413393899.857369184494019,12,10,3,1,11
1413393899.907354831695557,10,0,3,1,11
1413393899.957367420196533,8,0,2,2,11
1413393900.007367849349976,4,4,0,0,11
1413393900.057369232177734,2,2,0,1,11
1413393900.107371330261230,1,2,1,0,11
1413393900.157384634017944,1,4,0,1,11
1413393900.207369804382324,2,3,1,1,11
1413393900.257371425628662,2,3,1,0,11
1413393900.307404279708862,4,3,1,2,11
1413393900.357414484024048,4,8,3,1,11
1413393900.407437086105347,6,12,2,2,11
1413393900.457434654235840,7,10,4,3,11
1413393900.507452726364136,15,8,6,8,11
1413393900.557455539703369,21,11,8,7,11
1413393900.607491731643677,24,8,12,4,11
1413393900.657490015029907,21,4,14,4,11
1413393900.707482814788818,18,6,15,1,11
1413393900.757470846176147,22,4,8,5,11
1413393900.807454109191895,22,2,10,0,11
1413393900.857437849044800,14,1,6,1,11
1413393900.907427549362183,11,0,4,1,11
1413393900.957354307174683,14,3,6,6,11
1413393901.007291078567505,14,5,9,3,11
1413393901.057269096374512,16,11,10,2,11
1413393901.107239961624146,14,7,10,1,11
1413393901.157239437103271,13,4,9,2,11
1413393901.207230806350708,13,3,10,2,11
1413393901.257228612899780,13,2,12,0,11
1413393901.307215452194214,14,8,11,2,11
1413393901.357214212417603,10,7,9,0,11
1413393901.407220363616943,8,4,7,0,11
1413393901.457240819931030,11,4,7,4,11
1413393901.507260084152222,13,5,11,2,11
1413393901.557277202606201,13,7,9,1,11
1413393901.607285261154175,18,2,11,5,11
1413393901.657303810119629,23,2,15,7,11
1413393901.707315683364868,27,2,21,6,11
1413393901.757326841354370,32,5,25,5,11
1413393901.807315111160278,39,12,31,7,11
1413393901.857303380966187,39,8,36,1,11
1413393901.907290220260620,37,0,34,2,11
1413393901.957279205322266,37,4,36,1,11
1413393902.007275819778442,39,1,37,2,11
1413393902.057270050048828,41,2,38,3,11
1413393902.107267379760742,44,1,38,4,11
1413393902.157266139984131,43,0,42,0,11
1413393902.207265853881836,41,0,39,1,11
1413393902.257263183593750,42,0,39,3,11
1413393902.307262420654297,41,3,39,1,11
1413393902.357259035110474,47,7,37,8,11
1413393902.407259225845337,44,4,40,2,11
1413393902.457256793975830,48,2,43,5,11
1413393902.507256507873535,47,1,44,1,11
1413393902.557253599166870,50,3,45,3,11
1413393902.607254505157471,48,3,46,0,11
1413393902.657255411148071,49,5,46,1,11
1413393902.707253932952881,47,3,45,1,11
1413393902.757253170013428,46,4,41,2,11
1413393902.807251930236816,45,3,40,1,11
1413393902.857248067855835,41,4,37,0,11
1413393902.907249927520752,38,8,36,0,11
1413393902.957253217697144,37,6,33,2,11
1413393903.007257938385010,36,0,33,0,11
1413393903.057265281677246,34,2,32,2,11
1413393903.107276916503906,34,3,34,0,11
1413393903.157298564910889,33,3,29,1,11
1413393903.207303762435913,33,3,30,0,11
1413393903.257307052612305,34,5,26,5,11
1413393903.307296276092529,31,0,30,1,11
1413393903.357280254364014,31,3,29,1,11
1413393903.407258749008179,30,2,29,0,11
1413393903.457227230072021,34,5,28,4,11
1413393903.507209062576294,34,4,24,2,11
1413393903.557202816009521,35,0,25,3,11
1413393903.607201814651489,30,5,25,4,11
1413393903.657199382781982,33,2,27,3,11
1413393903.707195520401001,36,1,29,4,11
1413393903.757186889648438,40,0,31,7,11
1413393903.807191371917725,38,0,32,2,11
1413393903.857190608978271,37,2,34,1,11
1413393903.907195329666138,37,1,33,2,11
1413393903.957201242446899,36,1,33,0,11
1413393904.007188081741333,45,3,31,11,11
1413393904.057182312011719,43,2,39,1,11
1413393904.107179641723633,45,1,41,3,11
1413393904.157184362411499,45,3,44,1,11
1413393904.207188129425049,50,5,45,5,11
1413393904.257186889648438,50,4,50,0,11
1413393904.307188987731934,50,1,49,0,11
1413393904.357196092605591,48,5,47,0,11
1413393904.407193183898926,49,5,47,1,11
1413393904.457194805145264,50,2,22,1,11
1413393904.507198572158813,49,3,25,2,11
1413393904.557201623916626,43,1,25,17,11
1413393904.607196092605591,49,3,42,6,11
1413393904.657194375991821,47,3,44,1,11
1413393904.707185029983521,49,1,45,2,11
1413393904.757182836532593,47,3,45,2,11
1413393904.807185649871826,47,4,44,2,11
1413393904.857186317443848,47,0,44,1,11
1413393904.907169342041016,42,3,40,0,11
1413393904.957128524780273,47,4,37,8,11
1413393905.007098674774170,46,1,43,2,11
1413393905.057077407836914,39,4,33,1,11
1413393905.107063293457031,38,3,30,3,11
1413393905.157052040100098,43,0,29,8,11
1413393905.207049608230591,37,0,30,1,11
1413393905.257046222686768,36,2,31,2,11
1413393905.307041406631470,32,0,30,1,11
1413393905.357032537460327,36,3,29,4,11
1413393905.407029151916504,33,3,27,1,11
1413393905.457023382186890,32,2,25,1,11
1413393905.507019758224487,34,2,23,6,11
1413393905.557019710540771,39,2,27,7,11
1413393905.607019901275635,39,3,32,4,11
1413393905.657023668289185,41,2,35,5,11
1413393905.707017898559570,41,3,37,1,11
1413393905.757018566131592,38,1,35,0,11
1413393905.807016849517822,39,0,33,4,11
1413393905.857015371322632,41,0,35,5,11
1413393905.907012701034546,47,0,38,6,11
1413393905.957008838653564,46,1,38,0,11
1413393906.007001399993896,49,4,36,4,11
1413393906.056993007659912,44,0,37,3,11
1413393906.106985807418823,47,3,36,6,11
1413393906.156978368759155,49,1,39,4,11
1413393906.206969499588013,48,5,40,3,11
1413393906.256961345672607,45,1,36,2,11
1413393906.306945562362671,48,8,36,5,11
1413393906.356940746307373,44,0,39,2,11
1413393906.406932592391968,42,3,39,0,11
1413393906.456930398941040,40,2,37,3,11
1413393906.506924629211426,39,2,37,1,11
1413393906.556916952133179,39,0,37,0,11
1413393906.606909751892090,42,0,37,4,11
1413393906.656910419464111,41,1,39,0,11
1413393906.706912517547607,40,0,38,0,11
1413393906.756915807723999,42,2,37,5,11
1413393906.806931018829346,47,2,40,5,11
1413393906.856952190399170,49,1,38,2,11
1413393906.906976461410522,48,6,28,2,11
1413393906.956986665725708,48,4,29,7,11
1413393907.006996154785156,44,3,36,8,11
1413393907.056996345520020,47,1,43,3,11
1413393907.106992006301880,50,0,45,3,11
1413393907.156986474990845,49,1,47,1,11
1413393907.206979036331177,49,5,48,1,11
1413393907.256971836090088,50,0,49,1,11
1413393907.306972980499268,50,2,48,0,11
1413393907.356981515884399,50,1,48,0,11
1413393907.406995058059692,50,0,48,2,11
1413393907.457008600234985,50,1,49,0,11
1413393907.507018804550171,50,15,48,0,11
1413393907.557018756866455,50,5,43,0,11
1413393907.606998920440674,47,8,38,0,11
1413393907.656989812850952,45,0,28,2,11
1413393907.706980466842651,43,0,27,3,11
1413393907.756965875625610,43,0,23,10,11
1413393907.806950569152832,41,0,23,2,11
1413393907.856946468353271,38,0,12,3,11
1413393907.906945466995239,33,0,4,5,11
1413393907.956944465637207,21,0,10,1,11
1413393908.006945848464966,20,0,11,9,11
1413393908.056946277618408,20,0,19,0,11
1413393908.106938600540161,24,0,19,4,11
1413393908.156938791275024,25,0,23,2,11
1413393908.206922054290771,35,0,25,10,11
1413393908.256921052932739,36,0,33,1,11
1413393908.306918382644653,38,0,34,2,11
1413393908.356918573379517,41,0,36,5,11
1413393908.406919002532959,47,1,41,6,11
1413393908.456919431686401,49,4,47,2,11
1413393908.506919622421265,50,4,49,1,11
1413393908.556920289993286,50,8,49,0,11
1413393908.606920480728149,50,1,49,0,11
1413393908.656921386718750,49,2,49,0,11
1413393908.706919431686401,50,8,49,1,11
1413393908.756905555725098,49,4,49,0,11
1413393908.806880235671997,50,3,49,1,11
1413393908.856844663619995,50,11,49,0,11
1413393908.906834125518799,49,1,48,0,11
1413393908.956836462020874,49,0,47,1,11
1413393909.006841897964478,49,0,47,0,11
1413393909.056851625442505,50,1,47,2,11
1413393909.106854677200317,49,2,48,0,11
1413393909.156858444213867,49,6,46,0,11
1413393909.206862688064575,50,0,47,2,11
1413393909.256864070892334,49,2,48,0,11
1413393909.306866884231567,49,5,49,0,11
1413393909.356868505477905,48,3,46,1,11
1413393909.406870841979980,50,0,47,2,11
1413393909.456875801086426,50,9,49,1,11
1413393909.506875514984131,50,2,49,0,11
1413393909.556878805160522,50,2,49,0,11
1413393909.606880664825439,49,1,49,0,11
1413393909.656881093978882,49,1,47,0,11
1413393909.706875801086426,49,3,45,1,11
1413393909.756875276565552,46,2,43,0,11
1413393909.806874990463257,45,0,40,2,11
1413393909.856875896453857,43,0,39,1,11
1413393909.906876802444458,43,0,38,3,11
1413393909.956879377365112,48,5,39,6,11
1413393910.006883859634399,45,0,41,0,11
1413393910.056883335113525,46,5,38,6,11
1413393910.106889963150024,44,2,42,1,11
1413393910.156897783279419,44,1,43,0,11
1413393910.206905841827393,43,2,41,0,11
1413393910.256912708282471,42,1,38,0,11
1413393910.306921243667603,47,2,38,7,11
1413393910.356923580169678,48,3,41,4,11
1413393910.406930208206177,48,11,46,1,11
1413393910.456931352615356,48,3,44,2,11
1413393910.506938934326172,43,19,42,1,11
1413393910.556929111480713,48,1,41,5,11
1413393910.606920719146729,49,0,47,1,11
1413393910.656912088394165,49,9,48,1,11
1413393910.706904172897339,49,5,48,0,11
1413393910.756899595260620,49,5,38,0,11
1413393910.806894540786743,50,2,40,2,11
1413393910.856885910034180,46,6,41,5,11
1413393910.906875610351562,50,5,43,4,11
1413393910.956863403320312,48,2,35,0,11
1413393911.006844997406006,47,4,33,4,11
1413393911.056826591491699,40,2,35,2,11
1413393911.106813430786133,40,1,31,4,11
1413393911.156800508499146,40,3,31,1,11
1413393911.206784248352051,37,8,31,2,11
1413393911.256758689880371,39,9,33,6,11
1413393911.306756496429443,39,2,38,0,11
1413393911.356759309768677,39,6,36,0,11
1413393911.406761884689331,38,3,32,1,11
1413393911.456759929656982,43,3,33,7,11
1413393911.506758928298950,40,3,37,1,11
1413393911.556754350662231,46,10,39,7,11
1413393911.606753587722778,43,9,42,1,11
1413393911.656749486923218,41,5,41,0,11
1413393911.706748723983765,46,2,39,5,11
1413393911.756747961044312,46,0,42,0,11
1413393911.806741952896118,50,3,37,6,11
1413393911.856745004653931,49,6,41,1,11
1413393911.906745672225952,45,3,38,3,11
1413393911.956743717193604,43,6,39,2,11
1413393912.006746053695679,41,3,35,1,11
1413393912.056736707687378,42,3,33,5,11
1413393912.106735706329346,42,0,33,2,11
1413393912.156715154647827,39,2,29,4,11
1413393912.206704854965210,35,4,23,3,11
1413393912.256699085235596,34,1,23,1,11
1413393912.306690931320190,34,3,21,9,11
1413393912.356683015823364,31,5,26,1,11
1413393912.406678438186646,28,2,19,0,11
1413393912.456668376922607,29,1,16,7,11
1413393912.506665468215942,23,4,18,2,11
1413393912.556660413742065,22,12,12,5,11
1413393912.606660127639771,13,6,10,1,11
1413393912.656662225723267,11,4,9,1,11
1413393912.706665039062500,9,9,8,0,11
1413393912.756664991378784,8,7,8,0,11
1413393912.806665658950806,9,3,7,2,11
1413393912.856668710708618,14,4,9,5,11
1413393912.906671762466431,17,4,14,3,11
1413393912.956671237945557,20,5,16,4,11
1413393913.006672859191895,21,4,18,3,11
1413393913.056673526763916,24,3,21,3,11
1413393913.106673479080200,31,4,23,7,11
1413393913.156668663024902,33,0,29,2,11
1413393913.206667900085449,40,0,30,7,11
1413393913.256665706634521,43,3,36,7,11
1413393913.306665182113647,45,6,43,2,11
1413393913.356664657592773,43,5,37,2,11
1413393913.406659841537476,49,2,33,8,11
1413393913.456654310226440,47,12,38,4,11
1413393913.506644248962402,44,1,38,3,11
1413393913.556635618209839,42,3,33,1,11
1413393913.606631040573120,36,0,22,1,11
1413393913.656627655029297,32,6,12,5,11
1413393913.706627607345581,29,2,6,5,11
1413393913.756628036499023,26,4,8,5,11
1413393913.806629180908203,25,2,12,9,11
1413393913.856629848480225,23,1,18,2,11
1413393913.906633138656616,20,4,16,1,11
1413393913.956633090972900,24,2,16,6,11
1413393914.006633520126343,22,8,19,1,11
1413393914.056635856628418,22,7,16,4,11
1413393914.106635808944702,22,2,11,1,11
1413393914.156634330749512,18,1,11,0,11
1413393914.206629991531372,21,6,9,10,11
1413393914.256626367568970,21,5,15,1,11
1413393914.306622266769409,23,0,13,5,11
1413393914.356619596481323,25,4,17,7,11
1413393914.406611919403076,29,6,22,4,11
1413393914.456604719161987,26,4,24,0,11
1413393914.506590843200684,32,6,23,7,11
1413393914.556575059890747,33,6,29,3,11
1413393914.606569766998291,34,2,31,2,11
1413393914.656565189361572,36,3,26,6,11
1413393914.706563949584961,33,1,29,2,11
1413393914.756562709808350,41,1,29,11,11
1413393914.806564092636108,41,4,39,1,11
1413393914.856567859649658,47,1,36,8,11
1413393914.906569004058838,46,5,42,2,11
1413393914.956562757492065,44,1,44,0,11
1413393915.006557464599609,43,0,43,0,11
1413393915.056552886962891,46,3,40,6,11
1413393915.106553792953491,48,12,44,3,11
1413393915.156553983688354,49,8,46,2,11
1413393915.206555843353271,48,0,48,0,11
1413393915.256556987762451,48,4,48,0,11
1413393915.306560516357422,50,6,48,2,11
1413393915.356559753417969,49,2,48,0,11
1413393915.406561136245728,50,5,48,1,11
1413393915.456560611724854,50,3,48,0,11
1413393915.506559133529663,46,17,46,0,11
1413393915.556557893753052,46,3,45,1,11
1413393915.606557607650757,46,3,45,0,11
1413393915.656557321548462,49,2,45,3,11
1413393915.706558704376221,48,3,47,1,11
1413393915.756561279296875,46,4,44,2,11
1413393915.806563854217529,45,1,42,2,11
1413393915.856565475463867,49,5,43,5,11
1413393915.906566381454468,48,2,48,0,11
1413393915.956567287445068,48,1,48,0,11
1413393916.006568193435669,48,0,48,0,11
1413393916.056568622589111,47,0,47,0,11
1413393916.106570005416870,50,10,46,3,11
1413393916.156571149826050,47,11,47,0,11
1413393916.206570386886597,47,2,47,0,11
1413393916.256567478179932,45,3,42,3,11
1413393916.306564331054688,48,3,44,4,11
1413393916.356560230255127,49,0,46,2,11
1413393916.406557559967041,46,2,35,1,11
1413393916.456555604934692,46,0,28,3,11
1413393916.506554603576660,40,1,24,5,11
1413393916.556556463241577,40,2,21,6,11
1413393916.606557130813599,37,1,28,3,11
1413393916.656557798385620,34,0,27,0,11
1413393916.706558227539062,34,0,23,4,11
1413393916.756557941436768,42,1,23,12,11
1413393916.806555747985840,40,0,38,2,11
1413393916.856554269790649,49,1,38,9,11
1413393916.906553268432617,48,4,42,1,11
1413393916.956554412841797,45,5,41,1,11
1413393917.006553411483765,42,0,37,2,11
1413393917.056553363800049,40,2,37,1,11
1413393917.106554508209229,42,1,38,4,11
1413393917.156553983688354,43,1,37,2,11
1413393917.206552267074585,44,4,39,1,11
1413393917.256546735763550,44,3,38,4,11
1413393917.306540012359619,48,0,38,6,11
1413393917.356534957885742,48,7,37,1,11
1413393917.406531572341919,47,3,37,5,11
1413393917.456526756286621,42,1,36,3,11
1413393917.506523847579956,41,1,37,3,11
1413393917.556522130966187,45,0,38,6,11
1413393917.606522560119629,44,1,40,0,11
1413393917.656521797180176,38,1,33,3,11
1413393917.706520080566406,33,1,30,0,11
1413393917.756517410278320,28,0,25,0,11
1413393917.806515455245972,33,1,22,7,11
1413393917.856515645980835,32,1,29,1,11
1413393917.906514644622803,29,0,25,0,11
1413393917.956512689590454,31,0,21,2,11
1413393918.006510972976685,29,2,19,2,11
1413393918.056509017944336,27,0,20,3,11
1413393918.106503725051880,30,0,18,7,11
1413393918.156501293182373,26,0,14,0,11
1413393918.206498861312866,27,0,6,6,11
1413393918.256498575210571,25,0,6,5,11
1413393918.306499242782593,21,0,10,4,11
1413393918.356499671936035,18,0,7,4,11
1413393918.406499147415161,18,0,8,0,11
1413393918.456501960754395,14,0,6,3,11
1413393918.506508111953735,16,2,9,6,11
1413393918.556509017944336,15,1,12,0,11
1413393918.606514453887939,16,2,12,1,11
1413393918.656515359878540,12,3,9,0,11
1413393918.706519126892090,8,5,5,1,11
1413393918.756522417068481,9,3,2,3,11
1413393918.806526899337769,12,6,2,5,11
1413393918.856532812118530,12,5,6,5,11
1413393918.906533956527710,8,7,5,2,11
1413393918.956538677215576,12,4,5,5,11
1413393919.006537675857544,16,9,7,5,11
1413393919.056535482406616,14,3,6,0,11
1413393919.106530666351318,14,4,2,5,11
1413393919.156527280807495,12,4,6,4,11
1413393919.206523656845093,14,5,9,2,11
1413393919.256517410278320,18,2,9,8,11
1413393919.306518077850342,13,2,13,0,11
1413393919.356517314910889,13,4,12,1,11
1413393919.406516075134277,17,4,10,6,11
1413393919.456516027450562,17,3,13,1,11
1413393919.506513357162476,18,4,13,3,11
1413393919.556510210037231,19,8,13,6,11
1413393919.606510162353516,20,1,17,2,11
1413393919.656508207321167,22,2,17,3,11
1413393919.706508159637451,20,2,16,2,11
1413393919.756508350372314,24,0,19,5,11
1413393919.806507110595703,24,4,23,1,11
1413393919.856503963470459,35,2,24,11,11
1413393919.906500339508057,37,2,31,3,11
1413393919.956491231918335,41,2,32,6,11
1413393920.006483793258667,41,4,34,4,11
1413393920.056479454040527,37,5,33,1,11
1413393920.106473922729492,36,2,31,4,11
1413393920.156469345092773,36,2,30,4,11
1413393920.206468105316162,40,2,35,5,11
1413393920.256468534469604,40,1,39,0,11
1413393920.306468725204468,40,0,39,1,11
1413393920.356467485427856,49,3,40,9,11
1413393920.406467199325562,49,3,47,1,11
1413393920.456467628479004,48,0,41,1,11
1413393920.506468772888184,48,4,41,2,11
1413393920.556467771530151,44,2,42,1,11
1413393920.606467485427856,48,2,43,5,11
1413393920.656470298767090,48,4,46,1,11
1413393920.706471920013428,50,5,47,2,11
1413393920.756474256515503,49,8,49,0,11
1413393920.806475162506104,49,5,46,1,11
1413393920.856476783752441,49,1,47,0,11
1413393920.906475543975830,47,4,44,1,11
1413393920.956476449966431,48,11,44,1,11
1413393921.006475687026978,46,2,40,2,11
1413393921.056473016738892,41,0,39,0,11
1413393921.106472253799438,41,2,38,2,11
1413393921.156472682952881,43,1,38,2,11
1413393921.206475019454956,42,2,39,1,11
1413393921.256477355957031,44,1,39,5,11
1413393921.306484460830688,49,11,41,6,11
1413393921.356489896774292,47,12,44,1,11
1413393921.406492710113525,47,1,44,2,11
1413393921.456491708755493,46,2,42,0,11
1413393921.506494283676147,47,0,44,1,11
1413393921.556487560272217,49,2,40,4,11
1413393921.606482982635498,48,22,44,2,11
1413393921.656483173370361,48,0,46,1,11
1413393921.706480979919434,49,1,47,2,11
1413393921.756478309631348,47,2,47,0,11
1413393921.806473493576050,47,3,44,0,11
1413393921.856472253799438,47,2,44,1,11
1413393921.906468152999878,49,5,45,4,11
1413393921.956463336944580,49,6,47,1,11
1413393922.006453514099121,50,8,49,1,11
1413393922.056443214416504,50,16,49,0,11
1413393922.106437683105469,48,0,48,0,11
1413393922.156430482864380,49,0,46,1,11
1413393922.206423759460449,48,21,47,0,11
1413393922.256422519683838,46,4,42,0,11
1413393922.306421756744385,45,3,41,1,11
1413393922.356421470642090,41,2,40,0,11
1413393922.406418800354004,39,4,37,1,11
1413393922.456412792205811,28,10,27,1,11
1413393922.506386995315552,46,3,20,18,11
1413393922.556367397308350,49,0,20,4,11
1413393922.606354713439941,44,4,13,3,11
1413393922.656346321105957,45,2,5,20,11
1413393922.706345319747925,42,1,20,6,11
1413393922.756350517272949,37,2,25,7,11
1413393922.806355237960815,35,0,27,2,11
1413393922.856362342834473,35,0,28,1,11
1413393922.906360387802124,42,0,29,12,11
1413393922.956363677978516,41,0,37,1,11
1413393923.006365537643433,41,4,36,0,11
1413393923.056365966796875,38,2,35,0,11
1413393923.106380224227905,48,8,35,13,11
1413393923.156381368637085,47,5,45,0,11
1413393923.206382036209106,47,4,41,3,11
1413393923.256381511688232,49,13,40,3,11
1413393923.306377172470093,49,9,43,3,11
1413393923.356377840042114,49,5,42,3,11
1413393923.406371831893921,48,17,40,0,11
1413393923.456366539001465,41,4,32,2,11
1413393923.506364107131958,35,2,19,0,11
1413393923.556360721588135,27,11,16,3,11
1413393923.606359958648682,25,11,14,5,11
1413393923.656360149383545,24,6,12,1,11
1413393923.706365585327148,23,9,11,3,11
1413393923.756369829177856,19,13,10,4,11
1413393923.806373596191406,17,3,13,1,11
1413393923.856378793716431,16,4,10,2,11
1413393923.906385660171509,16,7,7,1,11
1413393923.956400871276855,15,4,2,4,11
1413393924.006401300430298,14,1,2,4,11
1413393924.056402444839478,12,2,6,2,11
1413393924.106403827667236,9,1,7,2,11
1413393924.156404256820679,9,6,8,0,11
1413393924.206411361694336,12,4,6,4,11
1413393924.256412506103516,11,2,6,0,11
1413393924.306412458419800,10,6,6,2,11
1413393924.356424808502197,15,6,8,7,11
1413393924.406424999237061,14,5,14,0,11
1413393924.456425189971924,18,7,13,4,11
1413393924.506424665451050,17,6,13,0,11
1413393924.556424379348755,20,5,10,5,11
1413393924.606423377990723,15,4,12,1,11
1413393924.656421899795532,15,7,10,3,11
1413393924.706420183181763,12,6,10,0,11
1413393924.756419897079468,10,6,8,0,11
1413393924.806420326232910,10,6,6,3,11
1413393924.856421470642090,9,2,8,0,11
1413393924.906410455703735,12,7,7,4,11
1413393924.956412792205811,13,6,7,1,11
1413393925.006416320800781,13,6,9,1,11
1413393925.056409835815430,15,10,10,5,11
1413393925.106407165527344,15,4,13,1,11
1413393925.156402826309204,16,6,11,3,11
1413393925.206398487091064,17,2,12,2,11
1413393925.256395816802979,17,5,5,2,11
1413393925.306394338607788,13,4,4,0,11
1413393925.356395244598389,9,5,3,4,11
1413393925.406394958496094,8,4,6,2,11
1413393925.456396579742432,9,11,6,1,11
1413393925.506392002105713,13,3,5,5,11
1413393925.556396007537842,11,9,5,1,11
1413393925.606395721435547,11,4,6,1,11
1413393925.656396627426147,10,6,7,3,11
1413393925.706400156021118,12,6,7,2,11
1413393925.756400108337402,14,6,7,2,11
1413393925.806400537490845,12,9,7,3,11
1413393925.856401920318604,21,3,9,11,11
1413393925.906401634216309,22,4,19,2,11
1413393925.956401109695435,21,5,18,2,11
1413393926.006400346755981,21,7,18,1,11
1413393926.056399583816528,28,5,18,9,11
1413393926.106400012969971,30,3,25,4,11
1413393926.156400680541992,31,6,27,1,11
1413393926.206401824951172,35,0,27,5,11
1413393926.256405830383301,41,2,32,8,11
1413393926.306411743164062,42,3,39,2,11
1413393926.356414556503296,44,1,37,3,11
1413393926.406416177749634,43,3,37,2,11
1413393926.456417560577393,42,2,39,2,11
1413393926.506421089172363,45,1,40,4,11
1413393926.556422948837280,46,1,41,3,11
1413393926.606424093246460,43,3,39,1,11
1413393926.656427621841431,45,2,39,5,11
1413393926.706430912017822,47,3,41,5,11
1413393926.756433725357056,49,3,42,3,11
1413393926.806433439254761,49,3,41,1,11
1413393926.856433153152466,47,1,37,1,11
1413393926.906433105468750,45,3,30,6,11
1413393926.956432580947876,42,2,29,3,11
1413393927.006432294845581,36,0,29,2,11
1413393927.056433439254761,36,0,28,5,11
1413393927.106434822082520,37,0,28,1,11
1413393927.156436204910278,37,0,25,3,11
1413393927.206439018249512,39,2,25,7,11
1413393927.256442070007324,40,0,28,5,11
1413393927.306444644927979,43,1,31,6,11
1413393927.356446743011475,42,0,36,3,11
1413393927.406450986862183,46,5,38,6,11
1413393927.456451892852783,46,6,40,3,11
1413393927.506450176239014,44,1,36,5,11
1413393927.556450366973877,43,2,36,2,11
1413393927.606450080871582,40,3,33,2,11
1413393927.656451225280762,40,5,30,5,11
1413393927.706452369689941,36,8,30,1,11
1413393927.756453037261963,35,5,28,2,11
1413393927.806453227996826,33,7,28,2,11
1413393927.856456995010376,34,5,26,6,11
1413393927.906460523605347,32,2,29,1,11
1413393927.956461429595947,31,5,29,0,11
1413393928.006463527679443,32,1,29,3,11
1413393928.056464672088623,30,2,25,3,11
1413393928.106465339660645,30,4,26,2,11
1413393928.156466484069824,28,4,23,1,11
1413393928.206467151641846,33,5,22,5,11
1413393928.256468296051025,33,2,27,4,11
1413393928.306468725204468,29,5,25,0,11
1413393928.356467247009277,27,2,15,1,11
1413393928.406462907791138,31,6,12,8,11
1413393928.456456661224365,32,1,20,9,11
1413393928.506454706192017,29,2,27,1,11
1413393928.556452989578247,29,0,22,0,11
1413393928.606449604034424,27,5,18,2,11
1413393928.656447887420654,25,1,19,5,11
1413393928.706449747085571,21,4,16,0,11
1413393928.756452560424805,21,10,15,0,11
1413393928.806453466415405,19,2,12,5,11
1413393928.856455802917480,20,1,13,2,11
1413393928.906457424163818,22,2,11,3,11
1413393928.956459045410156,20,5,8,3,11
1413393929.006459474563599,19,3,10,3,11
1413393929.056462049484253,19,1,11,5,11
1413393929.106462240219116,20,1,15,3,11
1413393929.156463384628296,22,2,16,3,11
1413393929.206464052200317,22,1,16,1,11
1413393929.256464481353760,21,3,10,3,11
1413393929.306465625762939,19,3,9,4,11
1413393929.356466054916382,15,2,9,1,11
1413393929.406466007232666,13,1,5,0,11
1413393929.456465721130371,11,0,4,2,11
1413393929.506463527679443,14,0,2,7,11
1413393929.556463241577148,12,1,8,0,11
1413393929.606461524963379,16,1,6,7,11
1413393929.656461715698242,14,1,10,2,11
1413393929.706461906433105,16,2,12,3,11
1413393929.756461858749390,15,1,15,0,11
1413393929.806461811065674,15,3,15,0,11
1413393929.856463193893433,15,3,14,0,11
1413393929.906464338302612,17,3,12,2,11
1413393929.956465959548950,22,2,11,7,11
1413393930.006466150283813,23,0,14,3,11
1413393930.056467056274414,23,1,14,4,11
1413393930.106466770172119,20,0,15,0,11
1413393930.156466960906982,23,1,7,6,11
1413393930.206467151641846,22,3,7,1,11
1413393930.256466150283813,19,0,6,6,11
1413393930.306465864181519,19,3,7,6,11
1413393930.356465101242065,19,0,11,1,11
1413393930.406463861465454,15,1,7,1,11
1413393930.456459999084473,17,0,6,4,11
1413393930.506458282470703,15,2,5,3,11
1413393930.556457519531250,12,3,5,0,11
1413393930.606456518173218,8,1,5,1,11
1413393930.656451225280762,8,1,5,2,11
1413393930.706451177597046,9,3,6,1,11
1413393930.756438970565796,16,2,5,8,11
1413393930.806438446044922,15,1,9,1,11
1413393930.856438636779785,16,3,8,3,11
1413393930.906439304351807,14,1,11,2,11
1413393930.956436872482300,13,3,13,0,11
1413393931.006437778472900,19,1,13,6,11
1413393931.056438446044922,21,3,19,2,11
1413393931.106439590454102,25,1,20,4,11
1413393931.156440019607544,26,3,22,2,11
1413393931.206440210342407,28,1,18,3,11
1413393931.256439447402954,28,5,19,3,11
1413393931.306440830230713,27,6,20,3,11
1413393931.356441497802734,25,0,21,1,11
1413393931.406443119049072,26,0,19,3,11
1413393931.456443548202515,25,1,22,1,11
1413393931.506444454193115,23,0,21,1,11
1413393931.556446075439453,23,1,21,0,11
1413393931.606448173522949,23,2,20,2,11
1413393931.656449079513550,25,0,19,3,11
1413393931.706448554992676,25,1,19,0,11
1413393931.756448030471802,24,5,16,1,11
1413393931.806447982788086,20,2,16,1,11
1413393931.856448173522949,19,3,13,1,11
1413393931.906447172164917,20,3,13,2,11
1413393931.956447362899780,17,1,11,1,11
1413393932.006446361541748,16,3,12,2,11
1413393932.056446075439453,20,4,13,5,11
1413393932.106446027755737,22,2,16,3,11
1413393932.156445264816284,22,7,18,1,11
1413393932.206444740295410,19,0,18,0,11
1413393932.256443738937378,23,3,18,5,11
1413393932.306443452835083,23,3,22,1,11
1413393932.356443405151367,25,3,22,2,11
1413393932.406442165374756,29,3,23,5,11
1413393932.456441164016724,28,1,27,1,11
1413393932.506439208984375,29,9,26,2,11
1413393932.556437253952026,28,7,23,3,11
1413393932.606434822082520,34,3,25,8,11
1413393932.656433820724487,37,6,31,4,11
1413393932.706433057785034,38,1,33,2,11
1413393932.756432056427002,42,1,34,6,11
1413393932.806432008743286,37,2,35,0,11
1413393932.856432437896729,43,2,34,7,11
1413393932.906433343887329,44,2,36,4,11
1413393932.956436872482300,48,4,38,6,11
1413393933.006439447402954,45,4,40,2,11
1413393933.056442022323608,43,2,38,3,11
1413393933.106442451477051,43,2,39,2,11
1413393933.156439542770386,45,1,36,5,11
1413393933.206439495086670,48,1,40,4,11
1413393933.256438493728638,46,10,43,1,11
1413393933.306438446044922,48,0,45,3,11
1413393933.356437683105469,46,1,45,0,11
1413393933.406437635421753,47,1,41,3,11
1413393933.456437110900879,47,2,44,3,11
1413393933.506436109542847,48,1,47,1,11
1413393933.556437015533447,49,3,47,2,11
1413393933.606437444686890,49,5,47,0,11
1413393933.656434535980225,46,3,39,1,11
1413393933.706432342529297,49,1,29,5,11
1413393933.756431818008423,48,3,26,4,11
1413393933.806432008743286,43,3,24,9,11
1413393933.856432914733887,40,3,30,3,11
1413393933.906432628631592,37,5,29,2,11
1413393933.956428289413452,37,1,26,2,11
1413393934.006424188613892,34,2,19,2,11
1413393934.056422233581543,29,3,10,2,11
1413393934.106422185897827,24,1,7,3,11
1413393934.156421661376953,24,0,8,9,11
1413393934.206423997879028,22,1,13,3,11
1413393934.256425619125366,21,0,12,1,11
1413393934.306427001953125,21,0,10,4,11
1413393934.356430292129517,23,2,6,6,11
1413393934.406430006027222,23,1,10,3,11
1413393934.456431388854980,23,1,11,8,11
1413393934.506431579589844,22,3,15,1,11
1413393934.556430816650391,22,0,13,2,11
1413393934.606430292129517,22,1,13,4,11
1413393934.656430482864380,23,2,15,4,11
1413393934.706430435180664,25,0,19,4,11
1413393934.756429433822632,27,1,21,4,11
1413393934.806428432464600,27,0,19,1,11
1413393934.856427669525146,30,0,16,5,11
1413393934.906427383422852,27,4,18,4,11
1413393934.956428050994873,27,1,18,5,11
1413393935.006427526473999,25,3,22,1,11
1413393935.056423902511597,33,8,19,11,11
1413393935.106426477432251,37,1,27,9,11
1413393935.156426668167114,37,0,32,2,11
1413393935.206426620483398,33,2,30,0,11
1413393935.256427288055420,32,5,25,5,11
1413393935.306427717208862,30,4,28,0,11
1413393935.356427431106567,29,5,24,2,11
1413393935.406424283981323,25,0,18,0,11
1413393935.456420898437500,27,6,12,5,11
1413393935.506417274475098,33,4,9,12,11
1413393935.556416034698486,28,3,19,2,11
1413393935.606416463851929,23,0,20,2,11
1413393935.656413078308105,33,2,21,12,11
1413393935.706405639648438,38,4,33,5,11
1413393935.756399631500244,50,4,36,12,11
1413393935.806396484375000,50,0,46,0,11
1413393935.856389999389648,50,12,44,2,11
1413393935.906387567520142,48,0,43,1,11
1413393935.956389427185059,46,1,44,1,11
1413393936.006391048431396,45,5,41,0,11
1413393936.056391239166260,44,2,37,1,11
1413393936.106387138366699,47,4,36,6,11
1413393936.156384468078613,45,17,32,4,11
1413393936.206381559371948,41,5,27,1,11
1413393936.256379365921021,33,6,21,2,11
1413393936.306377649307251,29,2,15,1,11
1413393936.356376409530640,23,3,13,3,11
1413393936.406373262405396,20,4,14,4,11
1413393936.456364870071411,20,2,16,4,11
1413393936.506360530853271,18,1,17,1,11
1413393936.556357860565186,23,3,16,6,11
1413393936.606358528137207,22,5,21,0,11
1413393936.656358957290649,19,9,19,0,11
1413393936.706360340118408,23,4,13,9,11
1413393936.756358861923218,20,3,19,0,11
1413393936.806357860565186,18,1,18,0,11
1413393936.856357574462891,18,3,17,0,11
1413393936.906358718872070,24,3,14,7,11
1413393936.956359863281250,21,2,16,1,11
1413393937.006361007690430,21,9,14,4,11
1413393937.056361198425293,20,4,16,3,11
1413393937.106362342834473,24,0,19,5,11
1413393937.156362533569336,20,1,17,0,11
1413393937.206364870071411,20,3,16,1,11
1413393937.256366729736328,21,3,11,5,11
1413393937.306368589401245,29,3,14,8,11
1413393937.356369018554688,29,4,22,6,11
1413393937.406367540359497,30,1,28,2,11
1413393937.456363201141357,29,0,29,0,11
1413393937.506360530853271,38,1,28,9,11
1413393937.556358575820923,38,1,36,0,11
1413393937.606355905532837,45,2,35,8,11
1413393937.656355857849121,50,6,43,6,11
1413393937.706355810165405,48,6,48,0,11
1413393937.756357908248901,50,1,45,2,11
1413393937.806359767913818,49,1,43,0,11
1413393937.856364488601685,48,1,44,2,11
1413393937.906367778778076,48,1,45,3,11
1413393937.956374883651733,49,5,48,1,11
1413393938.006381273269653,49,1,47,0,11
1413393938.056386470794678,49,0,47,0,11
1413393938.106391668319702,48,3,46,1,11
1413393938.156396865844727,48,0,40,0,11
1413393938.206399440765381,47,1,35,1,11
1413393938.256398200988770,48,1,36,9,11
1413393938.306391954421997,48,4,45,3,11
1413393938.356384515762329,49,11,47,2,11
1413393938.406381607055664,48,2,45,0,11
1413393938.456378936767578,47,1,43,1,11
1413393938.506376981735229,46,1,44,2,11
1413393938.556374073028564,50,1,46,4,11
1413393938.606374025344849,50,0,46,0,11
1413393938.656373739242554,48,0,44,0,11
1413393938.706372737884521,46,4,42,2,11
1413393938.756370544433594,48,2,42,5,11
1413393938.806366682052612,48,0,46,1,11
1413393938.856366634368896,50,1,47,2,11
1413393938.906367063522339,49,5,46,0,11
1413393938.956369876861572,47,10,43,1,11
1413393939.006373167037964,44,1,42,2,11
1413393939.056371927261353,43,2,41,1,11
1413393939.106365680694580,44,4,40,2,11
1413393939.156366109848022,43,1,39,1,11
1413393939.206371068954468,40,3,39,1,11
1413393939.256377935409546,49,3,37,10,11
1413393939.306387662887573,49,3,45,1,11
1413393939.356395721435547,49,2,42,2,11
1413393939.406405448913574,45,3,37,0,11
1413393939.456414937973022,40,3,32,2,11
1413393939.506419181823730,38,2,29,3,11
1413393939.556423902511597,44,8,28,11,11
1413393939.606420278549194,39,2,26,1,11
1413393939.656410932540894,32,6,20,2,11
1413393939.706402778625488,26,4,22,2,11
1413393939.756393194198608,28,1,24,4,11
1413393939.806373596191406,32,0,27,4,11
1413393939.856350421905518,32,10,21,0,11
1413393939.906325578689575,28,11,15,0,11
1413393939.956310749053955,21,10,8,3,11
1413393940.006296634674072,22,7,9,5,11
1413393940.056295633316040,17,0,9,1,11
1413393940.106300354003906,16,4,8,1,11
1413393940.156307220458984,17,1,5,9,11
1413393940.206308126449585,15,3,12,1,11
1413393940.256303310394287,16,1,13,3,11
1413393940.306291341781616,16,1,16,0,11
1413393940.356279611587524,16,0,14,0,11
1413393940.406270503997803,16,0,14,0,11
1413393940.456258296966553,20,2,14,6,11
1413393940.506246089935303,30,5,18,10,11
1413393940.556239843368530,31,3,28,1,11
1413393940.606230020523071,38,3,29,9,11
1413393940.656228303909302,40,0,33,4,11
1413393940.706223011016846,36,1,28,2,11
1413393940.756219863891602,35,1,27,5,11
1413393940.806218624114990,35,1,29,4,11
1413393940.856201648712158,36,1,30,1,11
1413393940.906192541122437,35,0,30,1,11
1413393940.956183910369873,34,15,29,2,11
1413393941.006174325942993,39,9,28,7,11
1413393941.056165695190430,37,11,27,2,11
1413393941.106165409088135,35,6,22,1,11
1413393941.156168699264526,35,1,22,6,11
1413393941.206173658370972,32,3,22,3,11
1413393941.256178855895996,27,4,17,0,11
1413393941.306190252304077,25,4,16,3,11
1413393941.356203556060791,24,3,13,5,11
1413393941.406208992004395,24,5,10,1,11
1413393941.456223249435425,22,2,10,3,11
1413393941.506232500076294,20,3,10,6,11
1413393941.556276798248291,30,4,11,11,11
1413393941.606287956237793,29,6,20,2,11
1413393941.656291246414185,30,4,20,5,11
1413393941.706291913986206,30,1,25,2,11
1413393941.756291866302490,28,3,22,4,11
1413393941.806292057037354,30,3,24,6,11
1413393941.856288194656372,30,2,27,2,11
1413393941.906281471252441,31,4,27,1,11
1413393941.956275463104248,31,4,27,1,11
1413393942.006267786026001,28,15,23,2,11
1413393942.056261539459229,31,22,20,6,11
1413393942.106260299682617,30,5,18,2,11
1413393942.156258821487427,23,3,16,1,11
1413393942.206258296966553,20,4,14,4,11
1413393942.256257534027100,18,2,15,0,11
1413393942.306255340576172,18,0,13,2,11
1413393942.356251716613770,19,4,14,3,11
1413393942.406250238418579,23,4,17,4,11
1413393942.456250667572021,22,4,21,1,11
1413393942.506254434585571,25,3,22,3,11
1413393942.556256771087646,30,1,23,5,11
1413393942.606261253356934,31,1,25,1,11
1413393942.656264305114746,43,4,25,14,11
1413393942.706264495849609,43,4,39,3,11
1413393942.756262540817261,45,3,38,3,11
1413393942.806257009506226,44,2,35,3,11
1413393942.856251955032349,47,0,38,6,11
1413393942.906246185302734,47,0,43,4,11
1413393942.956243991851807,47,0,42,1,11
1413393943.006241083145142,46,3,41,2,11
1413393943.056238412857056,44,0,43,1,11
1413393943.106235027313232,50,12,41,6,11
1413393943.156235694885254,48,23,45,1,11
1413393943.206235647201538,48,10,45,2,11
1413393943.256233692169189,48,0,35,2,11
1413393943.306231260299683,46,4,33,1,11
1413393943.356227636337280,40,5,31,6,11
1413393943.406222343444824,37,1,35,0,11
1413393943.456217288970947,37,0,35,1,11
1413393943.506207466125488,37,2,33,3,11
1413393943.556197166442871,37,1,36,0,11
1413393943.606190443038940,37,1,20,1,11
1413393943.656186342239380,37,0,18,0,11
1413393943.706169843673706,39,1,17,17,11
1413393943.756162643432617,43,0,33,8,11
1413393943.806161880493164,44,2,35,5,11
1413393943.856166362762451,43,0,29,1,11
1413393943.906172990798950,44,0,25,4,11
1413393943.956182479858398,41,1,28,9,11
1413393944.006192207336426,40,1,35,2,11
1413393944.056207656860352,41,1,36,3,11
1413393944.106217622756958,41,5,38,1,11
1413393944.156225204467773,40,3,31,0,11
1413393944.206229925155640,40,4,33,1,11
1413393944.256232738494873,39,3,32,5,11
1413393944.306231737136841,43,1,31,6,11
1413393944.356228113174438,45,0,27,5,11
1413393944.406223297119141,41,1,31,2,11
1413393944.456218957901001,34,0,28,3,11
1413393944.506211280822754,31,0,30,0,11
1413393944.556197404861450,34,0,27,4,11
1413393944.606189250946045,36,0,31,3,11
1413393944.656184196472168,36,1,33,2,11
1413393944.706181287765503,35,0,32,0,11
1413393944.756174564361572,44,0,30,11,11
1413393944.806169509887695,44,0,40,4,11
1413393944.856165409088135,45,0,43,2,11
1413393944.906157732009888,46,1,41,4,11
1413393944.956149101257324,46,0,43,0,11
1413393945.006135463714600,44,0,40,2,11
1413393945.056120395660400,44,2,40,2,11
1413393945.106110811233521,44,3,40,2,11
1413393945.156105995178223,45,2,39,5,11
1413393945.206100940704346,47,3,41,3,11
1413393945.256098747253418,49,2,44,3,11
1413393945.306098461151123,46,4,44,1,11
1413393945.356098651885986,43,2,39,0,11
1413393945.406096220016479,46,3,37,6,11
1413393945.456096887588501,41,0,40,0,11
1413393945.506097793579102,40,0,39,0,11
1413393945.556097507476807,39,2,38,1,11
1413393945.606097936630249,35,3,35,0,11
1413393945.656097412109375,32,1,30,0,11
1413393945.706097841262817,31,1,27,2,11
1413393945.756098508834839,28,2,28,0,11
1413393945.806098461151123,28,2,27,0,11
1413393945.856098413467407,28,0,25,1,11
1413393945.906095981597900,30,0,25,2,11
1413393945.956089496612549,30,1,25,2,11
1413393946.006081104278564,32,3,23,4,11
1413393946.056070089340210,34,1,26,4,11
1413393946.106061697006226,35,0,27,4,11
1413393946.156056880950928,35,0,29,2,11
1413393946.206054925918579,29,1,25,3,11
1413393946.256053924560547,29,0,18,5,11
1413393946.306057691574097,28,0,24,0,11
1413393946.356062889099121,26,0,22,2,11
1413393946.406066656112671,24,0,22,1,11
1413393946.456067562103271,25,2,21,2,11
1413393946.506068229675293,25,0,21,0,11
1413393946.556068420410156,23,0,19,0,11
1413393946.606068372726440,23,1,18,2,11
1413393946.656068086624146,22,0,19,1,11
1413393946.706068038940430,23,3,19,2,11
1413393946.756070137023926,27,0,19,5,11
1413393946.806069612503052,32,0,26,5,11
1413393946.856068611145020,32,3,29,1,11
1413393946.906067848205566,31,2,29,1,11
1413393946.956068754196167,31,2,29,0,11
1413393947.006070375442505,28,0,24,0,11
1413393947.056071519851685,32,1,22,5,11
1413393947.106071949005127,38,5,28,10,11
1413393947.156070470809937,36,2,36,0,11
1413393947.206067800521851,35,0,35,0,11
1413393947.256062746047974,36,0,31,2,11
1413393947.306059837341309,33,1,32,0,11
1413393947.356057643890381,32,1,25,0,11
1413393947.406055688858032,29,0,20,1,11
1413393947.456054210662842,24,0,16,1,11
1413393947.506053209304810,19,2,15,0,11
1413393947.556052684783936,18,2,14,2,11
1413393947.606052875518799,15,2,14,0,11
1413393947.656053066253662,17,0,13,2,11
1413393947.706052780151367,18,3,14,2,11
1413393947.756053209304810,19,11,13,1,11
1413393947.806054115295410,19,6,11,5,11
1413393947.856055498123169,18,6,9,5,11
1413393947.906056642532349,14,4,10,0,11
1413393947.956058740615845,11,6,8,1,11
1413393948.006059646606445,9,5,7,1,11
1413393948.056063890457153,13,2,6,5,11
1413393948.106066226959229,18,5,10,6,11
1413393948.156065940856934,19,1,14,2,11
1413393948.206066846847534,25,2,15,7,11
1413393948.256066560745239,32,1,22,9,11
1413393948.306064844131470,36,7,30,6,11
1413393948.356063127517700,38,1,33,5,11
1413393948.406061887741089,36,3,33,3,11
1413393948.456058740615845,47,2,33,11,11
1413393948.506057262420654,44,1,40,0,11
1413393948.556053638458252,45,4,39,3,11
1413393948.606050729751587,43,1,41,2,11
1413393948.656048297882080,46,3,42,3,11
1413393948.706048011779785,45,3,44,0,11
1413393948.756047010421753,48,4,41,5,11
1413393948.806049585342407,46,0,41,0,11
1413393948.856053113937378,47,4,39,4,11
1413393948.906054735183716,45,4,40,3,11
1413393948.956057786941528,46,1,41,3,11
1413393949.006066799163818,46,3,38,1,11
1413393949.056071519851685,45,1,34,1,11
1413393949.106076002120972,47,0,32,7,11
1413393949.156076669692993,47,1,32,5,11
1413393949.206077575683594,46,3,29,4,11
1413393949.256077527999878,45,3,25,5,11
1413393949.306077480316162,42,3,28,6,11
1413393949.356076002120972,41,13,33,6,11
1413393949.406076669692993,38,0,34,0,11
1413393949.456078052520752,38,1,28,0,11
1413393949.506079673767090,37,0,23,4,11
1413393949.556081056594849,34,2,26,3,11
1413393949.606083154678345,38,0,27,8,11
1413393949.656085491180420,38,0,35,0,11
1413393949.706087112426758,40,0,31,5,11
1413393949.756086587905884,40,2,29,0,11
1413393949.806084871292114,40,1,30,4,11
1413393949.856082677841187,40,2,33,6,11
1413393949.906078100204468,46,12,40,6,11
1413393949.956076622009277,45,10,44,1,11
1413393950.006075620651245,46,0,45,1,11
1413393950.056073904037476,48,2,45,3,11
1413393950.106067657470703,49,13,43,2,11
1413393950.156067132949829,48,2,42,0,11
1413393950.206066131591797,44,2,38,3,11
1413393950.256065845489502,44,4,39,1,11
1413393950.306066513061523,41,2,34,1,11
1413393950.356067657470703,38,1,35,0,11
1413393950.406068801879883,38,1,32,2,11
1413393950.456069469451904,38,1,32,4,11
1413393950.506071090698242,37,0,24,2,11
1413393950.556073188781738,43,5,27,7,11
1413393950.606073379516602,39,1,28,4,11
1413393950.656074047088623,43,19,28,11,11
1413393950.706074237823486,46,7,31,8,11
1413393950.756075382232666,44,2,34,1,11
1413393950.806077480316162,40,2,30,3,11
1413393950.856081962585449,45,6,29,10,11
1413393950.906085729598999,45,3,37,3,11
1413393950.956088304519653,37,2,33,2,11
1413393951.006091356277466,35,6,32,0,11
1413393951.056095123291016,47,4,29,14,11
1413393951.106094837188721,48,2,39,3,11
1413393951.156094074249268,45,4,40,0,11
1413393951.206092834472656,46,2,39,6,11
1413393951.256092309951782,49,10,45,4,11
1413393951.306091785430908,47,4,45,0,11
1413393951.356091499328613,46,4,42,1,11
1413393951.406091213226318,49,14,42,5,11
1413393951.456091642379761,48,5,44,1,11
1413393951.506091833114624,47,0,44,1,11
1413393951.556091785430908,48,5,44,2,11
1413393951.606091976165771,46,7,42,3,11
1413393951.656092643737793,46,4,43,2,11
1413393951.706093072891235,45,0,42,1,11
1413393951.756094217300415,44,0,38,0,11
1413393951.806094884872437,43,2,38,2,11
1413393951.856096744537354,49,5,39,9,11
1413393951.906096696853638,46,2,45,0,11
1413393951.956096887588501,44,1,43,0,11
1413393952.006096839904785,49,3,43,5,11
1413393952.056097269058228,50,4,47,2,11
1413393952.106097459793091,50,8,48,0,11
1413393952.156097173690796,50,0,46,1,11
1413393952.206097126007080,48,4,46,0,11
1413393952.256097078323364,46,2,44,2,11
1413393952.306097030639648,46,4,45,1,11
1413393952.356096982955933,47,0,45,2,11
1413393952.406096935272217,49,4,45,3,11
1413393952.456096887588501,49,5,48,0,11
1413393952.506097555160522,48,1,47,1,11
1413393952.556097507476807,50,7,47,2,11
1413393952.606097221374512,49,5,46,0,11
1413393952.656096935272217,48,1,42,2,11
1413393952.706096887588501,47,4,40,2,11
1413393952.756096839904785,46,1,42,2,11
1413393952.806097030639648,47,7,42,3,11
1413393952.856095552444458,47,6,44,2,11
1413393952.906094074249268,49,4,46,3,11
1413393952.956093311309814,48,5,47,0,11
1413393953.006092548370361,49,1,47,1,11
1413393953.056092023849487,48,1,45,1,11
1413393953.106091737747192,47,4,45,1,11
1413393953.156091690063477,50,3,46,4,11
1413393953.206091642379761,49,4,49,0,11
1413393953.256091117858887,49,4,48,0,11
1413393953.306090831756592,50,7,44,1,11
1413393953.356090307235718,48,1,44,0,11
1413393953.406089544296265,49,10,41,6,11
1413393953.456088781356812,47,2,41,0,11
1413393953.506087541580200,49,3,33,4,11
1413393953.556085586547852,46,3,29,2,11
1413393953.606085300445557,42,1,26,5,11
1413393953.656086206436157,45,4,20,10,11
1413393953.706086874008179,45,0,17,4,11
1413393953.756087779998779,41,4,14,8,11
1413393953.806088685989380,37,0,20,10,11
1413393953.856090307235718,35,0,25,4,11
1413393953.906095027923584,45,0,23,12,11
1413393953.956099510192871,44,0,36,4,11
1413393954.006106376647949,46,0,39,5,11
1413393954.056111335754395,50,0,35,5,11
1413393954.106115818023682,50,5,37,1,11
1413393954.156119823455811,46,5,39,6,11
1413393954.206122159957886,48,2,45,3,11
1413393954.256122350692749,49,1,48,1,11
1413393954.306122779846191,49,1,49,0,11
1413393954.356124162673950,50,6,48,1,11
1413393954.406125068664551,50,2,49,0,11
1413393954.456125497817993,48,4,48,0,11
1413393954.506126642227173,47,0,45,1,11
1413393954.556130170822144,46,4,38,0,11
1413393954.606131553649902,46,2,39,2,11
1413393954.656132221221924,50,3,40,9,11
1413393954.706133842468262,49,7,47,0,11
1413393954.756134748458862,47,6,44,1,11
1413393954.806135892868042,48,3,41,4,11
1413393954.856136560440063,45,2,43,1,11
1413393954.906136989593506,48,2,42,4,11
1413393954.956137418746948,49,9,45,2,11
1413393955.006137847900391,48,5,44,2,11
1413393955.056138038635254,46,10,43,1,11
1413393955.106138467788696,46,3,40,4,11
1413393955.156138420104980,47,2,40,4,11
1413393955.206137418746948,44,1,42,0,11
1413393955.256135940551758,41,2,38,1,11
1413393955.306134700775146,45,7,36,4,11
1413393955.356133699417114,43,1,36,4,11
1413393955.406132936477661,43,1,37,5,11
1413393955.456131696701050,36,7,34,0,11
1413393955.506129980087280,38,3,31,4,11
1413393955.556129455566406,30,9,28,1,11
1413393955.606128454208374,35,2,27,7,11
1413393955.656128168106079,32,0,30,0,11
1413393955.706127405166626,31,1,30,0,11
1413393955.756126403808594,29,3,27,1,11
1413393955.806125879287720,26,3,24,0,11
1413393955.856125116348267,26,1,24,1,11
1413393955.906123399734497,27,5,24,2,11
1413393955.956123113632202,28,1,26,1,11
1413393956.006123065948486,33,1,24,6,11
1413393956.056124210357666,40,4,29,7,11
1413393956.106125593185425,40,2,35,3,11
1413393956.156126022338867,39,4,33,0,11
1413393956.206124544143677,39,0,29,1,11
1413393956.256123781204224,36,4,29,5,11
1413393956.306123733520508,35,4,30,3,11
1413393956.356125116348267,37,5,33,2,11
1413393956.406125545501709,37,2,34,3,11
1413393956.456125497817993,34,4,33,0,11
1413393956.506124496459961,34,1,33,0,11
1413393956.556123733520508,34,3,33,1,11
1413393956.606123208999634,33,1,33,0,11
1413393956.656121969223022,33,1,32,1,11
1413393956.706121206283569,30,0,30,0,11
1413393956.756120681762695,38,0,28,8,11
1413393956.806120872497559,41,0,35,3,11
1413393956.856120586395264,43,0,37,3,11
1413393956.906119585037231,40,3,30,2,11
1413393956.956119060516357,40,6,33,5,11
1413393957.006118774414062,40,0,35,3,11
1413393957.056118726730347,48,2,37,8,11
1413393957.106118202209473,47,6,43,2,11
1413393957.156117439270020,48,2,45,2,11
1413393957.206117391586304,46,4,43,3,11
1413393957.256117582321167,47,1,44,2,11
1413393957.306117773056030,48,3,43,3,11
1413393957.356117963790894,45,0,42,0,11
1413393957.406118392944336,43,1,38,1,11
1413393957.456118583679199,43,1,35,6,11
1413393957.506118774414062,46,4,39,7,11
1413393957.556118965148926,43,3,43,0,11
1413393957.606119155883789,43,0,41,2,11
1413393957.656119346618652,47,2,41,5,11
1413393957.706119298934937,49,3,44,2,11
1413393957.756119728088379,42,2,38,0,11
1413393957.806119918823242,42,2,36,3,11
1413393957.856121063232422,40,1,30,4,11
1413393957.906121492385864,38,1,29,1,11
1413393957.956121683120728,38,2,25,8,11
1413393958.006121873855591,31,1,27,0,11
1413393958.056121587753296,35,0,25,8,11
1413393958.106121778488159,36,1,33,3,11
1413393958.156121015548706,37,2,32,4,11
1413393958.206120252609253,36,1,35,0,11
1413393958.256119489669800,35,2,33,0,11
1413393958.306117773056030,41,2,31,6,11
1413393958.356116533279419,43,0,34,4,11
1413393958.406115055084229,47,2,30,9,11
1413393958.456114292144775,44,1,35,1,11
1413393958.506113052368164,43,1,34,4,11
1413393958.556112766265869,46,1,37,6,11
1413393958.606112241744995,43,8,40,2,11
1413393958.656111717224121,44,1,42,2,11
1413393958.706111192703247,45,1,43,1,11
1413393958.756110429763794,48,3,44,3,11
1413393958.806110858917236,49,0,47,2,11
1413393958.856111526489258,48,1,45,1,11
1413393958.906111478805542,48,1,42,1,11
1413393958.956111431121826,47,2,43,2,11
1413393959.006110906600952,47,3,43,3,11
1413393959.056109428405762,47,2,39,1,11
1413393959.106108427047729,46,4,37,2,11
1413393959.156108140945435,43,2,35,3,11
1413393959.206107854843140,48,4,38,9,11
1413393959.256106376647949,45,0,44,1,11
1413393959.306104421615601,44,1,40,0,11
1413393959.356101751327515,48,5,37,5,11
1413393959.406100511550903,46,2,41,2,11
1413393959.456100463867188,43,1,40,2,11
1413393959.506100654602051,43,1,43,0,11
1413393959.556101799011230,40,0,40,0,11
1413393959.606103658676147,40,1,35,3,11
1413393959.656104087829590,40,2,36,3,11
1413393959.706103801727295,40,3,39,1,11
1413393959.756103038787842,42,0,40,2,11
1413393959.806101322174072,47,2,40,6,11
1413393959.856098890304565,46,0,45,0,11
1413393959.906097412109375,44,4,42,1,11
1413393959.956096410751343,46,1,43,2,11
1413393960.006096363067627,45,1,42,1,11
1413393960.056096553802490,45,1,43,0,11
1413393960.106097221374512,49,3,42,6,11
1413393960.156096935272217,48,1,46,0,11
1413393960.206096410751343,46,0,45,1,11
1413393960.256095409393311,47,0,46,1,11
1413393960.306093215942383,47,1,46,0,11
1413393960.356089115142822,47,1,44,1,11
1413393960.406084537506104,47,0,45,1,11
1413393960.456082105636597,47,0,46,1,11
1413393960.506080865859985,49,6,47,2,11
1413393960.556082010269165,49,0,49,0,11
1413393960.606083154678345,49,2,48,0,11
1413393960.656083583831787,49,10,46,1,11
1413393960.706083774566650,45,2,42,1,11
1413393960.756083488464355,44,1,40,1,11
1413393960.806082487106323,43,0,37,0,11
1413393960.856080293655396,43,3,36,2,11
1413393960.906077861785889,47,12,38,8,11
1413393960.956077814102173,46,3,42,1,11
1413393961.006078720092773,41,3,41,0,11
1413393961.056082248687744,41,5,33,0,11
1413393961.106086492538452,44,0,20,3,11
1413393961.156090259552002,47,3,15,11,11
1413393961.206092596054077,43,5,16,9,11
1413393961.256093263626099,37,0,13,4,11
1413393961.306095361709595,32,0,8,7,11
1413393961.356095552444458,31,0,7,11,11
1413393961.406095743179321,31,3,16,6,11
1413393961.456094264984131,30,0,12,7,11
1413393961.506089925765991,29,0,16,1,11
1413393961.556089401245117,27,1,3,7,11
1413393961.606089353561401,27,0,3,3,11
1413393961.656089305877686,27,1,4,14,11
1413393961.706090211868286,25,0,12,5,11
1413393961.756090879440308,25,0,10,2,11
1413393961.806091070175171,25,0,3,6,11
1413393961.856091022491455,25,0,5,7,11
1413393961.906090497970581,26,1,8,10,11
1413393961.956090927124023,26,2,10,4,11
1413393962.006090641021729,27,0,7,5,11
1413393962.056090354919434,29,3,9,10,11
1413393962.106090545654297,29,0,15,7,11
1413393962.156091213226318,30,1,21,4,11
1413393962.206090927124023,29,5,19,3,11
1413393962.256090402603149,35,7,21,7,11
1413393962.306090593338013,33,9,21,5,11
1413393962.356090307235718,28,2,23,0,11
1413393962.406090497970581,25,1,18,2,11
1413393962.456090688705444,23,5,17,3,11
1413393962.506091117858887,25,3,19,6,11
1413393962.556090831756592,24,2,23,0,11
1413393962.606091022491455,25,0,19,5,11
1413393962.656090497970581,37,3,21,14,11
1413393962.706089258193970,35,2,32,0,11
1413393962.756087779998779,32,4,30,1,11
1413393962.806086778640747,22,12,20,0,11
1413393962.856085300445557,26,5,18,7,11
1413393962.906084775924683,19,2,18,0,11
1413393962.956084251403809,13,4,10,0,11
1413393963.006083965301514,16,5,7,7,11
1413393963.056083679199219,10,0,9,0,11
1413393963.106083869934082,6,1,6,0,11
1413393963.156081438064575,12,3,4,7,11
1413393963.206081390380859,13,5,10,2,11
1413393963.256081581115723,11,4,11,0,11
1413393963.306080818176270,20,4,10,9,11
1413393963.356081724166870,20,7,14,5,11
1413393963.406082153320312,20,7,19,0,11
1413393963.456082105636597,24,4,17,6,11
1413393963.506082057952881,24,4,18,1,11
1413393963.556082010269165,26,0,15,3,11
1413393963.606081962585449,26,3,11,4,11
1413393963.656081199645996,29,5,14,7,11
1413393963.706079959869385,27,3,17,5,11
1413393963.756079673767090,28,3,15,3,11
1413393963.806079626083374,32,3,11,8,11
1413393963.856079578399658,32,4,7,7,11
1413393963.906079769134521,30,4,7,5,11
1413393963.956079721450806,23,5,6,4,11
1413393964.006079673767090,14,2,3,1,11
1413393964.056080102920532,15,3,1,7,11
1413393964.106080293655396,13,0,1,3,11
1413393964.156080245971680,16,2,2,6,11
1413393964.206079959869385,14,2,3,5,11
1413393964.256079435348511,14,2,1,3,11
1413393964.306078672409058,13,2,2,3,11
1413393964.356076955795288,17,3,2,11,11
1413393964.406076669692993,17,6,8,2,11
1413393964.456076383590698,15,3,5,2,11
1413393964.506075620651245,13,3,3,3,11
1413393964.556075334548950,15,5,3,7,11
1413393964.606075286865234,14,2,8,2,11
1413393964.656075239181519,13,6,5,1,11
1413393964.706074953079224,12,0,3,1,11
1413393964.756074666976929,14,0,1,8,11
1413393964.806074380874634,15,2,7,3,11
1413393964.856074810028076,15,4,9,3,11
1413393964.906075239181519,15,0,8,2,11
1413393964.956075906753540,19,4,7,5,11
1413393965.006076335906982,16,1,6,3,11
1413393965.056076526641846,12,3,6,2,11
1413393965.106076002120972,16,1,5,11,11
1413393965.156076192855835,16,2,6,1,11
1413393965.206076145172119,15,3,4,0,11
1413393965.256076097488403,10,2,2,4,11
1413393965.306076049804688,9,10,5,1,11
1413393965.356072187423706,26,3,4,19,11
1413393965.406071424484253,26,8,13,1,11
1413393965.456072807312012,29,8,13,6,11
1413393965.506072282791138,24,1,17,7,11
1413393965.556073665618896,40,9,21,17,11
1413393965.606074333190918,36,9,32,0,11
1413393965.656074762344360,32,9,23,2,11
1413393965.706076145172119,35,8,22,6,11
1413393965.756077766418457,29,1,21,1,11
1413393965.806082963943481,32,3,18,10,11
1413393965.856084346771240,34,10,24,8,11
1413393965.906083583831787,34,1,28,0,11
1413393965.956082344055176,33,1,26,2,11
1413393966.006081104278564,27,1,24,1,11
1413393966.056077718734741,39,1,24,13,11
1413393966.106076478958130,40,0,31,3,11
1413393966.156075477600098,37,2,30,0,11
1413393966.206074714660645,37,1,30,3,11
1413393966.256073951721191,41,2,32,8,11
1413393966.306073904037476,47,6,37,7,11
1413393966.356073379516602,45,5,42,1,11
1413393966.406070232391357,47,5,39,4,11
1413393966.456067800521851,46,10,39,1,11
1413393966.506066083908081,45,5,37,4,11
1413393966.556065797805786,42,1,37,1,11
1413393966.606065511703491,43,3,35,6,11
1413393966.656066179275513,40,3,36,0,11
1413393966.706066846847534,36,5,35,0,11
1413393966.756067037582397,34,2,33,0,11
1413393966.806065797805786,33,2,30,0,11
1413393966.856064081192017,33,1,29,2,11
1413393966.906062841415405,33,2,30,2,11
1413393966.956061124801636,33,0,32,0,11
1413393967.006060361862183,36,3,31,4,11
1413393967.056058883666992,40,4,33,4,11
1413393967.106059074401855,39,2,35,3,11
1413393967.156057357788086,45,3,35,10,11
1413393967.206057786941528,45,1,45,0,11
1413393967.256058216094971,42,1,42,0,11
1413393967.306059598922729,43,6,42,1,11
1413393967.356060743331909,44,3,38,3,11
1413393967.406060934066772,40,1,37,0,11
1413393967.456060886383057,45,1,35,8,11
1413393967.506061792373657,46,6,39,2,11
1413393967.556062936782837,45,1,29,2,11
1413393967.606065273284912,44,5,31,4,11
1413393967.656066179275513,42,2,32,8,11
1413393967.706066608428955,45,1,38,4,11
1413393967.756066799163818,45,1,40,3,11
1413393967.806067466735840,45,0,43,2,11
1413393967.856067657470703,49,4,44,4,11
1413393967.906067132949829,46,0,41,1,11
1413393967.956066846847534,42,3,32,2,11
1413393968.006066799163818,41,2,29,2,11
1413393968.056067943572998,40,0,17,8,11
1413393968.106070518493652,44,1,11,9,11
1413393968.156071901321411,39,0,13,6,11
1413393968.206074476242065,33,2,13,8,11
1413393968.256075382232666,29,0,16,2,11
1413393968.306075572967529,27,0,14,4,11
1413393968.356075763702393,24,1,15,2,11
1413393968.406075477600098,21,0,17,1,11
1413393968.456077337265015,23,2,16,5,11
1413393968.506078243255615,23,1,20,0,11
1413393968.556078433990479,24,1,13,3,11
1413393968.606077909469604,24,0,15,2,11
1413393968.656077384948730,39,1,17,21,11
1413393968.706076860427856,40,1,37,2,11
1413393968.756076574325562,45,0,39,5,11
1413393968.806075096130371,49,12,44,5,11
1413393968.856073379516602,50,3,48,1,11
1413393968.906071901321411,48,6,47,0,11
1413393968.956070899963379,49,8,47,2,11
1413393969.006069898605347,50,5,49,1,11
1413393969.056070089340210,49,2,46,0,11
1413393969.106070041656494,50,6,47,1,11
1413393969.156068801879883,48,2,44,0,11
1413393969.206067323684692,49,5,43,1,11
1413393969.256066083908081,48,4,42,2,11
1413393969.306066274642944,46,3,43,0,11
1413393969.356066703796387,44,2,42,0,11
1413393969.406066417694092,48,5,41,6,11
1413393969.456065177917480,49,1,43,1,11
1413393969.506064414978027,48,6,39,1,11
1413393969.556062698364258,48,4,39,4,11
1413393969.606063365936279,46,2,41,2,11
1413393969.656062841415405,43,2,32,1,11
1413393969.706062555313110,47,0,29,6,11
1413393969.756062507629395,43,2,36,5,11
1413393969.806062221527100,44,1,38,3,11
1413393969.856060504913330,46,0,35,4,11
1413393969.906059026718140,45,1,36,1,11
1413393969.956058502197266,46,7,35,7,11
1413393970.006058216094971,47,1,42,3,11
1413393970.056058883666992,46,2,28,1,11
1413393970.106059789657593,48,1,20,2,11
1413393970.156060218811035,41,3,19,11,11
1413393970.206061363220215,41,5,27,11,11
1413393970.256061792373657,42,5,34,3,11
1413393970.306062459945679,42,5,37,2,11
1413393970.356062650680542,42,2,36,5,11
1413393970.406063079833984,43,0,40,1,11
1413393970.456063032150269,43,1,40,1,11
1413393970.506062984466553,44,3,41,2,11
1413393970.556063652038574,50,3,42,7,11
1413393970.606064081192017,50,6,49,0,11
1413393970.656064510345459,49,15,48,0,11
1413393970.706064939498901,47,3,45,1,11
1413393970.756065368652344,49,8,45,4,11
1413393970.806063890457153,46,29,46,0,11
1413393970.856062173843384,48,1,45,3,11
1413393970.906060695648193,48,1,45,1,11
1413393970.956060409545898,50,0,45,2,11
1413393971.006062507629395,50,0,40,2,11
1413393971.056065797805786,49,2,40,0,11
1413393971.106069564819336,44,0,30,3,11
1413393971.156073331832886,42,0,23,3,11
1413393971.206077337265015,41,2,22,7,11
1413393971.256081819534302,46,3,28,13,11
1413393971.306084632873535,40,2,32,2,11
1413393971.356088161468506,41,4,33,3,11
1413393971.406091690063477,38,21,32,4,11
1413393971.456088781356812,37,2,34,1,11
1413393971.506083488464355,36,0,34,0,11
1413393971.556079387664795,36,0,32,1,11
1413393971.606077194213867,34,3,32,0,11
1413393971.656076192855835,33,5,30,3,11
1413393971.706075906753540,33,3,30,1,11
1413393971.756076335906982,31,1,28,0,11
1413393971.806075811386108,39,2,26,10,11
1413393971.856077432632446,39,3,36,1,11
1413393971.906077623367310,37,2,37,0,11
1413393971.956079244613647,40,1,37,3,11
1413393972.006080389022827,43,4,40,3,11
1413393972.056081533432007,46,0,40,4,11
1413393972.106081724166870,47,5,42,2,11
1413393972.156082153320312,48,4,43,4,11
1413393972.206083059310913,48,0,46,1,11
1413393972.256083965301514,49,14,40,2,11
1413393972.306081771850586,48,0,42,0,11
1413393972.356081247329712,44,1,41,1,11
1413393972.406080722808838,43,0,40,1,11
1413393972.456081390380859,43,1,41,0,11
1413393972.506079912185669,48,14,39,6,11
1413393972.556080579757690,48,0,39,2,11
1413393972.606080293655396,46,5,36,3,11
1413393972.656080484390259,43,1,38,1,11
1413393972.706081151962280,45,1,39,5,11
1413393972.756081581115723,45,4,39,2,11
1413393972.806082248687744,43,1,35,0,11
1413393972.856085300445557,47,4,31,7,11
1413393972.906085968017578,45,2,35,3,11
1413393972.956086158752441,48,0,33,7,11
1413393973.006086826324463,48,0,35,3,11
1413393973.056087970733643,47,0,34,3,11
1413393973.106090545654297,44,8,39,3,11
1413393973.156092405319214,49,15,42,6,11
1413393973.206093311309814,48,4,47,0,11
1413393973.256093740463257,48,0,46,1,11
1413393973.306093931198120,47,1,45,0,11
1413393973.356094598770142,45,1,44,0,11
1413393973.406094789505005,45,1,43,1,11
1413393973.456095457077026,50,2,43,5,11
1413393973.506096124649048,49,6,47,0,11
1413393973.556097269058228,48,0,46,0,11
1413393973.606098413467407,47,2,45,0,11
1413393973.656099557876587,45,1,39,3,11
1413393973.706101417541504,45,10,40,3,11
1413393973.756103992462158,47,5,41,3,11
1413393973.806105613708496,44,7,39,1,11
1413393973.856106996536255,43,2,37,2,11
1413393973.906106710433960,40,1,33,0,11
1413393973.956106185913086,46,0,32,7,11
1413393974.006106138229370,41,6,31,4,11
1413393974.056106328964233,38,5,25,2,11
1413393974.106107234954834,31,5,22,2,11
1413393974.156108617782593,21,3,18,1,11
1413393974.206109523773193,17,3,14,0,11
1413393974.256109714508057,15,2,10,0,11
1413393974.306111574172974,15,0,9,3,11
1413393974.356112480163574,14,2,8,1,11
1413393974.406114339828491,17,2,8,4,11
1413393974.456115245819092,12,4,11,0,11
1413393974.506116390228271,18,0,10,7,11
1413393974.556115150451660,17,10,13,0,11
1413393974.606113433837891,32,1,11,15,11
1413393974.656110525131226,41,4,22,13,11
1413393974.706110000610352,40,5,31,1,11
1413393974.756109476089478,34,8,28,1,11
1413393974.806108951568604,29,2,23,1,11
1413393974.856108427047729,25,5,21,0,11
1413393974.906106472015381,23,4,16,5,11
1413393974.956105232238770,21,0,15,2,11
1413393975.006103038787842,20,2,17,1,11
1413393975.056101799011230,20,3,16,3,11
1413393975.106102228164673,24,2,19,4,11
1413393975.156100749969482,21,5,20,1,11
1413393975.206099748611450,28,3,19,8,11
1413393975.256099462509155,28,3,27,0,11
1413393975.306099176406860,29,4,25,3,11
1413393975.356099367141724,38,3,28,9,11
1413393975.406099319458008,39,9,37,2,11
1413393975.456098318099976,46,3,36,8,11
1413393975.506097793579102,46,0,41,1,11
1413393975.556096553802490,45,1,36,4,11
1413393975.606096982955933,43,3,34,1,11
1413393975.656096696853638,44,0,27,6,11
1413393975.706096887588501,40,1,32,2,11
1413393975.756096363067627,36,2,32,2,11
1413393975.806095600128174,39,0,32,7,11
1413393975.856095552444458,39,2,37,0,11
1413393975.906095504760742,39,5,36,1,11
1413393975.956094741821289,38,3,34,1,11
1413393976.006094455718994,38,2,33,1,11
1413393976.056093931198120,40,0,33,3,11
1413393976.106094121932983,43,1,35,6,11
1413393976.156094551086426,40,2,38,0,11
1413393976.206094741821289,41,2,37,3,11
1413393976.256094455718994,41,0,40,1,11
1413393976.306094884872437,41,0,40,1,11
1413393976.356095075607300,40,3,37,2,11
1413393976.406095027923584,42,0,36,4,11
1413393976.456094980239868,41,0,38,3,11
1413393976.506094932556152,41,2,40,1,11
1413393976.556095361709595,41,1,40,0,11
1413393976.606095790863037,44,1,37,4,11
1413393976.656095743179321,47,2,38,6,11
1413393976.706095218658447,50,4,43,4,11
1413393976.756095170974731,49,3,46,2,11
1413393976.806095123291016,49,0,45,0,11
1413393976.856095075607300,47,1,42,0,11
1413393976.906096458435059,50,4,43,5,11
1413393976.956096649169922,45,3,44,1,11
1413393977.006096124649048,47,1,44,2,11
1413393977.056095361709595,45,0,44,0,11
1413393977.106095075607300,47,1,44,3,11
1413393977.156094789505005,47,0,47,0,11
1413393977.206093788146973,47,1,47,0,11
1413393977.256092786788940,48,2,46,1,11
1413393977.306092262268066,48,2,46,0,11
1413393977.356091976165771,48,1,44,1,11
1413393977.406092405319214,48,0,44,2,11
1413393977.456093311309814,50,5,45,3,11
1413393977.506093740463257,50,2,47,1,11
1413393977.556094408035278,49,7,48,0,11
1413393977.606094837188721,49,2,48,1,11
1413393977.656094551086426,49,0,49,0,11
1413393977.706094264984131,50,0,48,1,11
1413393977.756093978881836,49,0,47,0,11
1413393977.806094169616699,49,6,46,1,11
1413393977.856094121932983,49,1,46,2,11
1413393977.906094074249268,49,1,47,2,11
1413393977.956093788146973,50,0,48,1,11
1413393978.006093740463257,50,2,49,0,11
1413393978.056093931198120,50,6,49,1,11
1413393978.106094121932983,50,5,45,0,11
1413393978.156093597412109,50,20,45,0,11
1413393978.206093549728394,48,4,44,3,11
1413393978.256093263626099,48,0,47,0,11
1413393978.306093215942383,44,0,44,0,11
1413393978.356093406677246,44,2,42,0,11
1413393978.406093120574951,44,2,38,3,11
1413393978.456092834472656,41,1,37,0,11
1413393978.506092548370361,41,1,34,2,11
1413393978.556092500686646,39,1,33,1,11
1413393978.606092929840088,36,2,31,2,11
1413393978.656092643737793,37,0,28,6,11
1413393978.706093072891235,37,0,31,3,11
1413393978.756094217300415,47,1,33,12,11
1413393978.806094408035278,42,3,39,1,11
1413393978.856094121932983,46,6,38,5,11
1413393978.906094074249268,44,2,41,1,11
1413393978.956094264984131,44,0,39,1,11
1413393979.006094455718994,44,1,34,1,11
1413393979.056094646453857,42,1,35,2,11
1413393979.106095075607300,42,0,35,4,11
1413393979.156094789505005,39,1,34,1,11
1413393979.206094741821289,38,1,29,4,11
1413393979.256094455718994,37,1,33,1,11
1413393979.306094408035278,36,0,28,3,11
1413393979.356094360351562,37,0,27,2,11
1413393979.406093835830688,36,2,22,5,11
1413393979.456093549728394,36,1,18,5,11
1413393979.506093263626099,31,0,18,2,11
1413393979.556092977523804,26,0,16,2,11
1413393979.606092929840088,23,5,16,1,11
1413393979.656092643737793,18,1,15,1,11
1413393979.706092357635498,16,0,16,0,11
1413393979.756091833114624,22,0,15,7,11
1413393979.806091547012329,26,1,21,4,11
1413393979.856091737747192,23,2,22,0,11
1413393979.906091690063477,21,2,20,0,11
1413393979.956092119216919,27,1,19,6,11
1413393980.006092309951782,27,1,25,1,11
1413393980.056092500686646,24,1,24,0,11
1413393980.106092929840088,40,2,23,17,11
1413393980.156092643737793,40,4,38,1,11
1413393980.206092834472656,49,0,37,9,11
1413393980.256093025207520,48,6,45,0,11
1413393980.306093215942383,44,7,42,0,11
1413393980.356094598770142,49,5,40,6,11
1413393980.406095027923584,48,0,44,0,11
1413393980.456095933914185,48,9,44,3,11
1413393980.506097555160522,43,2,41,1,11
1413393980.556099414825439,50,10,42,7,11
1413393980.606099843978882,49,2,49,0,11
1413393980.656099319458008,49,4,49,0,11
1413393980.706099033355713,49,4,46,1,11
1413393980.756097555160522,47,9,43,1,11
1413393980.806096553802490,45,1,42,0,11
1413393980.856095314025879,47,4,40,6,11
1413393980.906094789505005,49,5,45,2,11
1413393980.956094741821289,49,3,47,1,11
1413393981.006094217300415,48,3,47,0,11
1413393981.056093931198120,49,4,46,2,11
1413393981.106094598770142,48,8,47,1,11
1413393981.156095266342163,48,3,47,0,11
1413393981.206095218658447,49,7,46,2,11
1413393981.256095409393311,46,3,44,0,11
1413393981.306096315383911,47,3,44,1,11
1413393981.356097936630249,47,14,43,3,11
1413393981.406098604202271,48,1,45,1,11
1413393981.456098794937134,47,3,45,1,11
1413393981.506098985671997,48,0,44,4,11
1413393981.556098937988281,49,1,47,2,11
1413393981.606098890304565,47,2,47,0,11
1413393981.656097650527954,48,5,45,2,11
1413393981.706096410751343,49,4,47,2,11
1413393981.756096124649048,50,5,49,1,11
1413393981.806095838546753,48,5,48,0,11
1413393981.856096506118774,47,1,47,0,11
1413393981.906097173690796,49,3,46,2,11
1413393981.956098079681396,48,7,46,1,11
1413393982.006098985671997,47,0,47,0,11
1413393982.056099891662598,48,1,45,1,11
1413393982.106101512908936,50,3,43,2,11
1413393982.156102418899536,47,1,45,0,11
1413393982.206103324890137,45,3,42,2,11
1413393982.256103754043579,47,6,40,5,11
1413393982.306103706359863,45,3,41,0,11
1413393982.356104373931885,47,2,39,6,11
1413393982.406104326248169,47,1,41,4,11
1413393982.456104516983032,47,1,44,0,11
1413393982.506103992462158,45,1,43,1,11
1413393982.556103467941284,47,1,38,5,11
1413393982.606103420257568,36,3,31,0,11
1413393982.656102418899536,33,7,20,4,11
1413393982.706102132797241,32,6,23,2,11
1413393982.756102085113525,28,3,21,5,11
1413393982.806102752685547,31,1,25,6,11
1413393982.856102943420410,31,5,30,0,11
1413393982.906102657318115,33,3,25,5,11
1413393982.956102848052979,35,7,29,4,11
1413393983.006102800369263,32,0,28,2,11
1413393983.056102752685547,27,0,25,0,11
1413393983.106102943420410,27,4,21,1,11
1413393983.156102657318115,30,3,20,7,11
1413393983.206102132797241,37,3,24,10,11
1413393983.256102085113525,35,1,30,0,11
1413393983.306101799011230,31,2,27,2,11
1413393983.356102228164673,34,2,26,5,11
1413393983.406102180480957,27,2,26,0,11
1413393983.456102371215820,25,1,23,0,11
1413393983.506102323532104,28,1,18,8,11
1413393983.556102752685547,27,1,22,3,11
1413393983.606102705001831,26,3,22,4,11
1413393983.656102657318115,28,3,23,4,11
1413393983.706102848052979,29,2,25,4,11
1413393983.756102800369263,26,6,23,1,11
1413393983.806102752685547,28,1,21,4,11
1413393983.856103181838989,28,2,23,4,11
1413393983.906103134155273,28,2,23,5,11
1413393983.956103324890137,26,1,22,4,11
1413393984.006103277206421,25,1,23,0,11
1413393984.056103467941284,30,1,22,6,11
1413393984.106103420257568,33,2,26,6,11
1413393984.156103372573853,32,7,29,1,11
1413393984.206103324890137,28,5,28,0,11
1413393984.256103038787842,30,1,24,5,11
1413393984.306103229522705,36,3,27,7,11
1413393984.356103420257568,35,1,31,4,11
1413393984.406103610992432,35,1,31,3,11
1413393984.456103563308716,33,0,31,0,11
1413393984.506103277206421,30,3,24,2,11
1413393984.556103467941284,36,7,26,8,11
1413393984.606103658676147,32,4,29,2,11
1413393984.656103134155273,30,7,27,1,11
1413393984.706103324890137,26,1,23,1,11
1413393984.756103515625000,28,4,22,4,11
1413393984.806103944778442,26,2,21,3,11
1413393984.856104373931885,27,4,24,2,11
1413393984.906104564666748,24,8,19,2,11
1413393984.956104516983032,21,2,19,1,11
1413393985.006104469299316,22,3,13,5,11
1413393985.056103706359863,24,4,18,2,11
1413393985.106104135513306,23,4,19,3,11
1413393985.156103610992432,21,5,19,0,11
1413393985.206103324890137,24,4,19,3,11
1413393985.256103038787842,24,5,21,2,11
1413393985.306103229522705,27,8,21,3,11
1413393985.356103420257568,26,5,22,2,11
1413393985.406102895736694,30,5,24,5,11
1413393985.456103086471558,29,3,26,1,11
1413393985.506103277206421,29,2,27,1,11
1413393985.556103229522705,28,4,27,1,11
1413393985.606103897094727,29,6,24,4,11
1413393985.656103849411011,29,6,25,1,11
1413393985.706104516983032,25,4,21,0,11
1413393985.756104707717896,25,3,21,1,11
1413393985.806104898452759,25,4,21,3,11
1413393985.856105327606201,30,2,23,5,11
1413393985.906105756759644,29,7,25,2,11
1413393985.956105947494507,30,5,26,3,11
1413393986.006105422973633,34,0,24,5,11
1413393986.056104660034180,35,2,22,3,11
1413393986.106103897094727,34,2,23,4,11
1413393986.156102418899536,30,1,26,2,11
1413393986.206100463867188,33,8,27,4,11
1413393986.256097793579102,41,7,29,10,11
1413393986.306096792221069,41,1,35,2,11
1413393986.356096506118774,39,2,34,2,11
1413393986.406096220016479,39,2,32,3,11
1413393986.456096172332764,42,1,35,4,11
1413393986.506095409393311,47,2,36,8,11
1413393986.556094408035278,44,6,41,0,11
1413393986.606093883514404,43,5,39,3,11
1413393986.656094074249268,41,0,31,0,11
1413393986.706094026565552,38,4,26,3,11
1413393986.756093740463257,37,2,21,8,11
1413393986.806094169616699,37,0,25,3,11
1413393986.856095075607300,39,1,25,8,11
1413393986.906096458435059,36,2,25,3,11
1413393986.956097841262817,34,0,25,2,11
1413393987.006098747253418,33,0,25,5,11
1413393987.056100606918335,33,1,28,2,11
1413393987.106101989746094,33,0,28,1,11
1413393987.156102895736694,35,2,28,4,11
1413393987.206104993820190,40,0,30,7,11
1413393987.256105184555054,41,1,38,2,11
1413393987.306104898452759,45,6,40,5,11
1413393987.356105327606201,49,3,45,4,11
1413393987.406105279922485,49,1,49,0,11
1413393987.456105709075928,50,4,49,1,11
1413393987.506106376647949,49,4,49,0,11
1413393987.556107521057129,50,9,47,1,11
1413393987.606108903884888,49,3,44,0,11
1413393987.656109571456909,50,4,38,3,11
1413393987.706109523773193,48,2,36,1,11
1413393987.756109714508057,47,1,35,5,11
1413393987.806110143661499,42,1,37,1,11
1413393987.856109857559204,46,1,36,6,11
1413393987.906109094619751,45,4,39,2,11
1413393987.956108331680298,47,1,37,5,11
1413393988.006108045578003,46,1,42,2,11
1413393988.056107759475708,49,1,38,4,11
1413393988.106108665466309,48,4,37,2,11
1413393988.156109333038330,43,3,31,2,11
1413393988.206109285354614,44,2,10,4,11
1413393988.256109237670898,36,1,4,0,11
1413393988.306109189987183,14,0,1,1,11
1413393988.356109380722046,7,1,1,2,11
1413393988.406108379364014,11,1,2,7,11
1413393988.456108331680298,12,0,1,2,11
1413393988.506108283996582,17,2,2,6,11
1413393988.556107997894287,7,2,2,1,11
1413393988.606106281280518,11,3,0,5,11
1413393988.656106233596802,9,2,1,1,11
1413393988.706105709075928,8,1,1,3,11
1413393988.756103992462158,13,1,4,8,11
1413393988.806103944778442,10,2,6,1,11
1413393988.856105566024780,13,5,5,4,11
1413393988.906106233596802,30,3,5,20,11
1413393988.956106424331665,31,2,24,4,11
1413393989.006106138229370,34,0,24,6,11
1413393989.056107044219971,30,6,23,0,11
1413393989.106107950210571,26,1,25,1,11
1413393989.156109094619751,30,0,24,4,11
1413393989.206109285354614,27,1,21,0,11
1413393989.256110429763794,26,1,14,1,11
1413393989.306113243103027,25,4,16,4,11
1413393989.356115102767944,27,6,12,7,11
1413393989.406116962432861,27,5,17,3,11
1413393989.456115007400513,23,8,11,4,11
1413393989.506113052368164,18,5,15,0,11
1413393989.556111097335815,17,2,9,3,11
1413393989.606109380722046,16,3,12,2,11
1413393989.656107664108276,13,5,12,0,11
1413393989.706105470657349,13,1,12,0,11
1413393989.756102323532104,14,0,11,2,11
1413393989.806100606918335,14,1,12,1,11
1413393989.856099128723145,15,2,12,1,11
1413393989.906096458435059,17,5,13,4,11
1413393989.956092834472656,23,4,17,6,11
1413393990.006092309951782,24,4,22,2,11
1413393990.056090116500854,43,1,24,19,11
1413393990.106089830398560,47,0,41,4,11
1413393990.156089782714844,48,6,40,2,11
1413393990.206089973449707,48,4,39,3,11
1413393990.256091117858887,42,3,33,2,11
1413393990.306092023849487,42,1,27,4,11
1413393990.356092691421509,36,0,28,2,11
1413393990.406092882156372,34,0,25,3,11
1413393990.456092834472656,32,0,25,2,11
1413393990.506092548370361,36,2,25,9,11
1413393990.556092500686646,38,2,32,4,11
1413393990.606093168258667,36,1,26,1,11
1413393990.656093835830688,36,2,20,5,11
1413393990.706094264984131,30,2,17,0,11
1413393990.756094694137573,25,1,14,2,11
1413393990.806094884872437,24,1,12,6,11
1413393990.856094598770142,23,4,11,2,11
1413393990.906093835830688,19,1,8,1,11
1413393990.956092596054077,12,4,7,1,11
1413393991.006092071533203,11,1,6,1,11
1413393991.056073427200317,26,3,2,16,11
1413393991.106073617935181,22,0,4,3,11
1413393991.156073331832886,17,6,5,0,11
1413393991.206073522567749,12,9,5,6,11
1413393991.256072998046875,11,2,10,1,11
1413393991.306074142456055,11,5,9,1,11
1413393991.356074094772339,13,4,9,3,11
1413393991.406077384948730,13,4,9,2,11
1413393991.456079483032227,13,0,10,0,11
1413393991.506081819534302,13,2,10,2,11
1413393991.556083917617798,13,1,8,1,11
1413393991.606086015701294,16,2,5,3,11
1413393991.656091690063477,20,1,6,9,11
1413393991.706092119216919,20,0,16,4,11
1413393991.756091594696045,21,0,20,1,11
1413393991.806090593338013,23,0,20,2,11
1413393991.856090784072876,25,0,22,2,11
1413393991.906091690063477,22,2,19,0,11
1413393991.956091165542603,22,1,18,1,11
1413393992.006092071533203,20,4,20,0,11
1413393992.056092977523804,20,5,20,0,11
1413393992.106092214584351,23,1,17,4,11
1413393992.156089782714844,28,1,20,5,11
1413393992.206085681915283,31,2,25,6,11
1413393992.256078958511353,31,1,30,1,11
1413393992.306072711944580,35,0,29,5,11
1413393992.356070756912231,33,0,32,1,11
1413393992.406069993972778,33,0,33,0,11
1413393992.456069707870483,33,1,33,0,11
1413393992.506069898605347,33,0,33,0,11
1413393992.556066274642944,41,1,33,8,11
1413393992.606063842773438,45,6,41,4,11
1413393992.656063556671143,46,0,45,1,11
1413393992.706063985824585,45,5,43,0,11
1413393992.756061553955078,46,1,41,2,11
1413393992.806060552597046,45,0,42,1,11
1413393992.856059312820435,42,2,40,1,11
1413393992.906054735183716,41,1,39,0,11
1413393992.956051588058472,42,0,40,2,11
1413393993.006050348281860,42,0,42,0,11
1413393993.056050300598145,43,1,41,1,11
1413393993.106051445007324,43,0,36,0,11
1413393993.156051397323608,44,0,33,2,11
1413393993.206050157546997,45,6,31,7,11
1413393993.256050348281860,43,0,30,2,11
1413393993.306048154830933,45,1,36,7,11
1413393993.356048345565796,37,0,35,1,11
1413393993.406049013137817,35,0,32,1,11
1413393993.456048965454102,36,0,33,2,11
1413393993.506047248840332,35,1,33,1,11
1413393993.556044101715088,35,0,30,0,11
1413393993.606044054031372,31,3,27,1,11
1413393993.656045198440552,31,7,28,0,11
1413393993.706042528152466,32,9,26,5,11
1413393993.756041526794434,29,5,26,1,11
1413393993.806040763854980,27,3,19,2,11
1413393993.856040239334106,24,5,18,1,11
1413393993.906039237976074,18,1,15,2,11
1413393993.956038951873779,17,1,17,0,11
1413393994.006038904190063,16,1,14,0,11
1413393994.056038618087769,16,0,13,0,11
1413393994.106037855148315,13,2,13,0,11
1413393994.156037569046021,14,0,13,1,11
1413393994.206037998199463,14,0,13,0,11
1413393994.256039857864380,15,0,13,1,11
1413393994.306043148040771,17,1,13,2,11
1413393994.356044769287109,15,3,15,0,11
1413393994.406045675277710,19,10,12,4,11
1413393994.456046342849731,21,4,15,2,11
1413393994.506046295166016,15,0,12,1,11
1413393994.556046724319458,15,1,10,1,11
1413393994.606047153472900,15,4,12,1,11
1413393994.656047344207764,12,4,7,1,11
1413393994.706048011779785,11,4,4,2,11
1413393994.756047248840332,7,6,4,0,11
1413393994.806047201156616,6,0,4,0,11
1413393994.856045484542847,9,1,4,5,11
1413393994.906042337417603,17,1,8,8,11
1413393994.956041812896729,22,2,16,5,11
1413393995.006041765213013,21,0,21,0,11
1413393995.056038856506348,35,3,21,14,11
1413393995.106040000915527,37,0,35,2,11
1413393995.156041860580444,38,5,37,1,11
1413393995.206046342849731,45,8,38,7,11
1413393995.256048679351807,48,1,43,4,11
1413393995.306049823760986,49,1,47,1,11
1413393995.356050014495850,48,3,44,0,11
1413393995.406049728393555,46,1,39,1,11
1413393995.456049442291260,43,9,37,2,11
1413393995.506049156188965,37,0,35,1,11
1413393995.556048631668091,34,1,30,1,11
1413393995.606048822402954,34,0,31,0,11
1413393995.656049966812134,33,1,22,3,11
1413393995.706049919128418,29,1,21,0,11
1413393995.756048440933228,40,4,18,17,11
1413393995.806047916412354,38,2,32,2,11
1413393995.856047868728638,35,3,30,0,11
1413393995.906047821044922,37,0,29,6,11
1413393995.956047534942627,39,2,33,4,11
1413393996.006047487258911,40,0,34,2,11
1413393996.056047439575195,45,4,33,8,11
1413393996.106046915054321,46,7,36,4,11
1413393996.156046628952026,43,0,34,2,11
1413393996.206045866012573,42,0,31,3,11
1413393996.256044387817383,38,0,31,1,11
1413393996.306043863296509,34,3,27,2,11
1413393996.356043577194214,45,8,27,14,11
1413393996.406043767929077,44,3,38,2,11
1413393996.456043958663940,44,1,42,2,11
1413393996.506043910980225,42,1,42,0,11
1413393996.556043863296509,43,1,39,1,11
1413393996.606044292449951,42,7,36,0,11
1413393996.656044006347656,49,5,36,10,11
1413393996.706045150756836,45,6,44,0,11
1413393996.756045579910278,43,2,41,0,11
1413393996.806046247482300,47,4,38,6,11
1413393996.856046915054321,47,3,43,2,11
1413393996.906047344207764,48,1,45,3,11
1413393996.956048250198364,50,5,47,2,11
1413393997.006048202514648,49,4,47,0,11
1413393997.056048393249512,47,0,43,0,11
1413393997.106048822402954,48,14,43,3,11
1413393997.156048536300659,48,0,46,2,11
1413393997.206048250198364,48,0,46,0,11
1413393997.256047725677490,49,0,45,1,11
1413393997.306047677993774,48,10,46,1,11
1413393997.356047868728638,49,9,45,2,11
1413393997.406047821044922,50,5,47,1,11
1413393997.456047773361206,46,1,43,2,11
1413393997.506047725677490,46,0,45,0,11
1413393997.556047677993774,46,0,43,2,11
1413393997.606047630310059,50,3,43,5,11
1413393997.656047582626343,50,2,47,0,11
1413393997.706047296524048,47,10,46,0,11
1413393997.756047487258911,50,2,46,3,11
1413393997.806047439575195,48,2,48,0,11
1413393997.856047630310059,47,1,47,0,11
1413393997.906047582626343,50,9,45,3,11
1413393997.956047534942627,50,10,48,0,11
1413393998.006047487258911,48,1,48,0,11
1413393998.056047439575195,49,3,48,1,11
1413393998.106047391891479,49,0,47,1,11
1413393998.156047344207764,48,1,47,0,11
1413393998.206047296524048,45,4,45,0,11
1413393998.256047010421753,41,0,41,0,11
1413393998.306046962738037,43,4,38,4,11
1413393998.356046915054321,42,0,41,0,11
1413393998.406046867370605,43,0,41,2,11
1413393998.456046819686890,43,1,43,0,11
1413393998.506047010421753,43,0,41,1,11
1413393998.556047201156616,43,3,42,1,11
1413393998.606047153472900,43,0,43,0,11
1413393998.656047105789185,43,0,42,0,11
1413393998.706047534942627,43,1,41,0,11
1413393998.756047725677490,44,0,40,2,11
1413393998.806047439575195,45,1,38,2,11
1413393998.856047630310059,45,3,41,1,11
1413393998.906047105789185,42,1,39,2,11
1413393998.956046342849731,41,0,40,0,11
1413393999.006046056747437,40,0,40,0,11
1413393999.056045770645142,40,0,39,0,11
1413393999.106044054031372,40,0,40,0,11
1413393999.156042575836182,38,1,37,0,11
1413393999.206041812896729,35,0,33,0,11
1413393999.256041049957275,29,0,26,0,11
1413393999.306040763854980,24,1,22,1,11
1413393999.356040954589844,22,0,22,0,11
1413393999.406041145324707,21,0,20,0,11
1413393999.456040859222412,27,1,19,7,11
1413393999.506041526794434,31,1,19,6,11
1413393999.556041479110718,32,1,22,1,11
1413393999.606041669845581,26,1,20,0,11
1413393999.656041383743286,22,0,17,0,11
1413393999.706041336059570,18,0,17,0,11
1413393999.756041288375854,17,0,14,0,11
1413393999.806041240692139,15,0,11,0,11
1413393999.856041669845581,13,0,8,1,11
1413393999.906041622161865,10,0,9,0,11
1413393999.956041574478149,6,0,6,0,11
1413394000.006042003631592,7,4,3,2,11
1413394000.056041955947876,4,1,3,0,11
1413394000.106042146682739,3,0,2,0,11
1413394000.156042098999023,3,2,2,0,11
1413394000.206042051315308,2,3,2,0,11
1413394000.256042003631592,2,0,2,0,11
1413394000.306041955947876,2,0,2,0,11
1413394000.356042146682739,2,0,1,1,11
1413394000.406041860580444,3,0,1,1,11
1413394000.456041812896729,3,3,2,0,11
1413394000.506041765213013,2,0,2,0,11
1413394000.556041955947876,3,0,2,1,11
1413394000.606042146682739,3,0,3,0,11
1413394000.656042098999023,3,0,3,0,11
1413394000.706041812896729,4,0,3,1,11
1413394000.756041526794434,5,0,3,1,11
1413394000.806041717529297,7,0,3,2,11
1413394000.856042623519897,8,0,3,2,11
1413394000.906042575836182,9,0,5,2,11
1413394000.956042289733887,18,0,6,9,11
1413394001.006042242050171,16,0,15,0,11
1413394001.056042194366455,15,0,14,0,11
1413394001.106042146682739,14,0,14,0,11
1413394001.156042098999023,14,0,14,0,11
1413394001.206042051315308,14,0,14,0,11
1413394001.256042003631592,14,0,14,0,11
1413394001.306041955947876,15,0,14,1,11
1413394001.356041908264160,15,0,15,0,11
1413394001.406041860580444,15,0,15,0,11
1413394001.456041812896729,15,0,15,0,11
1413394001.506041765213013,15,0,15,0,11
1413394001.556041717529297,18,0,15,3,11
1413394001.606041908264160,18,0,18,0,11
1413394001.656041860580444,18,0,18,0,11
1413394001.706041812896729,20,0,18,2,11
1413394001.756041765213013,20,0,20,0,11
1413394001.806041717529297,20,0,20,0,11
1413394001.856041908264160,20,0,20,0,11
1413394001.906041860580444,20,0,20,0,11
1413394001.956041812896729,20,0,20,0,11
1413394002.006041765213013,20,0,20,0,11
1413394002.056041717529297,20,0,20,0,11
1413394002.106041908264160,20,0,20,0,11
1413394002.156041860580444,20,0,18,0,11
1413394002.206041812896729,20,0,17,0,11
1413394002.256041765213013,20,0,17,2,11
1413394002.306041717529297,20,0,19,1,11
1413394002.356041908264160,20,0,20,0,11
1413394002.406041860580444,20,0,20,0,11
1413394002.456041812896729,20,0,20,0,11
1413394002.506041765213013,20,0,20,0,11
1413394002.556041717529297,20,0,20,0,11
1413394002.606041908264160,20,0,20,0,11
1413394002.656041860580444,20,0,20,0,11
1413394002.706041812896729,20,0,20,0,11
1413394002.756041526794434,21,0,20,1,11
1413394002.806041479110718,21,0,21,0,11
1413394002.856041669845581,21,0,21,0,11
1413394002.906041622161865,21,0,21,0,11
1413394002.956041574478149,21,0,20,0,11
1413394003.006041526794434,21,0,20,0,11
1413394003.056041479110718,19,0,19,0,11
1413394003.106041669845581,19,1,19,0,11
1413394003.156041622161865,19,0,19,0,11
1413394003.206041574478149,18,0,18,0,11
1413394003.256041526794434,18,0,18,0,11
1413394003.306041479110718,18,0,18,0,11
1413394003.356041669845581,18,1,18,0,11
