# timestamp (sec),slam_feats_in_state,msckf_feats_used,slam_feats_updated,slam_feats_delayed_init,clones
1413393890.059281826019287,0,13,0,0,5
1413393890.106870412826538,17,14,0,17,6
1413393890.156970500946045,17,0,17,0,7
1413393890.206721782684326,17,3,17,0,8
1413393890.257146596908569,17,1,16,0,9
1413393890.307899951934814,17,2,16,0,10
1413393890.357849597930908,17,1,16,1,11
1413393890.407918691635132,17,2,16,0,11
1413393890.458275079727173,18,1,15,2,11
1413393890.508395671844482,18,1,17,1,11
1413393890.558400154113770,30,1,18,12,11
1413393890.608472108840942,35,1,26,8,11
1413393890.658444404602051,38,0,35,3,11
1413393890.708775281906128,49,7,38,11,11
1413393890.758648633956909,49,4,49,0,11
1413393890.808650970458984,50,0,49,1,11
1413393890.858674764633179,50,4,50,0,11
1413393890.908468961715698,50,1,50,0,11
1413393890.958318471908569,50,3,49,0,11
1413393891.008335828781128,49,0,49,0,11
1413393891.058459043502808,50,3,48,1,11
1413393891.108620166778564,50,1,48,0,11
1413393891.158705472946167,49,3,48,0,11
1413393891.208816528320312,48,1,47,1,11
1413393891.258860111236572,49,0,48,1,11
1413393891.308336019515991,50,5,49,1,11
1413393891.357707738876343,46,4,39,0,11
1413393891.407474279403687,40,6,36,0,11
1413393891.457460403442383,38,2,34,3,11
1413393891.507350206375122,38,4,34,2,11
1413393891.557058572769165,38,0,33,3,11
1413393891.606896877288818,39,0,36,1,11
1413393891.656534910202026,42,0,33,5,11
1413393891.706438302993774,42,0,35,0,11
1413393891.756355285644531,43,1,37,3,11
1413393891.806316852569580,41,0,37,2,11
1413393891.856293916702271,41,0,39,2,11
1413393891.906182050704956,44,1,39,3,11
1413393891.956102371215820,47,3,41,4,11
1413393892.006056547164917,44,11,40,2,11
1413393892.056091308593750,48,1,41,5,11
1413393892.106240749359131,47,10,42,1,11
1413393892.156288146972656,48,1,42,2,11
1413393892.206259727478027,45,1,44,1,11
1413393892.256141901016235,43,1,43,0,11
1413393892.306018590927124,42,5,42,0,11
1413393892.356029272079468,43,4,40,1,11
1413393892.406082630157471,44,4,41,1,11
1413393892.456137418746948,42,2,42,0,11
1413393892.506242990493774,42,3,37,4,11
1413393892.556262016296387,40,4,39,0,11
1413393892.606258392333984,41,2,37,2,11
1413393892.656231880187988,44,0,39,4,11
1413393892.706186771392822,44,7,38,4,11
1413393892.756166696548462,42,8,37,1,11
1413393892.806151628494263,43,1,35,5,11
1413393892.856120109558105,42,0,36,2,11
1413393892.906111717224121,42,6,34,1,11
1413393892.956108570098877,42,1,33,3,11
1413393893.006098747253418,42,12,33,7,11
1413393893.056099414825439,39,3,37,0,11
1413393893.106102943420410,38,5,36,0,11
1413393893.156126260757446,38,1,34,1,11
1413393893.206098318099976,46,1,31,9,11
1413393893.256059885025024,47,15,44,3,11
1413393893.306047201156616,50,2,46,3,11
1413393893.356003999710083,50,3,48,0,11
1413393893.405982255935669,49,25,46,0,11
1413393893.455986738204956,50,3,44,2,11
1413393893.505985498428345,46,25,44,1,11
1413393893.555980443954468,45,0,40,2,11
1413393893.605996608734131,46,3,38,5,11
1413393893.655979871749878,46,3,40,2,11
1413393893.705977201461792,43,5,37,0,11
1413393893.755977630615234,42,1,35,1,11
1413393893.805958509445190,39,5,32,2,11
1413393893.855940818786621,43,15,31,4,11
1413393893.905938386917114,38,7,31,2,11
1413393893.955940723419189,35,5,30,0,11
1413393894.005970954895020,38,6,22,8,11
1413393894.056026220321655,33,4,18,1,11
1413393894.106041908264160,28,2,9,2,11
1413393894.156051158905029,22,0,5,2,11
1413393894.206063270568848,14,3,6,1,11
1413393894.256070852279663,10,5,6,1,11
1413393894.306226968765259,19,2,6,11,11
1413393894.356255054473877,20,9,4,2,11
1413393894.406257152557373,20,1,3,2,11
1413393894.456341028213501,15,0,3,7,11
1413393894.506378173828125,17,2,2,5,11
1413393894.556385278701782,17,3,3,2,11
1413393894.606437206268311,18,2,3,9,11
1413393894.656437873840332,16,2,4,2,11
1413393894.706439733505249,15,2,2,1,11
1413393894.756471395492554,14,1,1,7,11
1413393894.806502819061279,19,1,3,9,11
1413393894.856503486633301,18,1,5,1,11
1413393894.906502485275269,17,3,2,4,11
1413393894.956496477127075,13,4,3,4,11
1413393895.006489753723145,15,1,7,6,11
1413393895.056480646133423,16,2,9,3,11
1413393895.106477022171021,16,0,10,1,11
1413393895.156482696533203,14,1,8,2,11
1413393895.206468820571899,18,2,10,5,11
1413393895.256463050842285,18,2,12,3,11
1413393895.306447029113770,24,4,14,7,11
1413393895.356441974639893,24,3,17,6,11
1413393895.406440973281860,25,4,22,1,11
1413393895.456448554992676,33,3,21,9,11
1413393895.506448507308960,33,1,29,2,11
1413393895.556463479995728,39,8,30,8,11
1413393895.606477260589600,40,1,37,1,11
1413393895.656501770019531,43,5,34,5,11
1413393895.706538438796997,39,4,36,0,11
1413393895.756576299667358,35,5,29,0,11
1413393895.806597232818604,35,4,11,3,11
1413393895.856619596481323,32,8,13,5,11
1413393895.906630754470825,31,7,16,12,11
1413393895.956632852554321,29,0,26,1,11
1413393896.006634950637817,27,2,24,0,11
1413393896.056638240814209,25,1,15,1,11
1413393896.106654882431030,23,2,13,0,11
1413393896.156659126281738,20,5,14,6,11
1413393896.206656217575073,20,2,19,0,11
1413393896.256671667098999,20,2,17,0,11
1413393896.306683063507080,20,1,15,2,11
1413393896.356687068939209,19,1,18,0,11
1413393896.406697273254395,19,1,13,1,11
1413393896.456740379333496,21,3,11,3,11
1413393896.506759166717529,20,1,11,4,11
1413393896.556767702102661,19,2,9,3,11
1413393896.606783151626587,20,7,11,4,11
1413393896.656786203384399,20,0,15,4,11
1413393896.706781864166260,21,2,14,1,11
1413393896.756779670715332,20,2,12,1,11
1413393896.806769371032715,20,2,13,4,11
1413393896.856778144836426,28,0,13,10,11
1413393896.906773328781128,27,0,23,1,11
1413393896.956763505935669,27,1,22,1,11
1413393897.006748914718628,25,0,16,0,11
1413393897.056737661361694,25,0,9,3,11
1413393897.106693744659424,30,2,9,11,11
1413393897.156695604324341,28,3,12,7,11
1413393897.206751823425293,33,1,7,7,11
1413393897.256768465042114,28,1,6,2,11
1413393897.306792736053467,28,0,2,12,11
1413393897.356802225112915,24,5,10,4,11
1413393897.406804323196411,21,1,4,3,11
1413393897.456806659698486,17,3,5,1,11
1413393897.506831884384155,17,1,4,9,11
1413393897.556821346282959,17,0,11,2,11
1413393897.606813907623291,17,2,12,2,11
1413393897.656813144683838,17,2,9,2,11
1413393897.706803321838379,17,1,9,1,11
1413393897.756802797317505,16,1,3,4,11
1413393897.806795597076416,16,2,8,2,11
1413393897.856765508651733,17,0,6,8,11
1413393897.906748533248901,18,0,13,2,11
1413393897.956716299057007,26,1,15,10,11
1413393898.006715774536133,30,2,24,5,11
1413393898.056751251220703,33,4,27,5,11
1413393898.106792688369751,40,1,24,8,11
1413393898.156850337982178,37,2,33,0,11
1413393898.206882715225220,32,7,27,4,11
1413393898.256892681121826,33,4,29,3,11
1413393898.306914091110229,31,3,26,3,11
1413393898.356929063796997,35,1,29,6,11
1413393898.406899213790894,35,3,33,1,11
1413393898.456889152526855,26,4,21,2,11
1413393898.506909132003784,25,2,19,0,11
1413393898.556996583938599,25,0,18,3,11
1413393898.607081174850464,23,7,19,0,11
1413393898.657120704650879,22,0,15,1,11
1413393898.707157373428345,20,4,13,1,11
1413393898.757178306579590,19,2,8,2,11
1413393898.807193517684937,16,2,6,4,11
1413393898.857189893722534,14,1,6,1,11
1413393898.907175064086914,11,3,8,1,11
1413393898.957156419754028,9,0,8,1,11
1413393899.007134199142456,9,1,8,0,11
1413393899.057065010070801,11,0,6,2,11
1413393899.107030391693115,11,1,1,1,11
1413393899.157015323638916,10,1,2,1,11
1413393899.206895112991333,11,5,2,7,11
1413393899.256597995758057,21,3,4,12,11
1413393899.306575775146484,19,10,8,2,11
1413393899.356579780578613,15,0,9,0,11
1413393899.406551599502563,10,8,8,2,11
1413393899.456532001495361,10,1,9,1,11
1413393899.506545543670654,8,6,8,0,11
1413393899.556553363800049,6,3,4,1,11
1413393899.606542348861694,5,1,2,0,11
1413393899.656540155410767,4,0,1,1,11
1413393899.706556558609009,5,2,2,3,11
1413393899.756564378738403,6,0,3,1,11
1413393899.806633710861206,12,3,3,6,11
1413393899.856647014617920,12,8,2,2,11
1413393899.906637430191040,12,0,3,2,11
1413393899.956635475158691,5,1,2,1,11
1413393900.006745338439941,9,3,0,4,11
1413393900.056741714477539,6,0,4,0,11
1413393900.106744050979614,4,3,4,0,11
1413393900.156745910644531,3,3,3,0,11
1413393900.206747293472290,3,4,3,0,11
1413393900.256748676300049,3,4,3,0,11
1413393900.306784629821777,5,2,3,2,11
1413393900.356794357299805,6,4,3,1,11
1413393900.406786203384399,6,9,4,0,11
1413393900.456790924072266,6,8,3,2,11
1413393900.506802797317505,17,8,4,12,11
1413393900.556810140609741,18,10,9,3,11
1413393900.606831073760986,22,5,12,5,11
1413393900.656835079193115,13,7,11,0,11
1413393900.706830501556396,11,3,10,0,11
1413393900.756809949874878,16,1,6,5,11
1413393900.806780338287354,13,2,11,0,11
1413393900.856748580932617,12,1,10,1,11
1413393900.906725406646729,12,0,9,0,11
1413393900.956688404083252,14,3,9,4,11
1413393901.006666421890259,14,7,11,3,11
1413393901.056635379791260,22,14,8,8,11
1413393901.106609106063843,21,6,13,2,11
1413393901.156601190567017,16,4,13,0,11
1413393901.206587076187134,14,4,12,1,11
1413393901.256584644317627,14,3,13,0,11
1413393901.306577920913696,14,4,11,3,11
1413393901.356577873229980,11,9,11,0,11
1413393901.406585693359375,12,2,11,1,11
1413393901.456604957580566,14,4,10,2,11
1413393901.506615877151489,13,8,10,0,11
1413393901.556633949279785,13,3,8,2,11
1413393901.606639623641968,17,2,11,5,11
1413393901.656650543212891,21,3,15,6,11
1413393901.706648111343384,25,4,18,4,11
1413393901.756651639938354,31,7,21,6,11
1413393901.806629896163940,42,7,27,14,11
1413393901.856627702713013,41,7,37,2,11
1413393901.906631469726562,37,1,34,0,11
1413393901.956639051437378,37,1,34,0,11
1413393902.006645679473877,36,0,31,3,11
1413393902.056649446487427,40,1,32,4,11
1413393902.106652021408081,45,2,35,7,11
1413393902.156655550003052,46,2,41,3,11
1413393902.206652164459229,45,4,42,2,11
1413393902.256655216217041,47,4,43,3,11
1413393902.306659698486328,46,2,42,1,11
1413393902.356664180755615,49,9,42,4,11
1413393902.406663179397583,45,4,42,1,11
1413393902.456664562225342,42,1,39,0,11
1413393902.506665706634521,40,3,36,2,11
1413393902.556677818298340,42,5,38,4,11
1413393902.606683492660522,42,2,36,0,11
1413393902.656683444976807,41,6,29,0,11
1413393902.706683397293091,40,4,24,6,11
1413393902.756680965423584,38,4,30,4,11
1413393902.806680679321289,35,5,33,1,11
1413393902.856673002243042,38,3,31,4,11
1413393902.906668424606323,36,6,33,1,11
1413393902.956662178039551,39,2,25,9,11
1413393903.006653308868408,37,2,31,2,11
1413393903.056650876998901,37,4,32,4,11
1413393903.106650829315186,36,2,34,0,11
1413393903.156659603118896,36,3,34,1,11
1413393903.206660509109497,36,1,31,2,11
1413393903.256654024124146,34,6,30,0,11
1413393903.306645154953003,30,1,29,0,11
1413393903.356637001037598,31,2,28,2,11
1413393903.406629800796509,35,1,30,5,11
1413393903.456619501113892,39,6,35,4,11
1413393903.506612062454224,40,1,36,1,11
1413393903.556611537933350,44,2,37,4,11
1413393903.606610774993896,41,4,37,2,11
1413393903.656610965728760,40,4,37,1,11
1413393903.706611156463623,39,1,35,2,11
1413393903.756611108779907,40,3,33,5,11
1413393903.806617259979248,47,3,34,9,11
1413393903.856618165969849,49,4,42,4,11
1413393903.906626224517822,49,2,43,2,11
1413393903.956634521484375,45,5,43,1,11
1413393904.006637334823608,48,2,44,4,11
1413393904.056640148162842,50,4,48,2,11
1413393904.106639385223389,50,0,50,0,11
1413393904.156627893447876,50,0,50,0,11
1413393904.206604003906250,50,1,50,0,11
1413393904.256578922271729,50,4,46,0,11
1413393904.306561470031738,50,2,41,0,11
1413393904.356552839279175,48,3,42,3,11
1413393904.406548738479614,47,2,43,4,11
1413393904.456550121307373,50,1,44,3,11
1413393904.506556749343872,49,5,42,0,11
1413393904.556565523147583,49,5,37,2,11
1413393904.606571435928345,46,4,39,3,11
1413393904.656586647033691,46,4,39,7,11
1413393904.706583023071289,44,0,42,1,11
1413393904.756580591201782,43,1,38,0,11
1413393904.806581020355225,44,3,37,3,11
1413393904.856595277786255,43,3,38,4,11
1413393904.906614542007446,41,3,39,1,11
1413393904.956632137298584,41,4,37,2,11
1413393905.006650209426880,41,1,38,2,11
1413393905.056670427322388,33,5,20,3,11
1413393905.106690883636475,36,5,20,6,11
1413393905.156702041625977,33,0,21,6,11
1413393905.206712007522583,32,0,24,4,11
1413393905.256719350814819,33,0,25,3,11
1413393905.306722879409790,35,0,28,5,11
1413393905.356729269027710,32,3,32,0,11
1413393905.406727313995361,37,2,32,5,11
1413393905.456723928451538,37,3,35,0,11
1413393905.506719827651978,40,1,34,3,11
1413393905.556716680526733,41,1,33,3,11
1413393905.606716871261597,44,2,36,4,11
1413393905.656708478927612,47,3,36,9,11
1413393905.706693410873413,49,2,39,3,11
1413393905.756685972213745,46,3,40,1,11
1413393905.806680679321289,45,0,41,2,11
1413393905.856676578521729,44,4,43,1,11
1413393905.906674146652222,45,0,42,1,11
1413393905.956670761108398,46,0,42,2,11
1413393906.006663560867310,49,1,42,4,11
1413393906.056653261184692,47,2,44,2,11
1413393906.106645345687866,49,2,45,3,11
1413393906.156639099121094,49,1,45,1,11
1413393906.206630229949951,49,9,41,1,11
1413393906.256624460220337,46,3,42,1,11
1413393906.306622505187988,47,4,39,4,11
1413393906.356629610061646,44,1,40,0,11
1413393906.406645298004150,42,1,37,2,11
1413393906.456669092178345,43,0,34,4,11
1413393906.506688833236694,41,6,34,2,11
1413393906.556698322296143,38,1,34,1,11
1413393906.606705665588379,41,0,22,6,11
1413393906.656708717346191,43,1,26,3,11
1413393906.706703662872314,38,0,29,7,11
1413393906.756700754165649,37,3,35,1,11
1413393906.806691646575928,43,1,35,6,11
1413393906.856692075729370,46,0,40,4,11
1413393906.906705379486084,48,0,42,2,11
1413393906.956711053848267,48,1,43,2,11
1413393907.006722211837769,49,0,44,3,11
1413393907.056719303131104,50,0,47,2,11
1413393907.106711387634277,50,6,49,1,11
1413393907.156715393066406,49,2,49,0,11
1413393907.206717252731323,50,2,48,1,11
1413393907.256714820861816,50,1,47,0,11
1413393907.306722164154053,50,5,43,1,11
1413393907.356736421585083,49,2,42,3,11
1413393907.406751394271851,48,0,44,2,11
1413393907.456766605377197,49,2,43,2,11
1413393907.506752490997314,48,0,44,0,11
1413393907.556740760803223,48,0,35,3,11
1413393907.606713056564331,48,0,35,1,11
1413393907.656695604324341,44,0,36,5,11
1413393907.706678152084351,46,0,37,4,11
1413393907.756656408309937,45,0,41,1,11
1413393907.806624889373779,47,0,40,5,11
1413393907.856592178344727,48,2,42,1,11
1413393907.906575202941895,48,1,43,2,11
1413393907.956562995910645,47,2,43,2,11
1413393908.006567955017090,48,0,44,1,11
1413393908.056570529937744,46,1,44,0,11
1413393908.106577634811401,47,0,42,2,11
1413393908.156581640243530,47,0,44,1,11
1413393908.206581830978394,46,0,45,1,11
1413393908.256580591201782,49,1,43,4,11
1413393908.306586980819702,50,3,43,1,11
1413393908.356597185134888,49,3,38,0,11
1413393908.406595706939697,46,3,28,2,11
1413393908.456588983535767,45,4,25,5,11
1413393908.506581068038940,45,0,27,10,11
1413393908.556573152542114,45,7,37,5,11
1413393908.606569528579712,46,0,41,4,11
1413393908.656563997268677,47,2,44,1,11
1413393908.706571340560913,47,0,45,1,11
1413393908.756581068038940,46,0,45,1,11
1413393908.806589126586914,46,0,46,0,11
1413393908.856582403182983,46,0,45,1,11
1413393908.906573057174683,48,0,46,2,11
1413393908.956570863723755,49,0,47,1,11
1413393909.006571054458618,50,3,47,1,11
1413393909.056578874588013,49,6,48,0,11
1413393909.106582403182983,48,2,48,0,11
1413393909.156591653823853,50,12,48,2,11
1413393909.206593990325928,50,0,50,0,11
1413393909.256595849990845,50,1,47,0,11
1413393909.306595563888550,49,0,47,1,11
1413393909.356597900390625,47,1,47,0,11
1413393909.406599283218384,47,0,46,0,11
1413393909.456600666046143,47,3,46,0,11
1413393909.506599903106689,46,0,46,0,11
1413393909.556599617004395,49,2,45,3,11
1413393909.606598854064941,50,1,47,1,11
1413393909.656597137451172,49,5,48,0,11
1413393909.706591129302979,48,3,46,1,11
1413393909.756590604782104,50,11,46,2,11
1413393909.806589841842651,47,7,44,0,11
1413393909.856591463088989,44,0,42,1,11
1413393909.906594276428223,43,0,41,0,11
1413393909.956599473953247,45,3,37,4,11
1413393910.006603956222534,41,0,37,2,11
1413393910.056603431701660,39,0,37,0,11
1413393910.106607913970947,40,1,34,1,11
1413393910.156612396240234,38,1,34,0,11
1413393910.206617593765259,37,1,33,2,11
1413393910.256623268127441,38,1,32,3,11
1413393910.306626081466675,40,0,34,3,11
1413393910.356631755828857,47,0,37,9,11
1413393910.406643390655518,47,8,45,2,11
1413393910.456648588180542,45,12,43,0,11
1413393910.506655693054199,41,2,39,0,11
1413393910.556655883789062,44,2,38,6,11
1413393910.606657981872559,44,3,43,0,11
1413393910.656656503677368,45,7,42,1,11
1413393910.706652164459229,45,8,42,1,11
1413393910.756643056869507,50,13,41,6,11
1413393910.806641817092896,49,5,47,1,11
1413393910.856642007827759,49,1,47,1,11
1413393910.906634092330933,48,6,45,0,11
1413393910.956621885299683,48,10,44,1,11
1413393911.006602525711060,47,16,42,3,11
1413393911.056594848632812,46,4,40,1,11
1413393911.106588602066040,40,2,37,1,11
1413393911.156579256057739,39,4,36,0,11
1413393911.206571102142334,39,10,34,1,11
1413393911.256561517715454,36,8,30,1,11
1413393911.306559801101685,36,4,33,2,11
1413393911.356559991836548,37,3,33,2,11
1413393911.406559944152832,35,2,33,0,11
1413393911.456552743911743,45,5,31,13,11
1413393911.506551027297974,44,5,42,1,11
1413393911.556549072265625,44,7,40,1,11
1413393911.606543064117432,50,14,41,8,11
1413393911.656538963317871,48,3,46,1,11
1413393911.706540107727051,48,5,46,0,11
1413393911.756546735763550,48,1,41,1,11
1413393911.806553602218628,48,3,39,2,11
1413393911.856553792953491,49,1,40,6,11
1413393911.906558036804199,47,3,39,1,11
1413393911.956561326980591,47,5,33,2,11
1413393912.006561517715454,46,1,30,5,11
1413393912.056564331054688,44,1,32,4,11
1413393912.106574773788452,41,1,33,3,11
1413393912.156584739685059,37,3,30,4,11
1413393912.206596851348877,42,2,31,8,11
1413393912.256600141525269,40,3,37,1,11
1413393912.306606531143188,39,2,36,0,11
1413393912.356609821319580,38,7,36,2,11
1413393912.406611204147339,35,3,30,0,11
1413393912.456610441207886,35,1,28,1,11
1413393912.506608724594116,31,4,27,2,11
1413393912.556610107421875,25,4,18,3,11
1413393912.606614351272583,21,7,16,2,11
1413393912.656617641448975,16,5,9,0,11
1413393912.706620216369629,16,6,11,1,11
1413393912.756620645523071,14,2,12,2,11
1413393912.806627273559570,12,7,12,0,11
1413393912.856629610061646,17,6,11,5,11
1413393912.906628608703613,18,2,16,1,11
1413393912.956629276275635,20,1,16,3,11
1413393913.006627321243286,25,6,18,6,11
1413393913.056627988815308,24,2,22,2,11
1413393913.106628417968750,25,2,23,1,11
1413393913.156618595123291,33,5,23,8,11
1413393913.206614732742310,38,2,29,6,11
1413393913.256606578826904,41,8,30,6,11
1413393913.306602716445923,41,5,36,3,11
1413393913.356600999832153,39,8,34,3,11
1413393913.406596899032593,41,3,36,3,11
1413393913.456591606140137,47,6,27,11,11
1413393913.506584167480469,46,2,25,0,11
1413393913.556576251983643,43,4,18,8,11
1413393913.606572389602661,32,3,12,4,11
1413393913.656570911407471,28,4,11,3,11
1413393913.706569910049438,25,2,4,7,11
1413393913.756571292877197,25,5,8,4,11
1413393913.806573152542114,23,2,10,8,11
1413393913.856573820114136,22,0,14,3,11
1413393913.906576395034790,16,2,13,1,11
1413393913.956580162048340,18,3,13,4,11
1413393914.006582021713257,18,5,9,0,11
1413393914.056582927703857,15,3,5,1,11
1413393914.106584072113037,13,6,3,7,11
1413393914.156586170196533,13,2,9,1,11
1413393914.206587076187134,12,3,10,2,11
1413393914.256587028503418,11,0,11,0,11
1413393914.306590080261230,14,2,6,5,11
1413393914.356587886810303,19,0,6,7,11
1413393914.406588554382324,23,7,15,7,11
1413393914.456583976745605,20,4,19,1,11
1413393914.506578445434570,21,4,17,2,11
1413393914.556565523147583,34,3,18,13,11
1413393914.606560468673706,33,1,28,2,11
1413393914.656553506851196,38,1,27,8,11
1413393914.706548452377319,34,1,32,0,11
1413393914.756537437438965,44,0,31,11,11
1413393914.806536912918091,47,1,42,4,11
1413393914.856536149978638,50,9,46,3,11
1413393914.906534433364868,48,3,47,0,11
1413393914.956527709960938,48,3,46,0,11
1413393915.006521701812744,46,8,42,2,11
1413393915.056518793106079,43,0,40,1,11
1413393915.106520414352417,41,1,39,0,11
1413393915.156518459320068,46,1,37,6,11
1413393915.206519603729248,47,9,42,4,11
1413393915.256520986557007,47,3,46,1,11
1413393915.306521415710449,47,1,45,1,11
1413393915.356522321701050,43,1,43,0,11
1413393915.406526565551758,45,4,41,2,11
1413393915.456527233123779,50,2,40,5,11
1413393915.506525754928589,49,4,44,1,11
1413393915.556523323059082,47,6,45,1,11
1413393915.606520175933838,50,11,46,4,11
1413393915.656520128250122,49,2,49,0,11
1413393915.706520557403564,47,0,45,1,11
1413393915.756521224975586,45,8,43,0,11
1413393915.806521177291870,48,2,43,4,11
1413393915.856520652770996,48,2,47,1,11
1413393915.906520843505859,48,1,48,0,11
1413393915.956520318984985,49,0,48,1,11
1413393916.006519794464111,50,3,49,1,11
1413393916.056519269943237,50,0,50,0,11
1413393916.106518507003784,50,6,50,0,11
1413393916.156518220901489,49,4,49,0,11
1413393916.206515789031982,50,6,49,1,11
1413393916.256513595581055,45,7,45,0,11
1413393916.306509733200073,44,1,44,0,11
1413393916.356502294540405,48,4,43,5,11
1413393916.406497478485107,47,1,39,2,11
1413393916.456495285034180,43,0,29,0,11
1413393916.506493568420410,39,3,20,0,11
1413393916.556492567062378,35,0,15,7,11
1413393916.606492996215820,32,0,19,5,11
1413393916.656490087509155,38,0,19,11,11
1413393916.706490039825439,39,0,21,4,11
1413393916.756487369537354,36,0,22,2,11
1413393916.806483983993530,34,0,24,7,11
1413393916.856480360031128,38,2,30,7,11
1413393916.906476497650146,38,2,37,0,11
1413393916.956478357315063,45,4,35,8,11
1413393917.006478786468506,45,1,39,2,11
1413393917.056478977203369,44,3,40,0,11
1413393917.106479644775391,44,2,35,4,11
1413393917.156479835510254,42,2,34,1,11
1413393917.206480503082275,43,1,33,5,11
1413393917.256477832794189,44,4,37,6,11
1413393917.306471824645996,43,0,40,1,11
1413393917.356466770172119,46,1,33,6,11
1413393917.406462669372559,46,2,37,3,11
1413393917.456454992294312,42,0,33,6,11
1413393917.506452798843384,46,0,39,6,11
1413393917.556451559066772,46,0,40,2,11
1413393917.606452941894531,45,0,41,0,11
1413393917.656453371047974,39,0,34,1,11
1413393917.706453323364258,32,0,26,0,11
1413393917.756450891494751,30,0,22,6,11
1413393917.806449890136719,29,0,27,0,11
1413393917.856450319290161,27,1,26,0,11
1413393917.906450033187866,23,0,22,0,11
1413393917.956449270248413,23,0,21,0,11
1413393918.006447792053223,22,2,21,0,11
1413393918.056445598602295,21,1,15,4,11
1413393918.106444358825684,21,0,14,0,11
1413393918.156441211700439,21,1,11,4,11
1413393918.206439971923828,20,0,14,4,11
1413393918.256439447402954,24,0,12,5,11
1413393918.306440353393555,25,0,15,2,11
1413393918.356441020965576,22,0,16,3,11
1413393918.406440734863281,23,1,18,3,11
1413393918.456441164016724,24,0,15,6,11
1413393918.506446361541748,27,1,18,8,11
1413393918.556446075439453,27,1,24,1,11
1413393918.606444597244263,23,1,21,0,11
1413393918.656442880630493,19,3,12,1,11
1413393918.706441879272461,14,2,7,3,11
1413393918.756441593170166,17,3,8,5,11
1413393918.806442022323608,16,4,10,2,11
1413393918.856442928314209,11,5,10,0,11
1413393918.906447887420654,17,2,7,10,11
1413393918.956446647644043,18,1,13,3,11
1413393919.006445407867432,15,8,9,0,11
1413393919.056438207626343,19,6,7,6,11
1413393919.106434345245361,16,1,8,2,11
1413393919.156432628631592,15,3,5,1,11
1413393919.206428766250610,12,5,4,4,11
1413393919.256424903869629,16,5,5,8,11
1413393919.306424379348755,14,8,9,0,11
1413393919.356424808502197,13,4,9,3,11
1413393919.406424999237061,18,2,10,8,11
1413393919.456424713134766,18,6,16,0,11
1413393919.506424427032471,17,2,15,0,11
1413393919.556420803070068,17,13,13,3,11
1413393919.606419324874878,20,4,13,6,11
1413393919.656419515609741,18,2,17,0,11
1413393919.706418275833130,20,2,14,5,11
1413393919.756417989730835,20,0,19,1,11
1413393919.806416988372803,25,2,20,5,11
1413393919.856413125991821,35,3,25,10,11
1413393919.906409025192261,40,2,34,5,11
1413393919.956400871276855,44,2,37,5,11
1413393920.006394863128662,45,3,41,3,11
1413393920.056391477584839,39,7,39,0,11
1413393920.106390237808228,36,1,36,0,11
1413393920.156383991241455,43,2,33,10,11
1413393920.206382274627686,49,2,43,6,11
1413393920.256383180618286,47,1,45,1,11
1413393920.306386470794678,48,2,42,3,11
1413393920.356387376785278,49,3,43,1,11
1413393920.406386613845825,47,3,42,3,11
1413393920.456387281417847,47,1,43,2,11
1413393920.506391763687134,48,1,45,2,11
1413393920.556395292282104,47,0,46,1,11
1413393920.606402873992920,48,7,46,2,11
1413393920.656406164169312,50,5,48,2,11
1413393920.706412553787231,50,2,50,0,11
1413393920.756417751312256,50,10,50,0,11
1413393920.806420087814331,50,7,48,0,11
1413393920.856424331665039,50,0,31,0,11
1413393920.906423091888428,49,7,16,2,11
1413393920.956419706344604,41,3,16,9,11
1413393921.006416559219360,37,3,23,13,11
1413393921.056411743164062,38,1,28,4,11
1413393921.106408596038818,42,5,30,5,11
1413393921.156409502029419,41,2,31,5,11
1413393921.206410884857178,42,4,34,2,11
1413393921.256414413452148,38,4,32,1,11
1413393921.306416034698486,35,1,27,1,11
1413393921.356420755386353,36,1,21,5,11
1413393921.406424283981323,48,4,28,18,11
1413393921.456431388854980,45,0,42,0,11
1413393921.506437301635742,45,0,41,0,11
1413393921.556436777114868,50,1,41,8,11
1413393921.606434345245361,49,3,45,1,11
1413393921.656429052352905,49,3,43,1,11
1413393921.706418752670288,49,19,44,4,11
1413393921.756414175033569,50,0,47,2,11
1413393921.806409597396851,50,1,49,0,11
1413393921.856408357620239,50,4,49,1,11
1413393921.906409263610840,50,4,50,0,11
1413393921.956409454345703,49,4,47,0,11
1413393922.006419658660889,48,5,46,0,11
1413393922.056438207626343,47,0,43,1,11
1413393922.106455564498901,47,4,43,0,11
1413393922.156476497650146,46,4,40,2,11
1413393922.206491231918335,49,8,42,5,11
1413393922.256503105163574,49,5,39,3,11
1413393922.306501150131226,47,20,44,1,11
1413393922.356498241424561,50,10,45,5,11
1413393922.406491041183472,48,4,47,0,11
1413393922.456479549407959,42,5,40,0,11
1413393922.506459474563599,42,2,35,1,11
1413393922.556437253952026,43,2,28,3,11
1413393922.606422424316406,42,2,17,5,11
1413393922.656409740447998,42,5,20,7,11
1413393922.706404447555542,37,2,25,8,11
1413393922.756401538848877,39,0,31,5,11
1413393922.806406736373901,40,5,33,3,11
1413393922.856415271759033,40,0,34,0,11
1413393922.906428813934326,49,2,34,13,11
1413393922.956436872482300,48,3,45,1,11
1413393923.006440639495850,49,13,46,1,11
1413393923.056444168090820,48,3,45,0,11
1413393923.106444358825684,45,2,44,0,11
1413393923.156444787979126,44,2,44,0,11
1413393923.206442594528198,45,3,43,2,11
1413393923.256442546844482,49,9,44,4,11
1413393923.306442260742188,49,8,48,1,11
1413393923.356444120407104,48,6,44,1,11
1413393923.406442165374756,45,4,44,0,11
1413393923.456440687179565,43,10,41,1,11
1413393923.506439447402954,45,6,40,3,11
1413393923.556437253952026,38,8,33,1,11
1413393923.606436252593994,32,3,26,1,11
1413393923.656434535980225,29,3,25,4,11
1413393923.706431865692139,28,16,26,0,11
1413393923.756429910659790,28,4,23,0,11
1413393923.806431055068970,24,6,21,0,11
1413393923.856431007385254,18,4,15,1,11
1413393923.906437635421753,22,5,10,5,11
1413393923.956440925598145,22,3,11,2,11
1413393924.006439208984375,21,5,10,5,11
1413393924.056439399719238,17,6,11,3,11
1413393924.106440305709839,17,7,14,2,11
1413393924.156439065933228,23,9,16,7,11
1413393924.206434249877930,32,7,20,9,11
1413393924.256435155868530,31,7,25,0,11
1413393924.306435346603394,27,8,20,0,11
1413393924.356435537338257,21,4,15,0,11
1413393924.406435251235962,19,2,14,1,11
1413393924.456434249877930,23,8,15,8,11
1413393924.506433010101318,23,5,20,1,11
1413393924.556433916091919,22,6,19,0,11
1413393924.606433391571045,21,6,13,4,11
1413393924.656433582305908,22,10,13,3,11
1413393924.706434965133667,23,6,15,4,11
1413393924.756434917449951,21,5,15,2,11
1413393924.806435346603394,18,4,15,1,11
1413393924.856436967849731,19,3,15,1,11
1413393924.906436204910278,18,10,15,2,11
1413393924.956436395645142,17,3,11,2,11
1413393925.006434202194214,15,9,10,1,11
1413393925.056426525115967,18,4,8,8,11
1413393925.106422424316406,17,4,15,1,11
1413393925.156418561935425,18,4,11,4,11
1413393925.206415176391602,21,2,13,3,11
1413393925.256414175033569,18,1,5,3,11
1413393925.306414127349854,16,2,6,0,11
1413393925.356408834457397,9,9,5,2,11
1413393925.406406402587891,8,2,5,1,11
1413393925.456404924392700,8,9,5,0,11
1413393925.506402015686035,11,5,5,5,11
1413393925.556401014328003,9,13,7,0,11
1413393925.606399774551392,9,7,6,1,11
1413393925.656400203704834,9,1,7,2,11
1413393925.706400632858276,8,4,8,0,11
1413393925.756401300430298,8,5,7,0,11
1413393925.806401729583740,13,11,5,6,11
1413393925.856400966644287,17,2,10,5,11
1413393925.906399965286255,23,7,15,8,11
1413393925.956399202346802,23,3,15,2,11
1413393926.006396770477295,23,3,14,1,11
1413393926.056394815444946,22,5,14,6,11
1413393926.106395483016968,23,2,18,4,11
1413393926.156397104263306,24,5,22,1,11
1413393926.206399679183960,26,1,21,2,11
1413393926.256401062011719,31,3,22,6,11
1413393926.306400060653687,35,2,28,6,11
1413393926.356396913528442,35,2,34,1,11
1413393926.406395435333252,34,5,30,0,11
1413393926.456397533416748,37,3,29,3,11
1413393926.506399631500244,34,0,29,2,11
1413393926.556401968002319,33,2,27,4,11
1413393926.606401681900024,29,1,26,1,11
1413393926.656402349472046,31,1,24,5,11
1413393926.706401586532593,33,1,28,4,11
1413393926.756401538848877,35,0,28,4,11
1413393926.806398630142212,34,1,31,1,11
1413393926.856395721435547,32,1,25,2,11
1413393926.906393289566040,32,1,24,3,11
1413393926.956391811370850,31,1,26,1,11
1413393927.006388902664185,36,0,25,8,11
1413393927.056387424468994,36,0,31,1,11
1413393927.106387376785278,42,0,30,8,11
1413393927.156387805938721,43,1,38,3,11
1413393927.206388473510742,45,0,39,3,11
1413393927.256388664245605,47,0,42,4,11
1413393927.306388378143311,49,2,43,4,11
1413393927.356388330459595,48,1,43,0,11
1413393927.406387329101562,47,10,40,3,11
1413393927.456386089324951,44,8,38,3,11
1413393927.506385326385498,42,2,32,5,11
1413393927.556384563446045,43,0,33,7,11
1413393927.606385231018066,43,3,37,5,11
1413393927.656385421752930,42,4,40,2,11
1413393927.706387042999268,42,8,39,1,11
1413393927.756387233734131,39,5,37,1,11
1413393927.806388378143311,38,3,35,1,11
1413393927.856389760971069,36,2,35,0,11
1413393927.906391382217407,34,2,30,0,11
1413393927.956391096115112,32,2,28,1,11
1413393928.006390094757080,31,6,29,1,11
1413393928.056389331817627,30,3,26,4,11
1413393928.106389284133911,29,9,28,0,11
1413393928.156388282775879,30,7,28,1,11
1413393928.206387996673584,29,3,28,0,11
1413393928.256386518478394,32,5,26,4,11
1413393928.306387424468994,30,3,27,0,11
1413393928.356387376785278,32,1,25,3,11
1413393928.406385898590088,31,10,26,4,11
1413393928.456385612487793,31,4,27,1,11
1413393928.506384372711182,31,3,27,0,11
1413393928.556380987167358,29,0,23,3,11
1413393928.606376171112061,31,0,20,6,11
1413393928.656376123428345,30,6,26,1,11
1413393928.706376314163208,27,3,22,2,11
1413393928.756377696990967,27,1,20,3,11
1413393928.806381225585938,23,2,21,0,11
1413393928.856382846832275,22,1,19,1,11
1413393928.906383991241455,23,1,22,1,11
1413393928.956385135650635,23,2,23,0,11
1413393929.006387233734131,23,4,22,1,11
1413393929.056388378143311,27,4,22,4,11
1413393929.106388568878174,28,3,24,2,11
1413393929.156388759613037,28,2,23,1,11
1413393929.206389665603638,30,4,23,3,11
1413393929.256390333175659,30,2,25,3,11
1413393929.306388854980469,31,2,23,4,11
1413393929.356389284133911,31,3,21,1,11
1413393929.406388998031616,30,0,20,4,11
1413393929.456389904022217,27,2,23,3,11
1413393929.506389379501343,26,0,23,2,11
1413393929.556389093399048,26,4,22,1,11
1413393929.606389045715332,27,1,23,1,11
1413393929.656388759613037,23,1,20,1,11
1413393929.706388711929321,22,1,20,0,11
1413393929.756388187408447,21,3,18,0,11
1413393929.806387662887573,20,3,16,1,11
1413393929.856388092041016,20,3,15,3,11
1413393929.906388044357300,19,4,15,2,11
1413393929.956387758255005,20,5,15,2,11
1413393930.006387472152710,18,2,15,1,11
1413393930.056387662887573,18,0,13,1,11
1413393930.106387615203857,18,3,11,2,11
1413393930.156387805938721,20,4,12,4,11
1413393930.206387758255005,18,1,10,0,11
1413393930.256387472152710,16,2,7,1,11
1413393930.306387186050415,15,0,3,4,11
1413393930.356387376785278,21,1,7,10,11
1413393930.406386375427246,21,0,10,4,11
1413393930.456385135650635,21,2,8,0,11
1413393930.506382465362549,17,1,1,3,11
1413393930.556375503540039,16,0,2,5,11
1413393930.606371879577637,15,2,4,7,11
1413393930.656368970870972,14,4,8,2,11
1413393930.706368923187256,15,3,9,2,11
1413393930.756368637084961,13,2,10,1,11
1413393930.806367397308350,17,4,7,5,11
1413393930.856367349624634,17,7,16,1,11
1413393930.906367063522339,17,3,16,0,11
1413393930.956365585327148,18,3,17,1,11
1413393931.006366252899170,20,3,14,2,11
1413393931.056366920471191,20,3,16,1,11
1413393931.106366872787476,26,1,17,9,11
1413393931.156366348266602,26,2,15,0,11
1413393931.206366539001465,26,1,9,1,11
1413393931.256366014480591,19,0,3,5,11
1413393931.306366205215454,16,3,7,2,11
1413393931.356367111206055,13,0,8,3,11
1413393931.406367301940918,12,2,8,0,11
1413393931.456367731094360,14,1,6,2,11
1413393931.506367683410645,11,1,5,2,11
1413393931.556367635726929,9,0,4,1,11
1413393931.606368064880371,6,3,5,0,11
1413393931.656367301940918,10,1,5,5,11
1413393931.706367015838623,10,0,8,0,11
1413393931.756366491317749,10,0,7,0,11
1413393931.806368350982666,14,3,7,6,11
1413393931.856367349624634,22,4,10,9,11
1413393931.906365394592285,27,1,17,6,11
1413393931.956364870071411,28,1,21,5,11
1413393932.006364345550537,30,5,25,4,11
1413393932.056364297866821,34,3,30,4,11
1413393932.106364488601685,37,1,30,5,11
1413393932.156364917755127,38,5,34,2,11
1413393932.206365823745728,39,2,33,4,11
1413393932.256366968154907,37,2,36,0,11
1413393932.306368112564087,39,3,34,4,11
1413393932.356368064880371,34,8,34,0,11
1413393932.406368494033813,35,2,31,4,11
1413393932.456368207931519,35,4,30,3,11
1413393932.506368637084961,36,3,31,3,11
1413393932.556367635726929,47,4,33,12,11
1413393932.606367111206055,45,2,40,1,11
1413393932.656366348266602,47,8,40,5,11
1413393932.706365346908569,47,6,42,3,11
1413393932.756364345550537,46,1,44,1,11
1413393932.806364297866821,48,6,43,4,11
1413393932.856364965438843,46,7,45,1,11
1413393932.906364917755127,43,0,40,0,11
1413393932.956362724304199,45,2,36,6,11
1413393933.006361484527588,43,1,38,2,11
1413393933.056360483169556,44,2,39,3,11
1413393933.106359958648682,44,1,37,5,11
1413393933.156360864639282,45,1,40,3,11
1413393933.206362009048462,42,4,38,3,11
1413393933.256362676620483,48,5,40,7,11
1413393933.306362867355347,49,3,46,2,11
1413393933.356363773345947,48,0,47,0,11
1413393933.406363725662231,50,1,47,3,11
1413393933.456363916397095,50,5,45,0,11
1413393933.506362199783325,50,1,42,0,11
1413393933.556362628936768,47,7,41,3,11
1413393933.606363773345947,46,0,42,2,11
1413393933.656363725662231,43,0,40,1,11
1413393933.706363201141357,46,5,40,5,11
1413393933.756361722946167,46,1,45,0,11
1413393933.806360960006714,43,0,39,0,11
1413393933.856360435485840,43,1,36,3,11
1413393933.906360626220703,40,1,34,4,11
1413393933.956359148025513,46,5,37,7,11
1413393934.006359100341797,44,1,42,1,11
1413393934.056354761123657,47,3,42,4,11
1413393934.106352567672729,47,3,41,3,11
1413393934.156353950500488,48,1,40,4,11
1413393934.206358671188354,49,4,42,2,11
1413393934.256362915039062,50,2,45,4,11
1413393934.306367874145508,49,4,48,1,11
1413393934.356374979019165,49,1,49,0,11
1413393934.406381130218506,48,6,48,0,11
1413393934.456382274627686,48,1,47,0,11
1413393934.506384134292603,46,3,44,1,11
1413393934.556388378143311,48,17,44,4,11
1413393934.606388568878174,47,1,46,0,11
1413393934.656388044357300,48,2,45,2,11
1413393934.706387042999268,48,4,45,1,11
1413393934.756386756896973,49,4,42,1,11
1413393934.806384563446045,49,2,38,2,11
1413393934.856383085250854,44,1,34,2,11
1413393934.906381368637085,43,2,30,5,11
1413393934.956381797790527,43,3,20,5,11
1413393935.006379842758179,35,12,18,5,11
1413393935.056378602981567,24,4,19,2,11
1413393935.106379032135010,22,1,19,2,11
1413393935.156377792358398,23,1,17,6,11
1413393935.206378221511841,23,9,20,0,11
1413393935.256378173828125,23,2,20,1,11
1413393935.306378126144409,21,4,19,0,11
1413393935.356376886367798,32,6,17,14,11
1413393935.406373023986816,31,3,28,0,11
1413393935.456372499465942,30,4,23,1,11
1413393935.506372213363647,28,3,23,2,11
1413393935.556372404098511,27,1,21,3,11
1413393935.606377363204956,48,10,24,21,11
1413393935.656378984451294,46,6,40,2,11
1413393935.706379652023315,44,1,40,0,11
1413393935.756379604339600,48,7,40,8,11
1413393935.806379079818726,50,12,47,2,11
1413393935.856381177902222,50,0,47,0,11
1413393935.906383752822876,49,0,47,0,11
1413393935.956385374069214,48,0,41,2,11
1413393936.006385803222656,47,1,37,0,11
1413393936.056386232376099,43,2,33,4,11
1413393936.106380939483643,44,15,29,7,11
1413393936.156379222869873,43,2,34,1,11
1413393936.206379890441895,41,10,30,9,11
1413393936.256376743316650,37,2,31,2,11
1413393936.306373834609985,37,0,32,0,11
1413393936.356370925903320,38,2,31,7,11
1413393936.406366586685181,40,3,33,5,11
1413393936.456366062164307,37,2,33,0,11
1413393936.506365537643433,34,3,30,1,11
1413393936.556365489959717,31,3,27,0,11
1413393936.606367349624634,36,5,23,11,11
1413393936.656366109848022,28,4,26,0,11
1413393936.706365346908569,24,1,16,4,11
1413393936.756364583969116,18,2,12,0,11
1413393936.806363344192505,16,3,9,4,11
1413393936.856362581253052,20,3,12,7,11
1413393936.906362295150757,22,5,19,3,11
1413393936.956361055374146,25,6,19,5,11
1413393937.006360292434692,25,7,23,0,11
1413393937.056359529495239,29,2,22,6,11
1413393937.106358528137207,30,4,26,2,11
1413393937.156358480453491,29,0,26,1,11
1413393937.206359624862671,29,5,24,5,11
1413393937.256361246109009,31,0,26,3,11
1413393937.306364297866821,34,2,27,4,11
1413393937.356364011764526,30,2,28,1,11
1413393937.406363010406494,30,2,29,1,11
1413393937.456362247467041,29,1,29,0,11
1413393937.506361484527588,32,1,29,3,11
1413393937.556360721588135,31,1,30,0,11
1413393937.606359958648682,36,2,30,5,11
1413393937.656359434127808,46,0,34,11,11
1413393937.706357717514038,48,3,43,3,11
1413393937.756359338760376,49,0,42,3,11
1413393937.806362867355347,50,4,44,2,11
1413393937.856364011764526,50,0,44,3,11
1413393937.906365633010864,47,3,46,0,11
1413393937.956367731094360,50,3,45,4,11
1413393938.006370782852173,49,1,48,0,11
1413393938.056372642517090,49,0,48,0,11
1413393938.106372594833374,49,0,47,2,11
1413393938.156373262405396,50,1,49,1,11
1413393938.206373453140259,50,0,50,0,11
1413393938.256369829177856,49,9,49,0,11
1413393938.306366920471191,50,1,49,1,11
1413393938.356366634368896,49,1,48,0,11
1413393938.406364917755127,49,5,47,0,11
1413393938.456365346908569,48,0,44,0,11
1413393938.506364583969116,49,4,42,2,11
1413393938.556363344192505,48,3,42,3,11
1413393938.606363534927368,48,0,44,1,11
1413393938.656364202499390,45,0,40,2,11
1413393938.706363916397095,44,1,42,0,11
1413393938.756361961364746,46,1,40,6,11
1413393938.806358575820923,45,1,44,0,11
1413393938.856357812881470,46,12,43,2,11
1413393938.906358957290649,45,0,43,1,11
1413393938.956359624862671,45,1,43,1,11
1413393939.006360769271851,45,3,42,3,11
1413393939.056362152099609,44,1,41,1,11
1413393939.106366157531738,45,2,38,2,11
1413393939.156372308731079,44,0,38,1,11
1413393939.206364154815674,43,1,38,2,11
1413393939.256357908248901,49,6,39,9,11
1413393939.306351423263550,47,3,45,0,11
1413393939.356347799301147,47,0,44,0,11
1413393939.406348228454590,45,1,38,0,11
1413393939.456355810165405,42,12,37,2,11
1413393939.506356000900269,39,3,34,2,11
1413393939.556356430053711,34,4,30,0,11
1413393939.606351375579834,33,5,26,4,11
1413393939.656339883804321,29,3,21,6,11
1413393939.706331729888916,27,1,27,0,11
1413393939.756317853927612,26,0,26,0,11
1413393939.806300878524780,25,2,17,0,11
1413393939.856282472610474,26,8,12,1,11
1413393939.906266212463379,21,5,7,4,11
1413393939.956253290176392,19,7,6,3,11
1413393940.006245851516724,17,8,6,4,11
1413393940.056244373321533,15,0,4,2,11
1413393940.106246232986450,14,2,4,3,11
1413393940.156257152557373,14,1,2,8,11
1413393940.206259489059448,13,2,6,0,11
1413393940.256263494491577,12,1,6,2,11
1413393940.306272506713867,14,0,8,6,11
1413393940.356278896331787,14,1,13,0,11
1413393940.406282901763916,14,0,12,0,11
1413393940.456303596496582,16,1,11,3,11
1413393940.506344318389893,26,4,13,11,11
1413393940.556344270706177,25,2,21,0,11
1413393940.606347322463989,30,4,16,6,11
1413393940.656347751617432,29,0,16,3,11
1413393940.706344842910767,21,1,16,2,11
1413393940.756339550018311,21,1,17,4,11
1413393940.806330204010010,23,1,18,2,11
1413393940.856313705444336,23,3,18,1,11
1413393940.906299591064453,22,12,17,2,11
1413393940.956288576126099,21,14,19,0,11
1413393941.006268739700317,25,6,15,6,11
1413393941.056257247924805,23,17,18,1,11
1413393941.106253862380981,22,6,13,3,11
1413393941.156251907348633,24,0,16,5,11
1413393941.206253767013550,24,6,19,3,11
1413393941.256261110305786,26,7,19,2,11
1413393941.306269645690918,24,2,19,3,11
1413393941.356277465820312,26,4,21,5,11
1413393941.406281232833862,24,9,24,0,11
1413393941.456283807754517,23,4,21,1,11
1413393941.506289005279541,31,2,20,9,11
1413393941.556290388107300,36,3,29,6,11
1413393941.606289148330688,36,6,34,1,11
1413393941.656283855438232,39,3,33,4,11
1413393941.706281661987305,40,1,31,3,11
1413393941.756282806396484,39,3,30,5,11
1413393941.806285619735718,38,2,33,3,11
1413393941.856285810470581,37,3,35,0,11
1413393941.906278610229492,44,6,34,8,11
1413393941.956274032592773,46,4,39,4,11
1413393942.006268262863159,41,20,35,1,11
1413393942.056267738342285,37,18,27,2,11
1413393942.106269121170044,34,2,28,1,11
1413393942.156269073486328,29,1,29,0,11
1413393942.206265449523926,31,4,24,3,11
1413393942.256260633468628,34,3,25,4,11
1413393942.306255817413330,32,0,29,2,11
1413393942.356252193450928,32,3,31,1,11
1413393942.406244516372681,35,2,31,4,11
1413393942.456234216690063,35,2,34,0,11
1413393942.506223201751709,38,3,35,3,11
1413393942.556215524673462,41,1,38,3,11
1413393942.606212139129639,42,1,39,2,11
1413393942.656204938888550,50,0,42,8,11
1413393942.706203937530518,49,10,49,0,11
1413393942.756204605102539,49,4,48,1,11
1413393942.806201696395874,47,6,44,1,11
1413393942.856202125549316,48,3,44,2,11
1413393942.906199216842651,47,2,44,2,11
1413393942.956197738647461,46,1,45,0,11
1413393943.006197214126587,46,2,45,1,11
1413393943.056205272674561,46,3,46,0,11
1413393943.106213569641113,46,4,44,1,11
1413393943.156214714050293,49,14,42,4,11
1413393943.206215143203735,50,7,43,3,11
1413393943.256212949752808,49,2,39,1,11
1413393943.306210041046143,49,7,35,3,11
1413393943.356205224990845,48,9,38,5,11
1413393943.406198501586914,46,3,40,4,11
1413393943.456194400787354,46,0,44,1,11
1413393943.506187677383423,44,3,44,0,11
1413393943.556181192398071,45,2,44,1,11
1413393943.606170654296875,44,1,41,0,11
1413393943.656163215637207,46,0,41,2,11
1413393943.706160306930542,45,0,43,2,11
1413393943.756157159805298,50,6,45,5,11
1413393943.806158542633057,48,3,47,0,11
1413393943.856161832809448,50,4,46,2,11
1413393943.906162023544312,50,4,48,1,11
1413393943.956162214279175,47,6,47,0,11
1413393944.006159067153931,50,2,47,3,11
1413393944.056159257888794,50,5,49,0,11
1413393944.106156826019287,49,4,48,0,11
1413393944.156156778335571,49,4,47,1,11
1413393944.206156492233276,50,2,47,1,11
1413393944.256157159805298,47,4,46,0,11
1413393944.306159734725952,46,2,45,1,11
1413393944.356163263320923,50,2,43,4,11
1413393944.406167507171631,48,0,36,0,11
1413393944.456172943115234,44,2,33,3,11
1413393944.506181716918945,42,1,36,4,11
1413393944.556191205978394,40,0,35,2,11
1413393944.606197357177734,40,0,37,0,11
1413393944.656202077865601,41,1,35,4,11
1413393944.706206321716309,45,0,39,5,11
1413393944.756205558776855,45,1,42,3,11
1413393944.806203842163086,49,3,45,4,11
1413393944.856202363967896,48,0,48,0,11
1413393944.906199216842651,45,1,45,0,11
1413393944.956195592880249,45,0,44,0,11
1413393945.006188869476318,49,1,43,4,11
1413393945.056180715560913,49,8,46,1,11
1413393945.106177806854248,47,5,44,0,11
1413393945.156174182891846,48,5,43,2,11
1413393945.206171989440918,49,2,42,3,11
1413393945.256171226501465,47,4,44,1,11
1413393945.306171417236328,45,6,39,3,11
1413393945.356174707412720,47,3,33,4,11
1413393945.406180143356323,43,1,35,3,11
1413393945.456188678741455,39,2,35,0,11
1413393945.506196498870850,35,1,33,0,11
1413393945.556201219558716,36,1,32,2,11
1413393945.606205224990845,30,3,29,0,11
1413393945.656206607818604,28,2,27,0,11
1413393945.706208705902100,25,3,24,0,11
1413393945.756209135055542,28,2,23,3,11
1413393945.806209564208984,31,0,26,4,11
1413393945.856209516525269,32,1,28,2,11
1413393945.906208515167236,33,0,27,2,11
1413393945.956204652786255,32,0,28,1,11
1413393946.006199359893799,30,3,27,2,11
1413393946.056195735931396,31,1,29,2,11
1413393946.106194734573364,31,0,31,0,11
1413393946.156190395355225,35,1,28,6,11
1413393946.206189155578613,32,2,29,0,11
1413393946.256188154220581,31,0,23,5,11
1413393946.306190013885498,29,0,26,1,11
1413393946.356189012527466,28,0,26,0,11
1413393946.406187295913696,25,0,24,0,11
1413393946.456184148788452,28,1,22,4,11
1413393946.506181955337524,27,0,24,0,11
1413393946.556179761886597,26,0,20,0,11
1413393946.606178522109985,23,0,14,3,11
1413393946.656177997589111,23,0,13,2,11
1413393946.706177473068237,20,1,12,2,11
1413393946.756177663803101,22,0,16,6,11
1413393946.806177854537964,25,0,18,3,11
1413393946.856180667877197,26,0,20,2,11
1413393946.906183958053589,26,1,19,3,11
1413393946.956187963485718,26,2,17,1,11
1413393947.006192922592163,26,2,14,4,11
1413393947.056198358535767,27,0,17,5,11
1413393947.106203317642212,33,4,22,9,11
1413393947.156200885772705,32,1,26,0,11
1413393947.206197023391724,33,0,25,2,11
1413393947.256192684173584,33,0,14,7,11
1413393947.306189775466919,33,0,17,2,11
1413393947.356189250946045,24,1,11,2,11
1413393947.406188249588013,17,0,10,2,11
1413393947.456187486648560,13,0,11,1,11
1413393947.506186246871948,12,2,11,0,11
1413393947.556185483932495,11,3,11,0,11
1413393947.606184482574463,11,7,10,0,11
1413393947.656183958053589,14,2,9,3,11
1413393947.706183671951294,14,0,11,1,11
1413393947.756184577941895,13,10,11,0,11
1413393947.806185007095337,10,3,4,1,11
1413393947.856185674667358,8,2,3,0,11
1413393947.906185626983643,3,2,1,0,11
1413393947.956186294555664,3,2,0,2,11
1413393948.006187677383423,5,4,0,3,11
1413393948.056188583374023,6,5,0,1,11
1413393948.106190681457520,5,6,0,1,11
1413393948.156194210052490,10,1,0,8,11
1413393948.206195592880249,17,4,7,8,11
1413393948.256196022033691,22,1,11,6,11
1413393948.306195020675659,21,6,14,0,11
1413393948.356194257736206,24,3,12,7,11
1413393948.406194686889648,23,2,15,5,11
1413393948.456195592880249,29,1,19,8,11
1413393948.506195545196533,29,1,22,1,11
1413393948.556192636489868,32,2,24,4,11
1413393948.606189966201782,32,0,22,3,11
1413393948.656187295913696,41,2,24,11,11
1413393948.706187725067139,41,3,35,4,11
1413393948.756187677383423,39,2,37,0,11
1413393948.806188821792603,39,0,34,0,11
1413393948.856189489364624,43,4,33,7,11
1413393948.906188964843750,42,0,38,3,11
1413393948.956191062927246,42,3,39,2,11
1413393949.006197452545166,46,1,38,5,11
1413393949.056201696395874,45,1,37,1,11
1413393949.106203556060791,44,1,32,2,11
1413393949.156204700469971,47,4,35,7,11
1413393949.206205606460571,48,7,40,6,11
1413393949.256206512451172,46,17,44,1,11
1413393949.306207656860352,43,4,43,0,11
1413393949.356210231781006,41,1,41,0,11
1413393949.406212329864502,41,1,39,0,11
1413393949.456217765808105,42,8,37,2,11
1413393949.506222963333130,40,0,36,2,11
1413393949.556228876113892,42,0,36,3,11
1413393949.606234550476074,42,2,37,1,11
1413393949.656237125396729,43,0,38,3,11
1413393949.706238508224487,44,1,41,3,11
1413393949.756238222122192,43,1,41,0,11
1413393949.806238651275635,47,2,41,4,11
1413393949.856241226196289,46,14,44,2,11
1413393949.906242609024048,47,0,44,2,11
1413393949.956243991851807,48,0,35,1,11
1413393950.006244182586670,47,0,36,1,11
1413393950.056244611740112,45,8,35,7,11
1413393950.106242895126343,48,7,31,6,11
1413393950.156240701675415,48,4,39,2,11
1413393950.206238985061646,47,1,38,6,11
1413393950.256237983703613,45,2,40,1,11
1413393950.306238174438477,43,1,37,1,11
1413393950.356238126754761,42,1,38,2,11
1413393950.406239032745361,42,1,38,2,11
1413393950.456237792968750,47,3,40,6,11
1413393950.506241083145142,46,1,38,1,11
1413393950.556243658065796,47,20,41,3,11
1413393950.606243610382080,48,1,43,4,11
1413393950.656243324279785,49,7,45,1,11
1413393950.706243753433228,47,3,39,2,11
1413393950.756244897842407,41,0,37,0,11
1413393950.806246995925903,41,3,34,4,11
1413393950.856248855590820,35,1,32,0,11
1413393950.906250476837158,33,5,28,1,11
1413393950.956252574920654,31,3,26,2,11
1413393951.006257534027100,43,10,25,18,11
1413393951.056258678436279,41,0,38,1,11
1413393951.106258869171143,40,1,38,0,11
1413393951.156258821487427,47,5,36,10,11
1413393951.206257343292236,45,0,44,0,11
1413393951.256256818771362,46,1,41,4,11
1413393951.306256055831909,48,2,42,2,11
1413393951.356255769729614,47,5,43,1,11
1413393951.406255960464478,47,3,43,2,11
1413393951.456255912780762,47,1,43,2,11
1413393951.506254673004150,50,21,44,4,11
1413393951.556254625320435,49,1,45,1,11
1413393951.606253862380981,46,2,44,0,11
1413393951.656253337860107,46,1,41,2,11
1413393951.706253290176392,45,0,41,1,11
1413393951.756253957748413,44,0,35,5,11
1413393951.806254625320435,43,0,36,2,11
1413393951.856255531311035,42,2,37,2,11
1413393951.906255483627319,38,0,37,0,11
1413393951.956255674362183,42,4,36,5,11
1413393952.006255388259888,41,2,39,0,11
1413393952.056255340576172,41,0,38,1,11
1413393952.106255769729614,48,14,37,10,11
1413393952.156255483627319,47,0,45,0,11
1413393952.206255435943604,47,3,44,1,11
1413393952.256255149841309,46,0,41,3,11
1413393952.306254863739014,47,4,44,2,11
1413393952.356254577636719,46,2,43,1,11
1413393952.406254053115845,44,2,43,1,11
1413393952.456253290176392,47,5,43,4,11
1413393952.506251811981201,48,5,45,2,11
1413393952.556251287460327,47,0,45,0,11
1413393952.606250286102295,46,1,44,0,11
1413393952.656250000000000,46,1,41,2,11
1413393952.706248760223389,49,9,42,5,11
1413393952.756248712539673,48,3,45,1,11
1413393952.806248903274536,47,3,43,0,11
1413393952.856248378753662,46,0,41,2,11
1413393952.906248092651367,44,2,42,2,11
1413393952.956248044967651,44,6,43,1,11
1413393953.006247520446777,44,0,43,0,11
1413393953.056246995925903,43,2,36,1,11
1413393953.106246232986450,47,1,39,5,11
1413393953.156244993209839,46,0,43,3,11
1413393953.206244468688965,46,1,45,1,11
1413393953.256244182586670,47,0,46,1,11
1413393953.306243896484375,50,3,47,3,11
1413393953.356243371963501,50,3,49,0,11
1413393953.406242370605469,50,9,46,0,11
1413393953.456241607666016,47,3,44,0,11
1413393953.506241083145142,49,1,43,5,11
1413393953.556240558624268,49,3,48,0,11
1413393953.606240510940552,49,3,47,2,11
1413393953.656240701675415,47,6,43,1,11
1413393953.706241130828857,46,1,43,0,11
1413393953.756241559982300,45,2,42,3,11
1413393953.806242704391479,47,0,39,3,11
1413393953.856244087219238,49,1,43,3,11
1413393953.906245470046997,47,1,45,2,11
1413393953.956247091293335,49,2,47,2,11
1413393954.006248474121094,50,5,49,1,11
1413393954.056250333786011,50,2,49,0,11
1413393954.106251478195190,50,3,47,0,11
1413393954.156252622604370,50,9,47,1,11
1413393954.206253051757812,50,0,48,2,11
1413393954.256252288818359,50,2,50,0,11
1413393954.306251764297485,50,2,49,0,11
1413393954.356251478195190,50,4,48,0,11
1413393954.406250953674316,49,2,48,0,11
1413393954.456250190734863,46,0,45,0,11
1413393954.506250143051147,46,1,44,1,11
1413393954.556250095367432,44,1,41,3,11
1413393954.606249809265137,49,5,42,5,11
1413393954.656248807907104,48,0,44,0,11
1413393954.706247568130493,49,8,42,4,11
1413393954.756247758865356,48,3,41,2,11
1413393954.806247472763062,47,3,38,1,11
1413393954.856247425079346,45,3,35,5,11
1413393954.906247377395630,45,3,38,3,11
1413393954.956247091293335,48,4,38,6,11
1413393955.006247282028198,46,6,40,2,11
1413393955.056247472763062,42,9,31,5,11
1413393955.106247901916504,39,4,29,2,11
1413393955.156247615814209,36,2,22,2,11
1413393955.206246614456177,38,3,21,5,11
1413393955.256245851516724,34,0,23,6,11
1413393955.306245088577271,32,5,27,0,11
1413393955.356244087219238,32,0,18,9,11
1413393955.406243324279785,29,2,22,0,11
1413393955.456242084503174,22,2,16,2,11
1413393955.506240129470825,26,1,15,8,11
1413393955.556239604949951,21,4,16,3,11
1413393955.606238365173340,27,1,15,8,11
1413393955.656238794326782,27,1,22,2,11
1413393955.706239223480225,28,1,23,4,11
1413393955.756239652633667,25,2,22,0,11
1413393955.806239366531372,22,5,14,2,11
1413393955.856239318847656,23,1,16,2,11
1413393955.906238317489624,22,5,17,4,11
1413393955.956237554550171,22,1,20,0,11
1413393956.006234884262085,27,0,18,7,11
1413393956.056231260299683,34,3,23,8,11
1413393956.106232404708862,38,2,28,5,11
1413393956.156231641769409,41,4,29,6,11
1413393956.206231117248535,39,0,33,3,11
1413393956.256230831146240,38,3,35,0,11
1413393956.306230545043945,36,3,30,3,11
1413393956.356231927871704,35,6,26,1,11
1413393956.406232357025146,31,0,26,1,11
1413393956.456232547760010,27,3,24,1,11
1413393956.506231069564819,30,2,23,5,11
1413393956.556229591369629,29,1,25,1,11
1413393956.606228113174438,33,1,26,5,11
1413393956.656224966049194,35,0,27,6,11
1413393956.706224203109741,36,1,32,1,11
1413393956.756222248077393,42,0,33,8,11
1413393956.806221961975098,43,1,37,4,11
1413393956.856221675872803,49,0,40,7,11
1413393956.906221628189087,43,4,41,0,11
1413393956.956221103668213,42,0,38,1,11
1413393957.006220817565918,43,1,36,5,11
1413393957.056220769882202,46,2,35,5,11
1413393957.106220483779907,48,5,33,4,11
1413393957.156219959259033,46,5,24,4,11
1413393957.206219911575317,42,1,21,7,11
1413393957.256220102310181,35,2,22,5,11
1413393957.306220293045044,36,2,22,4,11
1413393957.356220483779907,32,0,21,4,11
1413393957.406220436096191,28,0,23,2,11
1413393957.456220388412476,22,1,19,0,11
1413393957.506221532821655,26,3,14,4,11
1413393957.556221723556519,22,0,12,1,11
1413393957.606221914291382,22,2,12,5,11
1413393957.656221628189087,22,2,17,4,11
1413393957.706223011016846,30,1,20,9,11
1413393957.756223678588867,28,4,25,1,11
1413393957.806224346160889,26,3,23,2,11
1413393957.856226205825806,27,2,18,5,11
1413393957.906227827072144,28,4,21,3,11
1413393957.956228256225586,26,2,20,5,11
1413393958.006228923797607,31,2,25,6,11
1413393958.056229352951050,35,1,26,6,11
1413393958.106229543685913,40,0,30,6,11
1413393958.156229019165039,44,1,34,9,11
1413393958.206227064132690,43,2,41,0,11
1413393958.256225109100342,41,0,39,0,11
1413393958.306223392486572,41,1,36,2,11
1413393958.356222867965698,40,0,38,1,11
1413393958.406221389770508,43,2,37,4,11
1413393958.456220388412476,43,1,38,2,11
1413393958.506219148635864,43,0,36,3,11
1413393958.556216001510620,45,6,39,5,11
1413393958.606214761734009,48,0,32,5,11
1413393958.656213521957397,48,3,34,0,11
1413393958.706213235855103,42,4,30,5,11
1413393958.756216049194336,43,0,31,4,11
1413393958.806218147277832,43,0,21,4,11
1413393958.856219053268433,42,0,11,3,11
1413393958.906219005584717,37,0,9,11,11
1413393958.956219673156738,32,0,17,7,11
1413393959.006219148635864,31,0,21,5,11
1413393959.056218862533569,30,2,10,2,11
1413393959.106219291687012,30,0,8,2,11
1413393959.156219244003296,28,0,5,15,11
1413393959.206219196319580,27,0,15,3,11
1413393959.256217718124390,26,0,14,4,11
1413393959.306216478347778,32,2,5,11,11
1413393959.356215476989746,31,0,10,4,11
1413393959.406214952468872,29,2,11,11,11
1413393959.456214666366577,25,0,20,0,11
1413393959.506214380264282,25,1,15,3,11
1413393959.556214570999146,24,0,14,2,11
1413393959.606215715408325,23,1,8,5,11
1413393959.656216382980347,22,5,7,2,11
1413393959.706217050552368,23,2,6,8,11
1413393959.756216287612915,20,0,12,3,11
1413393959.806213617324829,18,0,12,1,11
1413393959.856211900711060,18,2,4,4,11
1413393959.906211614608765,17,0,4,2,11
1413393959.956206560134888,18,1,5,8,11
1413393960.006206035614014,17,0,10,4,11
1413393960.056206226348877,17,1,10,0,11
1413393960.106206417083740,17,0,8,3,11
1413393960.156206607818604,17,0,9,4,11
1413393960.206206560134888,16,0,13,1,11
1413393960.256204605102539,21,0,14,7,11
1413393960.306205272674561,22,0,21,1,11
1413393960.356205701828003,29,0,22,7,11
1413393960.406204462051392,30,0,28,2,11
1413393960.456204175949097,30,0,30,0,11
1413393960.506203174591064,42,3,30,12,11
1413393960.556204795837402,44,2,42,2,11
1413393960.606209039688110,48,11,42,4,11
1413393960.656212329864502,48,1,45,0,11
1413393960.706214904785156,45,1,42,0,11
1413393960.756217002868652,46,1,41,4,11
1413393960.806218862533569,43,5,41,0,11
1413393960.856223583221436,44,5,37,5,11
1413393960.906224012374878,41,4,37,1,11
1413393960.956224679946899,41,2,39,0,11
1413393961.006226301193237,40,2,34,5,11
1413393961.056230068206787,39,2,33,1,11
1413393961.106235980987549,42,0,30,3,11
1413393961.156238555908203,41,3,17,4,11
1413393961.206250667572021,46,5,18,10,11
1413393961.256254434585571,41,4,18,11,11
1413393961.306258440017700,41,1,21,3,11
1413393961.356258392333984,36,2,17,6,11
1413393961.406257152557373,33,5,11,5,11
1413393961.456255912780762,29,3,12,2,11
1413393961.506253242492676,26,0,13,10,11
1413393961.556250095367432,26,0,18,3,11
1413393961.606249332427979,26,0,5,0,11
1413393961.656248092651367,26,1,1,5,11
1413393961.706248283386230,26,2,6,16,11
1413393961.756248950958252,24,0,20,2,11
1413393961.806247949600220,26,1,14,2,11
1413393961.856245279312134,28,0,10,4,11
1413393961.906244516372681,29,1,11,9,11
1413393961.956243515014648,34,0,19,11,11
1413393962.006242990493774,36,1,29,5,11
1413393962.056242704391479,39,5,29,4,11
1413393962.106245040893555,46,6,32,8,11
1413393962.156245231628418,45,6,38,6,11
1413393962.206244707107544,43,7,41,0,11
1413393962.256244897842407,40,6,35,0,11
1413393962.306244134902954,42,6,31,7,11
1413393962.356245040893555,37,2,34,2,11
1413393962.406246423721313,36,2,32,1,11
1413393962.456247806549072,32,3,28,1,11
1413393962.506248712539673,32,1,24,7,11
1413393962.556248426437378,36,4,29,5,11
1413393962.606247901916504,34,2,31,0,11
1413393962.656246185302734,30,1,27,0,11
1413393962.706244230270386,28,4,26,0,11
1413393962.756241083145142,31,14,23,7,11
1413393962.806240081787109,20,15,17,1,11
1413393962.856239795684814,17,8,14,0,11
1413393962.906239509582520,19,4,10,7,11
1413393962.956238985061646,13,0,8,1,11
1413393963.006238222122192,13,3,8,2,11
1413393963.056237220764160,13,4,7,6,11
1413393963.106237411499023,12,5,11,0,11
1413393963.156238079071045,10,4,10,0,11
1413393963.206239461898804,10,2,9,0,11
1413393963.256238698959351,16,6,7,7,11
1413393963.306239128112793,16,6,13,0,11
1413393963.356239557266235,20,7,8,9,11
1413393963.406239748001099,19,7,15,0,11
1413393963.456239938735962,21,6,13,5,11
1413393963.506240129470825,20,4,13,1,11
1413393963.556240558624268,21,1,12,2,11
1413393963.606240034103394,20,2,12,4,11
1413393963.656238555908203,30,4,14,12,11
1413393963.706238031387329,29,1,22,1,11
1413393963.756237030029297,33,4,22,7,11
1413393963.806236982345581,36,1,25,6,11
1413393963.856237649917603,36,2,21,1,11
1413393963.906238079071045,35,7,20,4,11
1413393963.956238746643066,32,6,18,7,11
1413393964.006239414215088,38,2,26,8,11
1413393964.056239366531372,37,2,32,4,11
1413393964.106238842010498,32,2,29,2,11
1413393964.156238079071045,34,4,26,5,11
1413393964.206235885620117,36,3,31,2,11
1413393964.256234645843506,34,2,32,1,11
1413393964.306233882904053,35,8,29,3,11
1413393964.356233835220337,30,4,24,3,11
1413393964.406233310699463,32,4,24,4,11
1413393964.456232786178589,34,5,24,5,11
1413393964.506232500076294,29,1,24,1,11
1413393964.556231975555420,32,6,24,6,11
1413393964.606231927871704,34,5,27,5,11
1413393964.656231641769409,38,6,28,8,11
1413393964.706231117248535,36,1,34,1,11
1413393964.756231307983398,33,3,28,1,11
1413393964.806231498718262,40,6,24,8,11
1413393964.856232404708862,34,2,24,0,11
1413393964.906234025955200,35,2,19,7,11
1413393964.956234931945801,31,3,20,1,11
1413393965.006236076354980,26,6,15,3,11
1413393965.056236982345581,26,9,11,7,11
1413393965.106237173080444,22,6,11,1,11
1413393965.156237363815308,18,5,8,4,11
1413393965.206237316131592,13,6,9,1,11
1413393965.256237030029297,15,3,6,4,11
1413393965.306236028671265,17,2,5,6,11
1413393965.356235742568970,15,4,4,1,11
1413393965.406235456466675,12,4,5,1,11
1413393965.456234455108643,18,3,5,13,11
1413393965.506233692169189,15,4,6,1,11
1413393965.556233644485474,28,4,5,14,11
1413393965.606234788894653,22,7,16,2,11
1413393965.656236171722412,24,7,14,5,11
1413393965.706238985061646,34,6,18,11,11
1413393965.756241559982300,32,7,24,4,11
1413393965.806243419647217,33,8,28,2,11
1413393965.856243848800659,31,3,27,2,11
1413393965.906244039535522,30,5,28,0,11
1413393965.956241607666016,33,1,26,4,11
1413393966.006240129470825,29,1,27,0,11
1413393966.056238889694214,29,1,25,1,11
1413393966.106238126754761,29,1,27,1,11
1413393966.156236648559570,30,1,25,3,11
1413393966.206234931945801,41,2,25,13,11
1413393966.256234645843506,40,3,36,2,11
1413393966.306234598159790,43,1,37,4,11
1413393966.356234788894653,40,5,34,2,11
1413393966.406234502792358,43,2,36,4,11
1413393966.456234455108643,48,7,38,9,11
1413393966.506232738494873,48,10,42,2,11
1413393966.556232452392578,48,1,42,2,11
1413393966.606232881546021,43,1,39,2,11
1413393966.656233549118042,43,1,41,1,11
1413393966.706234216690063,41,5,37,1,11
1413393966.756234407424927,37,1,34,0,11
1413393966.806234121322632,35,4,34,0,11
1413393966.856233835220337,33,4,29,1,11
1413393966.906234025955200,33,2,30,0,11
1413393966.956234216690063,32,1,28,1,11
1413393967.006235361099243,37,3,28,6,11
1413393967.056234836578369,36,1,27,0,11
1413393967.106233835220337,34,6,14,3,11
1413393967.156229257583618,42,4,13,15,11
1413393967.206227540969849,35,2,24,5,11
1413393967.256225824356079,36,3,28,3,11
1413393967.306222915649414,37,5,32,5,11
1413393967.356221675872803,38,1,35,3,11
1413393967.406221389770508,36,1,36,0,11
1413393967.456219196319580,42,2,35,7,11
1413393967.506218910217285,41,1,39,1,11
1413393967.556218385696411,42,3,37,2,11
1413393967.606217145919800,41,1,36,2,11
1413393967.656216621398926,45,1,34,6,11
1413393967.706216335296631,47,1,36,4,11
1413393967.756216049194336,46,4,38,4,11
1413393967.806215524673462,49,5,41,6,11
1413393967.856213808059692,45,10,40,0,11
1413393967.906212091445923,42,3,36,2,11
1413393967.956210613250732,39,2,31,3,11
1413393968.006209611892700,34,0,32,0,11
1413393968.056209802627563,33,3,31,2,11
1413393968.106210708618164,32,2,28,2,11
1413393968.156212568283081,32,2,29,0,11
1413393968.206213951110840,38,1,28,9,11
1413393968.256214857101440,42,2,37,5,11
1413393968.306214809417725,43,0,42,1,11
1413393968.356214523315430,50,3,43,7,11
1413393968.406213521957397,48,10,48,0,11
1413393968.456212997436523,49,6,47,1,11
1413393968.506212234497070,50,8,48,1,11
1413393968.556212425231934,49,11,49,0,11
1413393968.606210947036743,50,25,48,1,11
1413393968.656210899353027,50,2,47,0,11
1413393968.706211566925049,48,1,46,0,11
1413393968.756211996078491,46,0,44,0,11
1413393968.806210756301880,47,2,38,2,11
1413393968.856208801269531,47,2,32,1,11
1413393968.906207561492920,43,0,29,3,11
1413393968.956206560134888,43,4,32,7,11
1413393969.006204843521118,47,5,35,8,11
1413393969.056204795837402,48,5,43,2,11
1413393969.106203794479370,49,7,44,2,11
1413393969.156202316284180,49,12,46,2,11
1413393969.206200361251831,49,13,47,1,11
1413393969.256198883056641,50,1,44,1,11
1413393969.306198358535767,49,2,43,1,11
1413393969.356198549270630,46,2,43,2,11
1413393969.406198501586914,46,1,44,1,11
1413393969.456197738647461,46,0,43,1,11
1413393969.506195783615112,48,7,39,4,11
1413393969.556195259094238,49,2,42,2,11
1413393969.606194972991943,47,6,41,2,11
1413393969.656194925308228,49,3,43,3,11
1413393969.706194639205933,48,5,44,2,11
1413393969.756194829940796,50,8,45,2,11
1413393969.806194305419922,48,11,47,0,11
1413393969.856193542480469,49,10,47,2,11
1413393969.906193256378174,48,2,47,1,11
1413393969.956193208694458,50,0,48,2,11
1413393970.006192922592163,48,0,47,0,11
1413393970.056192398071289,47,2,46,0,11
1413393970.106191396713257,50,9,46,3,11
1413393970.156189441680908,48,19,47,1,11
1413393970.206187963485718,49,2,47,1,11
1413393970.256185770034790,50,20,47,1,11
1413393970.306184768676758,49,6,46,0,11
1413393970.356184720993042,48,5,44,0,11
1413393970.406185150146484,49,5,38,2,11
1413393970.456186056137085,49,9,39,3,11
1413393970.506187677383423,45,1,41,3,11
1413393970.556189060211182,45,0,42,0,11
1413393970.606190204620361,45,1,42,1,11
1413393970.656190633773804,44,1,43,1,11
1413393970.706190347671509,47,6,44,3,11
1413393970.756190299987793,49,21,45,3,11
1413393970.806188583374023,50,7,48,1,11
1413393970.856186628341675,45,10,44,0,11
1413393970.906185150146484,47,0,42,3,11
1413393970.956184625625610,49,3,41,3,11
1413393971.006186246871948,49,5,44,2,11
1413393971.056188583374023,49,3,44,2,11
1413393971.106190681457520,50,1,47,3,11
1413393971.156193733215332,46,2,45,0,11
1413393971.206195592880249,47,4,43,2,11
1413393971.256196260452271,47,8,44,1,11
1413393971.306196451187134,44,2,42,1,11
1413393971.356196165084839,43,18,35,5,11
1413393971.406197786331177,43,3,38,2,11
1413393971.456199407577515,45,0,39,6,11
1413393971.506200313568115,44,3,43,0,11
1413393971.556200742721558,45,3,41,2,11
1413393971.606200695037842,46,4,41,3,11
1413393971.656200408935547,46,13,36,4,11
1413393971.706200361251831,41,4,35,0,11
1413393971.756198883056641,49,5,32,11,11
1413393971.806196928024292,46,0,36,1,11
1413393971.856194019317627,43,3,35,0,11
1413393971.906191825866699,38,0,35,1,11
1413393971.956186294555664,42,3,36,6,11
1413393972.006184101104736,42,0,42,0,11
1413393972.056182861328125,43,1,41,2,11
1413393972.106183767318726,47,0,42,4,11
1413393972.156185150146484,50,1,45,3,11
1413393972.206186294555664,50,9,45,0,11
1413393972.256185770034790,46,2,40,0,11
1413393972.306184768676758,48,14,43,3,11
1413393972.356183528900146,46,2,43,1,11
1413393972.406183242797852,46,3,42,1,11
1413393972.456182718276978,46,5,42,2,11
1413393972.506180524826050,49,10,40,5,11
1413393972.556180000305176,48,3,44,1,11
1413393972.606179952621460,47,1,44,2,11
1413393972.656180143356323,45,1,43,1,11
1413393972.706180572509766,45,0,43,1,11
1413393972.756180763244629,45,7,41,2,11
1413393972.806180953979492,48,4,41,5,11
1413393972.856182575225830,49,3,36,2,11
1413393972.906184673309326,47,14,37,1,11
1413393972.956184625625610,46,0,38,7,11
1413393973.006185293197632,45,0,44,0,11
1413393973.056186437606812,46,0,43,1,11
1413393973.106187582015991,47,6,44,2,11
1413393973.156188726425171,50,15,46,3,11
1413393973.206189393997192,48,0,48,0,11
1413393973.256189346313477,48,1,48,0,11
1413393973.306189775466919,48,0,48,0,11
1413393973.356190681457520,49,9,47,1,11
1413393973.406190872192383,49,5,47,0,11
1413393973.456191301345825,49,2,46,1,11
1413393973.506192922592163,50,14,47,2,11
1413393973.556194543838501,50,4,48,1,11
1413393973.606196165084839,49,0,40,0,11
1413393973.656198263168335,46,3,40,1,11
1413393973.706200599670410,44,6,35,4,11
1413393973.756202936172485,48,2,38,5,11
1413393973.806203603744507,41,0,39,0,11
1413393973.856205224990845,40,5,37,0,11
1413393973.906205415725708,36,1,32,0,11
1413393973.956205606460571,47,1,30,12,11
1413393974.006205797195435,45,5,35,3,11
1413393974.056205749511719,38,0,24,1,11
1413393974.106207132339478,38,1,22,10,11
1413393974.156207799911499,29,4,25,1,11
1413393974.206208944320679,24,5,20,0,11
1413393974.256209373474121,19,1,17,0,11
1413393974.306210279464722,23,2,14,4,11
1413393974.356211185455322,21,0,17,1,11
1413393974.406212329864502,29,1,17,10,11
1413393974.456212520599365,28,2,21,0,11
1413393974.506212234497070,26,6,19,0,11
1413393974.556212902069092,36,0,18,15,11
1413393974.606211900711060,39,3,32,6,11
1413393974.656210660934448,39,2,35,0,11
1413393974.706209182739258,39,5,31,3,11
1413393974.756208181381226,36,10,26,2,11
1413393974.806207418441772,33,6,24,2,11
1413393974.856207132339478,25,6,22,0,11
1413393974.906206130981445,19,7,17,0,11
1413393974.956204891204834,20,3,15,3,11
1413393975.006203651428223,18,2,16,1,11
1413393975.056202650070190,17,2,16,0,11
1413393975.106203079223633,20,4,16,3,11
1413393975.156202316284180,22,4,16,6,11
1413393975.206202268600464,26,2,20,4,11
1413393975.256203174591064,31,4,21,6,11
1413393975.306203126907349,30,2,26,2,11
1413393975.356202840805054,36,3,21,8,11
1413393975.406202316284180,38,2,29,2,11
1413393975.456201314926147,42,3,29,12,11
1413393975.506200313568115,40,0,36,0,11
1413393975.556198596954346,43,1,33,5,11
1413393975.606199026107788,43,3,36,4,11
1413393975.656198978424072,44,3,35,4,11
1413393975.706199169158936,41,1,40,1,11
1413393975.756198883056641,41,5,39,1,11
1413393975.806198596954346,41,1,39,2,11
1413393975.856198787689209,40,0,39,0,11
1413393975.906199216842651,41,2,36,1,11
1413393975.956198692321777,43,1,35,5,11
1413393976.006197929382324,41,4,34,1,11
1413393976.056196928024292,45,0,33,4,11
1413393976.106197118759155,42,2,35,4,11
1413393976.156197547912598,43,0,38,4,11
1413393976.206197977066040,46,2,42,4,11
1413393976.256198644638062,46,0,44,2,11
1413393976.306198596954346,47,6,45,2,11
1413393976.356198787689209,46,1,43,0,11
1413393976.406198501586914,47,1,42,2,11
1413393976.456198692321777,46,1,42,3,11
1413393976.506198406219482,44,5,42,0,11
1413393976.556198596954346,43,0,40,0,11
1413393976.606199026107788,43,0,38,1,11
1413393976.656199216842651,45,4,35,6,11
1413393976.706198930740356,48,1,42,5,11
1413393976.756199121475220,45,1,44,0,11
1413393976.806200027465820,48,2,42,3,11
1413393976.856199979782104,46,1,42,0,11
1413393976.906199932098389,47,0,40,3,11
1413393976.956199407577515,44,3,40,2,11
1413393977.006199121475220,46,1,40,5,11
1413393977.056198596954346,47,0,45,1,11
1413393977.106199026107788,47,2,45,1,11
1413393977.156198978424072,47,0,47,0,11
1413393977.206199169158936,48,2,46,2,11
1413393977.256199121475220,49,2,47,1,11
1413393977.306198596954346,49,3,48,0,11
1413393977.356198310852051,48,1,46,0,11
1413393977.406198501586914,48,1,46,0,11
1413393977.456198692321777,49,5,44,3,11
1413393977.506198644638062,50,5,47,2,11
1413393977.556199073791504,50,3,46,1,11
1413393977.606199741363525,50,1,45,0,11
1413393977.656199932098389,49,2,44,2,11
1413393977.706200361251831,49,1,45,2,11
1413393977.756200551986694,48,5,44,2,11
1413393977.806200504302979,48,0,46,1,11
1413393977.856200695037842,49,5,45,2,11
1413393977.906200647354126,49,1,45,1,11
1413393977.956200599670410,49,3,42,1,11
1413393978.006200313568115,48,7,41,1,11
1413393978.056201696395874,49,9,38,5,11
1413393978.106201887130737,47,4,40,1,11
1413393978.156202554702759,49,1,41,5,11
1413393978.206202745437622,49,3,46,3,11
1413393978.256203651428223,49,2,48,1,11
1413393978.306203842163086,48,1,47,0,11
1413393978.356204271316528,48,4,45,1,11
1413393978.406204462051392,48,2,43,2,11
1413393978.456204414367676,48,0,43,3,11
1413393978.506204605102539,48,1,44,2,11
1413393978.556204795837402,47,1,43,0,11
1413393978.606205463409424,45,8,39,2,11
1413393978.656205892562866,48,15,37,6,11
1413393978.706206560134888,47,3,40,3,11
1413393978.756207466125488,45,0,42,1,11
1413393978.806207895278931,42,0,40,2,11
1413393978.856208324432373,41,0,38,0,11
1413393978.906208753585815,40,0,36,0,11
1413393978.956209421157837,39,2,35,3,11
1413393979.006210803985596,43,1,29,7,11
1413393979.056210994720459,39,0,30,0,11
1413393979.106211423873901,35,0,27,4,11
1413393979.156211376190186,31,0,28,2,11
1413393979.206211566925049,33,0,27,4,11
1413393979.256211757659912,41,1,27,10,11
1413393979.306211471557617,42,0,34,4,11
1413393979.356211185455322,44,0,36,5,11
1413393979.406211137771606,40,0,37,1,11
1413393979.456210851669312,38,1,32,0,11
1413393979.506210565567017,37,0,29,0,11
1413393979.556210279464722,38,0,28,6,11
1413393979.606209993362427,38,2,30,6,11
1413393979.656209945678711,37,1,32,0,11
1413393979.706209659576416,34,0,29,1,11
1413393979.756209373474121,31,2,24,2,11
1413393979.806209325790405,44,2,25,16,11
1413393979.856209754943848,39,1,38,0,11
1413393979.906209707260132,38,3,36,1,11
1413393979.956210136413574,48,1,34,11,11
1413393980.006210565567017,47,1,45,0,11
1413393980.056210994720459,45,0,43,0,11
1413393980.106211423873901,48,7,42,4,11
1413393980.156211137771606,48,5,44,3,11
1413393980.206211090087891,49,3,46,1,11
1413393980.256210803985596,46,0,44,1,11
1413393980.306210756301880,49,12,42,4,11
1413393980.356210231781006,45,4,42,1,11
1413393980.406209707260132,41,1,41,0,11
1413393980.456208944320679,37,1,35,0,11
1413393980.506208658218384,35,9,32,0,11
1413393980.556208610534668,33,7,28,2,11
1413393980.606207370758057,38,0,29,6,11
1413393980.656206846237183,37,3,35,1,11
1413393980.706207275390625,41,4,36,5,11
1413393980.756208658218384,40,3,37,3,11
1413393980.806210279464722,47,4,37,8,11
1413393980.856212615966797,48,8,43,3,11
1413393980.906214475631714,49,9,45,3,11
1413393980.956214189529419,49,2,48,0,11
1413393981.006213188171387,48,3,47,1,11
1413393981.056210994720459,48,6,45,1,11
1413393981.106209278106689,47,4,44,0,11
1413393981.156207799911499,47,1,44,2,11
1413393981.206205368041992,47,5,45,2,11
1413393981.256204843521118,46,2,46,0,11
1413393981.306205987930298,47,5,44,1,11
1413393981.356206893920898,46,6,44,0,11
1413393981.406208038330078,47,3,43,3,11
1413393981.456209659576416,48,6,45,2,11
1413393981.506210565567017,49,6,46,3,11
1413393981.556210756301880,49,2,48,0,11
1413393981.606211185455322,46,1,45,0,11
1413393981.656211137771606,47,7,43,4,11
1413393981.706211090087891,44,3,43,0,11
1413393981.756210803985596,47,2,43,3,11
1413393981.806210517883301,46,3,45,1,11
1413393981.856210708618164,45,4,45,0,11
1413393981.906210899353027,48,2,44,4,11
1413393981.956210851669312,47,0,46,0,11
1413393982.006211042404175,47,5,44,1,11
1413393982.056211471557617,47,3,46,0,11
1413393982.106212377548218,48,10,45,3,11
1413393982.156212568283081,45,3,43,0,11
1413393982.206212997436523,46,1,39,2,11
1413393982.256212949752808,43,6,40,1,11
1413393982.306212902069092,44,1,36,7,11
1413393982.356213331222534,43,1,38,1,11
1413393982.406213283538818,38,4,37,0,11
1413393982.456213235855103,39,1,37,1,11
1413393982.506213903427124,39,1,34,2,11
1413393982.556213855743408,39,2,36,1,11
1413393982.606214284896851,33,9,30,1,11
1413393982.656215190887451,38,4,25,6,11
1413393982.706215381622314,34,3,28,2,11
1413393982.756215572357178,37,3,29,6,11
1413393982.806216001510620,36,3,34,2,11
1413393982.856216430664062,35,10,30,2,11
1413393982.906216859817505,38,5,24,6,11
1413393982.956218004226685,37,1,25,5,11
1413393983.006218194961548,35,2,26,6,11
1413393983.056218624114990,32,4,29,2,11
1413393983.106219053268433,31,5,26,1,11
1413393983.156219005584717,27,1,26,0,11
1413393983.206219434738159,37,6,24,12,11
1413393983.256219387054443,33,0,31,0,11
1413393983.306219339370728,29,2,23,0,11
1413393983.356219530105591,30,2,20,6,11
1413393983.406219005584717,25,4,22,0,11
1413393983.456218719482422,22,3,19,0,11
1413393983.506218433380127,25,4,14,8,11
1413393983.556218147277832,22,0,21,0,11
1413393983.606218099594116,27,2,19,7,11
1413393983.656218051910400,25,3,21,2,11
1413393983.706218004226685,25,3,21,1,11
1413393983.756217956542969,26,7,20,5,11
1413393983.806217908859253,28,2,23,5,11
1413393983.856218338012695,26,2,25,0,11
1413393983.906218767166138,27,1,21,5,11
1413393983.956218719482422,28,4,20,5,11
1413393984.006218910217285,28,1,25,1,11
1413393984.056219100952148,31,1,23,5,11
1413393984.106219053268433,32,1,26,4,11
1413393984.156219005584717,28,1,26,1,11
1413393984.206218957901001,31,4,24,6,11
1413393984.256218671798706,26,0,24,0,11
1413393984.306218624114990,35,5,24,10,11
1413393984.356218814849854,32,1,31,0,11
1413393984.406219005584717,32,1,26,4,11
1413393984.456218957901001,32,2,29,0,11
1413393984.506218671798706,29,3,23,2,11
1413393984.556218147277832,31,1,23,7,11
1413393984.606217861175537,30,6,25,4,11
1413393984.656217098236084,26,7,23,1,11
1413393984.706216812133789,23,3,21,0,11
1413393984.756216526031494,24,4,19,4,11
1413393984.806216001510620,25,5,22,3,11
1413393984.856216192245483,28,2,23,4,11
1413393984.906215190887451,26,9,23,3,11
1413393984.956215143203735,21,5,19,0,11
1413393985.006215095520020,25,4,18,4,11
1413393985.056215047836304,25,3,21,2,11
1413393985.106214523315430,24,6,21,1,11
1413393985.156213521957397,25,8,21,3,11
1413393985.206212997436523,25,2,24,1,11
1413393985.256212949752808,24,2,24,0,11
1413393985.306213140487671,23,4,22,1,11
1413393985.356212139129639,26,5,22,4,11
1413393985.406210660934448,33,8,24,8,11
1413393985.456210136413574,32,3,29,0,11
1413393985.506209611892700,31,5,29,1,11
1413393985.556208372116089,31,1,28,2,11
1413393985.606208086013794,35,1,27,4,11
1413393985.656207323074341,33,7,28,1,11
1413393985.706207036972046,26,2,24,1,11
1413393985.756207227706909,24,6,24,0,11
1413393985.806207656860352,28,5,23,4,11
1413393985.856208086013794,30,2,27,2,11
1413393985.906208515167236,30,4,27,2,11
1413393985.956207990646362,30,4,27,1,11
1413393986.006207466125488,33,0,26,4,11
1413393986.056206703186035,39,3,28,8,11
1413393986.106205701828003,38,3,33,0,11
1413393986.156204700469971,38,2,33,3,11
1413393986.206203222274780,34,5,32,2,11
1413393986.256201744079590,43,7,31,9,11
1413393986.306201219558716,45,4,37,4,11
1413393986.356201171875000,45,1,37,5,11
1413393986.406200885772705,48,3,41,5,11
1413393986.456200838088989,46,3,43,2,11
1413393986.506200551986694,48,5,42,3,11
1413393986.556199789047241,45,5,39,1,11
1413393986.606199741363525,42,1,37,3,11
1413393986.656199455261230,37,6,33,2,11
1413393986.706198930740356,40,1,30,6,11
1413393986.756199121475220,39,4,32,3,11
1413393986.806199312210083,41,3,34,3,11
1413393986.856200218200684,39,2,34,1,11
1413393986.906201362609863,38,2,32,3,11
1413393986.956202983856201,36,0,29,5,11
1413393987.006204366683960,36,1,32,1,11
1413393987.056206464767456,39,0,31,5,11
1413393987.106208562850952,41,0,33,4,11
1413393987.156209230422974,41,1,35,2,11
1413393987.206210851669312,46,1,37,7,11
1413393987.256210803985596,47,2,44,3,11
1413393987.306210041046143,49,3,47,2,11
1413393987.356209754943848,50,7,49,1,11
1413393987.406209468841553,50,3,49,0,11
1413393987.456208944320679,50,7,49,0,11
1413393987.506208896636963,49,6,46,0,11
1413393987.556209087371826,47,5,40,1,11
1413393987.606209993362427,44,6,36,3,11
1413393987.656210184097290,43,1,34,1,11
1413393987.706210374832153,41,0,34,1,11
1413393987.756210565567017,38,1,33,3,11
1413393987.806210994720459,41,1,31,4,11
1413393987.856210708618164,43,3,30,3,11
1413393987.906209945678711,42,3,14,4,11
1413393987.956208944320679,39,2,18,6,11
1413393988.006208419799805,30,2,14,5,11
1413393988.056208372116089,30,0,7,3,11
1413393988.106208562850952,24,2,6,4,11
1413393988.156208515167236,15,0,4,2,11
1413393988.206209182739258,15,2,4,5,11
1413393988.256209135055542,12,2,5,2,11
1413393988.306209087371826,12,1,4,1,11
1413393988.356208562850952,13,0,4,5,11
1413393988.406208515167236,11,2,5,2,11
1413393988.456207990646362,12,2,5,2,11
1413393988.506207466125488,13,2,3,4,11
1413393988.556205511093140,15,1,2,6,11
1413393988.606203556060791,26,8,2,15,11
1413393988.656203508377075,23,0,8,1,11
1413393988.706202983856201,23,5,7,6,11
1413393988.756202936172485,18,1,10,5,11
1413393988.806202650070190,21,1,13,4,11
1413393988.856203079223633,17,9,15,0,11
1413393988.906203508377075,16,5,13,1,11
1413393988.956204652786255,17,3,11,3,11
1413393989.006205320358276,14,2,10,2,11
1413393989.056205987930298,13,1,9,0,11
1413393989.106206893920898,15,1,7,4,11
1413393989.156207323074341,13,2,5,1,11
1413393989.206208944320679,16,6,7,5,11
1413393989.256210803985596,18,1,9,6,11
1413393989.306212186813354,19,4,11,4,11
1413393989.356216192245483,31,8,12,14,11
1413393989.406216859817505,28,8,27,1,11
1413393989.456216573715210,35,12,23,11,11
1413393989.506217002868652,33,5,30,1,11
1413393989.556218385696411,32,1,29,2,11
1413393989.606220483779907,31,2,29,1,11
1413393989.656223773956299,32,2,28,3,11
1413393989.706225872039795,30,3,30,0,11
1413393989.756227731704712,31,0,30,1,11
1413393989.806229591369629,32,3,30,1,11
1413393989.856231451034546,33,2,28,1,11
1413393989.906234025955200,37,2,28,6,11
1413393989.956234455108643,37,1,33,3,11
1413393990.006233930587769,38,1,31,4,11
1413393990.056233882904053,43,1,34,6,11
1413393990.106233358383179,50,3,40,9,11
1413393990.156233072280884,47,5,46,1,11
1413393990.206232786178589,47,4,41,2,11
1413393990.256232738494873,45,2,37,2,11
1413393990.306232690811157,42,2,37,3,11
1413393990.356233119964600,37,1,35,1,11
1413393990.406233072280884,37,0,32,1,11
1413393990.456233263015747,35,1,30,1,11
1413393990.506233215332031,34,0,27,4,11
1413393990.556233167648315,36,1,31,3,11
1413393990.606233835220337,36,0,31,2,11
1413393990.656233549118042,36,0,28,0,11
1413393990.706233501434326,36,1,25,5,11
1413393990.756233215332031,31,2,25,1,11
1413393990.806231975555420,32,6,25,5,11
1413393990.856231212615967,28,0,26,2,11
1413393990.906226396560669,37,1,18,9,11
1413393990.956222295761108,40,2,23,5,11
1413393991.006220102310181,35,2,27,3,11
1413393991.056217670440674,33,3,26,1,11
1413393991.106217622756958,34,3,28,3,11
1413393991.156216144561768,40,11,23,12,11
1413393991.206215381622314,39,3,36,0,11
1413393991.256215095520020,34,3,33,0,11
1413393991.306215286254883,30,2,24,0,11
1413393991.356215000152588,25,1,20,0,11
1413393991.406213521957397,27,2,15,7,11
1413393991.456213712692261,23,2,23,0,11
1413393991.506216287612915,23,3,23,0,11
1413393991.556217193603516,24,2,20,1,11
1413393991.606220245361328,25,0,16,2,11
1413393991.656221628189087,23,0,21,1,11
1413393991.706222295761108,22,0,22,0,11
1413393991.756224155426025,26,0,22,4,11
1413393991.806225776672363,26,0,24,0,11
1413393991.856230020523071,27,0,19,1,11
1413393991.906232595443726,25,3,18,1,11
1413393991.956234216690063,25,1,16,4,11
1413393992.006235122680664,25,1,20,2,11
1413393992.056238412857056,27,2,21,5,11
1413393992.106238603591919,28,4,11,1,11
1413393992.156237602233887,26,1,8,1,11
1413393992.206236600875854,21,0,7,9,11
1413393992.256234884262085,20,0,13,2,11
1413393992.306234121322632,20,0,11,2,11
1413393992.356233358383179,19,1,14,2,11
1413393992.406232833862305,18,0,15,2,11
1413393992.456233263015747,18,0,17,0,11
1413393992.506226539611816,23,1,16,6,11
1413393992.556227684020996,24,0,23,1,11
1413393992.606224775314331,30,1,24,6,11
1413393992.656223297119141,35,1,29,6,11
1413393992.706223964691162,35,1,33,0,11
1413393992.756224155426025,36,0,33,2,11
1413393992.806225061416626,39,0,33,4,11
1413393992.856224060058594,40,4,36,2,11
1413393992.906220912933350,42,2,34,4,11
1413393992.956220149993896,42,1,40,0,11
1413393993.006221532821655,42,2,40,2,11
1413393993.056223154067993,42,0,37,0,11
1413393993.106225967407227,45,0,27,4,11
1413393993.156228065490723,45,0,32,4,11
1413393993.206228971481323,43,1,35,7,11
1413393993.256228923797607,44,0,41,1,11
1413393993.306227445602417,45,0,42,3,11
1413393993.356224536895752,41,0,37,2,11
1413393993.406220912933350,39,0,37,1,11
1413393993.456217288970947,38,0,37,1,11
1413393993.506214141845703,39,0,37,2,11
1413393993.556214570999146,39,3,38,0,11
1413393993.606216669082642,38,11,31,0,11
1413393993.656218051910400,35,4,29,0,11
1413393993.706218719482422,34,6,28,3,11
1413393993.756219148635864,31,1,28,0,11
1413393993.806219577789307,29,1,22,1,11
1413393993.856220245361328,23,0,16,4,11
1413393993.906220436096191,20,1,18,2,11
1413393993.956221580505371,18,1,13,0,11
1413393994.006222724914551,15,0,10,0,11
1413393994.056224107742310,12,0,10,1,11
1413393994.106225967407227,11,1,9,2,11
1413393994.156226634979248,11,0,11,0,11
1413393994.206233739852905,18,0,11,7,11
1413393994.256234169006348,20,1,17,2,11
1413393994.306237220764160,26,4,19,6,11
1413393994.356238603591919,28,4,25,3,11
1413393994.406238794326782,30,6,25,2,11
1413393994.456238508224487,27,5,20,0,11
1413393994.506238460540771,24,1,18,0,11
1413393994.556238651275635,20,2,18,2,11
1413393994.606238842010498,17,3,14,1,11
1413393994.656238555908203,15,5,9,2,11
1413393994.706238508224487,10,5,8,0,11
1413393994.756238937377930,13,3,6,4,11
1413393994.806237936019897,12,4,8,0,11
1413393994.856236457824707,11,0,8,1,11
1413393994.906230449676514,20,0,9,11,11
1413393994.956227779388428,20,4,19,0,11
1413393995.006222486495972,33,3,18,13,11
1413393995.056221723556519,47,1,31,15,11
1413393995.106220245361328,46,13,46,0,11
1413393995.156220436096191,45,3,44,1,11
1413393995.206219911575317,45,2,44,0,11
1413393995.256219387054443,47,0,44,3,11
1413393995.306217432022095,48,3,46,2,11
1413393995.356216669082642,47,0,46,0,11
1413393995.406215190887451,47,0,42,0,11
1413393995.456214189529419,45,0,32,0,11
1413393995.506213426589966,44,0,30,3,11
1413393995.556212663650513,37,0,20,6,11
1413393995.606212854385376,45,6,25,10,11
1413393995.656213045120239,37,0,27,2,11
1413393995.706212759017944,34,1,17,2,11
1413393995.756212472915649,27,0,17,0,11
1413393995.806212186813354,23,1,15,3,11
1413393995.856212377548218,20,2,18,2,11
1413393995.906212091445923,20,1,16,2,11
1413393995.956212043762207,20,2,13,1,11
1413393996.006211757659912,19,2,9,1,11
1413393996.056211471557617,16,4,5,2,11
1413393996.106212615966797,25,1,5,14,11
1413393996.156212806701660,26,2,12,5,11
1413393996.206212520599365,32,1,14,8,11
1413393996.256211757659912,25,0,19,1,11
1413393996.306211233139038,23,4,18,3,11
1413393996.356211423873901,23,1,20,1,11
1413393996.406211614608765,20,0,16,1,11
1413393996.456212282180786,27,3,15,7,11
1413393996.506212234497070,24,4,23,0,11
1413393996.556211948394775,28,2,19,6,11
1413393996.606212377548218,22,1,18,0,11
1413393996.656212329864502,24,1,17,4,11
1413393996.706212997436523,21,3,20,1,11
1413393996.756213188171387,21,0,20,0,11
1413393996.806213378906250,34,0,17,15,11
1413393996.856213569641113,36,3,31,4,11
1413393996.906213760375977,43,0,33,10,11
1413393996.956214189529419,48,7,43,5,11
1413393997.006213903427124,49,1,48,1,11
1413393997.056214332580566,50,12,48,1,11
1413393997.106214761734009,50,3,49,0,11
1413393997.156214714050293,49,0,49,0,11
1413393997.206214427947998,50,9,48,1,11
1413393997.256214380264282,50,0,48,0,11
1413393997.306214332580566,49,0,46,1,11
1413393997.356214761734009,48,0,46,0,11
1413393997.406215190887451,47,3,44,2,11
1413393997.456215858459473,47,9,42,4,11
1413393997.506216526031494,48,1,46,1,11
1413393997.556216716766357,47,5,43,1,11
1413393997.606217384338379,47,1,43,0,11
1413393997.656217813491821,47,6,42,3,11
1413393997.706218004226685,48,4,42,3,11
1413393997.756218671798706,46,0,43,0,11
1413393997.806218624114990,46,5,41,4,11
1413393997.856219053268433,45,6,44,1,11
1413393997.906218767166138,45,2,45,0,11
1413393997.956218957901001,45,2,45,0,11
1413393998.006218910217285,47,1,44,2,11
1413393998.056218862533569,48,10,45,2,11
1413393998.106218814849854,48,0,47,1,11
1413393998.156218528747559,49,4,46,2,11
1413393998.206218481063843,48,0,46,0,11
1413393998.256218194961548,46,3,43,1,11
1413393998.306218147277832,43,0,41,1,11
1413393998.356217861175537,42,7,42,0,11
1413393998.406217336654663,44,0,42,2,11
1413393998.456217527389526,44,1,44,0,11
1413393998.506217479705811,44,0,42,0,11
1413393998.556217432022095,44,1,40,0,11
1413393998.606217622756958,42,0,39,1,11
1413393998.656217575073242,42,0,39,2,11
1413393998.706217527389526,42,1,41,0,11
1413393998.756217479705811,44,1,41,3,11
1413393998.806217432022095,38,3,35,0,11
1413393998.856217622756958,39,2,35,1,11
1413393998.906217575073242,37,0,35,1,11
1413393998.956217288970947,36,0,32,0,11
1413393999.006217002868652,34,1,31,1,11
1413393999.056216955184937,32,0,30,0,11
1413393999.106216192245483,30,1,29,0,11
1413393999.156215667724609,28,0,28,0,11
1413393999.206215381622314,28,1,28,0,11
1413393999.256215095520020,27,1,26,0,11
1413393999.306215047836304,27,1,25,0,11
1413393999.356215238571167,25,0,25,0,11
1413393999.406215190887451,27,0,22,4,11
1413393999.456214904785156,25,0,21,0,11
1413393999.506214141845703,23,0,16,1,11
1413393999.556214094161987,19,0,15,1,11
1413393999.606214046478271,18,0,17,0,11
1413393999.656213998794556,17,0,16,0,11
1413393999.706213712692261,16,0,14,0,11
1413393999.756213665008545,13,0,8,0,11
1413393999.806213617324829,12,0,7,0,11
1413393999.856213808059692,7,0,6,1,11
1413393999.906213998794556,4,2,4,0,11
1413393999.956214189529419,6,1,2,4,11
1413394000.006214380264282,6,4,3,0,11
1413394000.056214332580566,5,0,3,0,11
1413394000.106216907501221,7,0,2,4,11
1413394000.156217575073242,9,2,6,3,11
1413394000.206217288970947,9,2,8,0,11
1413394000.256217479705811,7,0,5,0,11
1413394000.306217432022095,6,2,5,0,11
1413394000.356217384338379,5,6,4,1,11
1413394000.406217098236084,6,3,2,1,11
1413394000.456217050552368,6,1,2,0,11
1413394000.506217002868652,3,0,2,0,11
1413394000.556216955184937,2,0,2,0,11
1413394000.606217145919800,2,0,2,0,11
1413394000.656217336654663,3,0,1,1,11
1413394000.706217288970947,3,0,1,0,11
1413394000.756217241287231,2,0,0,0,11
1413394000.806217193603516,2,0,0,1,11
1413394000.856217384338379,1,0,1,0,11
1413394000.906217336654663,1,0,1,0,11
1413394000.956217288970947,2,0,1,1,11
1413394001.006217241287231,2,0,1,0,11
1413394001.056217193603516,2,0,1,0,11
1413394001.106217384338379,2,0,1,1,11
1413394001.156217336654663,2,0,2,0,11
1413394001.206217288970947,2,0,1,0,11
1413394001.256217241287231,2,0,1,0,11
1413394001.306217193603516,2,0,1,1,11
1413394001.356217384338379,2,0,2,0,11
1413394001.406217336654663,2,0,2,0,11
1413394001.456217288970947,2,0,2,0,11
1413394001.506217241287231,2,0,2,0,11
1413394001.556216239929199,6,0,2,4,11
1413394001.606216430664062,6,0,6,0,11
1413394001.656216382980347,6,0,6,0,11
1413394001.706216335296631,6,0,6,0,11
1413394001.756216287612915,7,0,6,1,11
1413394001.806216239929199,7,0,7,0,11
1413394001.856216430664062,7,0,7,0,11
1413394001.906216382980347,7,0,7,0,11
1413394001.956216335296631,7,0,7,0,11
1413394002.006216287612915,7,0,7,0,11
1413394002.056216239929199,7,0,7,0,11
1413394002.106216430664062,7,0,7,0,11
1413394002.156216621398926,8,0,7,1,11
1413394002.206216335296631,8,0,8,0,11
1413394002.256216287612915,8,0,8,0,11
1413394002.306216478347778,8,0,8,0,11
1413394002.356216669082642,8,0,8,0,11
1413394002.406216621398926,8,0,8,0,11
1413394002.456216573715210,8,0,8,0,11
1413394002.506216526031494,8,0,8,0,11
1413394002.556216478347778,12,0,8,4,11
1413394002.606216669082642,12,0,12,0,11
1413394002.656216621398926,12,0,12,0,11
1413394002.706216573715210,12,0,12,0,11
1413394002.756216526031494,12,0,12,0,11
1413394002.806216478347778,13,0,12,1,11
1413394002.856216669082642,13,0,13,0,11
1413394002.906216621398926,13,0,13,0,11
1413394002.956216573715210,13,0,13,0,11
1413394003.006216526031494,13,0,13,0,11
1413394003.056216478347778,13,0,13,0,11
1413394003.106216669082642,12,1,12,0,11
1413394003.156216621398926,12,0,12,0,11
1413394003.206216573715210,12,0,12,0,11
1413394003.256216526031494,12,0,12,0,11
1413394003.306216478347778,12,0,12,0,11
1413394003.356216669082642,12,0,12,0,11
