# timestamp (sec),slam_feats_in_state,msckf_feats_used,slam_feats_updated,slam_feats_delayed_init,clones
1413393890.009048223495483,0,7,0,0,5
1413393890.052407264709473,16,16,0,16,6
1413393890.102111577987671,16,0,16,0,7
1413393890.152195930480957,16,0,15,0,8
1413393890.203304767608643,16,1,13,0,9
1413393890.254790306091309,14,3,10,0,10
1413393890.306953430175781,14,1,10,2,11
1413393890.357784032821655,13,0,12,1,11
1413393890.407975912094116,14,1,13,1,11
1413393890.457556962966919,14,1,14,0,11
1413393890.506968259811401,14,1,13,0,11
1413393890.557705879211426,24,3,13,10,11
1413393890.608242511749268,29,0,21,8,11
1413393890.659305810928345,47,3,29,18,11
1413393890.709314823150635,50,0,46,3,11
1413393890.759389400482178,50,7,49,0,11
1413393890.809322118759155,49,2,49,0,11
1413393890.859260797500610,50,2,49,1,11
1413393890.909467458724976,50,1,50,0,11
1413393890.959502458572388,50,3,49,0,11
1413393891.009677886962891,50,1,49,0,11
1413393891.059825897216797,49,4,48,0,11
1413393891.109883308410645,50,0,48,1,11
1413393891.159863948822021,50,7,48,1,11
1413393891.210024356842041,50,5,47,0,11
1413393891.260135889053345,50,2,44,1,11
1413393891.310100793838501,49,0,45,1,11
1413393891.360043048858643,44,7,39,3,11
1413393891.409947395324707,43,2,38,1,11
1413393891.459775209426880,45,1,29,3,11
1413393891.509501934051514,38,1,17,1,11
1413393891.558913946151733,35,0,12,6,11
1413393891.608583211898804,28,0,16,5,11
1413393891.658169507980347,29,0,15,6,11
1413393891.707994222640991,27,0,19,0,11
1413393891.757865667343140,24,0,19,2,11
1413393891.807672023773193,24,0,19,3,11
1413393891.857480525970459,25,0,19,2,11
1413393891.907328605651855,24,1,18,0,11
1413393891.957020282745361,24,3,12,3,11
1413393892.006790399551392,23,14,16,3,11
1413393892.056755781173706,23,1,19,3,11
1413393892.106782913208008,29,0,20,8,11
1413393892.156727075576782,32,2,24,4,11
1413393892.206602096557617,36,1,25,7,11
1413393892.256535768508911,36,1,33,2,11
1413393892.306520223617554,37,5,34,2,11
1413393892.356517791748047,38,3,35,3,11
1413393892.406484365463257,40,3,36,4,11
1413393892.456463336944580,40,2,39,1,11
1413393892.506452560424805,36,0,36,0,11
1413393892.556453704833984,39,6,32,6,11
1413393892.606427431106567,42,4,37,4,11
1413393892.656404018402100,48,2,40,6,11
1413393892.706424951553345,45,7,42,1,11
1413393892.756432294845581,49,1,42,4,11
1413393892.806430816650391,44,1,41,0,11
1413393892.856386661529541,48,1,41,5,11
1413393892.906349658966064,46,5,42,0,11
1413393892.956334829330444,43,3,37,0,11
1413393893.006313562393188,36,0,30,0,11
1413393893.056306600570679,33,0,27,3,11
1413393893.106273889541626,29,1,28,0,11
1413393893.156225442886353,30,1,28,1,11
1413393893.206180095672607,29,0,27,0,11
1413393893.256098747253418,34,2,26,6,11
1413393893.306061267852783,37,1,31,4,11
1413393893.355953931808472,38,2,32,1,11
1413393893.405886888504028,38,0,34,2,11
1413393893.455848217010498,36,0,33,1,11
1413393893.505629777908325,49,12,32,14,11
1413393893.555599927902222,48,5,46,0,11
1413393893.605580091476440,47,0,44,2,11
1413393893.655523777008057,47,6,39,3,11
1413393893.705511569976807,45,2,41,1,11
1413393893.755512475967407,40,5,40,0,11
1413393893.805479049682617,39,2,36,1,11
1413393893.855420827865601,46,15,33,10,11
1413393893.905419826507568,45,2,40,1,11
1413393893.955428838729858,39,13,35,0,11
1413393894.005460977554321,34,7,28,0,11
1413393894.055512666702271,33,7,26,1,11
1413393894.105566024780273,31,1,24,3,11
1413393894.155619621276855,34,3,23,4,11
1413393894.205686569213867,29,2,21,0,11
1413393894.255768299102783,33,1,21,8,11
1413393894.305815696716309,32,5,26,3,11
1413393894.355852127075195,32,5,24,3,11
1413393894.405868530273438,29,2,25,1,11
1413393894.455906391143799,35,0,25,8,11
1413393894.505926609039307,35,2,32,2,11
1413393894.555946826934814,37,1,34,2,11
1413393894.605947256088257,41,4,36,5,11
1413393894.655938625335693,42,2,41,1,11
1413393894.705932855606079,46,5,42,4,11
1413393894.755937814712524,49,4,43,4,11
1413393894.805933713912964,50,4,46,1,11
1413393894.855938434600830,49,6,47,1,11
1413393894.905939817428589,48,2,47,1,11
1413393894.955951213836670,48,2,45,1,11
1413393895.005969762802124,48,1,46,0,11
1413393895.055997848510742,49,1,44,3,11
1413393895.105994701385498,49,0,45,1,11
1413393895.155963182449341,48,4,46,2,11
1413393895.205957889556885,46,1,46,0,11
1413393895.255959749221802,46,0,40,4,11
1413393895.305956840515137,46,3,42,2,11
1413393895.355958223342896,46,2,40,5,11
1413393895.405960798263550,44,3,41,2,11
1413393895.455956935882568,48,1,41,6,11
1413393895.505950450897217,47,2,45,1,11
1413393895.555958509445190,45,5,36,1,11
1413393895.605974674224854,48,2,36,4,11
1413393895.655990123748779,41,3,36,2,11
1413393895.705989122390747,40,2,32,3,11
1413393895.755993127822876,36,3,30,2,11
1413393895.806001663208008,37,4,28,4,11
1413393895.856014966964722,34,8,29,1,11
1413393895.906016826629639,31,5,23,3,11
1413393895.956017017364502,30,0,22,1,11
1413393896.006025552749634,29,2,21,5,11
1413393896.056026220321655,27,6,21,2,11
1413393896.106042146682739,27,1,23,3,11
1413393896.156045913696289,26,9,23,0,11
1413393896.206057071685791,26,1,22,0,11
1413393896.256082773208618,23,1,17,0,11
1413393896.306102037429810,22,1,16,1,11
1413393896.356119155883789,23,1,15,6,11
1413393896.406137704849243,22,0,16,0,11
1413393896.456181526184082,23,1,15,3,11
1413393896.506194353103638,22,2,15,4,11
1413393896.556202173233032,21,3,12,0,11
1413393896.606228828430176,27,8,12,10,11
1413393896.656219244003296,27,1,19,5,11
1413393896.706200361251831,27,0,21,0,11
1413393896.756199598312378,25,2,17,1,11
1413393896.806193351745605,26,2,17,4,11
1413393896.856200933456421,35,0,19,13,11
1413393896.906198263168335,36,0,31,2,11
1413393896.956192731857300,36,2,30,1,11
1413393897.006166696548462,35,1,28,1,11
1413393897.056128501892090,35,3,24,3,11
1413393897.106112480163574,35,2,22,3,11
1413393897.156107425689697,35,1,24,5,11
1413393897.206127166748047,37,2,17,7,11
1413393897.256153821945190,35,0,26,0,11
1413393897.306162595748901,35,1,24,9,11
1413393897.356180429458618,41,8,29,6,11
1413393897.406185865402222,38,4,35,0,11
1413393897.456200361251831,37,6,35,1,11
1413393897.506198167800903,35,0,33,1,11
1413393897.556209564208984,35,0,34,0,11
1413393897.606233835220337,36,0,33,1,11
1413393897.656258106231689,38,1,33,4,11
1413393897.706254720687866,41,0,36,4,11
1413393897.756246328353882,47,0,9,7,11
1413393897.806244850158691,47,3,36,5,11
1413393897.856229782104492,47,0,39,7,11
1413393897.906214714050293,48,1,44,4,11
1413393897.956218004226685,49,6,48,1,11
1413393898.006239414215088,47,0,45,0,11
1413393898.056256771087646,48,6,41,3,11
1413393898.106282949447632,46,1,39,3,11
1413393898.156286001205444,43,1,40,1,11
1413393898.206263780593872,33,5,33,0,11
1413393898.256241083145142,32,2,29,1,11
1413393898.306222200393677,31,3,29,2,11
1413393898.356204032897949,31,5,26,4,11
1413393898.406179904937744,30,1,26,1,11
1413393898.456166744232178,22,8,20,0,11
1413393898.506197452545166,20,1,17,2,11
1413393898.556271553039551,23,0,8,3,11
1413393898.606347560882568,22,6,9,2,11
1413393898.656381845474243,18,1,8,5,11
1413393898.706449747085571,18,4,8,2,11
1413393898.756454229354858,17,4,9,2,11
1413393898.806452512741089,13,2,10,2,11
1413393898.856443405151367,13,0,11,1,11
1413393898.906428337097168,11,4,9,0,11
1413393898.956411123275757,11,0,9,1,11
1413393899.006411552429199,13,3,8,3,11
1413393899.056381464004517,13,1,10,0,11
1413393899.106308937072754,14,5,7,3,11
1413393899.156296730041504,16,3,4,4,11
1413393899.206260919570923,18,7,1,4,11
1413393899.256197690963745,23,4,3,11,11
1413393899.306177854537964,18,10,13,2,11
1413393899.356171846389771,15,1,13,0,11
1413393899.406157732009888,9,3,7,1,11
1413393899.456150293350220,8,3,8,0,11
1413393899.506152868270874,5,4,5,0,11
1413393899.556146383285522,4,4,3,1,11
1413393899.606105804443359,4,3,2,1,11
1413393899.656101465225220,4,0,2,0,11
1413393899.706115007400513,5,0,2,2,11
1413393899.756122112274170,4,1,1,0,11
1413393899.806194543838501,9,5,0,5,11
1413393899.856230974197388,8,12,1,2,11
1413393899.906203031539917,9,0,1,2,11
1413393899.956204414367676,5,1,1,1,11
1413393900.006208658218384,3,3,1,0,11
1413393900.056208610534668,2,0,0,0,11
1413393900.106208801269531,0,0,0,0,11
1413393900.156204223632812,0,5,0,0,11
1413393900.206211328506470,2,3,0,2,11
1413393900.256204366683960,2,5,1,0,11
1413393900.306266784667969,6,3,0,5,11
1413393900.356281518936157,6,6,5,1,11
1413393900.406253337860107,8,11,6,2,11
1413393900.456243753433228,10,14,8,2,11
1413393900.506213903427124,19,9,10,9,11
1413393900.556206941604614,26,9,15,7,11
1413393900.606184244155884,29,4,19,3,11
1413393900.656188249588013,23,4,18,0,11
1413393900.706185102462769,22,2,17,3,11
1413393900.756197214126587,23,1,17,4,11
1413393900.806186199188232,22,1,19,0,11
1413393900.856155633926392,19,0,18,0,11
1413393900.906122446060181,18,1,18,0,11
1413393900.956120252609253,22,3,18,4,11
1413393901.006123542785645,25,5,20,3,11
1413393901.056127071380615,28,13,21,5,11
1413393901.106124162673950,25,5,23,0,11
1413393901.156117677688599,23,1,21,1,11
1413393901.206108808517456,23,5,21,0,11
1413393901.256091833114624,22,2,21,0,11
1413393901.306064844131470,23,7,19,2,11
1413393901.356037855148315,21,7,20,0,11
1413393901.406017541885376,21,3,20,1,11
1413393901.456009387969971,23,3,20,2,11
1413393901.506000757217407,23,3,19,0,11
1413393901.556009292602539,22,4,19,1,11
1413393901.606002330780029,23,1,19,3,11
1413393901.655998945236206,26,3,19,4,11
1413393901.705979585647583,33,4,23,8,11
1413393901.755974769592285,40,5,29,9,11
1413393901.805968761444092,44,10,34,4,11
1413393901.855972051620483,41,10,37,1,11
1413393901.905979394912720,38,1,35,1,11
1413393901.955984354019165,40,1,33,2,11
1413393902.005991458892822,42,2,34,4,11
1413393902.056004524230957,44,2,38,5,11
1413393902.106007575988770,43,0,41,1,11
1413393902.156014919281006,45,0,42,2,11
1413393902.206015110015869,45,2,43,2,11
1413393902.256015539169312,45,2,45,0,11
1413393902.306025028228760,46,12,42,3,11
1413393902.356023788452148,46,3,43,1,11
1413393902.406025409698486,41,4,39,1,11
1413393902.456029653549194,44,4,38,6,11
1413393902.506028413772583,44,2,44,0,11
1413393902.556024074554443,44,0,44,0,11
1413393902.606024026870728,43,2,43,0,11
1413393902.656023979187012,46,1,41,3,11
1413393902.706025362014771,45,2,41,0,11
1413393902.756024599075317,46,4,40,5,11
1413393902.806025743484497,42,2,38,1,11
1413393902.856027841567993,36,4,34,0,11
1413393902.906027317047119,36,5,32,3,11
1413393902.956028461456299,40,9,33,4,11
1413393903.006027698516846,38,3,33,3,11
1413393903.056022882461548,38,2,35,2,11
1413393903.106019020080566,37,2,35,0,11
1413393903.156025171279907,35,2,32,2,11
1413393903.206026792526245,35,2,34,0,11
1413393903.256024837493896,34,7,34,0,11
1413393903.306021928787231,36,0,33,3,11
1413393903.356009721755981,36,6,35,0,11
1413393903.405998468399048,38,1,34,2,11
1413393903.455986022949219,43,5,35,6,11
1413393903.505973339080811,42,5,35,1,11
1413393903.555965900421143,45,1,31,4,11
1413393903.605969905853271,40,0,24,3,11
1413393903.655974626541138,39,1,28,6,11
1413393903.705975770950317,36,0,33,3,11
1413393903.755976438522339,39,1,33,6,11
1413393903.805974245071411,42,2,35,6,11
1413393903.855968236923218,45,3,37,6,11
1413393903.905970573425293,46,1,41,1,11
1413393903.955978631973267,42,1,39,1,11
1413393904.005978345870972,46,2,40,6,11
1413393904.055979728698730,45,1,45,0,11
1413393904.105983257293701,45,1,43,2,11
1413393904.155985832214355,45,0,44,0,11
1413393904.205987453460693,48,3,44,3,11
1413393904.255980491638184,48,7,45,2,11
1413393904.305969715118408,50,2,46,2,11
1413393904.355966091156006,48,8,46,1,11
1413393904.405964136123657,49,2,44,2,11
1413393904.455965995788574,49,3,44,2,11
1413393904.505971193313599,48,1,38,1,11
1413393904.555970907211304,45,1,36,2,11
1413393904.605962753295898,45,5,32,4,11
1413393904.655953884124756,44,2,31,5,11
1413393904.705936193466187,43,0,34,5,11
1413393904.755924463272095,41,2,37,1,11
1413393904.805919408798218,39,1,34,2,11
1413393904.855917453765869,42,2,33,4,11
1413393904.905925989151001,40,2,35,4,11
1413393904.955930471420288,44,5,35,8,11
1413393905.005933046340942,43,3,41,2,11
1413393905.055932521820068,37,9,31,1,11
1413393905.105933427810669,35,5,26,2,11
1413393905.155938148498535,32,1,27,3,11
1413393905.205940723419189,32,0,27,5,11
1413393905.255943298339844,32,0,30,1,11
1413393905.305943489074707,33,0,29,2,11
1413393905.355942487716675,33,5,29,3,11
1413393905.405941247940063,32,4,31,1,11
1413393905.455937385559082,32,2,28,0,11
1413393905.505934715270996,34,2,26,3,11
1413393905.555931806564331,39,2,29,9,11
1413393905.605933427810669,40,1,37,2,11
1413393905.655937671661377,50,5,39,10,11
1413393905.705931901931763,50,6,49,1,11
1413393905.755924940109253,50,3,49,0,11
1413393905.805919170379639,45,2,44,0,11
1413393905.855920791625977,49,7,43,5,11
1413393905.905917882919312,48,1,44,0,11
1413393905.955913066864014,48,4,40,0,11
1413393906.005907535552979,47,1,36,4,11
1413393906.055901050567627,46,2,38,4,11
1413393906.105895042419434,43,0,35,3,11
1413393906.155890703201294,49,4,37,7,11
1413393906.205886840820312,47,3,37,2,11
1413393906.255883216857910,48,2,39,2,11
1413393906.305879831314087,45,8,39,4,11
1413393906.355880260467529,43,0,41,1,11
1413393906.405886173248291,43,2,41,0,11
1413393906.455895662307739,43,3,36,4,11
1413393906.505906343460083,42,4,39,1,11
1413393906.555913925170898,43,0,40,2,11
1413393906.605920791625977,47,1,41,5,11
1413393906.655920743942261,48,1,45,1,11
1413393906.705921888351440,47,0,45,1,11
1413393906.755927801132202,50,8,46,4,11
1413393906.805928945541382,49,5,47,0,11
1413393906.855928421020508,49,0,46,0,11
1413393906.905945301055908,48,11,43,1,11
1413393906.955949544906616,47,0,44,0,11
1413393907.005954027175903,47,0,44,3,11
1413393907.055952310562134,49,4,47,2,11
1413393907.105949401855469,49,0,47,0,11
1413393907.155951976776123,49,0,46,0,11
1413393907.205961227416992,48,2,45,1,11
1413393907.255970478057861,48,0,46,1,11
1413393907.305984258651733,48,1,45,1,11
1413393907.355998277664185,49,1,47,1,11
1413393907.406017541885376,49,4,48,1,11
1413393907.456030845642090,50,2,49,1,11
1413393907.506026029586792,50,13,49,0,11
1413393907.556018352508545,50,6,39,0,11
1413393907.605992794036865,48,1,37,0,11
1413393907.655978441238403,42,1,20,2,11
1413393907.705966949462891,40,0,19,2,11
1413393907.755954265594482,34,0,15,10,11
1413393907.805943965911865,32,0,18,1,11
1413393907.855940818786621,27,0,12,1,11
1413393907.905932903289795,20,0,13,0,11
1413393907.955931186676025,15,0,13,2,11
1413393908.005933284759521,15,0,12,0,11
1413393908.055933952331543,15,0,6,0,11
1413393908.105933427810669,17,0,7,5,11
1413393908.155927658081055,20,0,12,8,11
1413393908.205923795700073,22,0,19,2,11
1413393908.255918741226196,31,0,21,9,11
1413393908.305922269821167,34,1,28,4,11
1413393908.355933666229248,40,0,28,6,11
1413393908.405942440032959,47,3,33,9,11
1413393908.455939292907715,47,6,41,4,11
1413393908.505937576293945,49,4,40,3,11
1413393908.555934667587280,49,8,40,1,11
1413393908.605935811996460,48,4,41,4,11
1413393908.655938386917114,46,0,45,1,11
1413393908.705945968627930,50,3,46,4,11
1413393908.755947828292847,49,2,49,0,11
1413393908.805963993072510,50,7,48,1,11
1413393908.855980873107910,50,1,49,0,11
1413393908.905983209609985,48,4,48,0,11
1413393908.955985784530640,48,0,48,0,11
1413393909.005993127822876,49,2,48,1,11
1413393909.056005001068115,49,5,48,1,11
1413393909.106010198593140,50,1,49,1,11
1413393909.156019210815430,50,2,50,0,11
1413393909.206027984619141,50,5,49,0,11
1413393909.256030321121216,50,1,49,0,11
1413393909.306032657623291,49,5,49,0,11
1413393909.356033325195312,49,1,49,0,11
1413393909.406035423278809,50,3,49,1,11
1413393909.456033945083618,50,1,49,0,11
1413393909.506036043167114,49,14,48,0,11
1413393909.556035757064819,49,0,48,1,11
1413393909.606036186218262,50,1,48,1,11
1413393909.656035184860229,50,3,48,0,11
1413393909.706029176712036,48,2,46,0,11
1413393909.756026983261108,45,6,41,0,11
1413393909.806024074554443,49,2,41,5,11
1413393909.856020212173462,47,4,44,2,11
1413393909.906018257141113,48,1,43,2,11
1413393909.956019878387451,47,1,45,0,11
1413393910.006020784378052,45,0,42,3,11
1413393910.056019067764282,46,0,44,1,11
1413393910.106019735336304,50,10,45,4,11
1413393910.156023025512695,48,8,46,0,11
1413393910.206026792526245,48,1,46,1,11
1413393910.256031751632690,48,5,44,2,11
1413393910.306032419204712,49,0,45,1,11
1413393910.356037855148315,49,16,46,2,11
1413393910.406037807464600,47,1,47,0,11
1413393910.456038236618042,47,3,45,2,11
1413393910.506037950515747,47,4,45,1,11
1413393910.556028127670288,48,0,45,1,11
1413393910.606022119522095,48,14,45,1,11
1413393910.656018257141113,48,1,45,1,11
1413393910.706016063690186,49,7,45,3,11
1413393910.756008148193359,49,16,46,1,11
1413393910.806004047393799,49,3,46,0,11
1413393910.855998277664185,49,3,46,2,11
1413393910.905987739562988,49,7,45,1,11
1413393910.955963134765625,50,12,34,1,11
1413393911.005957603454590,46,2,28,1,11
1413393911.055945158004761,41,6,30,7,11
1413393911.105929136276245,40,7,35,4,11
1413393911.155916452407837,40,3,39,0,11
1413393911.205900192260742,39,6,39,0,11
1413393911.255887985229492,39,7,34,0,11
1413393911.305882692337036,42,4,33,4,11
1413393911.355884313583374,43,6,35,5,11
1413393911.405884504318237,44,4,36,6,11
1413393911.455883741378784,46,4,42,4,11
1413393911.505880117416382,48,3,45,3,11
1413393911.555876255035400,48,11,46,2,11
1413393911.605874538421631,48,12,45,2,11
1413393911.655871629714966,46,5,44,1,11
1413393911.705870628356934,48,5,42,4,11
1413393911.755871772766113,47,1,43,0,11
1413393911.805871725082397,47,3,44,2,11
1413393911.855875253677368,48,3,40,2,11
1413393911.905883789062500,46,0,39,2,11
1413393911.955890417098999,46,4,34,3,11
1413393912.005894899368286,44,1,29,0,11
1413393912.055900335311890,39,3,28,3,11
1413393912.105903387069702,39,1,25,9,11
1413393912.155931711196899,48,2,31,10,11
1413393912.205941200256348,45,6,36,6,11
1413393912.255949020385742,43,3,41,1,11
1413393912.305961370468140,40,3,38,1,11
1413393912.355971813201904,38,4,38,0,11
1413393912.405980348587036,36,4,32,0,11
1413393912.456000328063965,40,3,28,7,11
1413393912.506002664566040,32,6,27,2,11
1413393912.556008577346802,33,7,21,6,11
1413393912.606010437011719,26,4,19,0,11
1413393912.656014204025269,19,6,14,1,11
1413393912.706018686294556,19,6,14,1,11
1413393912.756025552749634,17,4,14,0,11
1413393912.806029558181763,18,2,13,3,11
1413393912.856033325195312,14,2,13,0,11
1413393912.906038999557495,16,3,14,2,11
1413393912.956042289733887,19,3,15,3,11
1413393913.006045341491699,15,9,15,0,11
1413393913.056046247482300,19,3,14,4,11
1413393913.106047868728638,23,4,18,4,11
1413393913.156043767929077,23,2,21,2,11
1413393913.206041336059570,34,0,22,11,11
1413393913.256037712097168,35,5,30,3,11
1413393913.306035280227661,36,6,33,2,11
1413393913.356034517288208,42,7,33,9,11
1413393913.406031608581543,45,2,41,4,11
1413393913.456028223037720,46,7,41,5,11
1413393913.506024360656738,45,11,43,0,11
1413393913.556018590927124,43,5,38,1,11
1413393913.606013774871826,40,6,38,0,11
1413393913.656009912490845,37,7,32,3,11
1413393913.706009864807129,37,3,22,0,11
1413393913.756011724472046,36,6,11,2,11
1413393913.806013345718384,35,1,12,11,11
1413393913.856019735336304,35,0,21,13,11
1413393913.906023740768433,30,5,29,1,11
1413393913.956022262573242,37,0,30,7,11
1413393914.006022214889526,37,8,30,3,11
1413393914.056026697158813,36,8,28,2,11
1413393914.106029510498047,38,1,29,7,11
1413393914.156025409698486,39,1,32,4,11
1413393914.206019163131714,41,2,32,4,11
1413393914.256016016006470,36,4,28,1,11
1413393914.306014299392700,41,2,29,8,11
1413393914.356013536453247,41,4,36,5,11
1413393914.406009197235107,39,1,37,0,11
1413393914.456007957458496,38,5,37,0,11
1413393914.506007909774780,46,9,34,9,11
1413393914.556008338928223,42,0,41,0,11
1413393914.606012821197510,42,3,38,1,11
1413393914.656017780303955,45,2,37,4,11
1413393914.706024408340454,40,0,37,1,11
1413393914.756025552749634,43,3,37,5,11
1413393914.806027173995972,46,2,40,5,11
1413393914.856032609939575,49,11,42,4,11
1413393914.906033754348755,44,2,42,0,11
1413393914.956035375595093,47,1,41,4,11
1413393915.006034851074219,45,1,44,0,11
1413393915.056032180786133,48,2,42,6,11
1413393915.106032609939575,46,1,46,0,11
1413393915.156030654907227,50,4,46,4,11
1413393915.206028938293457,49,2,49,0,11
1413393915.256028890609741,48,4,48,0,11
1413393915.306025266647339,49,10,48,1,11
1413393915.356021642684937,48,0,46,0,11
1413393915.406019449234009,47,1,46,1,11
1413393915.456016063690186,49,8,45,3,11
1413393915.506016969680786,49,0,48,0,11
1413393915.556017637252808,48,3,47,0,11
1413393915.606019973754883,48,5,47,1,11
1413393915.656023979187012,49,3,46,2,11
1413393915.706025600433350,48,5,46,0,11
1413393915.756029129028320,49,7,45,2,11
1413393915.806032419204712,48,1,45,2,11
1413393915.856035470962524,49,5,46,2,11
1413393915.906036853790283,48,2,48,0,11
1413393915.956036806106567,48,1,48,0,11
1413393916.006036520004272,48,1,48,0,11
1413393916.056036710739136,50,7,48,2,11
1413393916.106035709381104,50,2,50,0,11
1413393916.156035661697388,50,10,50,0,11
1413393916.206034660339355,49,1,47,0,11
1413393916.256033897399902,45,9,42,1,11
1413393916.306029796600342,46,5,42,3,11
1413393916.356026172637939,45,1,43,1,11
1413393916.406023502349854,42,3,35,0,11
1413393916.456023216247559,44,2,22,5,11
1413393916.506021499633789,41,1,17,4,11
1413393916.556020975112915,34,1,13,4,11
1413393916.606020927429199,30,0,16,5,11
1413393916.656020879745483,24,1,18,2,11
1413393916.706020832061768,23,0,10,0,11
1413393916.756025791168213,30,3,6,10,11
1413393916.806024074554443,29,0,7,9,11
1413393916.856023073196411,28,0,16,4,11
1413393916.906020879745483,26,2,16,8,11
1413393916.956017732620239,26,3,25,0,11
1413393917.006014585494995,25,1,20,0,11
1413393917.056011915206909,26,3,20,2,11
1413393917.106012105941772,26,3,20,3,11
1413393917.156013727188110,26,2,17,1,11
1413393917.206015110015869,26,5,15,3,11
1413393917.256020307540894,32,3,20,11,11
1413393917.306026220321655,30,1,28,0,11
1413393917.356029987335205,31,2,28,2,11
1413393917.406030416488647,32,3,28,3,11
1413393917.456034183502197,35,0,27,6,11
1413393917.506036520004272,35,1,29,5,11
1413393917.556037425994873,37,0,26,3,11
1413393917.606039285659790,35,0,24,0,11
1413393917.656039237976074,30,0,22,3,11
1413393917.706038713455200,23,0,21,1,11
1413393917.756036281585693,24,1,18,4,11
1413393917.806037187576294,22,0,16,0,11
1413393917.856039524078369,24,2,14,3,11
1413393917.906039714813232,20,0,5,1,11
1413393917.956039667129517,20,0,2,2,11
1413393918.006039619445801,14,2,3,6,11
1413393918.056035280227661,14,1,6,4,11
1413393918.106035470962524,14,0,5,1,11
1413393918.156035184860229,11,1,2,1,11
1413393918.206035137176514,11,1,0,5,11
1413393918.256033420562744,13,0,4,5,11
1413393918.306033611297607,10,0,2,1,11
1413393918.356033086776733,11,0,1,2,11
1413393918.406032562255859,8,0,2,3,11
1413393918.456031322479248,12,0,2,6,11
1413393918.506032705307007,9,5,2,1,11
1413393918.556032896041870,7,1,0,0,11
1413393918.606040716171265,6,0,0,4,11
1413393918.656040906906128,5,2,0,1,11
1413393918.706044912338257,6,4,1,1,11
1413393918.756046295166016,6,0,0,4,11
1413393918.806046485900879,7,5,0,1,11
1413393918.856047630310059,5,8,0,1,11
1413393918.906052827835083,5,3,0,4,11
1413393918.956053495407104,5,3,1,0,11
1413393919.006055355072021,8,5,1,4,11
1413393919.056055784225464,6,3,1,2,11
1413393919.106057405471802,7,5,3,1,11
1413393919.156055212020874,9,3,2,4,11
1413393919.206055641174316,11,8,4,4,11
1413393919.256058692932129,14,8,7,4,11
1413393919.306059837341309,10,6,8,0,11
1413393919.356061220169067,10,5,8,1,11
1413393919.406061410903931,17,4,7,8,11
1413393919.456063032150269,17,2,11,1,11
1413393919.506066560745239,15,3,12,0,11
1413393919.556065320968628,15,6,11,4,11
1413393919.606065988540649,17,4,13,4,11
1413393919.656065225601196,17,1,15,2,11
1413393919.706064939498901,17,2,15,1,11
1413393919.756065130233765,20,0,14,3,11
1413393919.806062698364258,22,3,17,3,11
1413393919.856060028076172,30,1,20,10,11
1413393919.906053066253662,32,2,26,3,11
1413393919.956036806106567,37,1,25,7,11
1413393920.006029844284058,35,1,29,2,11
1413393920.056024551391602,33,3,26,7,11
1413393920.106018781661987,34,1,28,3,11
1413393920.156013965606689,38,4,31,4,11
1413393920.206012964248657,43,0,35,8,11
1413393920.256014108657837,42,1,42,0,11
1413393920.306016683578491,43,1,42,1,11
1413393920.356018781661987,48,1,43,5,11
1413393920.406018972396851,48,0,48,0,11
1413393920.456022024154663,47,4,40,2,11
1413393920.506026029586792,49,1,42,2,11
1413393920.556028842926025,46,1,43,3,11
1413393920.606034994125366,47,1,42,4,11
1413393920.656042098999023,50,5,46,3,11
1413393920.706048488616943,50,4,46,1,11
1413393920.756053686141968,50,12,47,0,11
1413393920.806054592132568,50,6,47,3,11
1413393920.856058120727539,50,6,49,0,11
1413393920.906056642532349,50,0,49,0,11
1413393920.956051826477051,49,2,46,1,11
1413393921.006050109863281,46,2,43,0,11
1413393921.056046485900879,44,11,33,3,11
1413393921.106045246124268,44,3,37,1,11
1413393921.156044721603394,43,3,34,5,11
1413393921.206041812896729,47,8,36,7,11
1413393921.256041288375854,45,0,41,2,11
1413393921.306040287017822,45,2,42,1,11
1413393921.356042623519897,45,4,39,5,11
1413393921.406045198440552,46,1,43,2,11
1413393921.456046581268311,49,8,45,4,11
1413393921.506050109863281,49,1,48,0,11
1413393921.556039810180664,50,20,47,1,11
1413393921.606039762496948,50,0,48,1,11
1413393921.656037807464600,49,0,49,0,11
1413393921.706033229827881,49,0,48,0,11
1413393921.756028890609741,50,1,48,1,11
1413393921.806019306182861,49,6,49,0,11
1413393921.856015205383301,50,4,41,1,11
1413393921.906000614166260,50,28,48,0,11
1413393921.955997467041016,46,3,43,2,11
1413393922.005987882614136,44,0,44,0,11
1413393922.055978536605835,49,0,42,5,11
1413393922.105971097946167,48,1,47,0,11
1413393922.155964136123657,47,17,47,0,11
1413393922.205958604812622,47,3,46,0,11
1413393922.255957841873169,47,3,43,1,11
1413393922.305955410003662,43,2,41,0,11
1413393922.355952978134155,40,1,39,0,11
1413393922.405943155288696,43,1,35,6,11
1413393922.455928325653076,38,7,33,2,11
1413393922.505881071090698,49,10,27,12,11
1413393922.555867671966553,48,3,15,3,11
1413393922.605859518051147,45,2,8,5,11
1413393922.655855894088745,37,1,11,15,11
1413393922.705854177474976,34,2,23,6,11
1413393922.755857467651367,34,0,23,2,11
1413393922.805860042572021,35,0,11,4,11
1413393922.855863809585571,34,1,11,6,11
1413393922.905866384506226,32,0,15,11,11
1413393922.955869913101196,32,1,18,4,11
1413393923.005871295928955,32,0,17,2,11
1413393923.055875062942505,29,2,17,6,11
1413393923.105875015258789,29,3,21,5,11
1413393923.155877351760864,29,4,26,1,11
1413393923.205875158309937,29,4,25,2,11
1413393923.255877494812012,31,6,26,3,11
1413393923.305876255035400,33,4,29,4,11
1413393923.355880975723267,41,3,33,8,11
1413393923.405881643295288,42,9,37,2,11
1413393923.455878496170044,40,14,36,1,11
1413393923.505877733230591,36,3,34,1,11
1413393923.555876255035400,33,6,33,0,11
1413393923.605877637863159,31,6,30,1,11
1413393923.655882596969604,32,10,31,1,11
1413393923.705887556076050,32,18,31,0,11
1413393923.755887985229492,33,8,29,2,11
1413393923.805888891220093,31,9,28,0,11
1413393923.855890750885010,28,4,24,2,11
1413393923.905900239944458,29,6,20,5,11
1413393923.955901384353638,25,2,17,1,11
1413393924.005899429321289,27,3,18,5,11
1413393924.055899143218994,23,4,20,2,11
1413393924.105899333953857,21,3,19,0,11
1413393924.155898571014404,21,11,19,2,11
1413393924.205896377563477,25,5,19,5,11
1413393924.255896568298340,29,6,22,5,11
1413393924.305894613265991,28,9,24,4,11
1413393924.355894565582275,31,8,23,5,11
1413393924.405895233154297,28,4,24,0,11
1413393924.455894470214844,27,9,24,3,11
1413393924.505894184112549,27,3,25,0,11
1413393924.555893182754517,26,5,19,1,11
1413393924.605892658233643,25,6,15,4,11
1413393924.655890941619873,21,18,12,1,11
1413393924.705890893936157,16,7,12,2,11
1413393924.755891561508179,15,5,12,1,11
1413393924.805892229080200,15,6,11,3,11
1413393924.855893135070801,14,7,8,0,11
1413393924.905891656875610,19,6,6,7,11
1413393924.955892562866211,15,7,11,3,11
1413393925.005891799926758,14,7,13,0,11
1413393925.055891275405884,13,8,11,0,11
1413393925.105887889862061,13,5,11,1,11
1413393925.155881404876709,15,18,8,4,11
1413393925.205877780914307,16,4,8,1,11
1413393925.255874633789062,15,8,1,4,11
1413393925.305873155593872,13,4,4,0,11
1413393925.355872154235840,5,5,2,2,11
1413393925.405872344970703,5,1,3,2,11
1413393925.455871582031250,5,8,3,0,11
1413393925.505864143371582,8,4,3,3,11
1413393925.555864334106445,8,15,4,2,11
1413393925.605861663818359,11,4,6,3,11
1413393925.655861854553223,11,3,8,2,11
1413393925.705857276916504,13,6,10,2,11
1413393925.755856513977051,16,6,10,3,11
1413393925.805858135223389,15,10,12,2,11
1413393925.855858087539673,21,3,9,7,11
1413393925.905857563018799,25,9,13,6,11
1413393925.955856800079346,23,8,12,3,11
1413393926.005854368209839,23,7,15,2,11
1413393926.055852413177490,26,3,15,10,11
1413393926.105853557586670,29,3,18,3,11
1413393926.155854225158691,27,3,14,0,11
1413393926.205856561660767,22,1,11,2,11
1413393926.255866289138794,24,2,11,8,11
1413393926.305871248245239,21,2,13,0,11
1413393926.355874300003052,20,1,12,1,11
1413393926.405876874923706,18,5,12,4,11
1413393926.455881118774414,20,3,17,3,11
1413393926.505880832672119,21,1,19,1,11
1413393926.555880546569824,21,1,19,1,11
1413393926.605881214141846,22,2,18,4,11
1413393926.655883312225342,27,3,20,7,11
1413393926.705882549285889,30,3,24,3,11
1413393926.755880832672119,33,3,26,4,11
1413393926.805877208709717,42,2,29,11,11
1413393926.855874300003052,43,1,36,4,11
1413393926.905872583389282,40,4,34,1,11
1413393926.955871105194092,41,2,33,3,11
1413393927.005869150161743,41,0,32,3,11
1413393927.055867433547974,40,0,30,2,11
1413393927.105868101119995,39,0,27,3,11
1413393927.155873537063599,44,0,28,9,11
1413393927.205877304077148,46,0,33,7,11
1413393927.255879163742065,47,2,40,3,11
1413393927.305880784988403,50,2,42,6,11
1413393927.355881690979004,49,1,45,2,11
1413393927.405884504318237,49,4,43,1,11
1413393927.455887794494629,45,7,39,2,11
1413393927.505887985229492,43,4,35,7,11
1413393927.555888414382935,45,0,38,5,11
1413393927.605891942977905,47,4,41,4,11
1413393927.655892610549927,43,5,41,0,11
1413393927.705895423889160,44,4,33,4,11
1413393927.755896329879761,39,3,31,1,11
1413393927.805896520614624,33,2,30,2,11
1413393927.855898618698120,36,4,27,5,11
1413393927.905902147293091,33,5,26,0,11
1413393927.955903530120850,30,2,25,3,11
1413393928.005904197692871,28,3,26,0,11
1413393928.055903196334839,26,5,21,2,11
1413393928.105903387069702,25,7,22,2,11
1413393928.155903339385986,24,3,23,1,11
1413393928.205903053283691,24,2,24,0,11
1413393928.255902290344238,26,2,22,3,11
1413393928.305903911590576,26,8,24,0,11
1413393928.355907440185547,25,3,22,0,11
1413393928.405910491943359,26,8,19,3,11
1413393928.455917119979858,32,4,18,9,11
1413393928.505918264389038,28,3,25,0,11
1413393928.555918216705322,32,2,23,9,11
1413393928.605919837951660,34,3,30,4,11
1413393928.655921697616577,28,5,28,0,11
1413393928.705924510955811,27,3,23,2,11
1413393928.755929946899414,28,3,26,1,11
1413393928.805933475494385,26,3,25,1,11
1413393928.855935811996460,25,2,24,0,11
1413393928.905938386917114,27,2,24,2,11
1413393928.955938577651978,27,2,26,1,11
1413393929.005938053131104,26,4,26,0,11
1413393929.055937767028809,31,4,25,6,11
1413393929.105938911437988,33,3,27,2,11
1413393929.155939102172852,34,0,29,1,11
1413393929.205938577651978,30,3,27,1,11
1413393929.255938768386841,32,2,26,2,11
1413393929.305938243865967,33,1,28,3,11
1413393929.355937719345093,31,0,25,0,11
1413393929.405936717987061,32,1,23,4,11
1413393929.455935239791870,30,4,15,2,11
1413393929.505935192108154,29,2,11,3,11
1413393929.555934429168701,23,1,11,4,11
1413393929.605934143066406,21,1,12,4,11
1413393929.655933380126953,17,0,13,2,11
1413393929.705932617187500,16,0,15,0,11
1413393929.755932331085205,16,7,15,1,11
1413393929.805931806564331,17,2,16,1,11
1413393929.855931520462036,18,2,16,1,11
1413393929.905931711196899,18,3,16,0,11
1413393929.955931901931763,18,3,16,1,11
1413393930.005932331085205,19,2,13,2,11
1413393930.055932521820068,22,1,14,3,11
1413393930.105933189392090,22,3,13,4,11
1413393930.155933141708374,21,5,14,2,11
1413393930.205932617187500,20,2,13,3,11
1413393930.255930900573730,23,0,15,4,11
1413393930.305929660797119,20,2,11,2,11
1413393930.355926990509033,21,3,10,2,11
1413393930.405924797058105,20,1,8,5,11
1413393930.455922365188599,22,0,8,5,11
1413393930.505920886993408,21,9,7,4,11
1413393930.555920600891113,17,1,8,0,11
1413393930.605918884277344,14,4,8,3,11
1413393930.655909538269043,17,2,10,6,11
1413393930.705908298492432,18,2,13,1,11
1413393930.755901813507080,22,5,16,5,11
1413393930.805900096893311,24,0,18,4,11
1413393930.855901956558228,27,1,20,6,11
1413393930.905903577804565,32,4,25,5,11
1413393930.955904483795166,32,2,26,2,11
1413393931.005909919738770,35,1,25,6,11
1413393931.055911064147949,33,6,28,2,11
1413393931.105911731719971,33,2,30,1,11
1413393931.155913591384888,39,1,29,10,11
1413393931.205914258956909,43,1,37,4,11
1413393931.255913972854614,43,2,40,2,11
1413393931.305915117263794,43,2,41,1,11
1413393931.355915784835815,46,5,39,6,11
1413393931.405917406082153,47,1,43,3,11
1413393931.455917119979858,47,7,43,0,11
1413393931.505918025970459,45,0,42,1,11
1413393931.555920124053955,43,2,43,0,11
1413393931.605921030044556,49,4,40,6,11
1413393931.655920743942261,46,2,44,0,11
1413393931.705920696258545,44,2,42,0,11
1413393931.755920648574829,43,1,38,2,11
1413393931.805920839309692,44,3,35,5,11
1413393931.855921268463135,40,5,37,1,11
1413393931.905921220779419,36,3,35,0,11
1413393931.955921649932861,38,1,35,2,11
1413393932.005920886993408,36,0,33,3,11
1413393932.055921792984009,37,3,33,3,11
1413393932.105921983718872,47,4,36,10,11
1413393932.155922412872314,45,3,41,2,11
1413393932.205922126770020,49,5,40,5,11
1413393932.255921125411987,46,11,43,1,11
1413393932.305920362472534,45,0,38,2,11
1413393932.355920553207397,43,8,35,3,11
1413393932.405919075012207,40,2,34,1,11
1413393932.455919027328491,36,7,34,1,11
1413393932.505917787551880,40,3,33,7,11
1413393932.555917024612427,39,2,36,2,11
1413393932.605917215347290,38,5,36,1,11
1413393932.655916929244995,39,5,34,3,11
1413393932.705916166305542,39,4,34,3,11
1413393932.755916833877563,38,2,35,2,11
1413393932.805917024612427,40,3,33,5,11
1413393932.855918169021606,46,8,36,8,11
1413393932.905919551849365,43,0,40,1,11
1413393932.955920934677124,44,3,39,3,11
1413393933.005922317504883,48,1,41,7,11
1413393933.055922985076904,47,4,44,1,11
1413393933.105922937393188,44,2,41,1,11
1413393933.155923604965210,42,0,40,2,11
1413393933.205924272537231,45,1,40,5,11
1413393933.255924701690674,47,1,45,2,11
1413393933.305924892425537,48,5,46,1,11
1413393933.355926036834717,49,1,44,1,11
1413393933.405926465988159,50,7,45,2,11
1413393933.455927133560181,47,8,46,0,11
1413393933.505926132202148,48,0,43,1,11
1413393933.555926322937012,48,1,43,2,11
1413393933.605925798416138,48,4,42,3,11
1413393933.655923366546631,48,7,43,2,11
1413393933.705921173095703,50,2,44,3,11
1413393933.755920171737671,48,2,44,0,11
1413393933.805919408798218,46,2,41,1,11
1413393933.855919122695923,44,0,41,2,11
1413393933.905918598175049,46,5,39,4,11
1413393933.955919742584229,46,2,42,1,11
1413393934.005921125411987,47,3,40,4,11
1413393934.055918216705322,44,9,38,3,11
1413393934.105918645858765,41,3,36,0,11
1413393934.155918836593628,43,0,36,5,11
1413393934.205920934677124,42,2,36,1,11
1413393934.255928516387939,50,12,32,8,11
1413393934.305932044982910,43,3,29,1,11
1413393934.355937242507935,40,0,26,1,11
1413393934.405944585800171,42,2,20,11,11
1413393934.455947637557983,39,2,30,1,11
1413393934.505948543548584,32,3,23,2,11
1413393934.555948019027710,31,3,21,2,11
1413393934.605945587158203,30,4,22,5,11
1413393934.655944347381592,33,5,19,5,11
1413393934.705942392349243,35,0,17,3,11
1413393934.755940675735474,33,2,17,6,11
1413393934.805940151214600,28,1,15,2,11
1413393934.855939149856567,30,2,17,5,11
1413393934.905938148498535,30,1,20,7,11
1413393934.955938339233398,31,5,24,2,11
1413393935.005938768386841,28,4,23,1,11
1413393935.055936574935913,27,5,20,3,11
1413393935.105934143066406,28,5,17,8,11
1413393935.155934095382690,24,6,20,0,11
1413393935.205934286117554,20,3,16,2,11
1413393935.255933523178101,24,5,16,6,11
1413393935.305931329727173,26,3,20,6,11
1413393935.355930089950562,24,3,21,1,11
1413393935.405927181243896,24,2,14,1,11
1413393935.455921649932861,34,1,11,12,11
1413393935.505918502807617,34,1,17,11,11
1413393935.555918216705322,35,4,20,3,11
1413393935.605924129486084,45,9,22,16,11
1413393935.655924558639526,43,3,38,5,11
1413393935.705925464630127,40,1,38,1,11
1413393935.755926132202148,39,2,37,0,11
1413393935.805925846099854,39,1,37,1,11
1413393935.855923414230347,50,9,38,12,11
1413393935.905925035476685,50,3,49,0,11
1413393935.955927610397339,49,12,45,0,11
1413393936.005928516387939,45,1,42,1,11
1413393936.055929422378540,47,1,41,6,11
1413393936.105931520462036,49,4,45,2,11
1413393936.155934333801270,48,7,38,0,11
1413393936.205937623977661,43,14,37,2,11
1413393936.255934000015259,41,5,35,5,11
1413393936.305933475494385,41,1,38,0,11
1413393936.355933666229248,37,1,33,1,11
1413393936.405931472778320,36,5,30,1,11
1413393936.455930233001709,34,4,28,1,11
1413393936.505931138992310,29,2,23,4,11
1413393936.555931568145752,32,3,27,4,11
1413393936.605931282043457,36,4,24,8,11
1413393936.655931234359741,30,1,20,0,11
1413393936.705929756164551,21,4,14,2,11
1413393936.755928993225098,19,1,10,8,11
1413393936.805928468704224,22,0,18,3,11
1413393936.855929136276245,21,2,18,1,11
1413393936.905928850173950,19,3,16,0,11
1413393936.955931186676025,26,3,13,11,11
1413393937.005932331085205,25,3,23,0,11
1413393937.055933713912964,24,2,21,0,11
1413393937.105934619903564,26,2,19,4,11
1413393937.155934333801270,23,2,20,0,11
1413393937.205935478210449,27,4,18,6,11
1413393937.255935668945312,27,0,21,2,11
1413393937.305938720703125,28,3,21,3,11
1413393937.355938196182251,27,5,19,3,11
1413393937.405936479568481,26,1,20,2,11
1413393937.455932140350342,27,0,20,5,11
1413393937.505926609039307,28,0,23,3,11
1413393937.555926322937012,32,1,26,4,11
1413393937.605924129486084,36,1,29,6,11
1413393937.655923128128052,43,1,33,8,11
1413393937.705924272537231,47,6,39,6,11
1413393937.755927562713623,46,1,40,1,11
1413393937.805930137634277,48,3,40,4,11
1413393937.855933427810669,48,0,45,3,11
1413393937.905934333801270,48,3,47,1,11
1413393937.955935716629028,49,4,48,1,11
1413393938.005938768386841,49,0,48,1,11
1413393938.055939674377441,49,1,49,0,11
1413393938.105940341949463,49,2,48,1,11
1413393938.155942201614380,50,0,49,1,11
1413393938.205942153930664,50,0,50,0,11
1413393938.255939006805420,50,1,50,0,11
1413393938.305926799774170,50,17,50,0,11
1413393938.355924367904663,49,1,49,0,11
1413393938.405921697616577,48,3,48,0,11
1413393938.455919027328491,48,0,46,0,11
1413393938.505918025970459,50,0,46,2,11
1413393938.555916309356689,48,4,46,1,11
1413393938.605916500091553,47,0,44,0,11
1413393938.655917406082153,47,0,42,1,11
1413393938.705916166305542,47,0,42,2,11
1413393938.755915880203247,47,2,42,4,11
1413393938.805914640426636,47,1,42,3,11
1413393938.855915784835815,46,0,43,0,11
1413393938.905919075012207,44,12,40,2,11
1413393938.955920696258545,44,1,40,1,11
1413393939.005921840667725,44,0,38,5,11
1413393939.055926799774170,40,0,38,1,11
1413393939.105934619903564,40,0,24,1,11
1413393939.155949831008911,48,12,19,10,11
1413393939.205942630767822,44,7,25,9,11
1413393939.255936861038208,40,0,33,0,11
1413393939.305931568145752,38,1,31,5,11
1413393939.355928182601929,39,0,36,1,11
1413393939.405928373336792,38,0,35,1,11
1413393939.455928087234497,32,2,29,0,11
1413393939.505931854248047,39,2,27,9,11
1413393939.555934429168701,33,7,30,1,11
1413393939.605934619903564,33,2,28,3,11
1413393939.655928850173950,33,6,23,8,11
1413393939.705922603607178,33,2,31,1,11
1413393939.755911111831665,35,1,31,4,11
1413393939.805891752243042,34,2,31,1,11
1413393939.855873823165894,34,16,27,1,11
1413393939.905862092971802,31,12,18,1,11
1413393939.955848932266235,33,15,14,5,11
1413393940.005846500396729,28,7,13,6,11
1413393940.055845737457275,26,1,14,3,11
1413393940.105848789215088,23,2,13,2,11
1413393940.155852794647217,19,0,12,2,11
1413393940.205855131149292,15,1,13,1,11
1413393940.255860567092896,13,2,12,1,11
1413393940.305875301361084,20,1,13,7,11
1413393940.355876684188843,20,1,20,0,11
1413393940.405881643295288,20,1,20,0,11
1413393940.455888986587524,19,0,16,0,11
1413393940.505911588668823,34,4,14,15,11
1413393940.555910825729370,37,3,27,7,11
1413393940.605908155441284,38,1,29,1,11
1413393940.655903339385986,33,0,22,3,11
1413393940.705894947052002,27,2,19,4,11
1413393940.755887746810913,26,0,19,4,11
1413393940.805877447128296,26,1,20,1,11
1413393940.855861186981201,22,3,16,1,11
1413393940.905850172042847,20,10,16,0,11
1413393940.955836772918701,19,17,15,2,11
1413393941.005826234817505,23,7,16,5,11
1413393941.055814981460571,21,16,17,1,11
1413393941.105813980102539,21,8,15,0,11
1413393941.155815601348877,20,0,14,2,11
1413393941.205818414688110,17,3,9,1,11
1413393941.255825042724609,17,6,9,2,11
1413393941.305835247039795,19,1,9,7,11
1413393941.355855464935303,26,5,16,9,11
1413393941.405865669250488,26,6,25,1,11
1413393941.455874204635620,26,6,24,1,11
1413393941.505886793136597,33,2,24,8,11
1413393941.555891275405884,37,1,32,5,11
1413393941.605891466140747,41,4,35,4,11
1413393941.655887842178345,43,1,37,2,11
1413393941.705884933471680,43,0,37,3,11
1413393941.755883693695068,36,3,34,1,11
1413393941.805880784988403,37,2,33,4,11
1413393941.855874776840210,44,1,36,7,11
1413393941.905869245529175,45,4,42,1,11
1413393941.955865383148193,48,8,40,5,11
1413393942.005864858627319,44,15,37,3,11
1413393942.055863380432129,36,15,29,1,11
1413393942.105863571166992,33,2,27,0,11
1413393942.155859708786011,35,2,26,8,11
1413393942.205858469009399,34,6,30,0,11
1413393942.255855560302734,30,1,27,0,11
1413393942.305858135223389,32,1,27,4,11
1413393942.355860471725464,31,5,29,2,11
1413393942.405862808227539,30,3,29,0,11
1413393942.455861091613770,29,1,28,0,11
1413393942.505859375000000,25,2,25,0,11
1413393942.555850267410278,31,0,25,6,11
1413393942.605845689773560,37,1,30,6,11
1413393942.655843496322632,44,0,35,8,11
1413393942.705842733383179,46,3,42,4,11
1413393942.755841732025146,46,4,44,1,11
1413393942.805835485458374,47,2,41,4,11
1413393942.855828285217285,47,7,43,2,11
1413393942.905823707580566,46,0,44,0,11
1413393942.955820560455322,46,1,42,2,11
1413393943.005814313888550,45,1,41,3,11
1413393943.055805921554565,45,7,43,2,11
1413393943.105799674987793,47,11,44,2,11
1413393943.155789136886597,49,19,43,3,11
1413393943.205786705017090,48,6,44,0,11
1413393943.255783557891846,44,3,42,0,11
1413393943.305782079696655,45,4,41,1,11
1413393943.355779886245728,45,4,41,2,11
1413393943.405776262283325,45,3,43,1,11
1413393943.455776453018188,47,2,42,3,11
1413393943.505782604217529,47,3,44,0,11
1413393943.555785894393921,46,1,45,1,11
1413393943.605781078338623,47,0,46,1,11
1413393943.655778408050537,46,0,46,0,11
1413393943.705778598785400,49,2,44,4,11
1413393943.755782604217529,48,9,46,1,11
1413393943.805785417556763,47,4,45,1,11
1413393943.855793714523315,49,3,41,3,11
1413393943.905799865722656,49,0,38,1,11
1413393943.955808877944946,46,0,38,3,11
1413393944.005819797515869,43,1,40,3,11
1413393944.055834293365479,45,8,41,2,11
1413393944.105842113494873,44,3,42,0,11
1413393944.155853748321533,47,2,39,6,11
1413393944.205857276916504,45,4,43,0,11
1413393944.255860328674316,45,10,39,2,11
1413393944.305861949920654,44,2,39,0,11
1413393944.355865001678467,44,5,36,6,11
1413393944.405866861343384,41,3,39,0,11
1413393944.455869674682617,37,3,35,0,11
1413393944.505873918533325,34,2,31,0,11
1413393944.555881261825562,35,0,28,2,11
1413393944.605888843536377,36,0,28,3,11
1413393944.655896186828613,37,0,29,5,11
1413393944.705898523330688,36,0,34,2,11
1413393944.755901575088501,39,1,36,3,11
1413393944.805902481079102,43,2,37,5,11
1413393944.855900764465332,43,0,41,1,11
1413393944.905899286270142,43,1,37,4,11
1413393944.955893754959106,48,0,39,5,11
1413393945.005885601043701,48,4,44,2,11
1413393945.055877447128296,46,3,45,1,11
1413393945.105873107910156,48,4,40,2,11
1413393945.155873775482178,49,3,41,2,11
1413393945.205872535705566,46,5,39,3,11
1413393945.255871534347534,44,7,38,3,11
1413393945.305871486663818,44,3,39,3,11
1413393945.355873584747314,40,4,36,2,11
1413393945.405873298645020,37,2,34,2,11
1413393945.455874681472778,36,1,35,1,11
1413393945.505875587463379,36,1,35,0,11
1413393945.555873632431030,34,1,34,0,11
1413393945.605872392654419,35,3,32,3,11
1413393945.655871629714966,32,0,27,0,11
1413393945.705873250961304,31,5,26,2,11
1413393945.755873441696167,30,2,27,1,11
1413393945.805873870849609,28,0,26,1,11
1413393945.855874061584473,31,0,26,3,11
1413393945.905873537063599,31,1,28,2,11
1413393945.955872774124146,32,1,28,2,11
1413393946.005870819091797,30,0,27,0,11
1413393946.055870056152344,28,1,27,0,11
1413393946.105871200561523,27,0,26,0,11
1413393946.155868768692017,31,1,24,5,11
1413393946.205864667892456,32,3,26,4,11
1413393946.255865097045898,33,0,23,3,11
1413393946.305867671966553,31,0,25,1,11
1413393946.355871915817261,28,0,22,2,11
1413393946.405877351760864,27,0,22,2,11
1413393946.455878973007202,27,1,22,3,11
1413393946.505881309509277,27,0,22,0,11
1413393946.555881977081299,27,0,21,1,11
1413393946.605883121490479,28,0,21,5,11
1413393946.655885457992554,28,0,23,1,11
1413393946.705885648727417,28,3,22,1,11
1413393946.755885839462280,28,0,21,4,11
1413393946.805884122848511,31,0,25,4,11
1413393946.855880975723267,31,1,28,2,11
1413393946.905876874923706,30,0,30,0,11
1413393946.955873727798462,31,4,30,1,11
1413393947.005873680114746,29,2,29,0,11
1413393947.055873394012451,32,0,27,3,11
1413393947.105873107910156,37,3,29,7,11
1413393947.155873060226440,36,2,34,1,11
1413393947.205871582031250,35,0,33,0,11
1413393947.255865335464478,38,1,31,5,11
1413393947.305861949920654,36,1,33,1,11
1413393947.355858802795410,34,1,27,0,11
1413393947.405856370925903,31,2,19,0,11
1413393947.455854177474976,30,1,17,3,11
1413393947.505852937698364,22,3,19,1,11
1413393947.555851936340332,21,2,18,1,11
1413393947.605851650238037,22,4,17,1,11
1413393947.655851125717163,23,0,17,3,11
1413393947.705850839614868,23,1,19,1,11
1413393947.755850553512573,22,10,17,0,11
1413393947.805850505828857,18,3,13,1,11
1413393947.855851173400879,13,7,10,1,11
1413393947.905851840972900,15,4,9,5,11
1413393947.955852746963501,14,4,12,1,11
1413393948.005855798721313,18,4,13,5,11
1413393948.055856704711914,17,2,15,0,11
1413393948.105858802795410,21,11,16,4,11
1413393948.155860900878906,28,0,16,8,11
1413393948.205859899520874,29,4,24,2,11
1413393948.255859851837158,33,2,23,10,11
1413393948.305859088897705,30,5,26,0,11
1413393948.355859279632568,31,0,26,2,11
1413393948.405859470367432,32,5,25,6,11
1413393948.455858230590820,46,3,29,16,11
1413393948.505859136581421,45,2,39,1,11
1413393948.555860042572021,44,3,39,0,11
1413393948.605854034423828,46,5,34,7,11
1413393948.655850648880005,46,3,41,0,11
1413393948.705848932266235,47,3,41,5,11
1413393948.755847454071045,47,3,45,1,11
1413393948.805849790573120,46,1,38,0,11
1413393948.855853557586670,49,6,34,5,11
1413393948.905857563018799,44,1,38,3,11
1413393948.955862045288086,42,1,29,1,11
1413393949.005866765975952,41,1,23,3,11
1413393949.055870056152344,41,0,18,9,11
1413393949.105872392654419,39,0,23,6,11
1413393949.155876398086548,39,1,26,7,11
1413393949.205883264541626,45,2,22,10,11
1413393949.255883932113647,43,0,18,2,11
1413393949.305885791778564,38,2,18,6,11
1413393949.355892658233643,40,4,22,14,11
1413393949.405893325805664,39,1,37,2,11
1413393949.455894947052002,42,0,38,3,11
1413393949.505895853042603,41,0,40,0,11
1413393949.555897951126099,39,0,39,0,11
1413393949.605901479721069,38,1,38,0,11
1413393949.655902862548828,39,1,38,1,11
1413393949.705902576446533,41,1,38,2,11
1413393949.755901813507080,42,1,40,2,11
1413393949.805901765823364,43,1,41,2,11
1413393949.855904102325439,47,8,41,5,11
1413393949.905905723571777,47,5,44,1,11
1413393949.955908298492432,47,6,40,2,11
1413393950.005907535552979,47,0,42,1,11
1413393950.055905580520630,46,2,40,3,11
1413393950.105904579162598,46,11,34,2,11
1413393950.155902385711670,47,4,36,3,11
1413393950.205901861190796,37,2,32,3,11
1413393950.255902051925659,38,5,35,1,11
1413393950.305902719497681,36,3,33,0,11
1413393950.355903387069702,37,4,33,2,11
1413393950.405903577804565,35,1,33,0,11
1413393950.455903291702271,35,1,32,1,11
1413393950.505902528762817,38,1,34,4,11
1413393950.555900573730469,42,2,35,5,11
1413393950.605899572372437,48,6,32,8,11
1413393950.655897855758667,49,26,35,4,11
1413393950.705897331237793,44,7,32,3,11
1413393950.755899190902710,39,1,31,1,11
1413393950.805900812149048,36,3,28,3,11
1413393950.855906724929810,47,9,29,14,11
1413393950.905909776687622,44,2,38,2,11
1413393950.955912351608276,39,1,33,1,11
1413393951.005915403366089,38,3,27,4,11
1413393951.055916547775269,34,4,25,1,11
1413393951.105917453765869,31,2,23,2,11
1413393951.155917167663574,28,4,26,1,11
1413393951.205916166305542,32,3,26,5,11
1413393951.255916357040405,42,1,28,11,11
1413393951.305915594100952,45,4,39,6,11
1413393951.355915069580078,49,13,45,4,11
1413393951.405914783477783,48,1,47,0,11
1413393951.455914497375488,46,5,43,2,11
1413393951.505914211273193,46,1,45,1,11
1413393951.555914163589478,50,10,45,4,11
1413393951.605915069580078,48,6,45,0,11
1413393951.655916929244995,47,2,42,2,11
1413393951.705918312072754,47,0,42,2,11
1413393951.755920171737671,46,1,29,2,11
1413393951.805921792984009,47,5,26,4,11
1413393951.855922698974609,34,1,27,4,11
1413393951.905923128128052,34,2,31,3,11
1413393951.955924749374390,43,4,32,11,11
1413393952.005924463272095,42,0,41,0,11
1413393952.055924415588379,41,2,36,0,11
1413393952.105925559997559,47,7,36,8,11
1413393952.155925273895264,49,5,42,4,11
1413393952.205925703048706,48,1,47,0,11
1413393952.255925655364990,47,1,46,1,11
1413393952.305925607681274,44,2,44,0,11
1413393952.355926036834717,47,2,43,4,11
1413393952.405925989151001,47,5,44,2,11
1413393952.455925941467285,50,7,45,3,11
1413393952.505925893783569,50,1,48,1,11
1413393952.555925846099854,50,5,49,1,11
1413393952.605925559997559,49,2,46,0,11
1413393952.655925273895264,46,4,41,1,11
1413393952.705925464630127,45,3,41,1,11
1413393952.755925416946411,44,1,39,2,11
1413393952.805925607681274,48,0,41,5,11
1413393952.855926275253296,48,1,44,2,11
1413393952.905926227569580,49,2,45,1,11
1413393952.955926418304443,49,4,46,2,11
1413393953.005926370620728,47,2,42,0,11
1413393953.055926084518433,48,4,41,3,11
1413393953.105925083160400,46,0,44,2,11
1413393953.155923843383789,50,6,45,4,11
1413393953.205923080444336,50,1,47,0,11
1413393953.255923509597778,49,4,47,1,11
1413393953.305923461914062,49,5,42,1,11
1413393953.355922222137451,50,1,36,1,11
1413393953.405920982360840,49,5,36,5,11
1413393953.455919981002808,47,2,38,6,11
1413393953.505918979644775,49,5,44,5,11
1413393953.555917739868164,47,1,47,0,11
1413393953.605917692184448,44,1,43,0,11
1413393953.655919313430786,41,4,38,1,11
1413393953.705920696258545,42,0,39,2,11
1413393953.755922079086304,48,1,37,9,11
1413393953.805923938751221,46,0,38,0,11
1413393953.855927944183350,46,0,40,3,11
1413393953.905930519104004,45,1,42,3,11
1413393953.955932140350342,48,0,45,3,11
1413393954.005933284759521,50,3,48,2,11
1413393954.055934190750122,50,3,49,0,11
1413393954.105935811996460,50,11,46,0,11
1413393954.155936241149902,49,1,45,1,11
1413393954.205937623977661,50,6,46,4,11
1413393954.255938053131104,50,0,50,0,11
1413393954.305938005447388,50,3,50,0,11
1413393954.355938196182251,50,4,49,0,11
1413393954.405938386917114,49,8,48,0,11
1413393954.455938100814819,47,3,45,1,11
1413393954.505938768386841,45,2,44,1,11
1413393954.555939197540283,44,2,43,0,11
1413393954.605940341949463,46,4,43,2,11
1413393954.655940771102905,45,0,44,0,11
1413393954.705941677093506,50,6,43,5,11
1413393954.755942344665527,46,2,45,0,11
1413393954.805943250656128,48,3,43,3,11
1413393954.855943679809570,47,2,45,1,11
1413393954.905944108963013,49,6,44,3,11
1413393954.955944061279297,49,1,45,1,11
1413393955.005944728851318,48,11,42,2,11
1413393955.055944919586182,42,5,38,0,11
1413393955.105945110321045,44,2,33,6,11
1413393955.155944585800171,46,5,32,5,11
1413393955.205942630767822,45,3,35,3,11
1413393955.255941152572632,46,2,24,7,11
1413393955.305939912796021,46,3,26,1,11
1413393955.355937957763672,39,3,18,9,11
1413393955.405935049057007,41,1,18,11,11
1413393955.455934524536133,28,2,16,1,11
1413393955.505934238433838,23,1,16,2,11
1413393955.555933952331543,15,9,13,2,11
1413393955.605931520462036,21,2,15,6,11
1413393955.655930757522583,21,0,21,0,11
1413393955.705929756164551,21,0,21,0,11
1413393955.755927801132202,23,4,16,4,11
1413393955.805926799774170,21,3,14,0,11
1413393955.855926036834717,20,2,12,1,11
1413393955.905923366546631,18,6,11,4,11
1413393955.955923318862915,18,2,9,2,11
1413393956.005923509597778,19,1,10,2,11
1413393956.055922985076904,21,2,10,7,11
1413393956.105920314788818,27,1,15,8,11
1413393956.155922651290894,31,0,19,7,11
1413393956.205923557281494,28,1,21,1,11
1413393956.255925416946411,28,1,16,2,11
1413393956.305926561355591,27,3,12,3,11
1413393956.355927705764771,26,1,9,5,11
1413393956.405928611755371,22,0,13,3,11
1413393956.455928802490234,22,1,12,6,11
1413393956.505928039550781,22,1,16,2,11
1413393956.555927038192749,22,0,16,2,11
1413393956.605926990509033,20,0,15,0,11
1413393956.655925989151001,21,1,15,3,11
1413393956.705925941467285,21,0,18,3,11
1413393956.755925178527832,30,1,19,9,11
1413393956.805925130844116,31,0,21,1,11
1413393956.855925083160400,32,0,20,5,11
1413393956.905925035476685,29,2,17,4,11
1413393956.955924749374390,28,3,20,0,11
1413393957.005924940109253,32,0,18,11,11
1413393957.055925846099854,41,1,23,10,11
1413393957.105925798416138,45,2,25,7,11
1413393957.155925750732422,47,1,24,10,11
1413393957.205925703048706,41,3,25,5,11
1413393957.255926132202148,38,1,28,3,11
1413393957.305926322937012,35,0,26,3,11
1413393957.355926513671875,31,1,25,1,11
1413393957.405926704406738,30,0,23,3,11
1413393957.455926656723022,30,2,21,3,11
1413393957.505926609039307,30,2,18,4,11
1413393957.555927038192749,27,2,13,3,11
1413393957.605927467346191,25,2,15,4,11
1413393957.655928134918213,27,0,16,9,11
1413393957.705928087234497,27,3,24,0,11
1413393957.755928516387939,27,3,23,2,11
1413393957.805928707122803,28,5,25,3,11
1413393957.855930089950562,29,4,26,2,11
1413393957.905931234359741,32,1,25,5,11
1413393957.955931901931763,34,1,26,6,11
1413393958.005931615829468,33,1,29,0,11
1413393958.055932044982910,38,3,23,12,11
1413393958.105932235717773,38,0,34,3,11
1413393958.155932426452637,37,3,35,0,11
1413393958.205931186676025,42,2,36,5,11
1413393958.255929470062256,42,1,39,1,11
1413393958.305927753448486,42,0,36,2,11
1413393958.355926513671875,40,0,35,0,11
1413393958.405924797058105,40,0,33,3,11
1413393958.455922842025757,44,1,34,7,11
1413393958.505921840667725,47,4,34,5,11
1413393958.555921077728271,47,3,36,2,11
1413393958.605919599533081,46,2,34,7,11
1413393958.655918598175049,44,1,36,2,11
1413393958.705917358398438,46,1,35,4,11
1413393958.755918979644775,45,0,32,3,11
1413393958.805921554565430,46,6,27,4,11
1413393958.855923175811768,44,0,21,5,11
1413393958.905923366546631,43,0,27,8,11
1413393958.955923318862915,41,1,22,6,11
1413393959.005922794342041,37,1,17,0,11
1413393959.055922746658325,32,1,8,6,11
1413393959.105922222137451,30,2,11,7,11
1413393959.155922412872314,28,2,11,7,11
1413393959.205921888351440,29,5,16,4,11
1413393959.255920171737671,30,3,16,8,11
1413393959.305918455123901,30,3,22,2,11
1413393959.355917215347290,29,2,19,4,11
1413393959.405915737152100,30,2,21,3,11
1413393959.455915451049805,29,1,21,3,11
1413393959.505915880203247,29,3,24,2,11
1413393959.555916309356689,30,0,23,7,11
1413393959.605917930603027,32,1,30,2,11
1413393959.655918359756470,31,2,30,0,11
1413393959.705916881561279,35,3,31,4,11
1413393959.755916595458984,35,0,33,1,11
1413393959.805918455123901,39,1,33,5,11
1413393959.855920076370239,39,0,36,1,11
1413393959.905923604965210,40,4,35,2,11
1413393959.955925703048706,37,2,32,1,11
1413393960.005926609039307,41,1,27,6,11
1413393960.055926084518433,38,0,30,1,11
1413393960.105926036834717,37,2,30,4,11
1413393960.155925273895264,38,1,32,5,11
1413393960.205924749374390,38,0,36,0,11
1413393960.255923509597778,39,1,36,2,11
1413393960.305921792984009,39,1,37,2,11
1413393960.355915307998657,48,2,38,9,11
1413393960.405908584594727,46,0,40,0,11
1413393960.455903530120850,50,4,27,5,11
1413393960.505903005599976,47,0,9,2,11
1413393960.555901288986206,44,11,10,10,11
1413393960.605901956558228,40,0,17,19,11
1413393960.655903339385986,40,0,36,1,11
1413393960.705904006958008,36,0,36,0,11
1413393960.755904912948608,36,0,34,0,11
1413393960.805906534194946,35,3,34,0,11
1413393960.855908393859863,34,1,33,0,11
1413393960.905909061431885,32,7,29,0,11
1413393960.955912828445435,39,5,28,9,11
1413393961.005913496017456,35,6,32,2,11
1413393961.055915117263794,31,2,23,0,11
1413393961.105919122695923,31,3,22,1,11
1413393961.155926227569580,38,2,11,14,11
1413393961.205931663513184,39,4,16,4,11
1413393961.255933284759521,39,1,8,8,11
1413393961.305934667587280,31,1,9,7,11
1413393961.355934619903564,29,1,9,7,11
1413393961.405934333801270,30,1,12,7,11
1413393961.455933094024658,30,0,11,7,11
1413393961.505929231643677,27,0,19,2,11
1413393961.555927276611328,26,1,10,5,11
1413393961.605926990509033,26,0,7,0,11
1413393961.655926227569580,25,1,4,11,11
1413393961.705927133560181,25,0,12,7,11
1413393961.755927562713623,25,0,10,3,11
1413393961.805927753448486,23,0,8,1,11
1413393961.855927705764771,23,0,2,9,11
1413393961.905927658081055,23,0,10,5,11
1413393961.955927848815918,23,1,6,7,11
1413393962.005927085876465,24,0,12,2,11
1413393962.055926799774170,24,3,6,9,11
1413393962.105927944183350,26,1,13,3,11
1413393962.155928373336792,25,1,14,7,11
1413393962.205928325653076,25,2,14,2,11
1413393962.255928277969360,26,5,16,3,11
1413393962.305928468704224,24,6,18,5,11
1413393962.355927705764771,21,1,20,0,11
1413393962.405926942825317,23,2,19,4,11
1413393962.455926418304443,22,4,18,1,11
1413393962.505926370620728,25,1,16,4,11
1413393962.555925846099854,32,1,19,11,11
1413393962.605925559997559,31,1,27,4,11
1413393962.655925512313843,35,5,29,5,11
1413393962.705924749374390,33,7,27,1,11
1413393962.755923509597778,25,16,21,0,11
1413393962.805921792984009,25,13,18,5,11
1413393962.855921030044556,22,1,20,0,11
1413393962.905920743942261,18,4,16,1,11
1413393962.955919504165649,17,6,12,5,11
1413393963.005919456481934,17,10,12,4,11
1413393963.055919170379639,13,3,11,0,11
1413393963.105919361114502,10,3,10,0,11
1413393963.155918359756470,11,5,8,2,11
1413393963.205918312072754,11,4,9,1,11
1413393963.255918025970459,7,3,7,0,11
1413393963.305918216705322,15,3,7,8,11
1413393963.355918884277344,20,5,14,6,11
1413393963.405919790267944,25,5,20,5,11
1413393963.455920457839966,24,6,22,1,11
1413393963.505921363830566,30,6,21,7,11
1413393963.555921554565430,32,2,25,3,11
1413393963.605921745300293,32,3,19,2,11
1413393963.655921697616577,32,3,20,2,11
1413393963.705921411514282,28,7,18,5,11
1413393963.755920886993408,32,8,23,6,11
1413393963.805920839309692,38,4,21,10,11
1413393963.855921268463135,39,2,18,1,11
1413393963.905921936035156,34,8,13,2,11
1413393963.955922126770020,29,7,6,9,11
1413393964.005921840667725,25,3,9,2,11
1413393964.055922269821167,17,4,2,1,11
1413393964.105923175811768,14,2,0,3,11
1413393964.155923366546631,16,1,1,11,11
1413393964.205922603607178,15,4,8,1,11
1413393964.255922555923462,13,2,2,0,11
1413393964.305921792984009,13,5,0,4,11
1413393964.355921983718872,12,5,1,6,11
1413393964.405920743942261,14,1,6,4,11
1413393964.455920457839966,12,4,4,1,11
1413393964.505920410156250,13,8,2,2,11
1413393964.555919647216797,11,4,2,4,11
1413393964.605919599533081,13,5,5,5,11
1413393964.655918836593628,14,4,5,4,11
1413393964.705918550491333,14,0,2,1,11
1413393964.755917549133301,16,2,3,7,11
1413393964.805916547775269,32,3,6,22,11
1413393964.855916976928711,32,3,17,1,11
1413393964.905917406082153,29,6,16,1,11
1413393964.955918788909912,30,3,13,14,11
1413393965.005919218063354,27,2,22,0,11
1413393965.055919408798218,21,3,12,3,11
1413393965.105920076370239,26,2,9,10,11
1413393965.155919790267944,31,6,14,8,11
1413393965.205919027328491,26,2,18,2,11
1413393965.255918502807617,25,3,19,3,11
1413393965.305917739868164,21,1,15,0,11
1413393965.355917453765869,21,4,11,1,11
1413393965.405916929244995,16,2,9,0,11
1413393965.455915212631226,18,3,9,6,11
1413393965.505914926528931,19,5,11,4,11
1413393965.555914878845215,32,7,13,14,11
1413393965.605915546417236,31,7,25,1,11
1413393965.655915737152100,33,8,24,3,11
1413393965.705916881561279,33,9,26,4,11
1413393965.755921363830566,38,4,26,9,11
1413393965.805922985076904,36,4,30,2,11
1413393965.855924129486084,36,7,30,4,11
1413393965.905923604965210,37,0,34,2,11
1413393965.955922842025757,41,0,34,7,11
1413393966.005921840667725,39,1,38,0,11
1413393966.055921316146851,44,0,37,5,11
1413393966.105921268463135,43,0,39,1,11
1413393966.155920505523682,46,2,40,5,11
1413393966.205919981002808,48,3,43,4,11
1413393966.255920171737671,48,2,46,1,11
1413393966.305920124053955,50,11,44,3,11
1413393966.355919599533081,48,3,41,0,11
1413393966.405917882919312,45,5,34,3,11
1413393966.455916404724121,45,4,34,5,11
1413393966.505915164947510,45,10,33,7,11
1413393966.555914878845215,44,2,34,1,11
1413393966.605914831161499,40,3,32,1,11
1413393966.655914783477783,39,0,32,4,11
1413393966.705914974212646,35,4,33,1,11
1413393966.755914688110352,35,2,31,3,11
1413393966.805913925170898,31,2,30,0,11
1413393966.855912923812866,32,4,29,1,11
1413393966.905912160873413,34,5,29,2,11
1413393966.955911159515381,33,3,26,2,11
1413393967.005909442901611,34,3,23,7,11
1413393967.055909156799316,33,2,28,4,11
1413393967.105909824371338,36,2,32,3,11
1413393967.155910015106201,38,4,31,6,11
1413393967.205911159515381,39,3,32,3,11
1413393967.255912303924561,40,6,31,3,11
1413393967.305914163589478,43,5,27,6,11
1413393967.355915784835815,40,2,26,3,11
1413393967.405916929244995,36,5,28,3,11
1413393967.455918312072754,42,1,29,11,11
1413393967.505918979644775,39,1,35,2,11
1413393967.555918931961060,41,2,37,3,11
1413393967.605917453765869,48,4,32,10,11
1413393967.655916929244995,49,2,36,1,11
1413393967.705916881561279,48,3,36,5,11
1413393967.755916595458984,47,2,40,6,11
1413393967.805916070938110,50,4,44,3,11
1413393967.855914831161499,47,4,43,0,11
1413393967.905912399291992,42,3,37,2,11
1413393967.955911874771118,36,2,33,1,11
1413393968.005912065505981,39,0,32,4,11
1413393968.055912971496582,39,1,36,1,11
1413393968.105914592742920,42,1,36,4,11
1413393968.155915737152100,48,1,39,7,11
1413393968.205916404724121,47,1,45,2,11
1413393968.255917072296143,48,2,47,1,11
1413393968.305916547775269,49,7,48,1,11
1413393968.355916500091553,50,8,49,1,11
1413393968.405915975570679,49,2,49,0,11
1413393968.455916166305542,48,6,48,0,11
1413393968.505915641784668,49,2,47,2,11
1413393968.555915594100952,50,0,48,1,11
1413393968.605913877487183,50,28,47,0,11
1413393968.655913829803467,49,0,46,0,11
1413393968.705914020538330,47,3,45,0,11
1413393968.755913972854614,47,0,45,1,11
1413393968.805912971496582,49,3,46,3,11
1413393968.855911493301392,49,2,48,0,11
1413393968.905909776687622,49,6,46,1,11
1413393968.955909013748169,49,9,47,1,11
1413393969.005908250808716,48,0,46,1,11
1413393969.055907964706421,48,5,43,2,11
1413393969.105907678604126,47,4,43,3,11
1413393969.155907869338989,46,0,44,0,11
1413393969.205908298492432,50,13,43,4,11
1413393969.255908966064453,46,1,43,0,11
1413393969.305909872055054,47,1,40,2,11
1413393969.355910301208496,44,0,39,0,11
1413393969.405909538269043,43,3,39,2,11
1413393969.455909252166748,43,0,37,2,11
1413393969.505907535552979,47,2,38,5,11
1413393969.555906295776367,49,9,43,5,11
1413393969.605906724929810,47,3,47,0,11
1413393969.655905961990356,47,4,42,2,11
1413393969.705905914306641,47,0,43,0,11
1413393969.755906105041504,46,3,43,2,11
1413393969.805906295776367,47,13,43,2,11
1413393969.855907678604126,46,1,44,1,11
1413393969.905908107757568,44,2,44,0,11
1413393969.955908060073853,44,0,43,1,11
1413393970.005907773971558,45,0,43,1,11
1413393970.055907487869263,45,0,43,0,11
1413393970.105907678604126,49,0,40,5,11
1413393970.155908584594727,48,34,44,1,11
1413393970.205908536911011,47,1,43,1,11
1413393970.255908250808716,46,0,45,0,11
1413393970.305907726287842,45,0,45,0,11
1413393970.355907917022705,45,0,45,0,11
1413393970.405909061431885,50,10,44,5,11
1413393970.455909490585327,50,0,48,0,11
1413393970.505910634994507,50,1,47,1,11
1413393970.555911540985107,50,3,47,1,11
1413393970.605912208557129,50,4,48,1,11
1413393970.655912876129150,47,11,45,0,11
1413393970.705913066864014,47,2,43,1,11
1413393970.755912542343140,47,24,42,3,11
1413393970.805911302566528,46,1,44,1,11
1413393970.855910062789917,44,1,42,1,11
1413393970.905908823013306,43,1,40,1,11
1413393970.955908536911011,41,0,40,1,11
1413393971.005909681320190,48,1,39,7,11
1413393971.055911302566528,48,0,41,0,11
1413393971.105914115905762,47,1,42,1,11
1413393971.155918121337891,45,2,42,2,11
1413393971.205920934677124,42,2,39,0,11
1413393971.255923271179199,47,3,40,6,11
1413393971.305924415588379,47,17,38,4,11
1413393971.355925083160400,46,10,40,2,11
1413393971.405925989151001,43,2,37,2,11
1413393971.455928087234497,44,1,39,3,11
1413393971.505930900573730,41,1,39,1,11
1413393971.555932998657227,39,2,34,1,11
1413393971.605934858322144,37,4,30,1,11
1413393971.655936241149902,33,10,29,0,11
1413393971.705935478210449,29,5,25,0,11
1413393971.755935192108154,27,2,20,2,11
1413393971.805932044982910,36,3,22,11,11
1413393971.855930089950562,34,4,28,2,11
1413393971.905927896499634,36,0,28,2,11
1413393971.955926179885864,38,3,32,6,11
1413393972.005924701690674,38,0,35,0,11
1413393972.055922746658325,42,2,31,5,11
1413393972.105923652648926,42,1,33,3,11
1413393972.155925750732422,42,1,35,3,11
1413393972.205927848815918,44,1,35,6,11
1413393972.255930900573730,49,7,22,7,11
1413393972.305928707122803,47,2,25,2,11
1413393972.355927467346191,40,9,26,8,11
1413393972.405926942825317,40,0,34,5,11
1413393972.455927371978760,39,2,37,0,11
1413393972.505928039550781,41,1,36,2,11
1413393972.555929660797119,45,7,35,7,11
1413393972.605930328369141,43,0,42,1,11
1413393972.655930280685425,46,1,42,3,11
1413393972.705930709838867,45,0,42,0,11
1413393972.755931377410889,44,1,39,2,11
1413393972.805932044982910,43,0,37,2,11
1413393972.855934381484985,47,0,35,6,11
1413393972.905935287475586,48,2,40,3,11
1413393972.955937147140503,47,18,41,3,11
1413393973.005937814712524,46,0,43,1,11
1413393973.055939435958862,49,15,45,4,11
1413393973.105940103530884,49,0,47,1,11
1413393973.155941009521484,50,7,48,2,11
1413393973.205941677093506,50,0,49,0,11
1413393973.255941867828369,50,0,49,0,11
1413393973.305942058563232,49,0,48,0,11
1413393973.355942964553833,49,1,48,0,11
1413393973.405942440032959,49,2,48,1,11
1413393973.455942392349243,50,1,48,1,11
1413393973.505942344665527,48,3,46,0,11
1413393973.555942773818970,46,16,42,0,11
1413393973.605942010879517,45,1,41,1,11
1413393973.655941009521484,44,9,39,3,11
1413393973.705939054489136,42,1,40,0,11
1413393973.755936861038208,45,1,35,5,11
1413393973.805935144424438,43,0,37,1,11
1413393973.855934143066406,38,1,28,0,11
1413393973.905934572219849,36,0,21,1,11
1413393973.955932855606079,33,1,18,6,11
1413393974.005932569503784,27,2,16,3,11
1413393974.055932283401489,24,0,13,2,11
1413393974.105932950973511,19,4,13,2,11
1413393974.155934810638428,25,4,13,11,11
1413393974.205937147140503,20,4,17,0,11
1413393974.255938291549683,20,1,14,1,11
1413393974.305939674377441,17,0,14,0,11
1413393974.355943202972412,24,2,14,9,11
1413393974.405944585800171,23,2,22,0,11
1413393974.455946207046509,22,1,18,1,11
1413393974.505947828292847,25,6,17,4,11
1413393974.555947542190552,24,4,18,2,11
1413393974.605948686599731,26,3,19,4,11
1413393974.655948162078857,41,4,20,17,11
1413393974.705947875976562,42,10,28,2,11
1413393974.755947589874268,33,5,26,1,11
1413393974.805947065353394,28,2,21,2,11
1413393974.855945587158203,27,2,19,3,11
1413393974.905944824218750,23,2,16,2,11
1413393974.955944061279297,20,1,14,3,11
1413393975.005942583084106,20,3,16,2,11
1413393975.055941581726074,18,1,16,1,11
1413393975.105941295623779,17,3,15,1,11
1413393975.155937910079956,25,7,15,8,11
1413393975.205936908721924,24,2,22,0,11
1413393975.255936622619629,24,3,18,5,11
1413393975.305935621261597,30,2,23,7,11
1413393975.355936050415039,34,4,29,4,11
1413393975.405935525894165,38,6,33,4,11
1413393975.455935001373291,46,1,36,9,11
1413393975.505934238433838,45,1,42,0,11
1413393975.555932521820068,46,3,38,4,11
1413393975.605932474136353,49,3,35,6,11
1413393975.655932664871216,46,3,37,1,11
1413393975.705932378768921,41,5,38,2,11
1413393975.755931138992310,45,0,38,6,11
1413393975.805930614471436,43,3,40,0,11
1413393975.855930328369141,42,2,40,1,11
1413393975.905930042266846,44,2,39,4,11
1413393975.955929756164551,44,5,40,0,11
1413393976.005929946899414,42,7,38,0,11
1413393976.055930137634277,42,0,38,2,11
1413393976.105930328369141,42,0,39,2,11
1413393976.155929803848267,40,3,40,0,11
1413393976.205929517745972,40,1,38,0,11
1413393976.255928516387939,43,0,39,3,11
1413393976.305927515029907,45,0,39,5,11
1413393976.355927228927612,45,0,40,4,11
1413393976.405926704406738,44,1,41,1,11
1413393976.455926895141602,48,1,39,6,11
1413393976.505926847457886,43,3,41,0,11
1413393976.555927038192749,43,1,41,1,11
1413393976.605927228927612,43,3,36,2,11
1413393976.655927419662476,44,2,33,3,11
1413393976.705926895141602,44,0,34,4,11
1413393976.755927085876465,44,1,34,4,11
1413393976.805928230285645,43,2,36,1,11
1413393976.855929374694824,42,0,30,3,11
1413393976.905930995941162,42,2,28,3,11
1413393976.955931901931763,36,1,27,4,11
1413393977.005931615829468,35,1,30,2,11
1413393977.055931091308594,34,0,31,2,11
1413393977.105929613113403,41,0,26,8,11
1413393977.155928373336792,41,1,33,0,11
1413393977.205926656723022,41,1,31,3,11
1413393977.255925416946411,40,0,33,5,11
1413393977.305924415588379,39,2,38,0,11
1413393977.355924367904663,41,0,34,3,11
1413393977.405924558639526,45,1,36,4,11
1413393977.455924749374390,46,1,38,5,11
1413393977.505925178527832,47,1,42,2,11
1413393977.555926084518433,48,1,41,4,11
1413393977.605926513671875,49,2,44,2,11
1413393977.655926465988159,49,3,45,2,11
1413393977.705926656723022,50,2,46,2,11
1413393977.755926847457886,49,0,47,0,11
1413393977.805926799774170,50,8,47,2,11
1413393977.855926990509033,49,0,48,1,11
1413393977.905926704406738,50,3,49,1,11
1413393977.955926656723022,50,2,47,0,11
1413393978.005926370620728,49,4,42,0,11
1413393978.055926561355591,46,1,39,0,11
1413393978.105926990509033,47,2,38,6,11
1413393978.155927658081055,44,0,42,0,11
1413393978.205928087234497,46,1,41,3,11
1413393978.255929946899414,48,3,40,3,11
1413393978.305931091308594,48,2,41,2,11
1413393978.355932712554932,47,3,40,3,11
1413393978.405933856964111,46,4,41,2,11
1413393978.455934762954712,42,1,38,0,11
1413393978.505935430526733,40,1,36,3,11
1413393978.555935859680176,39,2,36,2,11
1413393978.605937004089355,45,0,35,8,11
1413393978.655937671661377,44,0,40,2,11
1413393978.705940008163452,45,10,38,5,11
1413393978.755941390991211,45,0,40,1,11
1413393978.805941820144653,42,1,39,0,11
1413393978.855942249298096,41,1,37,2,11
1413393978.905941963195801,38,0,35,0,11
1413393978.955941438674927,39,1,34,2,11
1413393979.005940914154053,40,0,33,6,11
1413393979.055940866470337,37,1,30,0,11
1413393979.105940818786621,34,1,24,1,11
1413393979.155940771102905,33,0,25,4,11
1413393979.205940961837769,34,0,25,5,11
1413393979.255940914154053,32,0,20,0,11
1413393979.305941343307495,36,1,20,9,11
1413393979.355941534042358,34,0,27,6,11
1413393979.405941486358643,33,0,27,1,11
1413393979.455941438674927,32,1,23,1,11
1413393979.505941152572632,29,1,20,2,11
1413393979.555940866470337,29,1,22,4,11
1413393979.605940818786621,27,5,25,1,11
1413393979.655940771102905,27,5,23,0,11
1413393979.705940485000610,26,4,23,0,11
1413393979.755940198898315,28,0,23,5,11
1413393979.805939435958862,29,3,27,2,11
1413393979.855939388275146,33,0,26,7,11
1413393979.905939102172852,34,1,29,3,11
1413393979.955938816070557,35,0,30,1,11
1413393980.005938291549683,33,0,28,1,11
1413393980.055937528610229,30,0,26,0,11
1413393980.105936765670776,45,0,23,16,11
1413393980.155935764312744,41,5,32,4,11
1413393980.205935239791870,44,1,34,4,11
1413393980.255934953689575,46,0,35,6,11
1413393980.305934667587280,43,4,34,1,11
1413393980.355935811996460,37,7,33,0,11
1413393980.405936479568481,35,1,33,1,11
1413393980.455939769744873,43,3,30,9,11
1413393980.505943298339844,41,5,36,0,11
1413393980.555947542190552,39,2,37,1,11
1413393980.605948925018311,38,3,38,0,11
1413393980.655949831008911,40,2,37,2,11
1413393980.705950021743774,40,4,37,1,11
1413393980.755950689315796,45,5,37,7,11
1413393980.805952310562134,48,9,39,6,11
1413393980.855952262878418,48,0,44,1,11
1413393980.905951976776123,46,3,45,1,11
1413393980.955952405929565,46,3,45,1,11
1413393981.005952835083008,47,5,46,1,11
1413393981.055954217910767,47,5,46,1,11
1413393981.105955362319946,49,7,45,3,11
1413393981.155955791473389,47,1,45,1,11
1413393981.205956459045410,48,6,45,3,11
1413393981.255956888198853,48,1,48,0,11
1413393981.305957317352295,47,0,45,0,11
1413393981.355958700180054,49,9,45,3,11
1413393981.405958652496338,49,8,48,1,11
1413393981.455958366394043,47,3,46,0,11
1413393981.505957841873169,47,0,46,0,11
1413393981.555957078933716,45,2,43,0,11
1413393981.605956792831421,44,4,32,0,11
1413393981.655955314636230,42,4,24,4,11
1413393981.705953359603882,45,4,29,13,11
1413393981.755952835083008,44,2,42,2,11
1413393981.805952310562134,43,1,42,1,11
1413393981.855952501296997,43,5,43,0,11
1413393981.905952692031860,41,1,41,0,11
1413393981.955953359603882,49,1,41,8,11
1413393982.005953788757324,50,8,48,1,11
1413393982.055954456329346,49,1,46,0,11
1413393982.105955362319946,48,1,45,1,11
1413393982.155955791473389,45,6,42,2,11
1413393982.205956697463989,46,8,39,5,11
1413393982.255956649780273,42,2,37,1,11
1413393982.305956602096558,40,0,33,3,11
1413393982.355957031250000,47,5,32,9,11
1413393982.405957221984863,44,0,38,2,11
1413393982.455957412719727,42,1,37,1,11
1413393982.505956888198853,42,1,38,1,11
1413393982.555956125259399,42,2,30,3,11
1413393982.605955362319946,42,6,29,3,11
1413393982.655955314636230,34,1,27,2,11
1413393982.705954551696777,41,2,20,11,11
1413393982.755954980850220,43,0,30,7,11
1413393982.805955410003662,40,2,32,1,11
1413393982.855955600738525,32,2,28,1,11
1413393982.905956506729126,30,7,21,8,11
1413393982.955956935882568,31,6,24,4,11
1413393983.005957126617432,34,7,24,6,11
1413393983.055957317352295,33,2,24,3,11
1413393983.105957746505737,31,4,26,0,11
1413393983.155957460403442,28,0,24,2,11
1413393983.205957651138306,30,3,21,7,11
1413393983.255957365036011,30,2,27,2,11
1413393983.305957555770874,26,0,20,4,11
1413393983.355957508087158,25,1,24,1,11
1413393983.405957698822021,29,3,21,7,11
1413393983.455957651138306,27,1,24,0,11
1413393983.505957365036011,29,1,20,6,11
1413393983.555957555770874,22,1,21,0,11
1413393983.605957746505737,22,5,17,4,11
1413393983.655957937240601,31,3,18,11,11
1413393983.705957889556885,30,3,27,0,11
1413393983.755957841873169,28,4,24,1,11
1413393983.805957794189453,31,1,24,6,11
1413393983.855958223342896,34,3,27,5,11
1413393983.905958414077759,35,1,28,7,11
1413393983.955958366394043,29,5,28,0,11
1413393984.005958318710327,27,1,25,0,11
1413393984.055958747863770,32,0,24,6,11
1413393984.105958938598633,31,0,29,2,11
1413393984.155958890914917,28,1,27,1,11
1413393984.205958843231201,28,4,25,3,11
1413393984.255959033966064,34,1,26,8,11
1413393984.305958747863770,34,3,32,1,11
1413393984.355958938598633,32,1,28,3,11
1413393984.405959129333496,33,2,27,3,11
1413393984.455959320068359,30,1,26,1,11
1413393984.505959033966064,27,0,23,2,11
1413393984.555958747863770,36,3,24,11,11
1413393984.605958938598633,35,4,30,3,11
1413393984.655958890914917,32,7,27,1,11
1413393984.705959081649780,28,4,24,2,11
1413393984.755959033966064,27,4,24,2,11
1413393984.805958747863770,25,5,23,2,11
1413393984.855958938598633,28,4,24,4,11
1413393984.905958175659180,26,5,22,4,11
1413393984.955957889556885,23,3,22,0,11
1413393985.005958080291748,23,3,19,3,11
1413393985.055958509445190,24,4,20,1,11
1413393985.105958700180054,23,4,21,0,11
1413393985.155959367752075,23,6,18,4,11
1413393985.205960035324097,23,5,22,0,11
1413393985.255960226058960,26,0,22,4,11
1413393985.305960655212402,25,4,23,1,11
1413393985.355960845947266,27,6,23,3,11
1413393985.405960798263550,31,3,25,6,11
1413393985.455960273742676,31,6,28,1,11
1413393985.505960226058960,31,5,29,0,11
1413393985.555960178375244,31,1,26,2,11
1413393985.605960607528687,30,2,20,4,11
1413393985.655960083007812,31,6,23,4,11
1413393985.705960035324097,29,4,24,3,11
1413393985.755959987640381,28,4,26,0,11
1413393985.805960416793823,30,2,23,4,11
1413393985.855961322784424,35,0,23,6,11
1413393985.905962228775024,34,4,24,5,11
1413393985.955962896347046,33,1,29,2,11
1413393986.005963563919067,34,3,28,4,11
1413393986.055963993072510,38,2,32,4,11
1413393986.105963945388794,36,0,35,1,11
1413393986.155963897705078,36,1,33,3,11
1413393986.205963134765625,33,6,29,2,11
1413393986.255962371826172,41,3,27,9,11
1413393986.305961608886719,40,2,33,2,11
1413393986.355961561203003,42,3,29,7,11
1413393986.405961275100708,43,3,31,3,11
1413393986.455960988998413,40,3,32,1,11
1413393986.505960941314697,40,1,29,5,11
1413393986.555961132049561,40,1,29,3,11
1413393986.605961799621582,39,1,29,5,11
1413393986.655962705612183,35,0,27,1,11
1413393986.705961942672729,35,2,24,4,11
1413393986.755962371826172,31,1,22,1,11
1413393986.805963039398193,35,0,15,7,11
1413393986.855963706970215,38,1,17,8,11
1413393986.905964374542236,31,0,20,3,11
1413393986.955966234207153,28,0,20,4,11
1413393987.005967378616333,27,0,22,1,11
1413393987.055969476699829,27,1,17,2,11
1413393987.105970621109009,26,1,16,1,11
1413393987.155974149703979,27,1,14,7,11
1413393987.205975532531738,26,1,20,2,11
1413393987.255977153778076,33,0,21,10,11
1413393987.305977106094360,34,1,28,2,11
1413393987.355976581573486,37,2,29,4,11
1413393987.405976295471191,37,0,33,2,11
1413393987.455975294113159,36,0,35,1,11
1413393987.505974769592285,41,1,35,5,11
1413393987.555973768234253,47,6,39,7,11
1413393987.605973482131958,49,1,45,3,11
1413393987.655973434448242,47,6,43,1,11
1413393987.705973148345947,46,3,39,1,11
1413393987.755972862243652,47,5,38,4,11
1413393987.805973052978516,47,3,39,3,11
1413393987.855972766876221,48,6,39,3,11
1413393987.905972719192505,45,1,39,1,11
1413393987.955972433090210,44,1,37,3,11
1413393988.005972385406494,42,1,38,0,11
1413393988.055972099304199,39,1,30,1,11
1413393988.105972528457642,36,4,26,1,11
1413393988.155972957611084,40,2,23,9,11
1413393988.205973148345947,35,1,22,0,11
1413393988.255973577499390,31,0,19,1,11
1413393988.305973529815674,28,1,16,5,11
1413393988.355973720550537,26,0,17,1,11
1413393988.405972957611084,30,2,15,8,11
1413393988.455973148345947,34,3,20,8,11
1413393988.505973100662231,31,1,25,0,11
1413393988.555970907211304,31,0,23,7,11
1413393988.605970382690430,32,0,22,2,11
1413393988.655969142913818,33,4,22,1,11
1413393988.705968141555786,28,1,23,5,11
1413393988.755967140197754,28,8,25,2,11
1413393988.805967330932617,32,2,27,5,11
1413393988.855967283248901,33,5,30,3,11
1413393988.905967712402344,36,5,27,6,11
1413393988.955967664718628,37,3,29,3,11
1413393989.005967140197754,34,5,30,1,11
1413393989.055967330932617,33,1,30,2,11
1413393989.105967283248901,42,2,32,9,11
1413393989.155968189239502,40,5,36,1,11
1413393989.205968379974365,37,1,34,0,11
1413393989.255969524383545,35,3,33,2,11
1413393989.305970668792725,33,7,29,2,11
1413393989.355971336364746,32,5,28,0,11
1413393989.405968427658081,41,2,27,11,11
1413393989.455968379974365,28,5,26,0,11
1413393989.505968332290649,28,7,22,3,11
1413393989.555969953536987,27,4,24,1,11
1413393989.605970859527588,26,4,24,2,11
1413393989.655972242355347,25,0,24,1,11
1413393989.705974340438843,25,0,21,2,11
1413393989.755975723266602,27,0,23,3,11
1413393989.805976629257202,25,0,23,0,11
1413393989.855978250503540,27,4,23,2,11
1413393989.905979633331299,23,3,21,1,11
1413393989.955980777740479,32,1,20,9,11
1413393990.005980730056763,31,2,23,3,11
1413393990.055979728698730,35,2,22,7,11
1413393990.105980157852173,41,1,25,9,11
1413393990.155980587005615,37,3,32,0,11
1413393990.205980539321899,38,2,29,6,11
1413393990.255981206893921,37,0,28,4,11
1413393990.305981874465942,33,2,27,1,11
1413393990.355982065200806,32,0,22,7,11
1413393990.405982732772827,35,0,25,6,11
1413393990.455982446670532,34,0,32,0,11
1413393990.505982398986816,33,0,29,2,11
1413393990.555982112884521,32,1,30,0,11
1413393990.605982780456543,32,1,27,3,11
1413393990.655982971191406,30,2,26,1,11
1413393990.705983161926270,30,2,23,1,11
1413393990.755982875823975,29,2,19,5,11
1413393990.805982589721680,28,3,21,5,11
1413393990.855982542037964,27,1,21,2,11
1413393990.905979871749878,32,2,16,7,11
1413393990.955977201461792,27,2,17,0,11
1413393991.005974531173706,22,3,16,0,11
1413393991.055973052978516,21,2,13,3,11
1413393991.105971336364746,20,5,14,3,11
1413393991.155959606170654,29,7,14,12,11
1413393991.205959081649780,25,2,20,0,11
1413393991.255958795547485,21,4,15,1,11
1413393991.305959463119507,18,2,12,1,11
1413393991.355960607528687,17,6,16,0,11
1413393991.405960321426392,12,2,12,0,11
1413393991.455961227416992,12,0,11,1,11
1413393991.505964517593384,17,2,11,5,11
1413393991.555966377258301,18,1,16,1,11
1413393991.605967998504639,18,0,17,1,11
1413393991.655969381332397,17,0,17,0,11
1413393991.705970525741577,21,0,17,4,11
1413393991.755972385406494,28,1,21,7,11
1413393991.805974721908569,29,0,25,1,11
1413393991.855978965759277,29,0,24,0,11
1413393991.905980587005615,27,2,16,1,11
1413393991.955982208251953,26,0,16,1,11
1413393992.005984783172607,24,3,15,6,11
1413393992.055986642837524,23,3,21,0,11
1413393992.105992317199707,26,4,10,5,11
1413393992.155991315841675,26,0,9,0,11
1413393992.205989837646484,22,1,8,9,11
1413393992.255986690521240,24,1,11,7,11
1413393992.305985927581787,24,0,13,0,11
1413393992.355981111526489,23,0,14,5,11
1413393992.405980348587036,22,0,17,3,11
1413393992.455980300903320,22,0,20,0,11
1413393992.505976438522339,26,0,18,5,11
1413393992.555978298187256,26,1,23,1,11
1413393992.605979442596436,27,0,24,2,11
1413393992.655981540679932,28,1,25,1,11
1413393992.705984115600586,34,1,24,8,11
1413393992.755984067916870,33,1,31,0,11
1413393992.805981159210205,37,1,27,5,11
1413393992.855978012084961,39,1,25,4,11
1413393992.905973672866821,38,3,19,3,11
1413393992.955966949462891,38,0,21,7,11
1413393993.005959272384644,35,0,24,6,11
1413393993.055954933166504,34,0,31,2,11
1413393993.105951547622681,35,0,32,2,11
1413393993.155948877334595,36,0,32,1,11
1413393993.205945730209351,38,0,27,3,11
1413393993.255945682525635,35,1,28,0,11
1413393993.305941104888916,37,0,30,7,11
1413393993.355939865112305,39,0,35,4,11
1413393993.405939579010010,39,1,37,1,11
1413393993.455938577651978,39,1,37,1,11
1413393993.505934953689575,38,1,37,1,11
1413393993.555933237075806,39,1,34,1,11
1413393993.605931758880615,40,10,34,1,11
1413393993.655930995941162,37,5,33,1,11
1413393993.705930709838867,37,4,33,1,11
1413393993.755930185317993,40,6,29,6,11
1413393993.805931329727173,34,5,30,0,11
1413393993.855933189392090,25,0,20,1,11
1413393993.905934810638428,22,2,20,0,11
1413393993.955936193466187,21,1,18,3,11
1413393994.005937337875366,20,2,19,0,11
1413393994.055937767028809,18,0,18,0,11
1413393994.105937004089355,18,0,14,2,11
1413393994.155936479568481,18,0,17,0,11
1413393994.205935716629028,18,1,16,1,11
1413393994.255937576293945,21,2,17,3,11
1413393994.305938005447388,20,5,18,0,11
1413393994.355938673019409,21,4,16,1,11
1413393994.405937671661377,24,6,11,5,11
1413393994.455938100814819,21,3,12,1,11
1413393994.505938291549683,16,1,9,3,11
1413393994.555938243865967,14,1,8,1,11
1413393994.605938434600830,13,6,8,1,11
1413393994.655937433242798,10,5,7,2,11
1413393994.705934047698975,12,9,7,4,11
1413393994.755932807922363,11,3,7,1,11
1413393994.805932521820068,9,3,7,1,11
1413393994.855927944183350,16,1,6,8,11
1413393994.905925989151001,16,1,12,0,11
1413393994.955915451049805,21,2,12,7,11
1413393995.005913496017456,19,3,16,0,11
1413393995.055912733078003,19,1,13,0,11
1413393995.105909824371338,36,0,8,20,11
1413393995.155910968780518,36,1,22,4,11
1413393995.205913066864014,35,2,27,1,11
1413393995.255915880203247,33,1,28,5,11
1413393995.305918216705322,38,1,33,5,11
1413393995.355919361114502,40,0,38,2,11
1413393995.405919313430786,40,0,39,0,11
1413393995.455919504165649,39,4,37,0,11
1413393995.505919694900513,36,3,35,0,11
1413393995.555920362472534,41,6,33,7,11
1413393995.605920791625977,43,0,38,2,11
1413393995.655920743942261,42,3,39,0,11
1413393995.705920457839966,39,0,37,2,11
1413393995.755920171737671,37,1,34,1,11
1413393995.805920600891113,35,0,33,1,11
1413393995.855920553207397,37,6,33,2,11
1413393995.905920505523682,40,0,33,4,11
1413393995.955919981002808,40,1,36,3,11
1413393996.005919933319092,47,1,36,9,11
1413393996.055919885635376,45,1,41,1,11
1413393996.105919122695923,47,5,37,5,11
1413393996.155918836593628,44,5,37,3,11
1413393996.205917835235596,43,0,39,0,11
1413393996.255916595458984,40,1,38,0,11
1413393996.305915832519531,43,4,33,5,11
1413393996.355916023254395,41,0,31,0,11
1413393996.405916452407837,39,1,26,1,11
1413393996.455916404724121,43,1,26,12,11
1413393996.505916357040405,40,0,37,2,11
1413393996.555916547775269,39,0,39,0,11
1413393996.605917215347290,40,2,38,1,11
1413393996.655917406082153,49,5,39,10,11
1413393996.705918788909912,48,5,47,0,11
1413393996.755919694900513,47,11,45,0,11
1413393996.805920362472534,46,13,41,3,11
1413393996.855920553207397,46,6,41,2,11
1413393996.905920505523682,46,2,41,3,11
1413393996.955920696258545,47,4,42,4,11
1413393997.005920410156250,48,1,46,1,11
1413393997.055920362472534,47,0,45,1,11
1413393997.105920791625977,48,0,45,2,11
1413393997.155920505523682,48,9,46,2,11
1413393997.205920219421387,48,0,48,0,11
1413393997.255920171737671,50,18,47,2,11
1413393997.305920124053955,50,0,48,0,11
1413393997.355920314788818,49,4,48,0,11
1413393997.405920267105103,49,12,46,1,11
1413393997.455920219421387,47,2,44,1,11
1413393997.505919933319092,46,0,45,1,11
1413393997.555919885635376,48,0,45,3,11
1413393997.605920076370239,48,1,45,0,11
1413393997.655920028686523,50,19,43,2,11
1413393997.705919981002808,46,2,44,0,11
1413393997.755920171737671,48,3,44,4,11
1413393997.805920124053955,47,1,47,0,11
1413393997.855920314788818,49,9,46,3,11
1413393997.905920267105103,49,1,48,0,11
1413393997.955920457839966,49,5,47,1,11
1413393998.005920410156250,49,8,48,1,11
1413393998.055920362472534,49,0,48,0,11
1413393998.105920553207397,50,2,47,1,11
1413393998.155920505523682,48,1,47,1,11
1413393998.205920696258545,46,3,45,0,11
1413393998.255920648574829,46,7,42,3,11
1413393998.305920600891113,44,3,42,1,11
1413393998.355920791625977,44,0,43,0,11
1413393998.405920267105103,43,0,41,0,11
1413393998.455920696258545,45,0,40,4,11
1413393998.505920886993408,44,0,41,0,11
1413393998.555921554565430,43,2,39,1,11
1413393998.605922460556030,47,0,37,6,11
1413393998.655923128128052,46,1,41,0,11
1413393998.705924034118652,45,0,37,2,11
1413393998.755924463272095,44,0,34,1,11
1413393998.805924177169800,40,0,31,0,11
1413393998.855924367904663,39,0,29,4,11
1413393998.905924081802368,39,1,33,4,11
1413393998.955923080444336,37,0,36,1,11
1413393999.005922555923462,35,1,34,0,11
1413393999.055922031402588,34,0,33,0,11
1413393999.105919599533081,32,1,31,1,11
1413393999.155918359756470,32,0,19,1,11
1413393999.205917835235596,29,0,12,0,11
1413393999.255917310714722,24,1,8,6,11
1413393999.305917263031006,18,2,11,1,11
1413393999.355917692184448,15,0,11,0,11
1413393999.405917644500732,14,0,6,3,11
1413393999.455917596817017,15,1,8,3,11
1413393999.505917787551880,16,0,9,5,11
1413393999.555917978286743,16,0,10,1,11
1413393999.605918645858765,18,0,10,4,11
1413393999.655919075012207,16,0,12,1,11
1413393999.705919265747070,16,0,12,0,11
1413393999.755919456481934,13,1,10,0,11
1413393999.805919408798218,12,0,10,0,11
1413393999.855919837951660,9,1,7,2,11
1413393999.905919790267944,10,3,7,3,11
1413393999.955919742584229,7,1,6,1,11
1413394000.005919694900513,6,4,5,1,11
1413394000.055919408798218,9,0,5,4,11
1413394000.105921506881714,14,3,7,6,11
1413394000.155921697616577,13,1,6,0,11
1413394000.205921649932861,9,4,4,0,11
1413394000.255921363830566,4,1,4,0,11
1413394000.305921077728271,4,0,4,0,11
1413394000.355921506881714,4,1,3,0,11
1413394000.405921459197998,4,1,3,0,11
1413394000.455921411514282,4,0,3,1,11
1413394000.505921602249146,4,0,4,0,11
1413394000.555921554565430,4,0,4,0,11
1413394000.605921983718872,4,0,4,0,11
1413394000.655922412872314,5,0,3,1,11
1413394000.705922842025757,6,0,3,1,11
1413394000.755922794342041,5,0,3,0,11
1413394000.805922746658325,5,0,3,1,11
1413394000.855923414230347,5,0,3,1,11
1413394000.905923366546631,6,0,4,1,11
1413394000.955923318862915,5,0,4,0,11
1413394001.005923509597778,6,0,1,1,11
1413394001.055923461914062,6,0,2,1,11
1413394001.105923652648926,4,0,1,0,11
1413394001.155923604965210,3,0,1,1,11
1413394001.205923557281494,3,0,2,1,11
1413394001.255923509597778,3,0,3,0,11
1413394001.305923700332642,5,0,3,2,11
1413394001.355923891067505,5,0,3,0,11
1413394001.405923843383789,7,0,3,2,11
1413394001.455923795700073,8,0,4,3,11
1413394001.505923748016357,10,0,7,2,11
1413394001.555923700332642,12,0,8,3,11
1413394001.605923891067505,12,0,11,0,11
1413394001.655923843383789,12,0,11,1,11
1413394001.705923795700073,12,0,11,0,11
1413394001.755923748016357,12,0,11,0,11
1413394001.805923938751221,12,0,11,1,11
1413394001.855924129486084,12,0,11,0,11
1413394001.905924081802368,13,0,11,1,11
1413394001.955924034118652,12,0,12,0,11
1413394002.005923986434937,12,0,12,0,11
1413394002.055923938751221,12,0,12,0,11
1413394002.105924129486084,12,0,12,0,11
1413394002.155924081802368,12,0,11,0,11
1413394002.205924034118652,12,0,11,0,11
1413394002.255923986434937,12,0,11,1,11
1413394002.305923938751221,12,0,12,0,11
1413394002.355924129486084,13,0,12,1,11
1413394002.405924081802368,13,0,13,0,11
1413394002.455924034118652,13,0,13,0,11
1413394002.505923986434937,13,0,13,0,11
1413394002.555923938751221,13,0,13,0,11
1413394002.605924129486084,13,0,13,0,11
1413394002.655924081802368,13,0,13,0,11
1413394002.705924034118652,13,0,13,0,11
1413394002.755923986434937,13,0,13,0,11
1413394002.805923938751221,13,0,13,0,11
1413394002.855924129486084,13,0,13,0,11
1413394002.905924081802368,13,0,13,0,11
1413394002.955924034118652,13,0,13,0,11
1413394003.005923986434937,13,0,13,0,11
1413394003.055923938751221,13,0,13,0,11
1413394003.105924129486084,13,2,12,0,11
1413394003.155924081802368,12,0,12,0,11
1413394003.205924034118652,12,0,12,0,11
1413394003.255923986434937,12,0,12,0,11
1413394003.305923938751221,12,0,12,0,11
1413394003.355924129486084,12,1,12,0,11
