# timestamp (sec),slam_feats_in_state,msckf_feats_used,slam_feats_updated,slam_feats_delayed_init,clones
1403715893.790008783340454,0,15,0,0,5
1403715893.835584163665771,13,15,0,13,6
1403715893.883445262908936,13,0,13,0,7
1403715893.932169675827026,13,0,13,0,8
1403715893.982005357742310,13,1,12,0,9
1403715894.031768560409546,12,1,12,0,10
1403715894.081338167190552,12,0,12,0,11
1403715894.131613492965698,12,1,12,0,11
1403715894.181860923767090,18,1,11,7,11
1403715894.231712818145752,20,0,18,2,11
1403715894.282110452651978,26,0,19,7,11
1403715894.332188129425049,25,1,25,0,11
1403715894.382729530334473,30,4,25,5,11
1403715894.433212280273438,46,24,30,16,11
1403715894.483244180679321,49,0,45,4,11
1403715894.533177614212036,49,0,49,0,11
1403715894.583199501037598,50,2,49,1,11
1403715894.633194923400879,50,0,49,0,11
1403715894.683153152465820,50,0,49,0,11
1403715894.733207941055298,49,0,47,0,11
1403715894.783334970474243,49,0,47,2,11
1403715894.833316802978516,50,6,49,1,11
1403715894.883270502090454,50,2,49,0,11
1403715894.933294296264648,49,4,48,0,11
1403715894.983309984207153,49,0,46,2,11
1403715895.033452272415161,46,22,45,0,11
1403715895.083456039428711,44,0,43,0,11
1403715895.133450984954834,43,0,42,0,11
1403715895.183429002761841,48,1,41,6,11
1403715895.233445405960083,47,1,44,0,11
1403715895.283431053161621,46,2,43,1,11
1403715895.333369255065918,42,2,38,1,11
1403715895.383326053619385,42,1,39,0,11
1403715895.433271884918213,46,1,39,7,11
1403715895.483278751373291,46,0,44,1,11
1403715895.533318519592285,46,2,43,1,11
1403715895.583309650421143,46,2,42,1,11
1403715895.633356571197510,43,21,40,1,11
1403715895.683355093002319,43,0,41,2,11
1403715895.733354568481445,42,1,39,0,11
1403715895.783345699310303,50,9,38,8,11
1403715895.833344221115112,49,0,45,2,11
1403715895.883334398269653,49,5,45,0,11
1403715895.933315038681030,48,1,45,2,11
1403715895.983306646347046,48,0,45,1,11
1403715896.033321857452393,48,1,46,0,11
1403715896.083314657211304,47,2,43,1,11
1403715896.133396148681641,48,0,43,1,11
1403715896.183336257934570,48,0,44,3,11
1403715896.233272314071655,48,23,47,1,11
1403715896.283238172531128,50,7,45,2,11
1403715896.333164453506470,47,1,45,0,11
1403715896.383188724517822,49,3,42,4,11
1403715896.433163166046143,49,0,45,0,11
1403715896.483137607574463,47,0,42,1,11
1403715896.533108711242676,48,1,42,2,11
1403715896.583086490631104,45,0,43,1,11
1403715896.633054971694946,45,1,44,1,11
1403715896.683037757873535,43,0,43,0,11
1403715896.733078002929688,43,0,41,0,11
1403715896.783049583435059,43,0,39,0,11
1403715896.833077192306519,43,16,38,2,11
1403715896.883069515228271,47,1,40,5,11
1403715896.933090925216675,47,0,42,2,11
1403715896.983101367950439,47,1,43,2,11
1403715897.033101558685303,46,0,44,0,11
1403715897.083128929138184,48,18,44,3,11
1403715897.133138656616211,48,1,46,1,11
1403715897.183242082595825,50,0,46,2,11
1403715897.233270645141602,49,0,47,0,11
1403715897.283309936523438,49,4,47,1,11
1403715897.333393573760986,48,3,44,1,11
1403715897.383395671844482,48,2,46,0,11
1403715897.433480262756348,46,18,44,0,11
1403715897.483470201492310,44,2,40,0,11
1403715897.533432483673096,43,2,38,1,11
1403715897.583403587341309,42,2,35,2,11
1403715897.633385419845581,39,5,36,1,11
1403715897.683401823043823,44,9,37,7,11
1403715897.733394861221313,41,2,38,0,11
1403715897.783385515213013,40,0,37,0,11
1403715897.833372354507446,39,3,37,2,11
1403715897.883371591567993,38,3,35,0,11
1403715897.933369159698486,37,3,34,0,11
1403715897.983421325683594,42,3,30,11,11
1403715898.033463001251221,43,17,37,2,11
1403715898.083456277847290,41,7,35,0,11
1403715898.133477449417114,36,7,25,2,11
1403715898.183497905731201,27,6,24,0,11
1403715898.233527660369873,30,1,18,8,11
1403715898.283615589141846,31,5,25,3,11
1403715898.333647489547729,28,2,26,1,11
1403715898.383643150329590,27,5,26,0,11
1403715898.433666229248047,24,7,23,1,11
1403715898.483648061752319,24,7,21,0,11
1403715898.533608436584473,27,3,20,4,11
1403715898.583597421646118,25,6,21,1,11
1403715898.633614778518677,31,6,20,7,11
1403715898.683641910552979,28,5,24,1,11
1403715898.733666181564331,29,4,23,3,11
1403715898.783661603927612,25,5,19,4,11
1403715898.833648443222046,25,2,21,2,11
1403715898.883629798889160,24,6,23,1,11
1403715898.933620214462280,26,2,19,6,11
1403715898.983610391616821,25,1,23,0,11
1403715899.033597230911255,27,2,22,4,11
1403715899.083574056625366,31,6,25,6,11
1403715899.133578777313232,37,2,28,8,11
1403715899.183583021163940,36,4,33,0,11
1403715899.233589649200439,36,6,29,6,11
1403715899.283586263656616,33,6,32,1,11
1403715899.333582639694214,38,5,28,9,11
1403715899.383622884750366,36,2,35,0,11
1403715899.433644771575928,33,2,29,2,11
1403715899.483711004257202,39,3,29,6,11
1403715899.533740758895874,35,3,32,0,11
1403715899.583744049072266,32,7,31,1,11
1403715899.633780002593994,38,3,32,6,11
1403715899.683782815933228,48,4,38,10,11
1403715899.733827114105225,49,6,47,1,11
1403715899.783836603164673,50,8,47,1,11
1403715899.833846330642700,48,3,47,0,11
1403715899.883873939514160,47,11,43,3,11
1403715899.933884143829346,46,0,46,0,11
1403715899.983914375305176,50,3,46,4,11
1403715900.033943891525269,49,3,47,0,11
1403715900.083970308303833,48,4,46,0,11
1403715900.134012699127197,45,5,45,0,11
1403715900.184044361114502,44,3,43,0,11
1403715900.234059333801270,45,1,42,1,11
1403715900.284113407135010,44,2,42,0,11
1403715900.334097623825073,44,2,42,1,11
1403715900.384090185165405,47,2,39,4,11
1403715900.434139490127563,44,1,42,0,11
1403715900.484152078628540,43,5,38,5,11
1403715900.534141540527344,44,6,37,7,11
1403715900.584136247634888,44,7,39,3,11
1403715900.634095191955566,45,2,37,4,11
1403715900.684058904647827,39,7,35,2,11
1403715900.734038114547729,39,2,36,2,11
1403715900.784012794494629,37,1,35,0,11
1403715900.833995580673218,30,4,23,1,11
1403715900.883987188339233,29,2,19,2,11
1403715900.933994770050049,30,0,18,6,11
1403715900.983990907669067,29,1,20,2,11
1403715901.033989191055298,23,5,18,1,11
1403715901.083990573883057,17,0,15,1,11
1403715901.134007930755615,17,4,15,1,11
1403715901.184000015258789,18,3,13,3,11
1403715901.234003305435181,18,1,14,0,11
1403715901.283998012542725,18,4,14,3,11
1403715901.333996295928955,17,1,16,1,11
1403715901.384008884429932,18,0,17,1,11
1403715901.434006929397583,20,2,18,2,11
1403715901.484001874923706,20,1,19,0,11
1403715901.533996105194092,26,2,19,6,11
1403715901.583966016769409,25,3,24,0,11
1403715901.633952140808105,26,4,23,2,11
1403715901.683940410614014,27,1,25,2,11
1403715901.733934879302979,27,0,27,0,11
1403715901.783938646316528,29,0,27,2,11
1403715901.833943605422974,34,0,27,5,11
1403715901.883945226669312,36,4,32,2,11
1403715901.933948993682861,35,1,32,2,11
1403715901.983964443206787,34,1,31,2,11
1403715902.033978462219238,35,1,33,2,11
1403715902.083992958068848,37,0,35,2,11
1403715902.133998155593872,39,3,36,2,11
1403715902.184002637863159,44,2,36,5,11
1403715902.234005212783813,44,8,41,2,11
1403715902.284000158309937,44,1,41,2,11
1403715902.333996772766113,43,5,40,0,11
1403715902.383990049362183,41,1,39,1,11
1403715902.433985233306885,39,2,37,0,11
1403715902.483994722366333,42,8,36,4,11
1403715902.533988237380981,42,1,39,1,11
1403715902.583977699279785,46,2,39,5,11
1403715902.633960247039795,46,7,44,1,11
1403715902.683951616287231,46,5,44,1,11
1403715902.733943223953247,49,2,45,3,11
1403715902.783936023712158,46,2,45,0,11
1403715902.833935499191284,46,3,44,0,11
1403715902.883915185928345,42,4,41,0,11
1403715902.933906555175781,42,3,40,1,11
1403715902.983892917633057,44,3,40,4,11
1403715903.033876895904541,43,0,42,0,11
1403715903.083864927291870,40,3,39,0,11
1403715903.133855104446411,36,3,34,0,11
1403715903.183868169784546,37,1,33,3,11
1403715903.233875989913940,37,7,31,3,11
1403715903.283879995346069,43,1,34,7,11
1403715903.333886146545410,42,2,39,2,11
1403715903.383900403976440,48,2,40,6,11
1403715903.433890342712402,48,10,45,1,11
1403715903.483887195587158,43,0,41,0,11
1403715903.533886909484863,45,5,35,6,11
1403715903.583886146545410,40,1,38,0,11
1403715903.633889436721802,42,6,33,5,11
1403715903.683901309967041,41,5,35,2,11
1403715903.733931541442871,34,4,31,0,11
1403715903.783943653106689,30,12,23,4,11
1403715903.833948373794556,20,10,16,0,11
1403715903.883953094482422,16,4,12,0,11
1403715903.933947563171387,16,3,11,3,11
1403715903.983944416046143,9,6,8,0,11
1403715904.033933877944946,11,2,8,2,11
1403715904.083906650543213,15,3,10,5,11
1403715904.133900880813599,14,3,13,0,11
1403715904.183889150619507,13,6,12,0,11
1403715904.233880758285522,19,7,11,7,11
1403715904.283871173858643,19,2,18,0,11
1403715904.333867549896240,24,5,18,6,11
1403715904.383856058120728,24,2,24,0,11
1403715904.433846950531006,27,8,23,3,11
1403715904.483849525451660,30,3,26,3,11
1403715904.533852577209473,31,0,29,2,11
1403715904.583866596221924,30,6,26,4,11
1403715904.633871078491211,30,1,29,0,11
1403715904.683866977691650,28,0,26,1,11
1403715904.733860015869141,26,1,22,3,11
1403715904.783851623535156,24,1,21,1,11
1403715904.833838462829590,26,0,20,3,11
1403715904.883830547332764,24,4,21,2,11
1403715904.933821439743042,30,1,18,9,11
1403715904.983816623687744,28,3,21,2,11
1403715905.033814430236816,32,3,21,7,11
1403715905.083811283111572,30,1,23,1,11
1403715905.133805751800537,28,1,24,0,11
1403715905.183820724487305,26,9,19,2,11
1403715905.233820438385010,26,0,24,0,11
1403715905.283818721771240,24,3,21,2,11
1403715905.333831071853638,25,1,22,2,11
1403715905.383845567703247,25,4,23,1,11
1403715905.433847427368164,24,2,23,0,11
1403715905.483837127685547,30,3,23,6,11
1403715905.533838748931885,27,3,25,1,11
1403715905.583848476409912,29,4,23,4,11
1403715905.633867979049683,30,10,22,4,11
1403715905.683872461318970,30,5,28,1,11
1403715905.733873844146729,31,1,27,4,11
1403715905.783877849578857,39,6,28,10,11
1403715905.833878517150879,37,3,31,0,11
1403715905.883878231048584,32,3,27,0,11
1403715905.933872461318970,29,1,27,2,11
1403715905.983868360519409,29,2,28,0,11
1403715906.033858537673950,38,1,27,11,11
1403715906.083841562271118,36,4,31,0,11
1403715906.133822917938232,31,7,26,0,11
1403715906.183793783187866,33,2,22,8,11
1403715906.233793020248413,31,2,26,1,11
1403715906.283798217773438,26,1,21,0,11
1403715906.333797931671143,26,0,21,3,11
1403715906.383790016174316,25,1,24,1,11
1403715906.433787584304810,27,0,22,4,11
1403715906.483782291412354,30,3,23,3,11
1403715906.533782720565796,28,1,18,0,11
1403715906.583778619766235,27,2,17,3,11
1403715906.633780479431152,23,2,18,4,11
1403715906.683778047561646,27,0,20,4,11
1403715906.733782529830933,25,6,23,0,11
1403715906.783780813217163,25,3,21,3,11
1403715906.833784580230713,23,2,21,2,11
1403715906.883791208267212,20,2,15,1,11
1403715906.933793544769287,20,3,15,1,11
1403715906.983801126480103,18,2,15,3,11
1403715907.033800840377808,16,3,16,0,11
1403715907.083801746368408,19,2,15,4,11
1403715907.133800983428955,18,1,15,3,11
1403715907.183801651000977,21,0,18,3,11
1403715907.233794450759888,27,0,19,7,11
1403715907.283793210983276,28,0,25,2,11
1403715907.333786010742188,23,0,19,2,11
1403715907.383787393569946,24,0,20,3,11
1403715907.433778047561646,28,1,23,5,11
1403715907.483779191970825,27,1,26,1,11
1403715907.533777475357056,27,0,23,4,11
1403715907.583782196044922,29,0,23,6,11
1403715907.633782148361206,34,0,27,7,11
1403715907.683787584304810,30,1,30,0,11
1403715907.733794927597046,32,1,28,4,11
1403715907.783800363540649,26,2,24,0,11
1403715907.833799123764038,33,2,20,12,11
1403715907.883798599243164,33,2,30,3,11
1403715907.933798074722290,32,0,31,1,11
1403715907.983799457550049,43,1,32,11,11
1403715908.033802032470703,41,2,40,0,11
1403715908.083804845809937,38,3,34,2,11
1403715908.133807420730591,38,0,35,2,11
1403715908.183809518814087,34,3,31,0,11
1403715908.233820199966431,46,1,29,16,11
1403715908.283815145492554,42,1,40,0,11
1403715908.333812236785889,42,1,35,4,11
1403715908.383811235427856,43,1,37,5,11
1403715908.433808565139771,43,0,42,0,11
1403715908.483805894851685,42,0,39,2,11
1403715908.533800840377808,39,0,38,0,11
1403715908.583791494369507,48,0,36,10,11
1403715908.633782625198364,40,0,38,0,11
1403715908.683767080307007,34,0,33,0,11
1403715908.733748197555542,37,1,28,9,11
1403715908.783748626708984,32,0,32,0,11
1403715908.833762645721436,30,1,30,0,11
1403715908.883778572082520,40,0,27,13,11
1403715908.933786630630493,40,0,39,0,11
1403715908.983792543411255,41,0,39,1,11
1403715909.033799171447754,44,0,37,7,11
1403715909.083802938461304,41,0,40,1,11
1403715909.133804082870483,48,7,37,9,11
1403715909.183804273605347,40,1,37,1,11
1403715909.233805656433105,38,1,36,1,11
1403715909.283812761306763,49,1,37,12,11
1403715909.333812952041626,50,1,49,1,11
1403715909.383815050125122,49,13,48,0,11
1403715909.433827877044678,48,1,45,0,11
1403715909.483828067779541,44,0,40,2,11
1403715909.533834457397461,43,0,38,1,11
1403715909.583840131759644,41,0,34,0,11
1403715909.633839845657349,39,0,31,1,11
1403715909.683857202529907,45,14,32,12,11
1403715909.733853101730347,47,2,41,5,11
1403715909.783856868743896,43,4,37,0,11
1403715909.833864450454712,35,2,32,0,11
1403715909.883867740631104,31,2,27,0,11
1403715909.933869123458862,26,2,18,0,11
1403715909.983870506286621,28,4,15,8,11
1403715910.033869981765747,23,5,18,0,11
1403715910.083864450454712,22,5,10,5,11
1403715910.133860349655151,15,9,12,1,11
1403715910.183857917785645,11,3,9,0,11
1403715910.233855247497559,7,4,6,0,11
1403715910.283849716186523,12,10,4,7,11
1403715910.333851814270020,2,6,2,0,11
1403715910.383845567703247,2,3,1,1,11
1403715910.433845281600952,2,5,2,0,11
1403715910.483843088150024,3,4,2,1,11
1403715910.533848762512207,10,5,3,7,11
1403715910.583845853805542,13,4,9,4,11
1403715910.633847236633301,20,4,13,7,11
1403715910.683847188949585,20,9,19,0,11
1403715910.733851909637451,20,8,18,0,11
1403715910.783846139907837,38,1,17,19,11
1403715910.833837985992432,44,2,35,8,11
1403715910.883827686309814,48,5,41,6,11
1403715910.933853864669800,46,6,43,1,11
1403715910.983846426010132,43,9,43,0,11
1403715911.033836603164673,45,2,42,2,11
1403715911.083823204040527,44,1,43,0,11
1403715911.133821487426758,48,0,41,6,11
1403715911.183819770812988,47,10,43,0,11
1403715911.233818769454956,47,2,38,4,11
1403715911.283817768096924,42,3,40,0,11
1403715911.333815336227417,42,3,37,4,11
1403715911.383813381195068,38,2,34,0,11
1403715911.433812379837036,25,5,19,4,11
1403715911.483807802200317,27,4,20,3,11
1403715911.533805131912231,24,5,19,0,11
1403715911.583805799484253,27,2,15,7,11
1403715911.633804798126221,19,4,18,0,11
1403715911.683808326721191,18,5,15,2,11
1403715911.733809471130371,17,3,16,0,11
1403715911.783814907073975,17,5,13,3,11
1403715911.833823442459106,23,4,15,7,11
1403715911.883836984634399,32,2,20,11,11
1403715911.933845043182373,32,4,31,0,11
1403715911.983869791030884,38,1,30,7,11
1403715912.033870935440063,37,1,36,0,11
1403715912.083888053894043,46,10,36,9,11
1403715912.133884429931641,45,1,45,0,11
1403715912.183890342712402,44,0,42,0,11
1403715912.233885526657104,45,4,39,4,11
1403715912.283878803253174,42,3,42,0,11
1403715912.333875179290771,44,1,42,2,11
1403715912.383879661560059,45,2,43,2,11
1403715912.433874130249023,46,5,42,1,11
1403715912.483869552612305,46,5,40,0,11
1403715912.533869743347168,44,6,35,3,11
1403715912.583871841430664,39,3,35,0,11
1403715912.633871316909790,36,3,32,0,11
1403715912.683873414993286,36,2,28,5,11
1403715912.733873605728149,33,6,27,0,11
1403715912.783871650695801,32,1,26,1,11
1403715912.833871603012085,30,4,20,4,11
1403715912.883893489837646,40,1,19,13,11
1403715912.933895826339722,31,1,18,2,11
1403715912.983898878097534,26,1,16,0,11
1403715913.033902168273926,13,0,9,2,11
1403715913.083903074264526,11,5,11,0,11
1403715913.133902311325073,11,2,10,1,11
1403715913.183906555175781,23,4,11,12,11
1403715913.233912467956543,21,1,20,0,11
1403715913.283917427062988,20,2,19,0,11
1403715913.333921432495117,19,2,19,0,11
1403715913.383926868438721,19,2,16,3,11
1403715913.433934688568115,20,9,18,1,11
1403715913.483937978744507,26,3,19,6,11
1403715913.533946514129639,28,1,24,4,11
1403715913.583948850631714,31,2,28,3,11
1403715913.633935213088989,37,2,31,6,11
1403715913.683933734893799,40,0,37,3,11
1403715913.733924388885498,42,2,37,2,11
1403715913.783909559249878,45,3,36,5,11
1403715913.833897113800049,49,3,38,8,11
1403715913.883892059326172,50,6,45,2,11
1403715913.933893918991089,47,4,46,0,11
1403715913.983890771865845,48,5,43,4,11
1403715914.033892154693604,50,4,46,2,11
1403715914.083888292312622,45,1,43,0,11
1403715914.133888244628906,42,0,40,0,11
1403715914.183887958526611,45,0,35,7,11
1403715914.233887672424316,44,4,41,0,11
1403715914.283889770507812,43,7,39,2,11
1403715914.333893299102783,45,5,40,3,11
1403715914.383895397186279,42,1,40,1,11
1403715914.433895826339722,49,1,40,8,11
1403715914.483894109725952,49,4,45,1,11
1403715914.533887386322021,50,4,47,1,11
1403715914.583884954452515,45,14,45,0,11
1403715914.633886575698853,47,1,44,2,11
1403715914.683885812759399,48,1,44,2,11
1403715914.733891963958740,48,3,46,1,11
1403715914.783899545669556,49,5,47,2,11
1403715914.833905458450317,49,2,47,0,11
1403715914.883910179138184,45,5,42,0,11
1403715914.933910131454468,48,3,39,6,11
1403715914.983914136886597,49,6,45,2,11
1403715915.033918380737305,48,1,46,1,11
1403715915.083923816680908,50,2,47,2,11
1403715915.133925199508667,48,0,47,0,11
1403715915.183925390243530,50,23,47,2,11
1403715915.233919143676758,49,4,49,0,11
1403715915.283912658691406,49,7,49,0,11
1403715915.333908081054688,50,7,49,1,11
1403715915.383908510208130,50,17,49,0,11
1403715915.433905363082886,50,4,49,0,11
1403715915.483899116516113,49,2,48,0,11
1403715915.533891916275024,50,5,48,1,11
1403715915.583884000778198,49,5,49,0,11
1403715915.633882284164429,49,0,49,0,11
1403715915.683875799179077,50,2,49,1,11
1403715915.733871936798096,49,4,48,0,11
1403715915.783867597579956,48,16,46,1,11
1403715915.833869934082031,48,3,46,1,11
1403715915.883871555328369,47,4,46,0,11
1403715915.933871507644653,50,3,46,4,11
1403715915.983867406845093,50,10,50,0,11
1403715916.033867359161377,50,7,49,0,11
1403715916.083872079849243,50,12,49,0,11
1403715916.133882761001587,48,5,47,1,11
1403715916.183887004852295,50,5,48,2,11
1403715916.233892202377319,50,3,49,0,11
1403715916.283893823623657,49,6,48,0,11
1403715916.333894491195679,46,4,44,0,11
1403715916.383892297744751,48,9,44,3,11
1403715916.433889627456665,46,4,41,0,11
1403715916.483886957168579,41,2,36,2,11
1403715916.533883333206177,38,2,36,1,11
1403715916.583887100219727,44,3,36,6,11
1403715916.633889675140381,44,0,39,3,11
1403715916.683898210525513,43,0,38,1,11
1403715916.733901977539062,42,1,30,4,11
1403715916.783900260925293,42,2,33,3,11
1403715916.833905220031738,38,2,33,4,11
1403715916.883913516998291,40,6,34,3,11
1403715916.933918237686157,40,3,33,3,11
1403715916.983920812606812,44,0,36,7,11
1403715917.033921480178833,40,1,38,1,11
1403715917.083917617797852,37,4,33,2,11
1403715917.133924484252930,30,11,27,1,11
1403715917.183922290802002,25,4,22,0,11
1403715917.233922481536865,23,0,16,0,11
1403715917.283924341201782,23,1,15,3,11
1403715917.333925485610962,20,2,17,2,11
1403715917.383935451507568,23,1,17,4,11
1403715917.433945178985596,23,0,20,1,11
1403715917.483954668045044,24,3,20,2,11
1403715917.533964395523071,25,0,21,2,11
1403715917.583975315093994,25,0,22,1,11
1403715917.633966922760010,29,3,21,5,11
1403715917.683942079544067,31,2,24,3,11
1403715917.733930587768555,34,2,20,5,11
1403715917.783908605575562,35,3,17,4,11
1403715917.833894968032837,36,2,17,8,11
1403715917.883882761001587,36,0,19,7,11
1403715917.933874607086182,42,2,25,10,11
1403715917.983880996704102,41,0,30,5,11
1403715918.033890008926392,40,1,36,0,11
1403715918.083899736404419,35,0,33,1,11
1403715918.133902311325073,38,1,34,3,11
1403715918.183898687362671,37,2,34,0,11
1403715918.233896970748901,37,0,33,0,11
1403715918.283896923065186,37,1,33,3,11
1403715918.333900451660156,40,2,36,4,11
1403715918.383906841278076,39,5,33,1,11
1403715918.433910369873047,44,1,29,7,11
1403715918.483910560607910,45,3,34,6,11
1403715918.533910751342773,39,7,32,2,11
1403715918.583906412124634,45,0,34,9,11
1403715918.633900403976440,47,1,42,4,11
1403715918.683901309967041,45,1,40,1,11
1403715918.733901500701904,42,1,40,1,11
1403715918.783900022506714,42,2,37,3,11
1403715918.833901405334473,39,3,34,0,11
1403715918.883900642395020,37,3,31,1,11
1403715918.933903217315674,33,0,28,3,11
1403715918.983903169631958,34,1,29,3,11
1403715919.033904790878296,35,3,31,2,11
1403715919.083906173706055,36,0,31,3,11
1403715919.133907556533813,41,3,33,6,11
1403715919.183908700942993,48,2,38,8,11
1403715919.233910322189331,46,1,44,0,11
1403715919.283915758132935,50,5,44,5,11
1403715919.333917379379272,49,0,46,0,11
1403715919.383917331695557,47,14,45,1,11
1403715919.433911085128784,46,0,45,0,11
1403715919.483896732330322,47,1,44,2,11
1403715919.533878326416016,49,2,46,3,11
1403715919.583841085433960,49,14,49,0,11
1403715919.633821725845337,50,0,49,1,11
1403715919.683806896209717,50,1,49,0,11
1403715919.733796358108521,50,2,48,0,11
1403715919.783785343170166,50,2,48,1,11
1403715919.833782196044922,50,3,49,1,11
1403715919.883783578872681,50,4,49,0,11
1403715919.933783769607544,50,1,48,0,11
1403715919.983788251876831,49,16,48,0,11
1403715920.033787488937378,50,1,48,2,11
1403715920.083789348602295,50,0,50,0,11
1403715920.133794307708740,49,1,48,0,11
1403715920.183805465698242,48,13,47,0,11
1403715920.233811140060425,48,0,46,0,11
1403715920.283821105957031,48,0,45,2,11
1403715920.333835124969482,49,1,47,2,11
1403715920.383839130401611,48,2,48,0,11
1403715920.433841466903687,48,0,46,1,11
1403715920.483840703964233,49,6,42,2,11
1403715920.533845186233521,48,7,42,0,11
1403715920.583849906921387,49,13,40,6,11
1403715920.633851289749146,47,0,44,0,11
1403715920.683853387832642,46,3,41,2,11
1403715920.733856916427612,46,0,42,1,11
1403715920.783860683441162,46,10,41,5,11
1403715920.833861827850342,50,6,44,4,11
1403715920.883858680725098,48,3,44,0,11
1403715920.933855056762695,46,2,41,2,11
1403715920.983849525451660,44,3,40,2,11
1403715921.033848047256470,43,4,38,2,11
1403715921.083846807479858,41,1,38,0,11
1403715921.133849382400513,39,1,36,0,11
1403715921.183855295181274,41,5,35,4,11
1403715921.233859062194824,43,7,39,4,11
1403715921.283863306045532,43,3,43,0,11
1403715921.333868980407715,42,3,40,0,11
1403715921.383876562118530,47,4,40,7,11
1403715921.433876276016235,45,4,44,0,11
1403715921.483884811401367,43,3,40,0,11
1403715921.533886432647705,45,4,39,4,11
1403715921.583887815475464,44,1,41,2,11
1403715921.633888721466064,46,4,42,3,11
1403715921.683881998062134,46,2,42,2,11
1403715921.733883380889893,41,3,37,0,11
1403715921.783887863159180,41,4,31,4,11
1403715921.833893775939941,45,4,30,7,11
1403715921.883897542953491,41,0,31,2,11
1403715921.933899879455566,37,4,29,2,11
1403715921.983901739120483,37,0,31,4,11
1403715922.033904790878296,35,1,32,1,11
1403715922.083901643753052,34,3,29,0,11
1403715922.133901596069336,34,6,25,4,11
1403715922.183900356292725,31,4,25,1,11
1403715922.233898401260376,29,2,21,1,11
1403715922.283897399902344,30,1,17,6,11
1403715922.333901643753052,31,2,21,5,11
1403715922.383903026580811,30,2,21,6,11
1403715922.433903694152832,32,5,24,4,11
1403715922.483906030654907,29,3,24,1,11
1403715922.533907890319824,28,6,22,3,11
1403715922.583907842636108,25,5,22,0,11
1403715922.633908033370972,21,1,19,2,11
1403715922.683909177780151,21,2,21,0,11
1403715922.733909368515015,24,1,19,5,11
1403715922.783910274505615,23,9,20,1,11
1403715922.833909749984741,24,1,22,1,11
1403715922.883908748626709,23,3,22,0,11
1403715922.933908224105835,23,0,21,1,11
1403715922.983912944793701,23,2,21,1,11
1403715923.033914566040039,21,3,19,1,11
1403715923.083916187286377,23,1,19,2,11
1403715923.133917331695557,23,2,21,1,11
1403715923.183925867080688,26,0,22,4,11
1403715923.233929157257080,33,3,23,8,11
1403715923.283932924270630,39,1,31,6,11
1403715923.333936929702759,40,1,35,3,11
1403715923.383936882019043,42,2,35,2,11
1403715923.433937788009644,39,1,33,2,11
1403715923.483939886093140,37,0,31,2,11
1403715923.533940553665161,37,2,32,1,11
1403715923.583941221237183,39,1,30,6,11
1403715923.633942842483521,38,0,35,1,11
1403715923.683949232101440,36,1,33,1,11
1403715923.733953714370728,43,0,32,7,11
1403715923.783957481384277,42,0,38,2,11
1403715923.833957433700562,40,1,40,0,11
1403715923.883958816528320,44,1,38,5,11
1403715923.933962583541870,44,2,40,1,11
1403715923.983963489532471,46,2,40,4,11
1403715924.033964633941650,45,0,41,1,11
1403715924.083966255187988,44,3,40,2,11
1403715924.133964538574219,46,1,41,3,11
1403715924.183964490890503,42,10,36,1,11
1403715924.233964204788208,40,3,34,1,11
1403715924.283964157104492,39,3,33,3,11
1403715924.333963871002197,37,0,33,1,11
1403715924.383963108062744,37,0,29,1,11
1403715924.433962583541870,35,2,29,1,11
1403715924.483962774276733,33,6,27,3,11
1403715924.533963441848755,30,8,25,1,11
1403715924.583963394165039,29,3,22,3,11
1403715924.633963823318481,26,4,24,1,11
1403715924.683966875076294,28,6,21,5,11
1403715924.733966350555420,22,7,18,0,11
1403715924.783962488174438,23,9,15,5,11
1403715924.833958625793457,23,8,16,2,11
1403715924.883958101272583,22,12,13,4,11
1403715924.933956623077393,20,7,16,0,11
1403715924.983956575393677,17,7,13,3,11
1403715925.033956050872803,14,6,14,0,11
1403715925.083956241607666,12,5,12,0,11
1403715925.133953332901001,9,7,8,1,11
1403715925.183952093124390,10,5,9,1,11
1403715925.233950376510620,16,6,7,8,11
1403715925.283955812454224,18,4,14,3,11
1403715925.333953857421875,19,4,16,2,11
1403715925.383954048156738,22,9,17,4,11
1403715925.433951377868652,20,6,18,1,11
1403715925.483945846557617,23,4,13,6,11
1403715925.533942222595215,25,6,15,4,11
1403715925.583936452865601,29,7,18,9,11
1403715925.633936405181885,28,2,23,2,11
1403715925.683937788009644,27,2,22,1,11
1403715925.733947753906250,31,7,23,7,11
1403715925.783951044082642,29,5,27,1,11
1403715925.833953857421875,30,4,27,2,11
1403715925.883952617645264,26,6,26,0,11
1403715925.933953285217285,26,7,23,3,11
1403715925.983958959579468,26,9,20,6,11
1403715926.083959579467773,21,9,8,0,11
1403715926.133957624435425,22,2,19,1,11
1403715926.183957099914551,21,1,20,1,11
1403715926.233957290649414,20,3,19,0,11
1403715926.283958435058594,19,5,19,0,11
1403715926.333958625793457,19,7,16,0,11
1403715926.383959054946899,13,1,9,1,11
1403715926.433959484100342,10,1,9,0,11
1403715926.483960390090942,7,4,6,0,11
1403715926.533961296081543,6,5,4,1,11
1403715926.583964109420776,5,2,5,0,11
1403715926.633965015411377,3,4,3,0,11
1403715926.683960676193237,9,8,3,6,11
1403715926.733961105346680,11,2,8,2,11
1403715926.783960580825806,14,6,9,3,11
1403715926.833958148956299,14,3,11,1,11
1403715926.883956670761108,16,5,9,5,11
1403715926.933950185775757,26,2,13,12,11
1403715926.983948469161987,29,0,24,4,11
1403715927.033936500549316,29,3,28,1,11
1403715927.083930969238281,33,7,28,5,11
1403715927.133925199508667,38,5,32,6,11
1403715927.183923244476318,44,1,37,7,11
1403715927.233923912048340,46,4,37,6,11
1403715927.283925056457520,47,2,41,4,11
1403715927.333924293518066,45,8,40,4,11
1403715927.383925437927246,38,0,38,0,11
1403715927.433927059173584,47,4,35,10,11
1403715927.483924865722656,45,7,44,0,11
1403715927.533922433853149,42,5,42,0,11
1403715927.583919286727905,50,2,42,8,11
1403715927.633920192718506,50,1,45,0,11
1403715927.683920621871948,44,0,42,0,11
1403715927.733922481536865,42,2,39,2,11
1403715927.783927679061890,42,0,39,1,11
1403715927.833937406539917,41,2,39,0,11
1403715927.883942604064941,48,1,38,9,11
1403715927.933943748474121,49,2,46,2,11
1403715927.983943462371826,47,4,47,0,11
1403715928.033945798873901,49,14,46,3,11
1403715928.083943605422974,49,1,49,0,11
1403715928.133946418762207,47,4,45,0,11
1403715928.183945655822754,40,1,37,0,11
1403715928.233954429626465,43,3,36,7,11
1403715928.283956050872803,38,1,38,0,11
1403715928.333958148956299,35,3,32,0,11
1403715928.383958339691162,29,2,24,0,11
1403715928.433956861495972,26,5,21,0,11
1403715928.483957290649414,21,1,19,0,11
1403715928.533954143524170,18,8,13,5,11
1403715928.583953142166138,15,7,14,0,11
1403715928.633952379226685,15,5,11,3,11
1403715928.683953285217285,12,6,10,0,11
1403715928.733949661254883,18,4,8,7,11
1403715928.783941507339478,18,6,11,4,11
1403715928.833935737609863,16,2,13,0,11
1403715928.883930444717407,18,1,13,4,11
1403715928.933919191360474,26,7,16,9,11
1403715928.983919382095337,23,6,23,0,11
1403715929.033920526504517,28,1,23,5,11
1403715929.083922624588013,26,1,25,0,11
1403715929.133938074111938,33,2,25,7,11
1403715929.183942079544067,40,4,31,8,11
1403715929.233953475952148,42,1,36,2,11
1403715929.283958673477173,42,3,35,1,11
1403715929.333958864212036,44,9,34,6,11
1403715929.383959054946899,44,11,34,6,11
1403715929.433953285217285,42,13,39,0,11
1403715929.483943700790405,48,14,36,10,11
1403715929.533941507339478,46,6,41,1,11
1403715929.583941698074341,49,6,39,5,11
1403715929.633941173553467,45,4,42,0,11
1403715929.683943510055542,46,3,42,3,11
1403715929.733942985534668,45,1,45,0,11
1403715929.783948898315430,45,1,45,0,11
1403715929.833948850631714,44,5,43,0,11
1403715929.883944272994995,43,5,40,0,11
1403715929.933942556381226,45,1,37,6,11
1403715929.983937025070190,45,3,42,1,11
1403715930.033933877944946,47,15,41,4,11
1403715930.083937406539917,48,2,40,4,11
1403715930.133936405181885,47,7,40,1,11
1403715930.183935880661011,46,1,41,1,11
1403715930.233934879302979,45,3,41,4,11
1403715930.283939838409424,48,5,44,3,11
1403715930.333942174911499,48,1,47,0,11
1403715930.383942127227783,49,4,47,2,11
1403715930.433944463729858,50,0,48,1,11
1403715930.483943462371826,50,4,50,0,11
1403715930.533944606781006,50,3,50,0,11
1403715930.583947420120239,50,8,50,0,11
1403715930.633943319320679,49,24,49,0,11
1403715930.683950424194336,49,0,48,0,11
1403715930.733955383300781,48,4,48,0,11
1403715930.783957242965698,48,0,48,0,11
1403715930.833956718444824,48,0,48,0,11
1403715930.883954524993896,48,0,48,0,11
1403715930.933951854705811,47,0,47,0,11
1403715930.983956098556519,48,3,47,1,11
1403715931.033958673477173,48,3,48,0,11
1403715931.083964586257935,50,6,45,2,11
1403715931.133968353271484,48,5,45,0,11
1403715931.183969020843506,48,7,42,3,11
1403715931.233958244323730,49,11,44,1,11
1403715931.283950328826904,45,2,41,0,11
1403715931.333945751190186,48,3,41,4,11
1403715931.383941411972046,47,2,42,3,11
1403715931.433941125869751,46,8,42,1,11
1403715931.483938455581665,47,6,41,2,11
1403715931.533937692642212,42,7,38,0,11
1403715931.583936929702759,45,3,35,6,11
1403715931.633942604064941,44,2,41,1,11
1403715931.683946132659912,46,5,38,5,11
1403715931.733949661254883,43,2,40,1,11
1403715931.783950090408325,39,4,30,4,11
1403715931.833950996398926,41,4,30,6,11
1403715931.883950710296631,37,7,31,2,11
1403715931.933950901031494,30,6,27,1,11
1403715931.983951807022095,25,7,24,0,11
1403715932.033952474594116,27,5,23,3,11
1403715932.083953142166138,25,7,22,1,11
1403715932.133953094482422,24,7,21,3,11
1403715932.183953285217285,25,4,21,1,11
1403715932.233953237533569,17,10,14,0,11
1403715932.283954381942749,19,6,11,5,11
1403715932.333954334259033,16,5,13,2,11
1403715932.383955717086792,15,7,14,1,11
1403715932.433955430984497,14,7,14,0,11
1403715932.483954191207886,16,1,14,2,11
1403715932.533951520919800,17,1,16,1,11
1403715932.583950281143188,17,5,15,0,11
1403715932.633950710296631,19,3,15,2,11
1403715932.683949947357178,20,1,15,4,11
1403715932.733951091766357,23,2,15,7,11
1403715932.783951044082642,21,3,19,1,11
1403715932.833946466445923,24,0,19,4,11
1403715932.883939027786255,26,1,23,3,11
1403715932.933924674987793,32,6,23,7,11
1403715932.983914613723755,34,5,26,2,11
1403715933.033915996551514,35,1,25,3,11
1403715933.083913087844849,28,4,24,1,11
1403715933.133912563323975,30,1,21,3,11
1403715933.183917522430420,28,2,18,1,11
1403715933.233920812606812,25,4,19,2,11
1403715933.283923387527466,16,7,15,0,11
1403715933.333925962448120,15,4,14,0,11
1403715933.383930206298828,13,8,13,0,11
1403715933.433931350708008,13,7,12,0,11
1403715933.483929395675659,12,9,11,0,11
1403715933.533923387527466,14,6,10,3,11
1403715933.583921194076538,12,3,9,1,11
1403715933.633913278579712,10,1,4,4,11
1403715933.683884859085083,19,1,7,10,11
1403715933.733880043029785,18,1,15,1,11
1403715933.783860445022583,25,2,15,8,11
1403715933.833848953247070,25,2,23,1,11
1403715933.883837699890137,28,1,23,4,11
1403715933.933833599090576,36,9,22,8,11
1403715933.983831167221069,43,16,20,14,11
1403715934.033830165863037,39,10,26,6,11
1403715934.083828926086426,29,5,16,2,11
1403715934.133827924728394,18,6,8,0,11
1403715934.183823347091675,15,3,7,2,11
1403715934.233822107315063,7,0,3,2,11
1403715934.283823251724243,3,4,1,0,11
1403715934.333821535110474,2,2,1,1,11
1403715934.383821725845337,1,7,1,0,11
1403715934.433821678161621,1,4,1,0,11
1403715934.483822107315063,0,1,0,0,11
1403715934.533847093582153,0,9,0,0,11
1403715934.583863735198975,2,2,0,2,11
1403715934.633873462677002,2,1,1,1,11
1403715934.683872938156128,2,0,1,0,11
1403715934.733897924423218,6,1,1,4,11
1403715934.783894300460815,5,2,5,0,11
1403715934.833876848220825,8,1,5,3,11
1403715934.883837938308716,18,1,8,10,11
1403715934.933820724487305,21,3,14,5,11
1403715934.983816146850586,24,11,16,4,11
1403715935.033810853958130,27,0,15,5,11
1403715935.083808660507202,26,10,15,6,11
1403715935.133809566497803,17,3,13,2,11
1403715935.183810710906982,14,1,10,1,11
1403715935.233812332153320,13,3,10,0,11
1403715935.283816337585449,11,1,9,1,11
1403715935.333820343017578,11,7,10,0,11
1403715935.383833169937134,12,2,10,2,11
1403715935.433835029602051,12,6,9,0,11
1403715935.483836412429810,13,5,6,4,11
1403715935.533836841583252,13,3,8,5,11
1403715935.583834171295166,15,5,11,3,11
1403715935.633831977844238,15,4,13,1,11
1403715935.683829545974731,16,4,14,2,11
1403715935.733831405639648,21,0,14,7,11
1403715935.783834457397461,29,3,20,8,11
1403715935.833834886550903,34,1,27,7,11
1403715935.883836507797241,38,1,32,6,11
1403715935.933840036392212,44,0,38,6,11
1403715935.983850955963135,49,3,43,5,11
1403715936.033872365951538,50,8,49,1,11
1403715936.083888530731201,48,10,45,0,11
1403715936.133903264999390,49,13,43,3,11
1403715936.183901786804199,47,4,41,0,11
1403715936.233902692794800,42,4,32,2,11
1403715936.283900022506714,38,6,28,2,11
1403715936.333892822265625,34,2,26,3,11
1403715936.383892536163330,32,0,24,2,11
1403715936.433889150619507,31,1,23,0,11
1403715936.483889102935791,27,1,23,1,11
1403715936.533888339996338,26,0,23,2,11
1403715936.583886623382568,26,1,25,0,11
1403715936.633883237838745,24,5,23,0,11
1403715936.683872222900391,31,2,23,7,11
1403715936.733871221542358,31,1,29,1,11
1403715936.783876895904541,32,0,30,1,11
1403715936.833883047103882,42,0,30,11,11
1403715936.883884668350220,43,1,41,1,11
1403715936.933885097503662,47,4,42,5,11
1403715936.983884572982788,49,2,46,2,11
1403715937.033883094787598,49,3,46,0,11
1403715937.083883762359619,48,0,45,1,11
1403715937.133881330490112,49,3,46,3,11
1403715937.183881044387817,49,0,47,0,11
1403715937.233878135681152,48,0,43,0,11
1403715937.283875942230225,47,6,43,1,11
1403715937.383873701095581,44,3,43,0,11
1403715937.433873176574707,44,0,43,0,11
1403715937.483875036239624,45,4,40,5,11
1403715937.533875465393066,47,0,45,2,11
1403715937.583876371383667,50,3,46,3,11
1403715937.633876800537109,45,2,44,0,11
1403715937.683876037597656,44,3,36,5,11
1403715937.733875274658203,42,3,38,2,11
1403715937.783873319625854,45,10,38,4,11
1403715937.833872556686401,42,4,40,1,11
1403715937.883872032165527,41,1,40,0,11
1403715937.933871746063232,46,4,40,5,11
1403715937.983869075775146,46,2,39,2,11
1403715938.033864974975586,44,9,38,4,11
1403715938.083864212036133,41,1,40,0,11
1403715938.133864164352417,38,2,36,1,11
1403715938.183863639831543,36,1,35,0,11
1403715938.233859062194824,49,9,35,14,11
1403715938.283857822418213,46,0,42,1,11
1403715938.333857536315918,44,4,43,0,11
1403715938.383854150772095,44,5,41,2,11
1403715938.433854103088379,48,18,38,5,11
1403715938.483855009078979,45,2,42,1,11
1403715938.533855438232422,39,5,37,1,11
1403715938.583855628967285,38,4,36,0,11
1403715938.633853197097778,40,2,36,3,11
1403715938.683852434158325,40,5,39,1,11
1403715938.733852386474609,39,2,38,0,11
1403715938.783852815628052,39,2,38,0,11
1403715938.833855390548706,45,2,37,8,11
1403715938.883856058120728,44,3,41,0,11
1403715938.933856487274170,42,1,40,0,11
1403715938.983856439590454,45,2,40,4,11
1403715939.033854961395264,49,16,43,6,11
1403715939.083855628967285,49,1,46,0,11
1403715939.133856058120728,49,9,45,1,11
1403715939.183859825134277,38,7,34,0,11
1403715939.233861446380615,40,4,34,4,11
1403715939.283861637115479,34,2,34,0,11
1403715939.333861351013184,30,3,30,0,11
1403715939.383861303329468,30,13,25,0,11
1403715939.433860301971436,27,2,19,0,11
1403715939.483859539031982,24,1,13,2,11
1403715939.533860206604004,20,4,12,1,11
1403715939.583861351013184,17,4,11,3,11
1403715939.633864164352417,18,12,12,3,11
1403715939.683862447738647,18,6,12,4,11
1403715939.733871221542358,18,3,14,3,11
1403715939.783873796463013,17,0,14,0,11
1403715939.833879947662354,21,0,14,4,11
1403715939.883880853652954,19,2,17,2,11
1403715939.933876752853394,33,0,19,14,11
1403715939.983875036239624,33,1,33,0,11
1403715940.033875226974487,40,2,32,7,11
1403715940.083877325057983,40,1,39,0,11
1403715940.133876323699951,45,2,38,6,11
1403715940.183873176574707,46,13,44,1,11
1403715940.233871936798096,49,8,42,4,11
1403715940.283873081207275,50,2,44,1,11
1403715940.333874940872192,49,4,39,3,11
1403715940.383877992630005,37,5,32,1,11
1403715940.433880090713501,34,6,25,2,11
1403715940.483881473541260,34,1,22,3,11
1403715940.533882856369019,29,1,19,3,11
1403715940.583885431289673,20,2,18,0,11
1403715940.633885145187378,18,2,17,1,11
1403715940.683888196945190,17,1,13,2,11
1403715940.733886718750000,24,0,12,9,11
1403715940.783885717391968,27,0,20,7,11
1403715940.833888292312622,27,0,27,0,11
1403715940.883882761001587,33,1,24,6,11
1403715940.933886289596558,34,3,25,4,11
1403715940.983883619308472,39,27,26,8,11
1403715941.033880710601807,42,13,31,6,11
1403715941.083878517150879,36,21,21,2,11
1403715941.133877038955688,23,5,8,2,11
1403715941.183880567550659,16,7,3,2,11
1403715941.233881235122681,4,3,1,0,11
1403715941.283882617950439,3,1,1,1,11
1403715941.333882808685303,2,10,1,1,11
1403715941.383883714675903,2,3,2,0,11
1403715941.433885574340820,0,5,0,0,11
1403715941.483884334564209,0,2,0,0,11
1403715941.533887147903442,0,2,0,0,11
1403715941.583887815475464,7,6,0,7,11
1403715941.633886337280273,7,3,7,0,11
1403715941.683878183364868,12,3,7,5,11
1403715941.733874559402466,16,4,11,5,11
1403715941.783869743347168,20,5,12,7,11
1403715941.833868265151978,17,2,16,1,11
1403715941.883866310119629,18,3,16,1,11
1403715941.933862447738647,32,0,18,14,11
1403715941.983862638473511,37,3,31,5,11
1403715942.033861637115479,40,1,33,3,11
1403715942.083861827850342,41,3,37,2,11
1403715942.133860826492310,42,6,36,3,11
1403715942.183858871459961,45,3,37,4,11
1403715942.233858108520508,35,8,31,0,11
1403715942.283857345581055,30,1,22,1,11
1403715942.333855390548706,23,5,19,0,11
1403715942.383852481842041,23,4,17,3,11
1403715942.433851718902588,12,2,10,0,11
1403715942.483852863311768,9,1,8,0,11
1403715942.533853769302368,8,4,8,0,11
1403715942.583850145339966,6,4,3,3,11
1403715942.633856773376465,11,3,3,8,11
1403715942.683857679367065,13,6,6,4,11
1403715942.733858823776245,5,3,2,2,11
1403715942.783857583999634,8,5,4,4,11
1403715942.833856105804443,11,2,8,3,11
1403715942.883861064910889,23,2,9,12,11
1403715942.933865547180176,25,0,20,3,11
1403715942.983868360519409,30,2,23,7,11
1403715943.033872365951538,33,1,30,3,11
1403715943.083874940872192,36,1,33,3,11
1403715943.133883476257324,49,13,36,13,11
1403715943.183881282806396,49,12,46,1,11
1403715943.233877420425415,50,5,45,1,11
1403715943.283876180648804,47,17,40,0,11
1403715943.333876848220825,42,0,35,0,11
1403715943.383877038955688,40,6,32,2,11
1403715943.433876991271973,33,9,30,1,11
1403715943.483876466751099,31,3,25,1,11
1403715943.533873319625854,29,0,20,1,11
1403715943.583870410919189,24,1,18,1,11
1403715943.633868694305420,22,1,19,0,11
1403715943.683867931365967,19,1,18,0,11
1403715943.733866930007935,18,1,17,0,11
1403715943.783867120742798,18,3,16,1,11
1403715943.833867073059082,24,0,16,8,11
1403715943.883868694305420,20,1,19,0,11
1403715943.933872461318970,23,5,18,4,11
1403715943.983883619308472,35,1,22,13,11
1403715944.033891439437866,38,2,34,3,11
1403715944.083897352218628,44,5,34,6,11
1403715944.133903741836548,44,2,35,4,11
1403715944.183907270431519,36,6,29,1,11
1403715944.283910274505615,28,8,16,1,11
1403715944.333909988403320,25,0,13,3,11
1403715944.383908748626709,19,0,15,1,11
1403715944.433907985687256,14,0,14,0,11
1403715944.483902692794800,14,1,11,3,11
1403715944.533902168273926,10,2,10,0,11
1403715944.583903789520264,10,1,9,0,11
1403715944.633904457092285,8,1,8,0,11
1403715944.683912277221680,10,1,7,2,11
1403715944.733914613723755,15,2,6,6,11
1403715944.783920526504517,16,3,12,2,11
1403715944.833927869796753,17,8,11,6,11
1403715944.883940935134888,35,4,13,19,11
1403715944.933943748474121,43,11,31,8,11
1403715944.983945131301880,47,11,33,5,11
1403715945.033946275711060,43,15,34,3,11
1403715945.083945274353027,31,2,27,0,11
1403715945.133943080902100,23,1,19,0,11
1403715945.183941125869751,16,1,11,1,11
1403715945.233931303024292,19,2,7,10,11
1403715945.283929586410522,15,3,11,0,11
1403715945.333930969238281,11,7,8,0,11
1403715945.383930206298828,8,8,7,1,11
1403715945.433931589126587,8,1,7,1,11
1403715945.483930826187134,8,5,8,0,11
1403715945.533929109573364,7,0,7,0,11
1403715945.583917140960693,10,4,6,3,11
1403715945.633900403976440,20,2,9,10,11
1403715945.683887243270874,26,3,19,7,11
1403715945.733880519866943,34,4,25,8,11
1403715945.783876895904541,37,12,33,3,11
1403715945.833873510360718,37,1,31,4,11
1403715945.883871555328369,36,1,35,0,11
1403715945.933870315551758,34,1,30,3,11
1403715945.983869314193726,33,0,29,1,11
1403715946.033869743347168,24,1,23,0,11
1403715946.083869457244873,20,0,20,0,11
1403715946.133870363235474,21,2,20,1,11
1403715946.183870077133179,19,1,18,1,11
1403715946.233871221542358,20,1,18,2,11
1403715946.283872842788696,24,2,18,4,11
1403715946.333872318267822,26,0,20,3,11
1403715946.383869409561157,32,6,23,8,11
1403715946.433866262435913,38,4,28,8,11
1403715946.483868122100830,48,11,33,10,11
1403715946.533866405487061,47,7,40,2,11
1403715946.583864450454712,34,9,29,1,11
1403715946.633863687515259,28,5,25,2,11
1403715946.683864116668701,25,5,21,1,11
1403715946.733865499496460,19,11,15,0,11
1403715946.783864259719849,20,3,13,4,11
1403715946.833867311477661,18,2,16,2,11
1403715946.883871793746948,17,7,17,0,11
1403715946.933874845504761,15,3,14,0,11
1403715946.983878850936890,14,5,13,0,11
1403715947.033881425857544,12,4,11,0,11
1403715947.083898544311523,23,2,9,13,11
1403715947.133899688720703,15,3,13,0,11
1403715947.183900356292725,13,2,12,0,11
1403715947.233901023864746,14,3,11,3,11
1403715947.283902168273926,13,0,13,0,11
1403715947.333903789520264,14,0,13,1,11
1403715947.383905649185181,18,1,14,4,11
1403715947.433903217315674,18,2,17,0,11
1403715947.483902931213379,20,0,17,3,11
1403715947.533906698226929,23,4,19,4,11
1403715947.583907604217529,28,4,21,5,11
1403715947.633909702301025,20,11,16,1,11
1403715947.683909416198730,18,1,17,0,11
1403715947.733909130096436,17,2,17,0,11
1403715947.783906698226929,19,3,16,3,11
1403715947.833906412124634,18,6,17,0,11
1403715947.883907079696655,16,4,15,0,11
1403715947.933906555175781,9,10,9,0,11
1403715947.983906269073486,8,4,8,0,11
1403715948.033905506134033,10,0,6,4,11
1403715948.083905220031738,14,4,10,4,11
1403715948.133907556533813,19,2,12,6,11
1403715948.183907508850098,24,2,17,6,11
1403715948.233908176422119,31,0,23,8,11
1403715948.283910274505615,38,0,31,7,11
1403715948.333910465240479,46,1,38,8,11
1403715948.383912801742554,49,19,45,4,11
1403715948.433912515640259,49,5,47,0,11
1403715948.483912467956543,49,10,46,0,11
1403715948.533912658691406,48,10,44,1,11
1403715948.583913087844849,46,9,38,2,11
1403715948.633912563323975,38,8,31,0,11
1403715948.683912992477417,33,1,30,0,11
1403715948.733914136886597,31,2,28,1,11
1403715948.783915042877197,29,0,25,0,11
1403715948.833915472030640,25,4,21,2,11
1403715948.883917331695557,21,0,20,0,11
1403715948.933918476104736,19,0,19,0,11
1403715948.983921051025391,18,1,18,0,11
1403715949.033923625946045,17,0,16,1,11
1403715949.083930015563965,24,2,16,8,11
1403715949.133934736251831,25,2,24,1,11
1403715949.183939218521118,28,3,24,3,11
1403715949.233941555023193,32,5,25,4,11
1403715949.283943891525269,36,5,27,5,11
1403715949.333945751190186,34,2,24,3,11
1403715949.383946180343628,33,2,22,3,11
1403715949.433947563171387,33,3,22,5,11
1403715949.483946800231934,23,6,19,1,11
1403715949.533945560455322,20,0,17,2,11
1403715949.583943128585815,18,1,17,0,11
1403715949.633941888809204,17,3,17,0,11
1403715949.683942079544067,17,1,17,0,11
1403715949.733942508697510,16,2,16,0,11
1403715949.783943414688110,15,0,15,0,11
1403715949.833943843841553,18,4,15,3,11
1403715949.883949041366577,26,1,17,8,11
1403715949.933954000473022,29,2,23,4,11
1403715949.983960151672363,39,5,26,11,11
1403715950.033965349197388,43,4,37,5,11
1403715950.083971023559570,49,6,39,7,11
1403715950.133970499038696,50,20,43,1,11
1403715950.183970212936401,41,6,37,1,11
1403715950.233970403671265,33,4,31,1,11
1403715950.283970594406128,29,3,29,0,11
1403715950.333969831466675,28,3,25,0,11
1403715950.383968114852905,25,2,22,0,11
1403715950.433967828750610,21,3,19,0,11
1403715950.483966588973999,15,3,13,2,11
1403715950.533964872360229,14,8,11,1,11
1403715950.583963632583618,14,3,12,1,11
1403715950.633962869644165,13,11,12,1,11
1403715950.683962821960449,14,1,11,2,11
1403715950.733961343765259,16,3,10,5,11
1403715950.783959627151489,21,11,12,6,11
1403715950.833960056304932,20,1,17,1,11
1403715950.883961677551270,18,1,15,1,11
1403715950.933963298797607,19,3,15,3,11
1403715950.983965158462524,21,1,18,3,11
1403715951.033964633941650,23,5,19,3,11
1403715951.083963394165039,21,0,17,0,11
1403715951.133963346481323,19,1,13,0,11
1403715951.183963537216187,17,2,11,1,11
1403715951.233961343765259,16,4,11,2,11
1403715951.283960819244385,12,1,9,0,11
1403715951.333959579467773,13,3,8,2,11
1403715951.383957862854004,7,6,6,0,11
1403715951.433956146240234,7,2,5,0,11
1403715951.483955621719360,7,0,4,1,11
1403715951.533954858779907,8,3,5,2,11
1403715951.583950281143188,13,1,7,6,11
1403715951.633944034576416,20,1,12,7,11
1403715951.683938980102539,24,2,18,4,11
1403715951.733934402465820,29,8,21,7,11
1403715951.783930301666260,35,1,27,8,11
1403715951.833928823471069,45,1,32,12,11
1403715951.883927106857300,43,3,40,0,11
1403715951.933924198150635,49,11,37,7,11
1403715951.983922481536865,44,20,35,0,11
1403715952.033922195434570,40,3,32,1,11
1403715952.083922147750854,35,3,25,2,11
1403715952.133921861648560,28,6,16,3,11
1403715952.183919906616211,21,2,10,0,11
1403715952.233916044235229,14,9,9,2,11
1403715952.283917903900146,9,3,7,1,11
1403715952.333917617797852,7,4,5,0,11
1403715952.383917093276978,4,3,4,0,11
1403715952.433918952941895,4,6,3,0,11
1403715952.483919143676758,3,0,1,0,11
1403715952.533921718597412,4,2,1,2,11
1403715952.583919048309326,5,4,2,3,11
1403715952.633919477462769,6,4,4,1,11
1403715952.683918476104736,7,1,5,1,11
1403715952.733916759490967,9,3,5,4,11
1403715952.783915996551514,10,2,8,2,11
1403715952.833915472030640,12,2,8,4,11
1403715952.883912563323975,15,5,11,4,11
1403715952.933909416198730,14,5,12,0,11
1403715952.983907461166382,15,6,9,2,11
1403715953.033903598785400,15,17,3,2,11
1403715953.083900451660156,11,3,8,0,11
1403715953.133898973464966,8,2,6,1,11
1403715953.183898925781250,8,3,5,2,11
1403715953.233899354934692,6,4,5,0,11
1403715953.283901214599609,5,6,4,0,11
1403715953.333902120590210,4,1,4,0,11
1403715953.433902502059937,1,9,1,0,11
1403715953.483902215957642,2,4,1,1,11
1403715953.533903121948242,2,3,2,0,11
1403715953.583903551101685,3,4,2,1,11
1403715953.633908510208130,7,2,3,4,11
1403715953.683909177780151,9,5,7,2,11
1403715953.733912944793701,25,4,8,17,11
1403715953.783913612365723,25,2,19,2,11
1403715953.833911657333374,42,4,20,18,11
1403715953.883908987045288,45,4,33,9,11
1403715953.933904647827148,46,13,38,5,11
1403715953.983900070190430,48,16,38,4,11
1403715954.033900976181030,48,11,39,1,11
1403715954.083900451660156,34,3,28,0,11
1403715954.133899450302124,29,5,21,2,11
1403715954.183899402618408,25,2,18,2,11
1403715954.233899354934692,22,3,17,0,11
1403715954.283900260925293,17,2,13,1,11
1403715954.333901405334473,13,3,9,0,11
1403715954.383903264999390,10,6,7,0,11
1403715954.433903217315674,7,0,7,0,11
1403715954.483906030654907,11,4,6,4,11
1403715954.533905267715454,13,12,7,3,11
1403715954.583907365798950,14,7,8,4,11
1403715954.633908271789551,15,2,11,3,11
1403715954.683910369873047,15,6,11,2,11
1403715954.733911991119385,20,1,13,5,11
1403715954.783914804458618,24,0,17,7,11
1403715954.833917379379272,25,1,23,2,11
1403715954.883918046951294,28,3,25,3,11
1403715954.933917760848999,28,4,27,1,11
1403715954.983917236328125,32,6,27,4,11
1403715955.033917427062988,28,6,27,0,11
1403715955.083916902542114,29,4,25,2,11
1403715955.133917331695557,29,3,25,1,11
1403715955.183915376663208,21,10,18,1,11
1403715955.233912706375122,21,5,19,1,11
1403715955.283911466598511,22,1,18,4,11
1403715955.333908319473267,22,3,21,1,11
1403715955.383907794952393,21,3,20,1,11
1403715955.433906793594360,21,6,17,3,11
1403715955.483906269073486,21,2,20,0,11
1403715955.533907651901245,18,5,14,1,11
1403715955.583907365798950,22,4,13,6,11
1403715955.633907794952393,19,4,15,1,11
1403715955.683908462524414,23,1,15,4,11
1403715955.733908653259277,22,1,18,3,11
1403715955.783908843994141,23,5,21,2,11
1403715955.833908081054688,39,9,22,16,11
1403715955.883908271789551,42,2,30,6,11
1403715955.933907032012939,41,6,25,5,11
1403715955.983906030654907,38,2,25,2,11
1403715956.033905267715454,29,4,18,3,11
1403715956.083904266357422,22,9,13,0,11
1403715956.133904695510864,20,1,11,3,11
1403715956.183903694152832,18,0,14,4,11
1403715956.233904123306274,18,2,18,0,11
1403715956.283902883529663,18,0,16,0,11
1403715956.333901882171631,17,5,15,1,11
1403715956.383898735046387,18,1,15,2,11
1403715956.433898448944092,17,3,13,1,11
1403715956.483898639678955,13,10,10,0,11
1403715956.533892393112183,17,2,8,8,11
1403715956.583891391754150,18,2,14,2,11
1403715956.633889436721802,25,2,16,7,11
1403715956.683887481689453,27,1,23,4,11
1403715956.733885526657104,27,0,27,0,11
1403715956.783884048461914,27,0,27,0,11
1403715956.833882093429565,26,1,26,0,11
1403715956.883879661560059,31,8,26,5,11
1403715956.933879613876343,40,2,31,9,11
1403715956.983879566192627,45,3,32,5,11
1403715957.033878087997437,47,4,35,5,11
1403715957.083877086639404,45,4,39,5,11
1403715957.133877038955688,46,3,42,4,11
1403715957.183875560760498,37,3,36,0,11
1403715957.233874320983887,37,2,34,2,11
1403715957.283874988555908,32,4,28,4,11
1403715957.333874702453613,30,1,30,0,11
1403715957.383874654769897,28,8,26,0,11
1403715957.433874845504761,31,2,23,4,11
1403715957.483874797821045,25,1,23,0,11
1403715957.533874750137329,20,2,20,0,11
1403715957.583873510360718,27,1,18,9,11
1403715957.633871793746948,20,2,19,0,11
1403715957.683870792388916,28,2,16,10,11
1403715957.733865737915039,29,1,24,3,11
1403715957.783856153488159,32,23,24,3,11
1403715957.833853960037231,30,4,21,1,11
1403715957.883851289749146,28,2,19,2,11
1403715957.933851242065430,24,3,16,1,11
1403715957.983849763870239,24,2,14,3,11
1403715958.033850669860840,21,3,15,1,11
1403715958.083853960037231,19,1,14,1,11
1403715958.133855819702148,17,3,10,1,11
1403715958.183857202529907,14,3,8,1,11
1403715958.233859062194824,9,3,8,0,11
1403715958.283859729766846,8,0,4,0,11
1403715958.333860397338867,7,4,4,1,11
1403715958.383879899978638,9,7,5,4,11
1403715958.433881044387817,8,12,4,0,11
1403715958.483889102935791,13,3,2,7,11
1403715958.533891916275024,21,1,7,12,11
1403715958.583894014358521,22,1,18,1,11
1403715958.633894443511963,20,0,19,0,11
1403715958.683895111083984,21,1,17,4,11
1403715958.733895063400269,21,1,20,1,11
1403715958.783898353576660,24,3,20,3,11
1403715958.833897113800049,27,6,23,4,11
1403715958.883895158767700,33,6,26,6,11
1403715958.933895587921143,32,1,31,0,11
1403715958.983896017074585,31,2,30,1,11
1403715959.033896446228027,34,6,30,4,11
1403715959.083896875381470,34,0,32,0,11
1403715959.133896589279175,35,4,31,2,11
1403715959.183897018432617,32,0,30,0,11
1403715959.233897447586060,32,2,30,0,11
1403715959.283898591995239,30,4,30,0,11
1403715959.333898782730103,26,4,22,2,11
1403715959.383898735046387,24,6,19,2,11
1403715959.433898687362671,22,1,17,2,11
1403715959.483899354934692,27,4,18,8,11
1403715959.533900737762451,27,2,23,2,11
1403715959.583904266357422,36,4,22,11,11
1403715959.633909463882446,40,4,31,7,11
1403715959.683913707733154,38,3,36,2,11
1403715959.733921289443970,37,16,33,0,11
1403715959.783926248550415,34,9,25,0,11
1403715959.833929061889648,30,4,15,3,11
1403715959.883932113647461,26,2,16,3,11
1403715959.933932781219482,22,4,17,3,11
1403715959.983931541442871,22,1,18,1,11
1403715960.033931493759155,21,1,18,0,11
1403715960.083930969238281,23,9,13,6,11
1403715960.133935689926147,23,1,15,3,11
1403715960.183936357498169,20,2,14,1,11
1403715960.333936929702759,8,29,5,0,11
1403715960.383936643600464,6,2,3,0,11
1403715960.433936119079590,3,1,2,1,11
1403715960.483934879302979,3,1,3,0,11
1403715960.533929824829102,7,1,3,4,11
1403715960.583928108215332,9,1,7,2,11
1403715960.633925199508667,12,0,9,3,11
1403715960.683923959732056,12,0,12,0,11
1403715960.733921766281128,12,3,12,0,11
1403715960.783919095993042,12,6,12,0,11
1403715960.833918094635010,13,4,11,1,11
1403715960.883918046951294,14,2,12,1,11
1403715960.933914899826050,19,1,13,6,11
1403715960.983913660049438,19,1,16,0,11
1403715961.033912897109985,24,3,15,5,11
1403715961.083910465240479,19,6,16,2,11
1403715961.133908748626709,17,2,17,0,11
1403715961.183909177780151,15,2,12,1,11
1403715961.233909606933594,15,1,13,0,11
1403715961.283907175064087,17,1,13,4,11
1403715961.333904743194580,22,0,16,6,11
1403715961.383903026580811,22,5,21,1,11
1403715961.433902263641357,24,7,21,3,11
1403715961.483901023864746,27,15,22,4,11
1403715961.533900499343872,30,11,25,4,11
1403715961.583901643753052,28,6,26,0,11
1403715961.633902311325073,26,3,23,2,11
1403715961.683902502059937,24,4,21,0,11
1403715961.733903169631958,23,11,17,2,11
1403715961.783903360366821,21,3,15,0,11
1403715961.833903789520264,18,2,10,2,11
1403715961.883904695510864,12,12,8,0,11
1403715961.933905363082886,9,2,5,0,11
1403715961.983906507492065,11,6,4,4,11
1403715962.033907651901245,7,2,3,1,11
1403715962.083908557891846,7,0,2,4,11
1403715962.133908987045288,6,1,5,0,11
1403715962.183910131454468,4,0,1,1,11
1403715962.233907938003540,4,0,1,2,11
1403715962.283908128738403,2,1,1,0,11
1403715962.333910226821899,4,1,1,2,11
1403715962.383905649185181,5,2,3,2,11
1403715962.433907032012939,6,2,3,2,11
1403715962.483913660049438,15,1,4,9,11
1403715962.583914518356323,12,17,8,0,11
1403715962.633914947509766,11,3,6,1,11
1403715962.683915376663208,12,0,5,4,11
1403715962.733916044235229,13,0,6,2,11
1403715962.783916473388672,12,2,7,1,11
1403715962.833916664123535,11,3,6,2,11
1403715962.883916616439819,9,0,7,0,11
1403715962.933916568756104,7,3,6,0,11
1403715962.983916282653809,3,1,3,0,11
1403715963.033916234970093,3,4,0,1,11
1403715963.083916664123535,3,5,1,1,11
1403715963.133916854858398,3,4,0,1,11
1403715963.183918476104736,11,11,1,9,11
1403715963.233918666839600,12,10,9,2,11
1403715963.283919334411621,18,9,8,9,11
1403715963.333919286727905,24,3,11,8,11
1403715963.383919715881348,24,1,18,1,11
1403715963.433922767639160,21,11,16,4,11
1403715963.483925342559814,19,7,16,0,11
1403715963.533926725387573,17,12,15,0,11
1403715963.583925724029541,18,17,13,4,11
1403715963.633927106857300,27,5,16,9,11
1403715963.683925628662109,29,11,18,6,11
1403715963.733926057815552,34,6,19,8,11
1403715963.783926486968994,28,3,25,2,11
1403715963.833927869796753,26,2,22,4,11
1403715963.883929014205933,25,0,25,0,11
1403715963.933930158615112,26,5,25,1,11
1403715963.983930826187134,27,2,26,1,11
1403715964.033934116363525,36,4,26,10,11
1403715964.083934307098389,34,4,24,0,11
1403715964.133935928344727,42,6,21,8,11
1403715964.183935880661011,43,0,29,11,11
1403715964.233937501907349,41,0,34,0,11
1403715964.283940792083740,48,2,36,8,11
1403715964.333942890167236,47,12,43,3,11
1403715964.383944511413574,46,0,46,0,11
1403715964.433945178985596,47,1,44,3,11
1403715964.483945131301880,49,7,47,2,11
1403715964.533944129943848,49,4,49,0,11
1403715964.583943128585815,49,3,49,0,11
1403715964.633942365646362,46,5,45,1,11
1403715964.683942079544067,48,7,44,3,11
1403715964.733940601348877,48,4,45,0,11
1403715964.783941507339478,46,14,43,2,11
1403715964.833941698074341,45,3,42,2,11
1403715964.883941888809204,42,0,39,2,11
1403715964.933942317962646,50,2,41,9,11
1403715964.983942270278931,47,4,46,0,11
1403715965.033943176269531,49,4,45,3,11
1403715965.083943367004395,46,7,44,0,11
1403715965.133944988250732,48,18,40,3,11
1403715965.183946132659912,44,0,42,0,11
1403715965.233946323394775,42,1,42,0,11
1403715965.283946752548218,41,1,41,0,11
1403715965.333945751190186,40,2,37,0,11
1403715965.383943796157837,48,8,34,8,11
1403715965.433943510055542,44,2,42,0,11
1403715965.483943462371826,41,3,39,1,11
1403715965.533942699432373,39,0,36,0,11
1403715965.583940267562866,37,0,35,0,11
1403715965.633934974670410,38,1,35,3,11
1403715965.683930158615112,42,15,38,4,11
1403715965.733925342559814,48,16,39,7,11
1403715965.783923149108887,48,5,44,1,11
1403715965.833922147750854,47,10,43,2,11
1403715965.883920907974243,44,5,38,1,11
1403715965.933920383453369,41,1,31,2,11
1403715965.983920335769653,34,1,27,1,11
1403715966.033920526504517,32,2,24,2,11
1403715966.083920001983643,26,1,19,4,11
1403715966.133920431137085,19,4,13,0,11
1403715966.183921337127686,19,0,12,0,11
1403715966.233923196792603,14,2,11,2,11
1403715966.283924341201782,14,0,12,1,11
1403715966.333928108215332,23,1,13,9,11
1403715966.383934974670410,29,1,21,7,11
1403715966.433936834335327,29,1,24,0,11
1403715966.483937025070190,28,2,21,0,11
1403715966.533938407897949,30,6,18,7,11
1403715966.583937883377075,29,4,20,4,11
1403715966.633936405181885,28,0,22,3,11
1403715966.683934688568115,27,0,21,2,11
1403715966.733932018280029,28,2,23,2,11
1403715966.783928394317627,25,1,21,3,11
1403715966.833923101425171,30,0,24,5,11
1403715966.883920907974243,29,0,29,0,11
1403715966.933920383453369,30,0,29,1,11
1403715966.983919620513916,35,10,29,6,11
1403715967.033918857574463,42,10,35,7,11
1403715967.133915901184082,37,24,27,1,11
1403715967.183914899826050,41,0,23,6,11
1403715967.233914375305176,30,3,18,4,11
1403715967.283915281295776,25,7,11,0,11
1403715967.333915472030640,16,3,7,1,11
1403715967.383915662765503,11,1,6,4,11
1403715967.433916568756104,11,2,10,1,11
1403715967.483917474746704,10,0,10,0,11
1403715967.533919095993042,10,1,10,0,11
1403715967.583920240402222,10,1,10,0,11
1403715967.633925199508667,15,1,10,5,11
1403715967.683926105499268,16,1,14,1,11
1403715967.733929634094238,21,6,14,5,11
1403715967.783929586410522,20,1,14,0,11
1403715967.833929538726807,23,2,11,4,11
1403715967.883929967880249,20,1,12,3,11
1403715967.933930397033691,19,0,14,2,11
1403715967.983930349349976,18,0,14,2,11
1403715968.033931255340576,18,1,16,1,11
1403715968.083931446075439,17,4,16,1,11
1403715968.133931159973145,17,0,16,0,11
1403715968.183931112289429,17,2,16,0,11
1403715968.233933210372925,20,1,15,5,11
1403715968.283933639526367,26,0,20,6,11
1403715968.333933591842651,30,1,26,4,11
1403715968.383933544158936,38,4,30,8,11
1403715968.433932781219482,44,14,36,6,11
1403715968.483932018280029,50,12,41,6,11
1403715968.533931970596313,46,9,41,0,11
1403715968.583931207656860,47,11,41,2,11
1403715968.633930206298828,48,0,41,5,11
1403715968.683929920196533,48,1,44,1,11
1403715968.733929872512817,46,0,44,1,11
1403715968.783929586410522,46,0,43,2,11
1403715968.833928823471069,46,0,45,0,11
1403715968.883929014205933,45,3,40,3,11
1403715968.933928489685059,46,0,41,1,11
1403715968.983925104141235,45,1,41,2,11
1403715969.033920526504517,47,2,36,3,11
1403715969.083917617797852,48,6,26,3,11
1403715969.133912563323975,46,10,17,6,11
1403715969.183912754058838,40,5,19,6,11
1403715969.233911991119385,30,3,24,3,11
1403715969.283911943435669,24,4,21,0,11
1403715969.333912372589111,20,5,17,1,11
1403715969.383913516998291,21,1,18,2,11
1403715969.433913707733154,18,2,18,0,11
1403715969.483913660049438,12,3,10,0,11
1403715969.533913850784302,11,5,9,0,11
1403715969.583913564682007,7,1,7,0,11
1403715969.633913278579712,7,5,7,0,11
1403715969.683912515640259,13,2,6,6,11
1403715969.733910799026489,31,0,12,18,11
1403715969.783909082412720,39,1,29,10,11
1403715969.833908557891846,41,7,39,2,11
1403715969.883906841278076,49,17,37,8,11
1403715969.933905601501465,49,8,39,0,11
1403715969.983906269073486,46,9,36,2,11
1403715970.033905982971191,44,5,34,5,11
1403715970.083905696868896,39,2,33,1,11
1403715970.133904933929443,37,4,29,1,11
1403715970.183904886245728,35,5,27,2,11
1403715970.233904600143433,23,3,20,1,11
1403715970.283904790878296,18,2,13,1,11
1403715970.333904743194580,15,2,13,0,11
1403715970.383904933929443,14,0,13,1,11
1403715970.433908224105835,15,2,10,3,11
1403715970.483909845352173,15,1,13,0,11
1403715970.533912181854248,14,1,11,1,11
1403715970.583915948867798,24,6,11,12,11
1403715970.633919000625610,35,0,18,12,11
1403715970.683918476104736,36,4,25,1,11
1403715970.733918190002441,43,4,24,12,11
1403715970.783918380737305,32,5,24,1,11
1403715970.833917617797852,25,0,17,3,11
1403715970.883918046951294,25,3,18,5,11
1403715970.933917284011841,22,2,19,0,11
1403715970.983916282653809,19,1,14,2,11
1403715971.033914804458618,14,6,10,1,11
1403715971.083914041519165,11,2,9,0,11
1403715971.133911132812500,11,0,8,3,11
1403715971.183912038803101,12,2,11,1,11
1403715971.233909130096436,22,1,10,11,11
1403715971.283910274505615,27,12,19,5,11
1403715971.333911895751953,29,13,23,3,11
1403715971.383913040161133,46,11,25,20,11
1403715971.433914184570312,48,14,43,3,11
1403715971.483914613723755,47,10,43,1,11
1403715971.583913326263428,35,11,23,2,11
1403715971.633912801742554,31,3,21,1,11
1403715971.683911800384521,24,2,18,5,11
1403715971.733911514282227,21,7,20,1,11
1403715971.783911466598511,16,2,15,0,11
1403715971.833912372589111,11,2,7,3,11
1403715971.883911848068237,8,5,8,0,11
1403715971.933911085128784,8,2,6,0,11
1403715971.983909606933594,14,5,6,7,11
1403715972.033909559249878,13,5,13,0,11
1403715972.083904981613159,27,1,13,14,11
1403715972.133904695510864,27,1,25,1,11
1403715972.183904409408569,36,1,24,9,11
1403715972.233904123306274,43,4,33,9,11
1403715972.283904552459717,47,6,39,8,11
1403715972.333904266357422,47,2,45,2,11
1403715972.383904218673706,50,2,47,3,11
1403715972.433904170989990,49,2,49,0,11
1403715972.483904123306274,50,3,48,1,11
1403715972.533904075622559,50,12,49,0,11
1403715972.583905458450317,49,2,48,1,11
1403715972.633906126022339,50,4,47,1,11
1403715972.683906316757202,50,3,31,0,11
1403715972.733905076980591,48,2,24,0,11
1403715972.783905744552612,40,3,18,9,11
1403715972.833905458450317,37,1,25,4,11
1403715972.883903980255127,43,1,30,12,11
1403715972.933902978897095,43,1,40,1,11
1403715972.983902215957642,44,0,41,1,11
1403715973.033900260925293,44,3,42,2,11
1403715973.083898305892944,45,1,43,1,11
1403715973.133899927139282,49,3,44,4,11
1403715973.183899641036987,49,2,48,1,11
1403715973.233899593353271,50,4,49,1,11
1403715973.283900260925293,50,11,50,0,11
1403715973.333900451660156,50,5,50,0,11
1403715973.383900165557861,50,14,50,0,11
1403715973.433900117874146,50,3,50,0,11
1403715973.483899831771851,50,7,50,0,11
1403715973.533900022506714,50,0,50,0,11
1403715973.583899974822998,50,0,50,0,11
1403715973.633899688720703,48,2,48,0,11
1403715973.683898448944092,43,24,40,2,11
1403715973.733898162841797,46,0,41,5,11
1403715973.783898353576660,45,0,44,0,11
1403715973.833898782730103,44,0,43,0,11
1403715973.883898973464966,49,2,43,6,11
1403715973.933899164199829,47,1,46,1,11
1403715974.033900022506714,50,10,47,3,11
1403715974.083900690078735,50,5,49,0,11
1403715974.133900880813599,50,4,49,0,11
1403715974.183900833129883,49,1,49,0,11
1403715974.233901023864746,49,2,49,0,11
1403715974.283901214599609,50,3,49,1,11
1403715974.333901643753052,50,22,50,0,11
1403715974.383902549743652,50,0,50,0,11
1403715974.433903217315674,50,21,50,0,11
1403715974.483903169631958,50,2,50,0,11
1403715974.533903837203979,50,2,50,0,11
1403715974.583903789520264,50,1,50,0,11
1403715974.633903741836548,50,11,50,0,11
1403715974.683903932571411,50,3,50,0,11
1403715974.733904123306274,50,3,49,0,11
1403715974.783904314041138,49,1,49,0,11
1403715974.833904743194580,49,1,49,0,11
1403715974.883904457092285,49,1,49,0,11
1403715974.933904409408569,50,21,49,1,11
1403715974.983904361724854,50,0,50,0,11
1403715975.033904552459717,50,19,50,0,11
1403715975.083904504776001,50,2,50,0,11
1403715975.133904457092285,50,1,49,0,11
1403715975.183904409408569,50,1,49,0,11
1403715975.233904361724854,49,11,49,0,11
1403715975.283904552459717,50,3,48,1,11
1403715975.333904266357422,49,2,48,0,11
1403715975.383903980255127,50,1,48,2,11
1403715975.433904170989990,50,0,50,0,11
1403715975.483903884887695,50,0,50,0,11
1403715975.533904075622559,49,17,49,0,11
1403715975.583904027938843,49,0,49,0,11
1403715975.633903980255127,50,15,49,1,11
1403715975.683903932571411,50,3,50,0,11
1403715975.733903884887695,50,1,50,0,11
1403715975.783904075622559,48,1,48,0,11
1403715975.833904266357422,50,7,48,2,11
1403715975.883904457092285,50,3,50,0,11
1403715975.933904170989990,50,3,50,0,11
1403715975.983904123306274,50,2,50,0,11
1403715976.033904552459717,50,0,50,0,11
1403715976.083904743194580,50,0,50,0,11
1403715976.133905172348022,50,16,50,0,11
1403715976.183904886245728,50,3,50,0,11
1403715976.233905076980591,50,10,49,0,11
1403715976.283905267715454,49,2,48,0,11
1403715976.333904981613159,49,25,47,1,11
1403715976.383905172348022,50,1,47,1,11
1403715976.433904886245728,49,8,48,0,11
1403715976.483904600143433,49,1,48,1,11
1403715976.533904790878296,50,0,49,1,11
1403715976.583904981613159,50,1,50,0,11
1403715976.633904933929443,50,0,50,0,11
1403715976.683904886245728,50,0,50,0,11
1403715976.733904838562012,50,15,50,0,11
1403715976.783905267715454,50,2,50,0,11
1403715976.833905220031738,50,5,50,0,11
1403715976.883905410766602,50,1,50,0,11
1403715976.933905363082886,50,18,50,0,11
1403715976.983905553817749,50,0,50,0,11
1403715977.033905744552612,50,8,50,0,11
1403715977.083905458450317,50,1,50,0,11
1403715977.133905410766602,50,1,50,0,11
1403715977.183905839920044,50,1,50,0,11
1403715977.233905792236328,49,0,48,0,11
1403715977.283905982971191,49,2,48,0,11
1403715977.333906173706055,49,13,47,1,11
1403715977.383905887603760,49,0,48,0,11
1403715977.433906078338623,47,8,47,0,11
1403715977.483906030654907,47,4,47,0,11
1403715977.533906459808350,50,9,46,3,11
1403715977.583906412124634,50,4,46,0,11
1403715977.633906364440918,50,8,44,1,11
1403715977.683906078338623,49,3,43,2,11
1403715977.733906030654907,46,3,39,2,11
1403715977.783906221389771,40,2,35,1,11
1403715977.833905935287476,40,1,36,3,11
1403715977.883905887603760,40,1,35,0,11
1403715977.933905601501465,49,5,31,10,11
1403715977.983905553817749,44,3,37,0,11
1403715978.033905506134033,41,0,35,1,11
1403715978.083905458450317,37,2,32,0,11
1403715978.133905410766602,33,1,31,1,11
1403715978.183905363082886,38,1,30,6,11
1403715978.233905315399170,40,2,35,3,11
1403715978.283905267715454,39,0,33,2,11
1403715978.333905220031738,46,0,30,9,11
1403715978.383904933929443,40,0,30,1,11
1403715978.433904409408569,34,0,29,0,11
1403715978.483904123306274,29,2,23,1,11
1403715978.583904027938843,22,7,13,7,11
1403715978.633903980255127,20,6,17,0,11
1403715978.683903932571411,19,0,17,1,11
1403715978.733903408050537,15,5,15,0,11
1403715978.783903598785400,13,4,12,0,11
1403715978.833903312683105,9,3,8,0,11
1403715978.883903026580811,5,5,1,2,11
1403715978.933902978897095,4,2,3,0,11
1403715978.983902931213379,2,3,2,0,11
1403715979.033902168273926,9,4,2,7,11
1403715979.083902359008789,8,4,8,0,11
1403715979.133902311325073,8,8,8,0,11
1403715979.183902978897095,20,1,8,12,11
1403715979.233902931213379,25,4,17,5,11
1403715979.283902645111084,29,8,18,7,11
1403715979.333902359008789,24,6,22,1,11
1403715979.383903264999390,22,0,18,4,11
1403715979.433903694152832,21,5,20,0,11
1403715979.483904361724854,20,2,18,1,11
1403715979.533905267715454,22,0,17,2,11
1403715979.583905935287476,24,2,17,5,11
1403715979.633906602859497,22,5,15,0,11
1403715979.683906793594360,21,3,12,1,11
1403715979.733907222747803,20,2,10,7,11
1403715979.783907413482666,15,4,14,0,11
1403715979.833907127380371,14,1,8,2,11
1403715979.883907079696655,13,6,4,1,11
1403715979.933906316757202,16,4,5,8,11
1403715979.983906030654907,17,9,11,4,11
1403715980.033906459808350,18,7,12,4,11
1403715980.083906173706055,15,4,14,1,11
1403715980.133905887603760,14,4,14,0,11
1403715980.183905839920044,13,6,9,0,11
1403715980.233905553817749,12,5,9,0,11
1403715980.283905506134033,12,3,9,2,11
1403715980.333905220031738,12,5,9,1,11
1403715980.383905172348022,9,3,8,0,11
1403715980.433905124664307,8,4,8,0,11
1403715980.483904838562012,9,6,7,2,11
1403715980.533905506134033,12,1,8,4,11
1403715980.583905220031738,16,5,5,4,11
1403715980.633905172348022,18,1,7,6,11
1403715980.683905124664307,11,8,7,1,11
1403715980.733905076980591,12,3,6,3,11
1403715980.783905267715454,15,1,9,5,11
1403715980.883905410766602,20,6,14,6,11
1403715980.933905363082886,24,4,19,4,11
1403715980.983905792236328,28,2,18,7,11
1403715981.033905982971191,12,2,11,0,11
1403715981.083905935287476,14,1,8,2,11
1403715981.133906126022339,14,4,6,1,11
1403715981.183906078338623,12,4,3,3,11
1403715981.233906269073486,16,2,0,11,11
1403715981.283906459808350,16,1,4,4,11
1403715981.333906412124634,14,0,7,0,11
1403715981.383906364440918,15,3,7,7,11
1403715981.433906316757202,13,3,11,1,11
1403715981.483906269073486,24,2,9,12,11
1403715981.533906221389771,23,0,20,0,11
1403715981.583905935287476,21,3,19,2,11
1403715981.633905887603760,20,0,19,0,11
1403715981.683906078338623,21,1,16,3,11
1403715981.733906507492065,21,1,16,4,11
1403715981.783906936645508,21,3,19,0,11
1403715981.833906888961792,25,1,20,5,11
1403715981.883906841278076,26,1,23,2,11
1403715981.933906316757202,24,2,18,2,11
1403715981.983906269073486,21,4,15,2,11
1403715982.033906936645508,19,3,17,1,11
1403715982.083907127380371,19,2,18,1,11
1403715982.133907794952393,22,1,17,4,11
1403715982.183907985687256,22,2,18,1,11
1403715982.233908176422119,12,1,12,0,11
1403715982.283908843994141,15,2,11,4,11
1403715982.333909034729004,22,0,14,7,11
1403715982.383908748626709,25,0,20,3,11
1403715982.433908939361572,29,1,22,5,11
1403715982.483909130096436,34,3,26,7,11
1403715982.533909559249878,36,1,26,7,11
1403715982.583909749984741,40,1,27,9,11
1403715982.633909702301025,35,0,33,0,11
1403715982.683909654617310,37,1,30,5,11
1403715982.733909368515015,39,3,30,8,11
1403715982.783909320831299,38,1,35,3,11
1403715982.833909273147583,37,4,35,1,11
1403715982.883909225463867,36,5,29,5,11
1403715982.933909416198730,33,2,31,0,11
1403715982.983909606933594,32,2,27,3,11
1403715983.033910036087036,19,2,18,0,11
1403715983.083909988403320,19,0,14,1,11
1403715983.133909940719604,19,1,13,5,11
1403715983.183909893035889,21,2,14,6,11
1403715983.233909845352173,17,3,14,1,11
1403715983.283910036087036,17,2,12,3,11
1403715983.333909988403320,17,3,11,5,11
1403715983.383909940719604,20,1,13,6,11
1403715983.433909893035889,22,3,14,6,11
1403715983.483910083770752,25,5,17,4,11
1403715983.533910274505615,25,7,17,3,11
1403715983.583910703659058,23,9,10,9,11
1403715983.633910655975342,25,3,17,5,11
1403715983.683910608291626,22,3,19,0,11
1403715983.733910560607910,28,3,13,8,11
1403715983.783910512924194,30,5,18,4,11
1403715983.833910465240479,26,2,17,2,11
1403715983.883910417556763,20,2,15,3,11
1403715983.933910369873047,18,7,17,0,11
1403715983.983910083770752,17,2,14,1,11
1403715984.033910036087036,18,6,12,2,11
1403715984.083909749984741,21,1,14,6,11
1403715984.133909463882446,17,5,14,1,11
1403715984.183909416198730,18,3,15,2,11
1403715984.233909368515015,16,3,15,0,11
1403715984.283909559249878,12,5,12,0,11
1403715984.333909749984741,12,7,12,0,11
1403715984.383909702301025,13,12,11,2,11
1403715984.433909654617310,12,1,12,0,11
1403715984.483909368515015,13,0,12,1,11
1403715984.533909559249878,13,6,12,1,11
1403715984.583909034729004,13,2,10,3,11
1403715984.633909463882446,14,4,7,4,11
1403715984.683909654617310,16,12,10,3,11
1403715984.733910083770752,15,2,9,3,11
1403715984.783910036087036,5,4,4,1,11
1403715984.833909988403320,4,9,0,0,11
1403715984.883909940719604,4,0,0,0,11
1403715984.933909893035889,2,1,0,2,11
1403715984.983909606933594,2,10,2,0,11
1403715985.033909559249878,6,4,2,4,11
1403715985.083909273147583,5,6,5,0,11
1403715985.133907794952393,8,5,4,4,11
1403715985.183907032012939,17,1,6,9,11
1403715985.233906745910645,17,2,13,1,11
1403715985.283906698226929,16,1,10,2,11
1403715985.333906412124634,21,2,12,7,11
1403715985.383906602859497,20,3,18,1,11
1403715985.433906555175781,19,5,17,1,11
1403715985.483906507492065,30,6,16,13,11
1403715985.533906936645508,28,4,25,0,11
1403715985.583906650543213,29,8,21,3,11
1403715985.633906602859497,28,4,22,1,11
1403715985.683907032012939,24,2,22,0,11
1403715985.733907222747803,26,8,21,5,11
1403715985.783907175064087,27,3,26,1,11
1403715985.833906650543213,27,1,26,0,11
1403715985.883905172348022,36,2,26,9,11
1403715985.933903694152832,37,1,34,2,11
1403715985.983903408050537,37,0,35,1,11
1403715986.033903360366821,37,2,35,2,11
1403715986.083903551101685,39,0,37,2,11
1403715986.133902788162231,41,0,38,3,11
1403715986.183902263641357,45,6,39,4,11
1403715986.233901977539062,49,8,43,5,11
1403715986.283901929855347,47,11,46,1,11
1403715986.383901834487915,47,5,16,1,11
1403715986.433901548385620,47,8,45,1,11
1403715986.483901262283325,47,0,44,1,11
1403715986.533900499343872,47,4,42,3,11
1403715986.583899497985840,46,2,44,1,11
1403715986.633898735046387,45,3,42,1,11
1403715986.683897972106934,45,2,39,1,11
1403715986.733898162841797,43,1,40,0,11
1403715986.783898830413818,42,2,39,2,11
1403715986.833899736404419,42,0,41,1,11
1403715986.883899688720703,47,1,42,5,11
1403715986.933899402618408,48,2,46,2,11
1403715986.983900070190430,50,1,48,2,11
1403715987.033900976181030,50,6,49,0,11
1403715987.083901166915894,48,4,48,0,11
1403715987.133900880813599,50,7,48,2,11
1403715987.183901071548462,50,12,48,0,11
1403715987.233901262283325,50,15,45,1,11
1403715987.283901453018188,49,8,48,1,11
1403715987.333901643753052,49,0,47,1,11
1403715987.383902072906494,50,1,48,1,11
1403715987.433902263641357,47,5,46,0,11
1403715987.483902454376221,48,2,45,2,11
1403715987.533902645111084,50,5,45,2,11
1403715987.583902835845947,49,1,46,0,11
1403715987.633903026580811,48,5,45,1,11
1403715987.683903217315674,48,0,45,2,11
1403715987.733903169631958,49,2,47,2,11
1403715987.783903598785400,49,7,47,1,11
1403715987.833903551101685,45,10,44,1,11
1403715987.883903503417969,46,7,42,3,11
1403715987.933903694152832,40,4,39,0,11
1403715987.983903169631958,39,0,39,0,11
1403715988.033902883529663,47,0,39,8,11
1403715988.083902359008789,48,1,47,1,11
1403715988.133901596069336,48,1,41,2,11
1403715988.183901548385620,50,7,45,2,11
1403715988.233901262283325,49,5,46,2,11
1403715988.283901453018188,50,0,48,1,11
1403715988.333901405334473,50,1,49,1,11
1403715988.383901119232178,50,5,48,0,11
1403715988.433900833129883,50,22,48,0,11
1403715988.483900785446167,49,4,47,1,11
1403715988.533900737762451,49,0,47,0,11
1403715988.583900690078735,48,0,48,0,11
1403715988.633900642395020,48,0,48,0,11
1403715988.683900356292725,48,0,48,0,11
1403715988.733900308609009,49,2,47,1,11
1403715988.783900260925293,48,1,46,0,11
1403715988.833900213241577,45,4,42,0,11
1403715988.883899927139282,45,0,41,1,11
1403715988.933900117874146,43,0,42,0,11
1403715988.983900070190430,43,0,38,2,11
1403715989.033900260925293,44,4,37,5,11
1403715989.083899974822998,45,4,42,2,11
1403715989.133899927139282,44,0,44,0,11
1403715989.183899879455566,44,0,44,0,11
1403715989.233899831771851,44,1,43,0,11
1403715989.283900022506714,44,0,42,0,11
1403715989.333900213241577,46,4,40,4,11
1403715989.383900165557861,48,0,44,4,11
1403715989.433900117874146,50,1,46,2,11
1403715989.483900070190430,49,0,47,0,11
1403715989.533900260925293,48,5,47,1,11
1403715989.583900213241577,50,2,47,2,11
1403715989.633900403976440,49,9,49,0,11
1403715989.683900356292725,49,8,48,0,11
1403715989.733900308609009,49,4,46,0,11
1403715989.783900499343872,45,7,43,0,11
1403715989.833900451660156,43,1,43,0,11
1403715989.883900165557861,42,0,42,0,11
1403715989.933900117874146,45,1,41,3,11
1403715989.983900070190430,46,1,44,1,11
1403715990.033900022506714,47,7,44,3,11
1403715990.083899974822998,45,3,44,1,11
1403715990.133900165557861,47,3,44,2,11
1403715990.183899879455566,47,8,47,0,11
1403715990.233899593353271,48,6,45,1,11
1403715990.283899784088135,45,3,44,0,11
1403715990.333899736404419,44,0,42,0,11
1403715990.383899450302124,43,0,42,0,11
1403715990.433899402618408,47,6,41,5,11
1403715990.483899593353271,46,1,45,0,11
1403715990.533899784088135,44,1,40,1,11
1403715990.583899497985840,43,1,38,0,11
1403715990.633899688720703,39,8,35,2,11
1403715990.683899879455566,36,3,31,0,11
1403715990.733899593353271,37,6,29,3,11
1403715990.783899784088135,37,5,25,7,11
1403715990.833899736404419,39,4,29,5,11
1403715990.883898973464966,37,1,31,4,11
1403715990.933898448944092,31,3,30,1,11
1403715990.983898401260376,30,5,28,0,11
1403715991.033898353576660,29,9,25,2,11
1403715991.083898067474365,25,11,23,2,11
1403715991.133898019790649,24,7,21,2,11
1403715991.183897972106934,26,0,21,4,11
1403715991.233897686004639,23,2,22,0,11
1403715991.283897638320923,22,0,16,0,11
1403715991.333897590637207,20,2,13,1,11
1403715991.383897304534912,15,0,11,0,11
1403715991.433897256851196,12,0,11,0,11
1403715991.483897209167480,11,0,11,0,11
1403715991.533897161483765,12,0,11,1,11
1403715991.583897113800049,13,0,12,1,11
1403715991.633896827697754,13,0,11,0,11
1403715991.683896780014038,13,0,11,1,11
1403715991.733896493911743,15,0,12,3,11
1403715991.783896446228027,15,0,14,0,11
1403715991.833896398544312,15,0,14,0,11
1403715991.883896350860596,15,0,14,1,11
1403715991.933896064758301,15,0,15,0,11
1403715991.983896017074585,15,0,15,0,11
1403715992.033896207809448,15,0,15,0,11
1403715992.083896160125732,15,0,15,0,11
1403715992.133895874023438,15,0,15,0,11
1403715992.183895826339722,15,0,15,0,11
1403715992.283895969390869,15,0,15,0,11
1403715992.333895921707153,15,0,15,0,11
1403715992.383895874023438,15,0,15,0,11
1403715992.433895826339722,15,0,15,0,11
1403715992.483895778656006,15,0,15,0,11
1403715992.533895969390869,15,0,15,0,11
1403715992.583895921707153,15,0,15,0,11
1403715992.633895874023438,15,0,15,0,11
1403715992.683895826339722,15,0,15,0,11
1403715992.733895778656006,15,0,15,0,11
1403715992.783895969390869,15,0,15,0,11
1403715992.833895921707153,15,0,15,0,11
1403715992.883895874023438,15,0,15,0,11
1403715992.933895826339722,15,0,15,0,11
1403715992.983895778656006,15,0,15,0,11
1403715993.033895969390869,15,0,15,0,11
1403715993.083895921707153,15,0,15,0,11
1403715993.133895874023438,15,0,15,0,11
1403715993.183895826339722,15,0,15,0,11
1403715993.233895778656006,15,0,15,0,11
1403715993.283895969390869,15,0,15,0,11
1403715993.333895921707153,15,0,15,0,11
1403715993.383895874023438,15,0,15,0,11
1403715993.433895826339722,15,0,15,0,11
1403715993.483895778656006,15,0,15,0,11
1403715993.533895969390869,15,0,15,0,11
1403715993.583895921707153,15,0,15,0,11
1403715993.633895874023438,15,0,15,0,11
1403715993.683895826339722,15,0,15,0,11
1403715993.733895778656006,15,0,15,0,11
1403715993.783895969390869,15,0,15,0,11
1403715993.833895921707153,15,0,15,0,11
1403715993.883895874023438,15,0,14,0,11
1403715993.933895826339722,14,0,14,0,11
1403715993.983895778656006,14,0,14,0,11
