# timestamp (sec),slam_feats_in_state,msckf_feats_used,slam_feats_updated,slam_feats_delayed_init,clones
1403715893.784058094024658,0,0,0,0,5
1403715893.834058046340942,0,0,0,0,6
1403715893.884057998657227,0,0,0,0,7
1403715893.934057950973511,0,0,0,0,8
1403715893.984057903289795,0,0,0,0,9
1403715894.034058094024658,0,0,0,0,10
1403715894.084058046340942,0,0,0,0,11
1403715894.134057998657227,0,0,0,0,11
1403715894.187667369842529,1,0,0,1,11
1403715894.234681606292725,9,2,1,8,11
1403715894.284715414047241,16,0,9,7,11
1403715894.334583759307861,16,0,16,0,11
1403715894.384525537490845,16,1,16,0,11
1403715894.433568954467773,50,31,16,34,11
1403715894.483379125595093,50,40,50,0,11
1403715894.533488035202026,50,8,50,0,11
1403715894.583602905273438,50,1,50,0,11
1403715894.633687019348145,49,0,49,0,11
1403715894.683794975280762,50,3,49,1,11
1403715894.733860731124878,49,3,48,0,11
1403715894.783977031707764,49,2,48,0,11
1403715894.834063291549683,48,10,47,1,11
1403715894.884050369262695,50,3,48,2,11
1403715894.933981180191040,50,3,50,0,11
1403715894.983951807022095,49,7,49,0,11
1403715895.033972024917603,49,35,48,1,11
1403715895.083977937698364,49,37,48,1,11
1403715895.133984804153442,50,9,49,1,11
1403715895.183959484100342,49,3,49,0,11
1403715895.233953237533569,48,1,47,1,11
1403715895.283930063247681,47,2,46,1,11
1403715895.333941698074341,47,2,43,3,11
1403715895.383980751037598,50,5,46,3,11
1403715895.434020519256592,48,11,48,0,11
1403715895.484008073806763,49,2,47,2,11
1403715895.533966541290283,49,5,48,1,11
1403715895.583947896957397,50,9,49,1,11
1403715895.633959770202637,49,36,49,0,11
1403715895.683935165405273,49,34,48,1,11
1403715895.733929395675659,49,5,47,1,11
1403715895.783910751342773,48,4,46,1,11
1403715895.833927392959595,49,3,47,2,11
1403715895.883907794952393,50,14,49,1,11
1403715895.933891057968140,48,16,48,0,11
1403715895.983874082565308,50,4,48,2,11
1403715896.033882856369019,50,9,49,0,11
1403715896.083874702453613,49,4,48,0,11
1403715896.133926153182983,49,5,47,1,11
1403715896.183855295181274,50,12,48,1,11
1403715896.233836412429810,49,21,48,0,11
1403715896.283835887908936,49,32,47,1,11
1403715896.333825111389160,48,5,45,1,11
1403715896.383849382400513,48,1,45,2,11
1403715896.433830738067627,50,9,45,2,11
1403715896.483849048614502,48,4,44,0,11
1403715896.533844470977783,48,14,43,2,11
1403715896.583844900131226,47,1,45,1,11
1403715896.633850097656250,49,3,44,3,11
1403715896.683882713317871,48,0,45,1,11
1403715896.733900785446167,46,15,43,2,11
1403715896.783895969390869,49,4,44,4,11
1403715896.833907842636108,50,11,48,1,11
1403715896.883925676345825,49,23,48,0,11
1403715896.933934688568115,50,2,48,1,11
1403715896.983940839767456,49,5,49,0,11
1403715897.033959150314331,48,9,45,1,11
1403715897.083975076675415,50,6,45,2,11
1403715897.133989572525024,46,12,44,0,11
1403715897.184049367904663,47,6,44,1,11
1403715897.234044075012207,47,16,42,3,11
1403715897.284027814865112,46,5,43,0,11
1403715897.333980560302734,45,17,40,4,11
1403715897.383985280990601,47,5,42,3,11
1403715897.433997631072998,48,15,43,3,11
1403715897.483985424041748,49,23,43,2,11
1403715897.533973455429077,48,5,46,1,11
1403715897.583967447280884,49,6,47,2,11
1403715897.633972644805908,50,9,49,1,11
1403715897.683979511260986,49,7,47,0,11
1403715897.734006404876709,49,8,46,1,11
1403715897.783999443054199,45,16,44,0,11
1403715897.834125518798828,49,8,41,5,11
1403715897.884140491485596,48,8,44,1,11
1403715897.934129476547241,47,13,45,1,11
1403715897.984126091003418,49,15,46,3,11
1403715898.034128904342651,46,19,44,1,11
1403715898.084109783172607,47,18,39,4,11
1403715898.134109020233154,44,12,41,1,11
1403715898.184121131896973,45,11,36,5,11
1403715898.234151363372803,45,13,35,4,11
1403715898.284214258193970,43,1,39,1,11
1403715898.334245920181274,42,1,37,2,11
1403715898.384271860122681,46,5,39,5,11
1403715898.434271097183228,44,12,42,1,11
1403715898.484267234802246,42,14,34,5,11
1403715898.534255743026733,41,7,37,2,11
1403715898.584241151809692,43,6,35,6,11
1403715898.634244203567505,46,9,38,6,11
1403715898.684289216995239,42,5,39,3,11
1403715898.734280109405518,41,5,38,2,11
1403715898.784279346466064,35,4,32,1,11
1403715898.834284543991089,36,5,30,3,11
1403715898.884283781051636,35,7,30,3,11
1403715898.934279918670654,39,2,33,5,11
1403715898.984251260757446,43,2,36,7,11
1403715899.034255743026733,49,5,38,7,11
1403715899.084250211715698,49,10,42,1,11
1403715899.134250164031982,43,8,39,1,11
1403715899.184245347976685,38,7,33,4,11
1403715899.234237670898438,43,6,32,10,11
1403715899.284229040145874,43,4,36,5,11
1403715899.334224224090576,39,6,35,3,11
1403715899.384228467941284,42,2,34,4,11
1403715899.434227705001831,45,3,38,6,11
1403715899.484238862991333,47,7,44,3,11
1403715899.534248352050781,47,2,45,1,11
1403715899.584252834320068,48,5,45,1,11
1403715899.634256362915039,47,12,45,2,11
1403715899.684244155883789,46,11,42,3,11
1403715899.734248161315918,47,9,45,2,11
1403715899.784247159957886,49,4,46,2,11
1403715899.834248781204224,48,17,46,1,11
1403715899.884253263473511,47,9,45,2,11
1403715899.934257030487061,47,6,44,2,11
1403715899.984264850616455,49,7,44,3,11
1403715900.034283638000488,48,4,47,1,11
1403715900.084299564361572,48,2,47,0,11
1403715900.134331941604614,48,10,46,1,11
1403715900.184356927871704,46,8,45,0,11
1403715900.234377384185791,46,4,43,3,11
1403715900.284425497055054,50,7,45,4,11
1403715900.334417819976807,49,3,48,0,11
1403715900.384409904479980,49,5,43,1,11
1403715900.434433221817017,46,4,42,1,11
1403715900.484430313110352,40,10,36,4,11
1403715900.534416913986206,44,16,36,8,11
1403715900.584400415420532,45,4,41,3,11
1403715900.634380817413330,46,8,39,3,11
1403715900.684363842010498,42,6,38,2,11
1403715900.734350919723511,40,4,37,2,11
1403715900.784335374832153,39,1,35,0,11
1403715900.834326744079590,41,3,32,6,11
1403715900.884335994720459,38,2,32,2,11
1403715900.934324264526367,38,2,28,1,11
1403715900.984320878982544,32,0,24,1,11
1403715901.034317731857300,26,2,21,0,11
1403715901.084301948547363,27,4,20,4,11
1403715901.134301185607910,20,2,17,0,11
1403715901.184299707412720,22,2,15,3,11
1403715901.234296798706055,17,4,11,2,11
1403715901.284299612045288,17,1,12,2,11
1403715901.334291934967041,16,1,14,2,11
1403715901.384293079376221,19,0,16,3,11
1403715901.434284687042236,18,2,17,1,11
1403715901.484280824661255,20,1,16,3,11
1403715901.534275054931641,29,2,19,9,11
1403715901.584250211715698,30,1,28,2,11
1403715901.634238481521606,31,0,30,1,11
1403715901.684237480163574,31,2,28,1,11
1403715901.734215259552002,36,2,28,5,11
1403715901.784209251403809,37,3,31,3,11
1403715901.834206581115723,40,2,33,5,11
1403715901.884199380874634,41,0,38,2,11
1403715901.934199333190918,41,5,39,2,11
1403715901.984210252761841,41,5,38,1,11
1403715902.034216880798340,41,3,37,1,11
1403715902.084230899810791,46,1,38,7,11
1403715902.134234428405762,47,2,42,3,11
1403715902.184237241744995,48,9,42,2,11
1403715902.234236478805542,44,5,41,0,11
1403715902.284238576889038,42,2,41,0,11
1403715902.334241867065430,41,5,35,0,11
1403715902.384240865707397,40,3,35,2,11
1403715902.434236526489258,42,1,36,5,11
1403715902.484234571456909,44,5,38,4,11
1403715902.534222364425659,43,2,42,0,11
1403715902.584211587905884,44,4,42,2,11
1403715902.634201049804688,48,3,44,4,11
1403715902.684196949005127,48,7,45,2,11
1403715902.734192609786987,50,6,45,2,11
1403715902.784189939498901,48,11,46,0,11
1403715902.834187269210815,49,2,45,2,11
1403715902.884183168411255,45,3,43,1,11
1403715902.934174776077271,42,1,40,2,11
1403715902.984163761138916,40,2,39,1,11
1403715903.034152269363403,37,3,36,0,11
1403715903.084139585494995,38,4,33,2,11
1403715903.134130001068115,37,4,31,4,11
1403715903.184138536453247,36,2,32,3,11
1403715903.234143495559692,36,2,32,3,11
1403715903.284152507781982,43,2,35,7,11
1403715903.334158420562744,47,4,39,5,11
1403715903.384177684783936,47,8,41,3,11
1403715903.434175252914429,47,4,43,2,11
1403715903.484169006347656,46,2,42,3,11
1403715903.534167528152466,42,5,39,1,11
1403715903.584167718887329,43,5,36,4,11
1403715903.634164094924927,44,12,35,6,11
1403715903.684165954589844,42,8,36,2,11
1403715903.734185218811035,32,7,31,0,11
1403715903.784202814102173,37,14,28,7,11
1403715903.834213256835938,34,20,29,3,11
1403715903.884212255477905,34,7,27,3,11
1403715903.934201717376709,30,2,23,4,11
1403715903.984192371368408,22,13,15,3,11
1403715904.034178972244263,24,1,18,4,11
1403715904.084159135818481,22,5,22,0,11
1403715904.134154081344604,22,4,21,0,11
1403715904.184144020080566,33,4,20,11,11
1403715904.234139680862427,35,1,30,3,11
1403715904.284133911132812,38,6,33,5,11
1403715904.334132909774780,42,3,37,5,11
1403715904.384122371673584,43,3,42,1,11
1403715904.434116601943970,45,2,41,4,11
1403715904.484113216400146,47,2,42,4,11
1403715904.534112691879272,49,0,46,2,11
1403715904.584110736846924,44,6,43,1,11
1403715904.634120941162109,47,2,43,4,11
1403715904.684111833572388,48,6,44,3,11
1403715904.734098434448242,46,3,40,2,11
1403715904.784084796905518,42,0,39,0,11
1403715904.834073781967163,38,0,32,3,11
1403715904.884067296981812,38,1,34,1,11
1403715904.934064626693726,32,1,23,2,11
1403715904.984073877334595,30,3,21,3,11
1403715905.034073114395142,22,2,21,0,11
1403715905.084072351455688,20,0,18,0,11
1403715905.134070634841919,20,1,15,0,11
1403715905.184086084365845,19,4,14,2,11
1403715905.234085321426392,17,0,15,0,11
1403715905.284087181091309,16,0,13,0,11
1403715905.334101200103760,16,1,12,3,11
1403715905.384119272232056,18,3,13,3,11
1403715905.434111595153809,18,3,15,3,11
1403715905.484095096588135,22,2,18,4,11
1403715905.534097194671631,21,2,19,1,11
1403715905.584097385406494,30,1,20,10,11
1403715905.634104490280151,34,15,27,5,11
1403715905.684112548828125,33,2,28,0,11
1403715905.734119415283203,36,0,27,7,11
1403715905.784124374389648,45,5,34,11,11
1403715905.834117412567139,47,17,40,5,11
1403715905.884109735488892,41,2,39,1,11
1403715905.934104442596436,47,1,36,8,11
1403715905.984101295471191,43,2,40,1,11
1403715906.034097671508789,40,3,36,1,11
1403715906.084088087081909,38,7,31,3,11
1403715906.134069204330444,35,4,29,1,11
1403715906.184053182601929,30,1,24,1,11
1403715906.234035491943359,32,0,19,10,11
1403715906.284037828445435,30,0,26,2,11
1403715906.334037780761719,26,1,25,0,11
1403715906.384022712707520,30,0,24,5,11
1403715906.434011936187744,35,0,27,5,11
1403715906.484007835388184,34,1,28,2,11
1403715906.534001588821411,41,1,26,9,11
1403715906.583991289138794,37,2,31,2,11
1403715906.633986949920654,34,2,28,3,11
1403715906.683978319168091,37,2,29,5,11
1403715906.733971834182739,31,5,26,0,11
1403715906.783968687057495,26,4,21,0,11
1403715906.833969116210938,20,2,18,1,11
1403715906.883970499038696,17,3,17,0,11
1403715906.933974027633667,16,1,14,1,11
1403715906.983974456787109,15,0,13,1,11
1403715907.033975601196289,13,6,11,2,11
1403715907.083974838256836,14,1,12,2,11
1403715907.133984327316284,15,3,9,6,11
1403715907.183987617492676,20,0,15,5,11
1403715907.233988046646118,20,0,19,0,11
1403715907.283985853195190,28,1,18,9,11
1403715907.333981275558472,24,1,18,3,11
1403715907.383975744247437,25,1,17,6,11
1403715907.433972358703613,21,1,20,0,11
1403715907.483974695205688,23,1,20,2,11
1403715907.533972978591919,22,0,19,2,11
1403715907.583968400955200,22,2,18,4,11
1403715907.633965730667114,31,0,21,10,11
1403715907.683967590332031,31,1,27,4,11
1403715907.733969926834106,29,1,27,2,11
1403715907.783973217010498,26,2,24,0,11
1403715907.833978891372681,34,4,19,15,11
1403715907.883975744247437,45,5,31,13,11
1403715907.933972597122192,42,7,40,1,11
1403715907.983972072601318,41,0,37,3,11
1403715908.033972263336182,47,2,37,6,11
1403715908.083974599838257,47,10,41,3,11
1403715908.133977413177490,45,2,41,3,11
1403715908.183978557586670,43,3,36,1,11
1403715908.233981132507324,46,6,31,7,11
1403715908.283971548080444,42,6,36,3,11
1403715908.333970308303833,38,1,31,3,11
1403715908.383972167968750,38,0,33,5,11
1403715908.433969497680664,38,0,37,1,11
1403715908.483969449996948,40,1,35,4,11
1403715908.533967733383179,44,2,38,5,11
1403715908.583961248397827,45,1,40,4,11
1403715908.633953809738159,43,5,37,4,11
1403715908.683941364288330,42,1,35,6,11
1403715908.733932018280029,43,1,37,6,11
1403715908.783929347991943,41,1,38,3,11
1403715908.833929538726807,46,2,39,7,11
1403715908.883938789367676,50,7,44,4,11
1403715908.933939456939697,47,5,43,0,11
1403715908.983937263488770,46,0,40,2,11
1403715909.033940792083740,44,6,37,4,11
1403715909.083939552307129,45,15,37,5,11
1403715909.133940219879150,42,1,38,4,11
1403715909.183951139450073,41,14,31,8,11
1403715909.233953714370728,43,0,37,3,11
1403715909.283965587615967,43,0,40,3,11
1403715909.333972930908203,50,6,43,7,11
1403715909.383980274200439,48,8,47,0,11
1403715909.434000968933105,49,14,45,2,11
1403715909.484006404876709,41,10,40,1,11
1403715909.534013509750366,48,7,39,9,11
1403715909.584015846252441,48,4,46,0,11
1403715909.634013175964355,47,13,40,2,11
1403715909.684016466140747,47,10,38,3,11
1403715909.734010934829712,45,11,35,3,11
1403715909.784008741378784,43,7,32,5,11
1403715909.834018230438232,42,10,30,7,11
1403715909.884019851684570,37,8,35,0,11
1403715909.934020042419434,42,7,28,10,11
1403715909.984018802642822,34,7,25,5,11
1403715910.034022092819214,36,5,27,8,11
1403715910.084022045135498,24,6,24,0,11
1403715910.134023189544678,20,15,19,1,11
1403715910.184019565582275,18,11,18,0,11
1403715910.234018087387085,15,4,13,1,11
1403715910.284015178680420,12,9,9,0,11
1403715910.334019422531128,2,10,1,1,11
1403715910.384014844894409,3,1,1,2,11
1403715910.434020280838013,4,5,2,1,11
1403715910.484018087387085,4,2,2,0,11
1403715910.534019947052002,11,3,2,8,11
1403715910.584018468856812,16,2,10,6,11
1403715910.634019136428833,24,12,16,8,11
1403715910.684017896652222,29,6,22,5,11
1403715910.734019994735718,36,4,26,7,11
1403715910.784021854400635,46,1,30,12,11
1403715910.834015607833862,47,10,39,2,11
1403715910.884002685546875,46,17,41,3,11
1403715910.934020280838013,43,4,38,2,11
1403715910.984017133712769,43,7,34,7,11
1403715911.034010410308838,42,0,38,2,11
1403715911.083998203277588,41,1,36,0,11
1403715911.133995294570923,41,0,32,3,11
1403715911.183993577957153,37,2,33,0,11
1403715911.233992338180542,38,2,28,5,11
1403715911.283991098403931,36,5,32,0,11
1403715911.333987712860107,35,2,32,2,11
1403715911.383988380432129,35,3,30,1,11
1403715911.433978557586670,26,7,16,9,11
1403715911.483969449996948,31,1,23,6,11
1403715911.533967018127441,29,2,24,4,11
1403715911.583962202072144,27,4,26,1,11
1403715911.633961677551270,20,3,17,1,11
1403715911.683963537216187,18,1,17,0,11
1403715911.733968019485474,21,0,17,4,11
1403715911.783972024917603,30,5,20,10,11
1403715911.833982229232788,36,2,29,6,11
1403715911.883988857269287,37,2,33,2,11
1403715911.934001445770264,42,5,33,6,11
1403715911.984011650085449,41,6,35,3,11
1403715912.034021854400635,47,4,38,8,11
1403715912.084033012390137,49,21,46,3,11
1403715912.134027481079102,49,8,47,1,11
1403715912.184033870697021,48,4,46,0,11
1403715912.234019517898560,46,11,44,1,11
1403715912.284010648727417,47,10,45,2,11
1403715912.334007740020752,49,1,47,2,11
1403715912.384012460708618,50,6,48,1,11
1403715912.434009313583374,50,11,47,0,11
1403715912.484006881713867,48,4,43,0,11
1403715912.534012794494629,44,7,37,1,11
1403715912.584015369415283,47,3,34,5,11
1403715912.634018898010254,44,7,40,1,11
1403715912.684022188186646,45,15,33,6,11
1403715912.734028339385986,43,9,33,2,11
1403715912.784028053283691,40,4,32,3,11
1403715912.834030866622925,35,8,29,2,11
1403715912.884043216705322,43,5,24,12,11
1403715912.934047222137451,37,3,26,0,11
1403715912.984055519104004,32,2,20,4,11
1403715913.034058332443237,22,2,13,3,11
1403715913.084059715270996,23,3,13,6,11
1403715913.134059906005859,21,2,18,3,11
1403715913.184063911437988,21,1,21,0,11
1403715913.234071254730225,21,1,20,1,11
1403715913.284076452255249,23,1,21,2,11
1403715913.334078311920166,22,2,20,1,11
1403715913.384085655212402,23,5,20,2,11
1403715913.434093713760376,26,7,22,4,11
1403715913.484099864959717,28,2,23,2,11
1403715913.534099817276001,29,4,21,5,11
1403715913.584103345870972,27,3,26,1,11
1403715913.634097576141357,29,1,25,2,11
1403715913.684097051620483,35,1,27,6,11
1403715913.734093427658081,35,2,32,2,11
1403715913.784085273742676,44,1,31,10,11
1403715913.834059476852417,46,3,39,5,11
1403715913.884052276611328,49,2,44,4,11
1403715913.934055089950562,49,3,47,1,11
1403715913.984050035476685,47,9,44,1,11
1403715914.034050941467285,49,8,45,3,11
1403715914.084053754806519,48,3,47,1,11
1403715914.134053230285645,49,6,46,2,11
1403715914.184051513671875,49,2,47,1,11
1403715914.234052658081055,48,5,46,1,11
1403715914.284055948257446,49,5,46,2,11
1403715914.334057331085205,44,7,41,1,11
1403715914.384060621261597,47,9,38,4,11
1403715914.434064149856567,46,4,39,3,11
1403715914.484068155288696,44,8,40,4,11
1403715914.534062385559082,43,5,41,1,11
1403715914.584062814712524,47,3,38,5,11
1403715914.634064435958862,47,4,43,3,11
1403715914.684065103530884,42,8,40,1,11
1403715914.734062433242798,45,3,40,4,11
1403715914.784066200256348,45,5,44,0,11
1403715914.834071397781372,49,2,43,5,11
1403715914.884077787399292,50,12,47,1,11
1403715914.934079885482788,49,12,48,0,11
1403715914.984078168869019,49,10,48,1,11
1403715915.034079074859619,49,20,49,0,11
1403715915.084082365036011,50,13,49,1,11
1403715915.134082555770874,50,16,50,0,11
1403715915.184078931808472,50,13,50,0,11
1403715915.234073638916016,50,6,49,0,11
1403715915.284062147140503,50,16,49,0,11
1403715915.334054470062256,49,8,49,0,11
1403715915.384066343307495,50,7,48,1,11
1403715915.434068679809570,50,7,46,0,11
1403715915.484071254730225,49,9,48,0,11
1403715915.534080028533936,49,10,46,1,11
1403715915.584078073501587,48,7,47,1,11
1403715915.634071826934814,50,14,48,2,11
1403715915.684062957763672,48,8,47,0,11
1403715915.734049081802368,48,5,45,2,11
1403715915.784053564071655,50,7,47,2,11
1403715915.834049940109253,49,4,47,0,11
1403715915.884046792984009,48,4,46,1,11
1403715915.934045553207397,49,7,47,2,11
1403715915.984043121337891,48,2,48,0,11
1403715916.034040927886963,49,7,47,1,11
1403715916.084042549133301,50,11,48,1,11
1403715916.134048938751221,49,14,48,0,11
1403715916.184055328369141,50,6,47,1,11
1403715916.234059095382690,49,7,46,0,11
1403715916.284059762954712,48,8,43,1,11
1403715916.334060192108154,45,9,40,2,11
1403715916.384059190750122,46,3,43,1,11
1403715916.434053182601929,48,2,42,4,11
1403715916.484048843383789,45,8,41,2,11
1403715916.534043788909912,45,5,40,3,11
1403715916.584042072296143,45,5,39,2,11
1403715916.634037971496582,44,0,38,1,11
1403715916.684043407440186,46,6,38,5,11
1403715916.734043359756470,43,5,37,3,11
1403715916.784040451049805,42,1,38,2,11
1403715916.834048271179199,46,13,37,7,11
1403715916.884052276611328,44,4,41,2,11
1403715916.934057235717773,47,2,43,4,11
1403715916.984055519104004,46,2,44,0,11
1403715917.034054517745972,45,7,39,4,11
1403715917.084054708480835,46,2,40,5,11
1403715917.134041547775269,36,18,31,4,11
1403715917.184037446975708,31,4,27,0,11
1403715917.234030246734619,30,7,20,1,11
1403715917.284027576446533,28,9,21,2,11
1403715917.334032773971558,25,2,23,2,11
1403715917.384042978286743,31,1,25,6,11
1403715917.434056997299194,35,0,31,4,11
1403715917.484067678451538,38,2,35,3,11
1403715917.534081935882568,38,0,38,0,11
1403715917.584092617034912,40,0,35,2,11
1403715917.634079694747925,45,3,37,5,11
1403715917.684058666229248,46,3,37,4,11
1403715917.734037160873413,47,4,36,1,11
1403715917.784018516540527,42,2,28,1,11
1403715917.834002494812012,38,2,25,3,11
1403715917.883983612060547,35,0,23,5,11
1403715917.933975696563721,43,3,26,10,11
1403715917.983986854553223,42,3,32,4,11
1403715918.034003257751465,42,1,35,3,11
1403715918.084010601043701,37,0,35,1,11
1403715918.134012699127197,36,2,34,1,11
1403715918.184010267257690,36,3,32,0,11
1403715918.234008312225342,35,3,31,2,11
1403715918.284005403518677,35,0,32,3,11
1403715918.334002733230591,39,0,34,4,11
1403715918.384001255035400,43,4,33,5,11
1403715918.434003591537476,46,2,36,6,11
1403715918.484004497528076,48,5,37,4,11
1403715918.534003257751465,47,12,40,2,11
1403715918.583999395370483,44,3,40,3,11
1403715918.633995294570923,38,2,37,0,11
1403715918.683996200561523,39,2,36,2,11
1403715918.733994483947754,44,6,36,8,11
1403715918.783996105194092,50,5,44,6,11
1403715918.833994388580322,47,8,45,0,11
1403715918.883992433547974,47,3,42,3,11
1403715918.933993101119995,44,0,41,2,11
1403715918.983994483947754,44,4,40,3,11
1403715919.033998489379883,47,5,42,5,11
1403715919.084001541137695,49,14,45,3,11
1403715919.134004354476929,50,4,49,1,11
1403715919.184006690979004,50,20,50,0,11
1403715919.234007358551025,50,7,49,0,11
1403715919.284011363983154,46,6,45,0,11
1403715919.334013938903809,50,11,45,4,11
1403715919.384014129638672,49,8,48,0,11
1403715919.434010744094849,49,15,47,1,11
1403715919.484002113342285,47,4,45,1,11
1403715919.533982276916504,50,1,47,3,11
1403715919.583950042724609,50,13,50,0,11
1403715919.633921384811401,50,18,50,0,11
1403715919.683903694152832,49,10,49,0,11
1403715919.733887434005737,50,12,49,1,11
1403715919.783871889114380,50,14,49,0,11
1403715919.833868741989136,49,6,48,0,11
1403715919.883870840072632,50,3,47,1,11
1403715919.933871984481812,49,21,48,0,11
1403715919.983874559402466,49,10,48,1,11
1403715920.033873558044434,50,14,48,1,11
1403715920.083875656127930,50,3,49,0,11
1403715920.133878707885742,49,1,49,0,11
1403715920.183884859085083,50,12,49,1,11
1403715920.233896493911743,50,19,49,0,11
1403715920.283906936645508,50,11,49,0,11
1403715920.333924531936646,49,17,49,0,11
1403715920.383931636810303,48,16,46,1,11
1403715920.433935165405273,49,7,46,2,11
1403715920.483936071395874,49,13,46,1,11
1403715920.533938407897949,49,18,46,1,11
1403715920.583937883377075,47,18,44,1,11
1403715920.633936643600464,49,8,42,3,11
1403715920.683938264846802,46,4,43,1,11
1403715920.733939886093140,42,16,41,0,11
1403715920.783940315246582,40,3,40,0,11
1403715920.833940744400024,49,2,40,9,11
1403715920.883939504623413,49,8,47,1,11
1403715920.933936119079590,50,10,46,1,11
1403715920.983929395675659,43,23,43,0,11
1403715921.033931016921997,43,2,42,1,11
1403715921.083929061889648,47,7,40,6,11
1403715921.133933305740356,46,9,43,3,11
1403715921.183938026428223,49,4,45,3,11
1403715921.233941793441772,47,8,45,1,11
1403715921.283943653106689,48,7,43,3,11
1403715921.333948612213135,50,3,46,2,11
1403715921.383952856063843,47,10,47,0,11
1403715921.433953523635864,47,1,47,0,11
1403715921.483964920043945,48,11,43,3,11
1403715921.533967256546021,45,4,42,0,11
1403715921.583970785140991,48,8,42,4,11
1403715921.633971691131592,48,17,46,2,11
1403715921.683966636657715,49,8,46,2,11
1403715921.733967781066895,40,7,36,1,11
1403715921.783970594406128,37,9,32,0,11
1403715921.833974361419678,39,6,28,5,11
1403715921.883977651596069,38,12,27,3,11
1403715921.933978319168091,32,3,26,0,11
1403715921.983981132507324,32,6,23,4,11
1403715922.033982992172241,31,6,26,1,11
1403715922.083980560302734,31,17,25,5,11
1403715922.133979797363281,29,6,25,1,11
1403715922.183978796005249,26,13,19,3,11
1403715922.233975172042847,27,5,18,3,11
1403715922.283972978591919,26,8,16,6,11
1403715922.333974123001099,26,7,18,3,11
1403715922.383975028991699,21,18,19,0,11
1403715922.433976173400879,22,7,18,2,11
1403715922.483979463577271,22,7,19,1,11
1403715922.533980131149292,21,9,17,3,11
1403715922.583980083465576,21,8,16,4,11
1403715922.633980035781860,21,6,19,1,11
1403715922.683981657028198,21,6,19,1,11
1403715922.733981370925903,20,6,19,0,11
1403715922.783979892730713,23,5,17,5,11
1403715922.833978414535522,22,3,19,0,11
1403715922.883976221084595,24,2,17,3,11
1403715922.933971405029297,32,1,19,10,11
1403715922.983976364135742,39,7,26,9,11
1403715923.033977746963501,40,1,36,3,11
1403715923.083980321884155,38,3,35,0,11
1403715923.133980751037598,42,1,34,5,11
1403715923.183979749679565,42,3,38,3,11
1403715923.233980178833008,46,7,39,6,11
1403715923.283983469009399,48,6,43,3,11
1403715923.333988428115845,42,6,36,0,11
1403715923.383989572525024,40,7,32,3,11
1403715923.433991909027100,39,1,33,4,11
1403715923.483992576599121,38,2,36,1,11
1403715923.533995151519775,42,3,33,7,11
1403715923.583994150161743,44,1,38,4,11
1403715923.633994579315186,45,0,40,2,11
1403715923.684000253677368,42,1,40,0,11
1403715923.734003782272339,40,0,39,0,11
1403715923.784010648727417,46,5,37,8,11
1403715923.834008216857910,47,0,44,2,11
1403715923.884007930755615,45,4,40,3,11
1403715923.934014081954956,45,7,37,2,11
1403715923.984016895294189,43,14,34,3,11
1403715924.034017086029053,42,2,37,3,11
1403715924.084016799926758,43,1,39,3,11
1403715924.134017229080200,38,5,34,0,11
1403715924.184015989303589,34,5,29,1,11
1403715924.234014272689819,36,2,28,4,11
1403715924.284014463424683,37,1,31,3,11
1403715924.334014415740967,32,4,29,0,11
1403715924.384012937545776,32,6,27,3,11
1403715924.434011220932007,30,7,27,0,11
1403715924.484010696411133,28,5,24,1,11
1403715924.534007787704468,28,8,19,5,11
1403715924.584007024765015,29,2,21,4,11
1403715924.634005308151245,28,7,17,4,11
1403715924.684001922607422,25,5,19,3,11
1403715924.734000444412231,20,4,17,1,11
1403715924.784000635147095,23,7,15,4,11
1403715924.833997726440430,24,3,12,5,11
1403715924.883999586105347,22,13,13,4,11
1403715924.934000015258789,19,5,15,2,11
1403715924.984000921249390,20,0,16,3,11
1403715925.034004688262939,23,2,17,4,11
1403715925.084006547927856,23,4,19,3,11
1403715925.134006023406982,21,3,15,5,11
1403715925.184005975723267,20,4,17,1,11
1403715925.234005928039551,21,5,18,2,11
1403715925.284008741378784,27,9,20,7,11
1403715925.334005355834961,34,4,27,7,11
1403715925.384006738662720,30,5,30,0,11
1403715925.434010505676270,30,3,29,1,11
1403715925.484005689620972,35,4,27,6,11
1403715925.534004449844360,41,1,31,6,11
1403715925.583999872207642,44,7,32,8,11
1403715925.634001016616821,40,1,37,1,11
1403715925.684005737304688,38,1,35,0,11
1403715925.734010696411133,39,4,30,3,11
1403715925.784013271331787,34,2,31,0,11
1403715925.834015846252441,33,3,31,1,11
1403715925.884015798568726,30,2,29,0,11
1403715925.934018135070801,31,8,25,4,11
1403715925.984018325805664,26,6,23,2,11
1403715926.034021139144897,29,6,23,4,11
1403715926.084021806716919,26,7,24,0,11
1403715926.134018659591675,28,8,19,6,11
1403715926.184018135070801,32,6,23,6,11
1403715926.234018564224243,33,5,24,4,11
1403715926.284020185470581,32,4,25,2,11
1403715926.334021806716919,24,9,20,1,11
1403715926.384020090103149,20,4,18,1,11
1403715926.434020519256592,19,3,15,4,11
1403715926.484020233154297,18,0,13,1,11
1403715926.534020185470581,21,8,11,8,11
1403715926.584019184112549,21,5,19,2,11
1403715926.634017467498779,26,4,20,6,11
1403715926.684017181396484,27,3,24,3,11
1403715926.734012603759766,32,2,27,5,11
1403715926.784012794494629,33,9,31,1,11
1403715926.834012031555176,35,2,29,3,11
1403715926.884011745452881,41,4,31,8,11
1403715926.934006214141846,42,2,36,3,11
1403715926.984003305435181,45,1,38,3,11
1403715927.033993005752563,36,7,36,0,11
1403715927.083984851837158,43,6,36,7,11
1403715927.133979558944702,47,4,40,6,11
1403715927.183972835540771,47,9,42,2,11
1403715927.233975648880005,40,8,36,2,11
1403715927.283975362777710,40,1,36,3,11
1403715927.333976268768311,44,12,33,9,11
1403715927.383975744247437,45,12,38,6,11
1403715927.433976411819458,47,4,43,3,11
1403715927.483973264694214,49,6,45,2,11
1403715927.533969640731812,43,18,42,1,11
1403715927.583969831466675,50,1,43,7,11
1403715927.633970975875854,49,1,46,0,11
1403715927.683970451354980,46,6,43,1,11
1403715927.733978509902954,44,1,42,1,11
1403715927.783982992172241,47,5,40,6,11
1403715927.833994150161743,48,11,43,3,11
1403715927.884001016616821,49,13,46,2,11
1403715927.934002637863159,47,11,46,1,11
1403715927.984004735946655,49,8,46,3,11
1403715928.034004926681519,48,2,48,0,11
1403715928.084003925323486,47,5,45,1,11
1403715928.134008169174194,47,18,42,3,11
1403715928.184009552001953,44,10,40,3,11
1403715928.234016418457031,42,11,41,1,11
1403715928.284019947052002,35,5,33,1,11
1403715928.334023475646973,35,3,30,3,11
1403715928.384024620056152,32,3,31,1,11
1403715928.434026956558228,36,4,29,5,11
1403715928.484027147293091,43,3,29,10,11
1403715928.534020423889160,33,9,26,4,11
1403715928.584013223648071,33,4,27,5,11
1403715928.634008169174194,28,8,26,2,11
1403715928.684008359909058,29,1,25,2,11
1403715928.734003782272339,38,9,21,10,11
1403715928.783996105194092,38,6,23,4,11
1403715928.833995342254639,36,2,23,7,11
1403715928.883991718292236,30,8,22,3,11
1403715928.933986663818359,31,15,22,8,11
1403715928.983987092971802,30,1,29,0,11
1403715929.033993005752563,32,3,26,6,11
1403715929.083992481231689,33,2,29,3,11
1403715929.133997201919556,36,2,29,6,11
1403715929.183995962142944,47,5,36,11,11
1403715929.233997821807861,49,2,41,3,11
1403715929.283995389938354,48,7,44,1,11
1403715929.333988428115845,42,22,38,2,11
1403715929.383988857269287,46,14,35,8,11
1403715929.433987855911255,46,15,38,2,11
1403715929.483978748321533,40,17,29,3,11
1403715929.533986091613770,40,21,25,9,11
1403715929.583987474441528,37,0,31,0,11
1403715929.633994102478027,31,2,28,1,11
1403715929.683995485305786,30,2,30,0,11
1403715929.733994722366333,30,6,30,0,11
1403715929.783998012542725,30,3,28,2,11
1403715929.833995580673218,38,4,26,9,11
1403715929.883993864059448,39,4,33,2,11
1403715929.933994054794312,42,5,33,7,11
1403715929.983991622924805,45,10,39,4,11
1403715930.033992528915405,48,11,40,5,11
1403715930.083999872207642,46,25,41,2,11
1403715930.134003162384033,46,5,40,4,11
1403715930.184006929397583,46,0,42,3,11
1403715930.234007596969604,49,7,43,3,11
1403715930.284010410308838,48,0,45,0,11
1403715930.334012508392334,46,2,45,0,11
1403715930.384015798568726,47,1,45,2,11
1403715930.434019088745117,49,4,47,2,11
1403715930.484023809432983,50,10,49,1,11
1403715930.534025192260742,45,7,45,0,11
1403715930.584019660949707,49,3,45,4,11
1403715930.634021043777466,48,8,47,1,11
1403715930.684028863906860,49,22,47,1,11
1403715930.734030485153198,49,10,46,1,11
1403715930.784030199050903,48,1,47,0,11
1403715930.834027767181396,47,3,47,0,11
1403715930.884025096893311,47,0,47,0,11
1403715930.934022426605225,47,0,47,0,11
1403715930.984023332595825,48,2,46,2,11
1403715931.034023523330688,49,1,47,2,11
1403715931.084028482437134,50,29,45,1,11
1403715931.134031534194946,47,8,42,0,11
1403715931.184030055999756,46,8,41,2,11
1403715931.234024286270142,47,4,43,3,11
1403715931.284009218215942,47,24,41,3,11
1403715931.334005594253540,50,13,41,3,11
1403715931.384002923965454,44,9,41,0,11
1403715931.434001922607422,45,6,40,4,11
1403715931.484001398086548,45,7,44,0,11
1403715931.534000635147095,44,8,41,2,11
1403715931.584000110626221,41,7,38,0,11
1403715931.634006261825562,39,3,37,0,11
1403715931.684010028839111,42,6,35,6,11
1403715931.734014749526978,43,3,36,5,11
1403715931.784016132354736,39,9,32,4,11
1403715931.834016799926758,36,12,30,3,11
1403715931.884019851684570,46,16,30,14,11
1403715931.934020996093750,41,8,36,1,11
1403715931.984021663665771,45,10,33,9,11
1403715932.034022569656372,40,4,37,1,11
1403715932.084022283554077,38,3,36,0,11
1403715932.134023666381836,34,3,33,0,11
1403715932.184023380279541,36,6,27,3,11
1403715932.234025716781616,32,12,24,0,11
1403715932.284026861190796,28,3,18,3,11
1403715932.334026336669922,24,0,17,1,11
1403715932.384025812149048,14,2,12,0,11
1403715932.434025287628174,13,1,12,0,11
1403715932.484025955200195,13,1,11,2,11
1403715932.534026622772217,17,3,13,4,11
1403715932.584025621414185,16,3,16,0,11
1403715932.634026050567627,15,2,14,0,11
1403715932.684027910232544,18,2,14,3,11
1403715932.734028100967407,18,4,15,3,11
1403715932.784028053283691,17,1,14,1,11
1403715932.834025621414185,20,2,14,4,11
1403715932.884018659591675,25,1,18,7,11
1403715932.934009313583374,34,8,20,10,11
1403715932.983999490737915,39,4,27,5,11
1403715933.033997297286987,38,1,21,2,11
1403715933.083996295928955,30,1,16,1,11
1403715933.133995532989502,25,0,11,3,11
1403715933.183997392654419,21,1,8,2,11
1403715933.233998298645020,8,1,7,0,11
1403715933.283999204635620,8,4,7,1,11
1403715933.334000110626221,7,1,7,0,11
1403715933.384000778198242,5,8,5,0,11
1403715933.434000253677368,4,12,4,0,11
1403715933.483999013900757,3,9,3,0,11
1403715933.533997058868408,3,2,2,1,11
1403715933.583991050720215,1,9,1,0,11
1403715933.633981466293335,7,2,1,6,11
1403715933.683972358703613,12,1,6,5,11
1403715933.733967542648315,16,2,11,4,11
1403715933.783951282501221,22,1,15,7,11
1403715933.833936214447021,23,6,22,1,11
1403715933.883911609649658,30,4,23,7,11
1403715933.933907508850098,36,15,22,6,11
1403715933.983896255493164,46,39,26,13,11
1403715934.033894300460815,37,25,32,2,11
1403715934.083894968032837,30,6,17,2,11
1403715934.133893728256226,15,9,6,0,11
1403715934.183894395828247,15,6,1,4,11
1403715934.233894586563110,6,2,0,0,11
1403715934.283896207809448,2,3,0,0,11
1403715934.333896160125732,0,2,0,0,11
1403715934.383896112442017,0,1,0,0,11
1403715934.433897733688354,0,3,0,0,11
1403715934.483903646469116,0,3,0,0,11
1403715934.533907890319824,0,6,0,0,11
1403715934.583908319473267,0,1,0,0,11
1403715934.633918046951294,1,0,0,1,11
1403715934.683918952941895,1,0,1,0,11
1403715934.733923196792603,4,0,1,3,11
1403715934.783919334411621,4,0,4,0,11
1403715934.833913326263428,4,0,4,0,11
1403715934.883867263793945,17,0,4,13,11
1403715934.933858156204224,26,4,14,10,11
1403715934.983852386474609,30,12,22,4,11
1403715935.033849239349365,36,15,19,9,11
1403715935.083849668502808,23,4,15,0,11
1403715935.133850574493408,11,2,7,0,11
1403715935.183850765228271,7,2,5,0,11
1403715935.233851909637451,7,2,5,1,11
1403715935.283852815628052,6,3,4,0,11
1403715935.333850860595703,8,0,4,2,11
1403715935.383852005004883,6,2,6,0,11
1403715935.433851480484009,4,6,4,0,11
1403715935.483854293823242,7,6,4,3,11
1403715935.533853769302368,7,1,6,1,11
1403715935.583855867385864,7,5,5,1,11
1403715935.633854150772095,8,4,6,1,11
1403715935.683850049972534,12,5,6,6,11
1403715935.733850002288818,24,0,10,12,11
1403715935.783847332000732,30,4,19,9,11
1403715935.833845615386963,44,3,28,16,11
1403715935.883846521377563,49,7,43,6,11
1403715935.933852910995483,50,15,49,1,11
1403715935.983863592147827,50,24,50,0,11
1403715936.033880710601807,50,15,50,0,11
1403715936.083893299102783,50,9,46,0,11
1403715936.133904457092285,50,22,45,0,11
1403715936.183902740478516,46,3,43,0,11
1403715936.233902692794800,45,9,36,0,11
1403715936.283899545669556,43,7,33,0,11
1403715936.333892107009888,36,10,28,1,11
1403715936.383889675140381,33,0,23,1,11
1403715936.433890819549561,30,3,19,1,11
1403715936.483886957168579,25,3,18,1,11
1403715936.533885478973389,22,5,17,2,11
1403715936.583889961242676,26,0,19,6,11
1403715936.633887767791748,24,2,21,2,11
1403715936.683881521224976,24,1,22,1,11
1403715936.733885526657104,28,0,23,5,11
1403715936.783886432647705,29,0,28,1,11
1403715936.833891630172729,35,1,29,6,11
1403715936.883892774581909,35,1,34,0,11
1403715936.933893680572510,35,0,34,1,11
1403715936.983894824981689,38,1,35,3,11
1403715937.033895015716553,38,0,34,0,11
1403715937.083896398544312,36,0,29,1,11
1403715937.133894443511963,42,1,30,10,11
1403715937.183893680572510,39,1,39,0,11
1403715937.233891963958740,40,0,39,1,11
1403715937.283889532089233,46,1,39,6,11
1403715937.333886623382568,49,0,44,3,11
1403715937.383885860443115,49,0,47,1,11
1403715937.433888912200928,49,16,47,1,11
1403715937.483887672424316,48,5,47,0,11
1403715937.533887386322021,47,9,46,1,11
1403715937.583885908126831,48,3,44,3,11
1403715937.633884429931641,48,8,45,2,11
1403715937.683883905410767,41,18,39,2,11
1403715937.733879566192627,49,3,39,8,11
1403715937.783876895904541,50,7,46,1,11
1403715937.833876371383667,48,5,45,0,11
1403715937.883874177932739,46,15,42,2,11
1403715937.933874130249023,47,2,44,2,11
1403715937.983872890472412,48,6,44,3,11
1403715938.033872127532959,50,6,47,2,11
1403715938.083871364593506,45,9,45,0,11
1403715938.133871316909790,48,7,45,3,11
1403715938.183870077133179,46,10,43,2,11
1403715938.233864545822144,50,14,44,4,11
1403715938.283857583999634,46,21,43,0,11
1403715938.333853006362915,46,17,41,3,11
1403715938.383849859237671,47,3,43,3,11
1403715938.433849096298218,45,3,43,1,11
1403715938.483848333358765,46,13,42,2,11
1403715938.533848285675049,39,6,38,0,11
1403715938.583847284317017,35,7,35,0,11
1403715938.633846521377563,37,0,34,2,11
1403715938.683844804763794,48,9,35,11,11
1403715938.733843088150024,46,6,44,0,11
1403715938.783843755722046,48,20,42,4,11
1403715938.833844423294067,48,2,44,2,11
1403715938.883845806121826,45,6,43,1,11
1403715938.933846473693848,49,12,43,5,11
1403715938.983845472335815,49,3,46,0,11
1403715939.033845663070679,47,6,43,1,11
1403715939.083844423294067,47,16,42,2,11
1403715939.133846044540405,48,3,42,3,11
1403715939.183846235275269,41,15,38,2,11
1403715939.233847141265869,38,11,35,0,11
1403715939.283847808837891,45,11,31,10,11
1403715939.333848953247070,38,8,34,2,11
1403715939.383850574493408,41,3,34,5,11
1403715939.433851480484009,38,5,29,2,11
1403715939.483853578567505,32,4,21,1,11
1403715939.533855199813843,29,2,17,3,11
1403715939.583857059478760,29,6,19,6,11
1403715939.633858203887939,26,5,23,1,11
1403715939.683857679367065,21,1,15,4,11
1403715939.733859300613403,19,1,15,1,11
1403715939.783861160278320,16,0,15,0,11
1403715939.833863019943237,14,0,14,0,11
1403715939.883867263793945,17,5,14,3,11
1403715939.933873176574707,22,0,16,5,11
1403715939.983874082565308,22,0,21,0,11
1403715940.033871889114380,38,0,21,17,11
1403715940.083873510360718,49,1,36,11,11
1403715940.133871555328369,49,10,46,1,11
1403715940.183871269226074,48,4,45,1,11
1403715940.233870744705200,49,12,44,2,11
1403715940.283872842788696,48,8,42,1,11
1403715940.333874940872192,43,2,34,1,11
1403715940.383876562118530,31,9,24,0,11
1403715940.433877229690552,26,1,20,0,11
1403715940.483882188796997,25,1,18,3,11
1403715940.533882379531860,20,3,17,0,11
1403715940.583883762359619,18,0,17,0,11
1403715940.633883714675903,12,5,11,1,11
1403715940.683884859085083,9,3,9,0,11
1403715940.733884572982788,24,0,8,15,11
1403715940.783884763717651,19,0,18,0,11
1403715940.833878755569458,22,0,18,3,11
1403715940.883878946304321,33,6,18,13,11
1403715940.933876276016235,34,6,24,5,11
1403715940.983878374099731,47,22,27,15,11
1403715941.033877372741699,43,22,38,1,11
1403715941.083878040313721,35,22,25,3,11
1403715941.133879184722900,22,3,11,1,11
1403715941.183881044387817,14,1,3,0,11
1403715941.233880996704102,1,7,0,0,11
1403715941.283880710601807,1,2,0,0,11
1403715941.333881616592407,0,4,0,0,11
1403715941.383879184722900,0,3,0,0,11
1403715941.433879852294922,0,5,0,0,11
1403715941.483880519866943,0,1,0,0,11
1403715941.533879995346069,0,4,0,0,11
1403715941.583885431289673,8,3,0,8,11
1403715941.633884906768799,8,3,8,0,11
1403715941.683878898620605,20,2,8,12,11
1403715941.733877897262573,24,4,17,6,11
1403715941.783873558044434,30,0,19,11,11
1403715941.833871603012085,28,0,27,1,11
1403715941.883868455886841,29,0,27,1,11
1403715941.933863639831543,38,2,28,9,11
1403715941.983860731124878,37,0,37,0,11
1403715942.033860921859741,39,0,35,3,11
1403715942.083867073059082,43,5,37,4,11
1403715942.133866310119629,40,3,38,0,11
1403715942.183863639831543,41,4,32,8,11
1403715942.233864068984985,40,3,33,5,11
1403715942.283864498138428,40,6,31,2,11
1403715942.333864212036133,39,2,29,1,11
1403715942.383861064910889,37,3,28,4,11
1403715942.433861970901489,22,3,14,6,11
1403715942.483861684799194,18,6,13,0,11
1403715942.533860921859741,10,4,7,0,11
1403715942.583859920501709,8,4,5,2,11
1403715942.633859872817993,7,5,6,1,11
1403715942.683860063552856,6,11,0,6,11
1403715942.733857870101929,10,9,4,4,11
1403715942.783857583999634,15,2,8,5,11
1403715942.833857536315918,16,5,13,3,11
1403715942.883860111236572,24,4,15,9,11
1403715942.933861255645752,23,2,20,2,11
1403715942.983862638473511,34,0,22,11,11
1403715943.033866167068481,45,1,33,12,11
1403715943.083870649337769,49,12,45,4,11
1403715943.133874177932739,50,18,49,1,11
1403715943.183876276016235,48,24,48,0,11
1403715943.233875989913940,50,21,48,2,11
1403715943.283877134323120,49,19,46,0,11
1403715943.333877325057983,49,2,42,0,11
1403715943.383876323699951,46,7,39,1,11
1403715943.433877468109131,42,13,31,2,11
1403715943.483877658843994,35,4,28,0,11
1403715943.533877372741699,27,0,19,0,11
1403715943.583876371383667,22,1,18,0,11
1403715943.633875131607056,19,2,14,2,11
1403715943.683873891830444,21,1,16,3,11
1403715943.733877420425415,18,3,18,0,11
1403715943.783884286880493,19,3,17,2,11
1403715943.833877801895142,23,0,19,4,11
1403715943.883877754211426,21,2,17,2,11
1403715943.933883905410767,26,0,19,5,11
1403715943.983888149261475,30,0,24,6,11
1403715944.033892154693604,34,1,27,5,11
1403715944.083896875381470,34,1,33,0,11
1403715944.133905410766602,39,0,32,7,11
1403715944.183907508850098,34,7,28,1,11
1403715944.233911037445068,32,2,20,1,11
1403715944.283912420272827,25,0,14,1,11
1403715944.333913564682007,22,0,16,3,11
1403715944.383913278579712,17,0,17,0,11
1403715944.433915615081787,15,1,12,3,11
1403715944.483915567398071,10,3,9,0,11
1403715944.533916711807251,10,1,8,2,11
1403715944.583918333053589,11,1,10,1,11
1403715944.633923053741455,16,4,10,5,11
1403715944.683928728103638,21,1,14,5,11
1403715944.733936786651611,24,3,18,4,11
1403715944.783948659896851,37,1,21,15,11
1403715944.833962202072144,43,2,32,8,11
1403715944.883973360061646,44,15,31,4,11
1403715944.933975219726562,43,19,34,3,11
1403715944.983973741531372,45,20,35,7,11
1403715945.033972978591919,43,9,37,3,11
1403715945.083973646163940,29,15,22,3,11
1403715945.133973121643066,23,7,16,4,11
1403715945.183971643447876,18,2,13,0,11
1403715945.233969211578369,12,6,9,0,11
1403715945.283966541290283,6,10,6,0,11
1403715945.333966732025146,7,2,5,1,11
1403715945.383966445922852,6,6,4,2,11
1403715945.433966636657715,6,2,5,1,11
1403715945.483965873718262,8,3,6,2,11
1403715945.533964395523071,10,0,5,5,11
1403715945.583959341049194,12,2,10,2,11
1403715945.633950710296631,24,1,12,12,11
1403715945.683940410614014,31,2,24,7,11
1403715945.733929872512817,42,4,31,11,11
1403715945.783925294876099,45,1,41,3,11
1403715945.833917140960693,46,3,42,3,11
1403715945.883912801742554,47,0,41,3,11
1403715945.933910131454468,42,2,40,1,11
1403715945.983908414840698,39,0,37,1,11
1403715946.033908367156982,29,5,28,0,11
1403715946.083907842636108,28,0,28,0,11
1403715946.133907794952393,24,0,23,1,11
1403715946.183907985687256,23,1,22,1,11
1403715946.233906745910645,25,1,23,2,11
1403715946.283907413482666,26,1,23,3,11
1403715946.333903551101685,30,0,25,5,11
1403715946.383899688720703,30,1,27,1,11
1403715946.433902263641357,34,8,25,5,11
1403715946.483904838562012,48,16,27,16,11
1403715946.533904314041138,47,18,41,2,11
1403715946.583900928497314,37,9,32,3,11
1403715946.633898973464966,32,10,27,3,11
1403715946.683898448944092,29,10,24,1,11
1403715946.733898639678955,24,4,20,1,11
1403715946.783900976181030,19,2,17,0,11
1403715946.833907604217529,21,2,16,5,11
1403715946.883915185928345,23,7,20,3,11
1403715946.933918476104736,22,3,14,3,11
1403715946.983921051025391,18,3,15,1,11
1403715947.033923149108887,15,3,15,0,11
1403715947.083926916122437,20,0,15,5,11
1403715947.133929491043091,21,6,13,7,11
1403715947.183930158615112,21,0,17,1,11
1403715947.233930826187134,22,0,18,2,11
1403715947.283933162689209,19,0,19,0,11
1403715947.333936929702759,20,0,19,1,11
1403715947.383942127227783,25,2,19,6,11
1403715947.433943986892700,28,1,23,3,11
1403715947.483945846557617,33,4,25,5,11
1403715947.533948183059692,35,5,29,4,11
1403715947.583949089050293,30,5,25,0,11
1403715947.633951187133789,27,3,19,4,11
1403715947.683952808380127,30,1,22,6,11
1403715947.733952045440674,27,4,26,0,11
1403715947.783951282501221,25,1,24,0,11
1403715947.833950996398926,24,1,24,0,11
1403715947.883951425552368,22,4,21,1,11
1403715947.933951616287231,14,13,12,0,11
1403715947.983951330184937,11,3,11,0,11
1403715948.033950567245483,19,3,11,8,11
1403715948.083950996398926,17,4,15,1,11
1403715948.133953094482422,24,2,16,7,11
1403715948.183953523635864,33,2,20,13,11
1403715948.233953237533569,47,0,32,15,11
1403715948.283954381942749,50,5,47,3,11
1403715948.333955526351929,50,16,50,0,11
1403715948.383953809738159,50,15,50,0,11
1403715948.433955192565918,50,11,50,0,11
1403715948.483956098556519,50,38,49,0,11
1403715948.533956527709961,50,12,47,0,11
1403715948.583956241607666,47,8,45,0,11
1403715948.633956670761108,46,8,38,0,11
1403715948.683957338333130,43,7,34,0,11
1403715948.733957529067993,35,2,29,0,11
1403715948.783958196640015,31,1,28,0,11
1403715948.833958864212036,26,6,25,1,11
1403715948.883959531784058,25,2,24,0,11
1403715948.933959960937500,27,3,22,2,11
1403715948.983965158462524,27,4,24,3,11
1403715949.033968687057495,29,0,25,4,11
1403715949.083974123001099,31,2,26,4,11
1403715949.133979082107544,33,1,30,3,11
1403715949.183984279632568,35,4,32,2,11
1403715949.233987092971802,36,4,32,2,11
1403715949.283989906311035,33,0,30,1,11
1403715949.333992958068848,30,1,25,1,11
1403715949.383996009826660,30,3,23,4,11
1403715949.433997631072998,29,0,23,3,11
1403715949.483998298645020,18,4,15,1,11
1403715949.533998489379883,16,1,14,1,11
1403715949.583997011184692,16,0,12,2,11
1403715949.633996009826660,15,1,14,0,11
1403715949.683995485305786,14,1,14,0,11
1403715949.733995199203491,14,0,13,1,11
1403715949.783997058868408,15,1,14,1,11
1403715949.833998441696167,19,0,15,4,11
1403715949.884001970291138,30,1,19,11,11
1403715949.934007406234741,35,0,30,5,11
1403715949.984012842178345,35,7,34,0,11
1403715950.034022331237793,50,10,33,15,11
1403715950.084028244018555,48,6,43,0,11
1403715950.134029865264893,46,17,36,1,11
1403715950.184030771255493,34,8,26,4,11
1403715950.234031915664673,26,4,20,4,11
1403715950.284033298492432,27,10,20,4,11
1403715950.334033489227295,24,5,21,0,11
1403715950.384032964706421,24,2,18,3,11
1403715950.434031963348389,23,5,18,1,11
1403715950.484031677246094,13,5,12,0,11
1403715950.534031391143799,11,10,11,0,11
1403715950.584029674530029,15,2,10,5,11
1403715950.634029865264893,15,2,14,0,11
1403715950.684029817581177,16,2,12,3,11
1403715950.734029293060303,17,3,12,4,11
1403715950.784029960632324,18,3,13,4,11
1403715950.834032773971558,20,0,13,6,11
1403715950.884033679962158,21,1,19,1,11
1403715950.934036254882812,24,2,17,7,11
1403715950.984035730361938,24,3,22,2,11
1403715951.034035682678223,19,7,15,0,11
1403715951.084033727645874,13,6,10,0,11
1403715951.134033203125000,11,3,7,0,11
1403715951.184032917022705,9,2,7,0,11
1403715951.234032392501831,7,4,7,0,11
1403715951.284031391143799,10,0,4,3,11
1403715951.334030866622925,10,1,5,2,11
1403715951.384028196334839,6,9,5,0,11
1403715951.434027433395386,6,3,5,0,11
1403715951.484026432037354,5,3,4,0,11
1403715951.534023284912109,6,2,4,1,11
1403715951.584015130996704,16,4,4,11,11
1403715951.634012460708618,22,3,14,6,11
1403715951.684008121490479,27,6,18,7,11
1403715951.734003543853760,39,0,23,15,11
1403715951.784002065658569,39,8,34,4,11
1403715951.834000349044800,50,13,38,11,11
1403715951.883997201919556,48,34,46,0,11
1403715951.933994054794312,48,28,45,1,11
1403715951.983994007110596,48,14,41,2,11
1403715952.033994674682617,47,2,40,0,11
1403715952.083994626998901,40,9,30,2,11
1403715952.133994102478027,33,3,23,0,11
1403715952.183992862701416,23,3,13,0,11
1403715952.233991384506226,14,7,9,1,11
1403715952.283992052078247,9,2,7,0,11
1403715952.333994865417480,7,1,3,2,11
1403715952.383995056152344,4,1,4,0,11
1403715952.433995962142944,3,6,2,0,11
1403715952.483997106552124,4,0,1,1,11
1403715952.533998012542725,6,2,2,3,11
1403715952.583997488021851,5,5,5,0,11
1403715952.634003400802612,6,0,3,3,11
1403715952.684004545211792,6,3,5,0,11
1403715952.734000682830811,12,2,5,7,11
1403715952.784000873565674,13,1,9,1,11
1403715952.834000587463379,12,0,8,1,11
1403715952.883998394012451,11,1,9,2,11
1403715952.933996677398682,13,1,11,2,11
1403715952.983995199203491,15,14,11,3,11
1403715953.033992290496826,15,15,1,1,11
1403715953.083988666534424,14,2,8,0,11
1403715953.133987188339233,8,1,7,0,11
1403715953.183984518051147,8,4,5,3,11
1403715953.233983993530273,9,1,8,1,11
1403715953.283984899520874,8,3,8,0,11
1403715953.333984375000000,8,5,7,1,11
1403715953.383984565734863,6,1,6,0,11
1403715953.433985471725464,7,2,6,1,11
1403715953.483986139297485,8,5,7,1,11
1403715953.533986806869507,10,7,8,2,11
1403715953.583988904953003,12,15,10,2,11
1403715953.633988142013550,15,6,12,3,11
1403715953.683990001678467,35,2,15,20,11
1403715953.733991622924805,45,2,32,12,11
1403715953.783992528915405,45,9,38,5,11
1403715953.833992958068848,46,1,41,3,11
1403715953.883991956710815,47,8,41,3,11
1403715953.933991432189941,43,15,37,1,11
1403715953.983989715576172,41,16,35,2,11
1403715954.033989429473877,40,9,34,2,11
1403715954.083988904953003,31,7,27,0,11
1403715954.133987903594971,23,11,16,0,11
1403715954.183988094329834,22,1,14,2,11
1403715954.233987569808960,18,2,14,1,11
1403715954.283987998962402,15,3,14,0,11
1403715954.333990097045898,11,3,11,0,11
1403715954.383991003036499,10,3,8,0,11
1403715954.433991432189941,9,3,6,0,11
1403715954.483990669250488,8,2,4,0,11
1403715954.533990859985352,7,6,4,3,11
1403715954.583988904953003,7,14,4,1,11
1403715954.633987426757812,11,2,4,4,11
1403715954.683991432189941,17,3,6,9,11
1403715954.733992815017700,17,0,13,1,11
1403715954.783994674682617,19,0,14,3,11
1403715954.833998203277588,26,4,17,9,11
1403715954.883999109268188,26,3,25,0,11
1403715954.934000253677368,32,4,23,7,11
1403715954.984000921249390,34,16,29,3,11
1403715955.034001111984253,36,0,30,5,11
1403715955.084000587463379,31,0,27,0,11
1403715955.133999586105347,23,7,18,1,11
1403715955.183999061584473,19,1,18,0,11
1403715955.233998298645020,18,0,17,1,11
1403715955.283996582031250,20,3,15,5,11
1403715955.333996295928955,20,2,18,0,11
1403715955.383996248245239,16,2,15,0,11
1403715955.433996200561523,15,7,13,2,11
1403715955.483994960784912,15,2,13,1,11
1403715955.533996820449829,12,4,10,1,11
1403715955.583996057510376,18,4,11,7,11
1403715955.633995771408081,21,0,16,3,11
1403715955.683994770050049,26,1,18,6,11
1403715955.733992338180542,23,2,22,1,11
1403715955.783986806869507,31,16,23,8,11
1403715955.833981275558472,35,33,29,5,11
1403715955.883979320526123,35,6,30,2,11
1403715955.933979034423828,36,5,28,4,11
1403715955.983977556228638,30,2,21,2,11
1403715956.033977508544922,26,1,17,5,11
1403715956.083977937698364,24,0,12,3,11
1403715956.133977174758911,18,0,13,0,11
1403715956.183978319168091,13,5,11,1,11
1403715956.233979463577271,13,0,12,0,11
1403715956.283981084823608,12,3,11,1,11
1403715956.333980321884155,13,3,11,1,11
1403715956.383980274200439,13,0,12,1,11
1403715956.433979988098145,14,4,11,3,11
1403715956.483980178833008,14,4,7,5,11
1403715956.533980131149292,12,2,11,0,11
1403715956.583978891372681,16,0,11,4,11
1403715956.633976221084595,27,0,15,12,11
1403715956.683973789215088,30,0,26,4,11
1403715956.733969688415527,31,0,28,1,11
1403715956.783965349197388,41,0,28,10,11
1403715956.833962440490723,41,2,35,2,11
1403715956.883958816528320,43,5,37,3,11
1403715956.933955907821655,47,15,39,7,11
1403715956.983954906463623,47,8,43,2,11
1403715957.033954381942749,48,7,42,3,11
1403715957.083954811096191,49,9,45,2,11
1403715957.133955240249634,37,5,36,1,11
1403715957.183955907821655,39,2,33,5,11
1403715957.233955621719360,34,4,29,4,11
1403715957.283955574035645,33,3,31,1,11
1403715957.333955764770508,31,2,31,0,11
1403715957.383955717086792,31,4,31,0,11
1403715957.433955669403076,34,1,28,6,11
1403715957.483955144882202,42,5,29,13,11
1403715957.533954381942749,40,1,35,4,11
1403715957.583953380584717,37,3,34,2,11
1403715957.633949756622314,35,1,27,5,11
1403715957.683945178985596,36,2,28,4,11
1403715957.733940362930298,32,1,28,2,11
1403715957.783928871154785,36,24,29,6,11
1403715957.833927631378174,35,3,27,0,11
1403715957.883922338485718,37,3,24,4,11
1403715957.933921098709106,30,0,23,1,11
1403715957.983920335769653,30,2,18,2,11
1403715958.033920049667358,26,0,19,0,11
1403715958.083920478820801,19,0,17,0,11
1403715958.133921861648560,14,2,12,0,11
1403715958.183923006057739,12,2,9,0,11
1403715958.233924388885498,11,2,8,0,11
1403715958.283925533294678,9,2,6,0,11
1403715958.333928585052490,8,3,6,1,11
1403715958.383936882019043,11,5,5,4,11
1403715958.433945417404175,16,6,6,6,11
1403715958.483945846557617,14,1,9,1,11
1403715958.533949136734009,17,1,10,6,11
1403715958.583952188491821,18,0,14,2,11
1403715958.633953809738159,19,0,15,1,11
1403715958.683955430984497,20,0,14,5,11
1403715958.733956813812256,19,1,15,1,11
1403715958.783957719802856,19,3,14,0,11
1403715958.833956956863403,19,4,13,4,11
1403715958.883954763412476,23,8,17,5,11
1403715958.933954715728760,21,1,21,0,11
1403715958.983955383300781,23,3,19,4,11
1403715959.033958673477173,31,2,22,9,11
1403715959.083958864212036,32,0,29,1,11
1403715959.133958816528320,37,3,28,6,11
1403715959.183959245681763,37,0,34,2,11
1403715959.233958959579468,38,1,35,3,11
1403715959.283960819244385,41,0,35,4,11
1403715959.333961009979248,37,6,31,3,11
1403715959.383960962295532,32,4,29,1,11
1403715959.433960914611816,30,2,26,2,11
1403715959.483961820602417,37,2,25,10,11
1403715959.533963203430176,31,3,29,1,11
1403715959.583964347839355,31,1,24,4,11
1403715959.633965969085693,34,2,26,3,11
1403715959.683968544006348,29,1,26,2,11
1403715959.733973741531372,25,13,22,0,11
1403715959.783978462219238,25,11,14,1,11
1403715959.833982944488525,25,13,8,3,11
1403715959.883985042572021,20,4,12,2,11
1403715959.933985471725464,14,1,11,2,11
1403715959.983984708786011,15,0,11,1,11
1403715960.033984422683716,14,2,8,0,11
1403715960.083979129791260,17,5,9,5,11
1403715960.133979320526123,15,0,12,2,11
1403715960.183978080749512,13,1,10,1,11
1403715960.233978509902954,9,3,6,0,11
1403715960.283978700637817,9,3,4,2,11
1403715960.333979129791260,7,3,6,0,11
1403715960.383977890014648,11,5,5,6,11
1403715960.433977365493774,11,1,10,0,11
1403715960.483976125717163,14,1,10,3,11
1403715960.533974170684814,16,0,13,3,11
1403715960.583971738815308,16,0,16,0,11
1403715960.633969068527222,16,0,16,0,11
1403715960.683966875076294,16,1,16,0,11
1403715960.733965396881104,16,2,16,0,11
1403715960.783962249755859,18,2,16,2,11
1403715960.833959102630615,22,3,17,4,11
1403715960.883959054946899,22,1,21,0,11
1403715960.933959245681763,22,3,21,1,11
1403715960.983958244323730,24,0,22,2,11
1403715961.033957242965698,26,1,23,2,11
1403715961.083956003189087,24,3,23,0,11
1403715961.133954763412476,22,0,21,0,11
1403715961.183953523635864,19,0,17,0,11
1403715961.233951568603516,19,2,17,1,11
1403715961.283948421478271,22,1,18,4,11
1403715961.333946466445923,26,1,22,4,11
1403715961.383945703506470,29,4,24,3,11
1403715961.433946847915649,34,19,24,7,11
1403715961.483947515487671,33,15,31,1,11
1403715961.533946275711060,37,12,32,5,11
1403715961.583946466445923,35,5,34,0,11
1403715961.633946180343628,36,2,32,2,11
1403715961.683946609497070,31,0,31,0,11
1403715961.733947992324829,28,6,17,1,11
1403715961.783949375152588,25,3,14,0,11
1403715961.833950281143188,13,4,7,0,11
1403715961.883950948715210,7,6,3,1,11
1403715961.933951616287231,4,2,3,0,11
1403715961.983952045440674,2,6,1,0,11
1403715962.033952713012695,2,1,1,1,11
1403715962.083952665328979,7,2,2,5,11
1403715962.133952856063843,7,0,4,0,11
1403715962.183953523635864,6,0,4,0,11
1403715962.233954429626465,4,0,4,0,11
1403715962.283955812454224,4,0,4,0,11
1403715962.333956956863403,4,0,3,0,11
1403715962.383957386016846,1,0,1,0,11
1403715962.433958053588867,1,0,1,0,11
1403715962.483956575393677,2,0,1,1,11
1403715962.533957004547119,2,1,1,0,11
1403715962.583960056304932,7,6,1,5,11
1403715962.633960247039795,4,1,3,1,11
1403715962.683960676193237,5,2,2,1,11
1403715962.733960628509521,4,1,3,0,11
1403715962.783960580825806,3,2,3,0,11
1403715962.833960294723511,3,3,3,0,11
1403715962.883959770202637,5,3,3,2,11
1403715962.933958292007446,7,4,2,3,11
1403715962.983958244323730,9,6,3,3,11
1403715963.033957958221436,6,10,5,1,11
1403715963.083957433700562,10,8,6,4,11
1403715963.133956670761108,12,7,6,3,11
1403715963.183956146240234,11,12,6,2,11
1403715963.233954906463623,11,3,4,5,11
1403715963.283953666687012,19,4,8,10,11
1403715963.333953142166138,20,14,10,8,11
1403715963.383953094482422,20,2,17,1,11
1403715963.433957338333130,18,13,15,2,11
1403715963.483959913253784,16,7,15,0,11
1403715963.533961772918701,12,23,11,0,11
1403715963.583961248397827,12,10,9,1,11
1403715963.633960962295532,28,11,8,18,11
1403715963.683961868286133,34,17,11,9,11
1403715963.733962535858154,36,4,19,3,11
1403715963.783963918685913,28,6,22,5,11
1403715963.833967924118042,30,3,23,5,11
1403715963.883967876434326,23,0,21,1,11
1403715963.933968067169189,26,0,22,4,11
1403715963.983967781066895,27,3,26,1,11
1403715964.033967733383179,30,0,27,3,11
1403715964.083966255187988,40,10,26,10,11
1403715964.133965730667114,49,3,35,9,11
1403715964.183966875076294,42,10,38,1,11
1403715964.233969449996948,42,0,38,2,11
1403715964.283973932266235,47,1,40,7,11
1403715964.333978891372681,48,6,45,3,11
1403715964.383980035781860,48,5,48,0,11
1403715964.433980226516724,49,6,48,1,11
1403715964.483980178833008,49,11,49,0,11
1403715964.533978939056396,50,2,49,1,11
1403715964.583977222442627,50,5,50,0,11
1403715964.633977174758911,50,12,50,0,11
1403715964.683975934982300,50,18,50,0,11
1403715964.733974456787109,49,14,47,0,11
1403715964.783974885940552,49,15,46,1,11
1403715964.833975315093994,48,8,47,1,11
1403715964.883975505828857,46,7,43,2,11
1403715964.933975934982300,48,14,44,3,11
1403715964.983976125717163,46,12,41,2,11
1403715965.033976554870605,44,3,41,1,11
1403715965.083976745605469,39,3,36,2,11
1403715965.133977174758911,40,5,37,2,11
1403715965.183977603912354,42,1,38,4,11
1403715965.233978033065796,45,0,41,4,11
1403715965.283978939056396,49,3,44,5,11
1403715965.333976030349731,49,16,48,1,11
1403715965.383974313735962,50,15,49,1,11
1403715965.433973789215088,50,5,49,0,11
1403715965.483972787857056,48,3,47,0,11
1403715965.533971548080444,47,3,45,0,11
1403715965.583968162536621,46,0,44,0,11
1403715965.633962631225586,41,0,41,0,11
1403715965.683958768844604,40,12,38,1,11
1403715965.733955860137939,38,14,36,1,11
1403715965.783954381942749,39,15,35,1,11
1403715965.833953142166138,38,22,32,2,11
1403715965.883952617645264,32,8,31,0,11
1403715965.933951616287231,35,7,27,4,11
1403715965.983951330184937,33,1,26,0,11
1403715966.033951520919800,30,1,24,1,11
1403715966.083951711654663,22,5,16,2,11
1403715966.133952140808105,19,2,14,1,11
1403715966.183953285217285,18,1,12,1,11
1403715966.233956336975098,18,1,13,2,11
1403715966.283959150314331,19,1,14,4,11
1403715966.333961725234985,22,1,16,3,11
1403715966.383965253829956,29,0,18,10,11
1403715966.433967113494873,31,0,23,3,11
1403715966.483969449996948,38,7,22,8,11
1403715966.533970355987549,30,0,21,1,11
1403715966.583970546722412,25,1,20,0,11
1403715966.633970022201538,21,1,18,0,11
1403715966.683967351913452,25,0,15,7,11
1403715966.733965873718262,18,1,16,0,11
1403715966.783963203430176,21,0,16,3,11
1403715966.833961009979248,20,0,19,1,11
1403715966.883958578109741,20,0,19,1,11
1403715966.933957099914551,21,0,19,1,11
1403715966.983952999114990,26,14,19,6,11
1403715967.033952236175537,27,17,25,1,11
1403715967.083950996398926,29,16,24,3,11
1403715967.133949756622314,41,8,24,13,11
1403715967.183948993682861,40,3,29,4,11
1403715967.233948707580566,37,1,25,2,11
1403715967.283949851989746,27,8,15,2,11
1403715967.333950519561768,23,4,13,1,11
1403715967.383952140808105,17,0,7,1,11
1403715967.433953523635864,11,0,8,0,11
1403715967.483956098556519,10,0,8,2,11
1403715967.533958196640015,12,0,10,2,11
1403715967.583961009979248,14,0,11,2,11
1403715967.633960008621216,19,0,11,5,11
1403715967.683961153030396,18,2,16,0,11
1403715967.733961820602417,18,2,13,3,11
1403715967.783962011337280,22,2,12,4,11
1403715967.833961963653564,19,1,11,0,11
1403715967.883962869644165,17,3,11,2,11
1403715967.933963537216187,18,0,13,5,11
1403715967.983964204788208,19,1,16,1,11
1403715968.033965110778809,19,2,12,3,11
1403715968.083965539932251,16,2,13,1,11
1403715968.133965969085693,12,0,12,0,11
1403715968.183965921401978,12,0,11,0,11
1403715968.233966588973999,19,0,11,7,11
1403715968.283967018127441,19,0,18,1,11
1403715968.333966493606567,23,2,19,4,11
1403715968.383965969085693,33,5,22,10,11
1403715968.433965682983398,43,11,31,10,11
1403715968.483964443206787,47,17,39,6,11
1403715968.533964872360229,48,8,44,2,11
1403715968.583964109420776,49,12,46,2,11
1403715968.633963584899902,47,7,46,0,11
1403715968.683963537216187,49,3,45,3,11
1403715968.733963966369629,48,3,47,0,11
1403715968.783963918685913,48,1,47,1,11
1403715968.833963394165039,48,0,48,0,11
1403715968.883963346481323,47,4,45,2,11
1403715968.933963537216187,50,5,45,3,11
1403715968.983961820602417,49,3,48,0,11
1403715969.033958196640015,49,13,46,1,11
1403715969.083954811096191,47,19,32,1,11
1403715969.133953332901001,45,6,25,2,11
1403715969.183952093124390,34,6,23,3,11
1403715969.233951807022095,32,1,23,3,11
1403715969.283951997756958,27,5,23,1,11
1403715969.333952903747559,23,6,17,2,11
1403715969.383953094482422,25,3,17,4,11
1403715969.433953046798706,12,5,10,0,11
1403715969.483953475952148,10,3,7,2,11
1403715969.533953666687012,9,3,7,0,11
1403715969.583953619003296,9,5,7,0,11
1403715969.633953094482422,13,5,7,6,11
1403715969.683953285217285,19,5,13,6,11
1403715969.733952045440674,35,0,19,16,11
1403715969.783952951431274,46,2,33,12,11
1403715969.833950996398926,49,23,44,4,11
1403715969.883949279785156,50,29,47,1,11
1403715969.933949708938599,49,17,41,0,11
1403715969.983950138092041,48,13,38,1,11
1403715970.033950090408325,42,5,36,1,11
1403715970.083950281143188,41,3,35,1,11
1403715970.133950233459473,37,1,30,2,11
1403715970.183950662612915,36,7,30,2,11
1403715970.233950614929199,26,0,22,1,11
1403715970.283950805664062,24,8,16,0,11
1403715970.333950519561768,19,0,16,0,11
1403715970.383950948715210,24,0,16,8,11
1403715970.433952093124390,30,2,20,8,11
1403715970.483953952789307,32,1,28,2,11
1403715970.533959627151489,40,5,26,12,11
1403715970.583963155746460,44,2,33,5,11
1403715970.633964300155640,48,6,35,6,11
1403715970.683964252471924,45,8,37,2,11
1403715970.733963251113892,45,0,36,5,11
1403715970.783963918685913,44,9,35,3,11
1403715970.833963632583618,36,1,31,1,11
1403715970.883963584899902,30,2,24,1,11
1403715970.933964729309082,35,3,22,6,11
1403715970.983964443206787,18,1,16,0,11
1403715971.033964872360229,16,2,13,0,11
1403715971.083965301513672,15,4,12,0,11
1403715971.133965015411377,12,0,10,0,11
1403715971.183964490890503,13,1,10,2,11
1403715971.233959674835205,28,2,10,18,11
1403715971.283956527709961,36,15,24,9,11
1403715971.333956241607666,37,13,33,2,11
1403715971.383955717086792,41,15,31,9,11
1403715971.433955907821655,49,13,37,9,11
1403715971.483956575393677,42,16,39,0,11
1403715971.533956527709961,38,5,32,5,11
1403715971.583956003189087,33,7,25,4,11
1403715971.633955001831055,39,5,27,7,11
1403715971.683955192565918,35,4,28,2,11
1403715971.733954429626465,30,9,24,1,11
1403715971.783954381942749,24,1,19,0,11
1403715971.833953857421875,14,0,10,1,11
1403715971.883953332901001,16,5,11,5,11
1403715971.933950185775757,28,3,16,12,11
1403715971.983950138092041,28,4,26,2,11
1403715972.033949136734009,32,4,27,5,11
1403715972.083948612213135,44,0,32,12,11
1403715972.133948087692261,49,8,41,6,11
1403715972.183948040008545,50,5,46,1,11
1403715972.233947038650513,48,16,45,0,11
1403715972.283947229385376,48,11,42,2,11
1403715972.333947420120239,46,7,42,2,11
1403715972.383947372436523,48,0,44,4,11
1403715972.433947086334229,48,1,46,1,11
1403715972.483946084976196,50,3,47,2,11
1403715972.533945083618164,49,5,48,0,11
1403715972.583944082260132,49,12,47,1,11
1403715972.633943080902100,48,3,46,1,11
1403715972.683942079544067,48,2,35,0,11
1403715972.733941555023193,48,4,18,1,11
1403715972.783941745758057,38,2,15,2,11
1403715972.833940267562866,29,10,16,8,11
1403715972.883939504623413,29,0,22,4,11
1403715972.933940410614014,32,1,26,4,11
1403715972.983941316604614,32,1,29,2,11
1403715973.033941268920898,32,1,30,0,11
1403715973.083940982818604,30,5,29,0,11
1403715973.133941173553467,32,2,28,4,11
1403715973.183940649032593,44,0,32,12,11
1403715973.233941078186035,47,0,44,3,11
1403715973.283941030502319,50,7,47,3,11
1403715973.333940982818604,49,10,49,0,11
1403715973.383940935134888,49,14,48,1,11
1403715973.433940887451172,49,30,48,1,11
1403715973.483941555023193,50,23,49,1,11
1403715973.533941507339478,50,13,50,0,11
1403715973.583941936492920,42,3,41,0,11
1403715973.633941650390625,38,1,37,0,11
1403715973.683941602706909,40,1,33,6,11
1403715973.733941555023193,42,0,39,2,11
1403715973.783941745758057,42,0,41,1,11
1403715973.833941698074341,42,0,41,0,11
1403715973.883941650390625,48,5,39,7,11
1403715973.933941602706909,48,7,45,2,11
1403715973.983941793441772,48,12,45,2,11
1403715974.033942222595215,49,28,46,2,11
1403715974.083942651748657,49,18,47,1,11
1403715974.133942842483521,50,38,48,1,11
1403715974.183942556381226,49,9,49,0,11
1403715974.233942270278931,49,0,49,0,11
1403715974.283942461013794,50,7,49,1,11
1403715974.333942413330078,50,1,50,0,11
1403715974.383942842483521,50,1,50,0,11
1403715974.433942556381226,50,6,49,0,11
1403715974.483942747116089,50,3,49,0,11
1403715974.533943176269531,49,11,48,0,11
1403715974.583943367004395,50,12,48,1,11
1403715974.633943557739258,47,32,47,0,11
1403715974.683943986892700,50,20,47,3,11
1403715974.733943700790405,49,32,49,0,11
1403715974.783943653106689,49,13,48,1,11
1403715974.833943843841553,49,1,49,0,11
1403715974.883943796157837,49,0,49,0,11
1403715974.933943748474121,49,0,49,0,11
1403715974.983943939208984,50,1,49,1,11
1403715975.033944129943848,50,11,50,0,11
1403715975.083943843841553,50,4,50,0,11
1403715975.133943796157837,50,10,50,0,11
1403715975.183943748474121,50,11,50,0,11
1403715975.233943462371826,50,40,49,0,11
1403715975.283943653106689,50,20,49,0,11
1403715975.333943367004395,48,27,48,0,11
1403715975.383943319320679,50,7,48,2,11
1403715975.433943271636963,49,3,49,0,11
1403715975.483942985534668,49,2,49,0,11
1403715975.533943414688110,48,0,48,0,11
1403715975.583943367004395,50,7,47,2,11
1403715975.633943080902100,49,5,48,0,11
1403715975.683943033218384,49,2,48,1,11
1403715975.733942985534668,50,8,49,1,11
1403715975.783942937850952,50,11,50,0,11
1403715975.833943367004395,50,34,49,0,11
1403715975.883943557739258,50,15,49,0,11
1403715975.933943510055542,49,24,49,0,11
1403715975.983943700790405,49,21,48,1,11
1403715976.033943891525269,49,0,49,0,11
1403715976.083944082260132,49,0,48,0,11
1403715976.133944511413574,49,0,48,0,11
1403715976.183944463729858,45,7,45,0,11
1403715976.233944654464722,48,0,45,3,11
1403715976.283944845199585,49,2,47,2,11
1403715976.333944797515869,50,9,48,1,11
1403715976.383944988250732,50,13,49,0,11
1403715976.433944702148438,48,26,48,0,11
1403715976.483944177627563,50,12,48,2,11
1403715976.533944368362427,50,22,50,0,11
1403715976.583944320678711,49,16,49,0,11
1403715976.633944272994995,48,0,48,0,11
1403715976.683943986892700,48,0,47,0,11
1403715976.733943939208984,48,0,48,0,11
1403715976.783944129943848,49,1,47,1,11
1403715976.833944082260132,48,1,48,0,11
1403715976.883944272994995,50,10,48,2,11
1403715976.933944225311279,50,6,50,0,11
1403715976.983944177627563,49,1,48,0,11
1403715977.033944368362427,49,13,48,0,11
1403715977.083944320678711,49,1,48,1,11
1403715977.133944272994995,50,12,49,1,11
1403715977.183944463729858,50,8,50,0,11
1403715977.233944416046143,50,1,50,0,11
1403715977.283944606781006,49,4,49,0,11
1403715977.333944559097290,48,1,48,0,11
1403715977.383944272994995,49,3,48,1,11
1403715977.433944463729858,48,8,47,1,11
1403715977.483944416046143,50,14,48,2,11
1403715977.533944845199585,48,14,47,0,11
1403715977.583945035934448,47,10,43,2,11
1403715977.633944988250732,49,18,45,3,11
1403715977.683944940567017,49,10,47,1,11
1403715977.733944892883301,48,12,45,1,11
1403715977.783944845199585,43,5,40,2,11
1403715977.833944320678711,46,2,42,3,11
1403715977.883943796157837,46,3,44,1,11
1403715977.933943748474121,48,5,38,4,11
1403715977.983943700790405,45,4,37,1,11
1403715978.033943653106689,40,1,33,1,11
1403715978.083943367004395,39,4,29,5,11
1403715978.133943319320679,42,3,30,9,11
1403715978.183943510055542,46,4,38,7,11
1403715978.233943223953247,45,9,40,3,11
1403715978.283943653106689,50,14,39,5,11
1403715978.333943367004395,45,6,37,0,11
1403715978.383943080902100,42,0,33,3,11
1403715978.433942317962646,37,6,29,5,11
1403715978.483942270278931,34,2,30,1,11
1403715978.533942222595215,33,4,25,7,11
1403715978.583941698074341,23,6,23,0,11
1403715978.633941173553467,19,4,16,0,11
1403715978.683940649032593,22,8,17,3,11
1403715978.733939409255981,19,7,15,4,11
1403715978.783939361572266,13,3,12,0,11
1403715978.833938360214233,14,4,9,4,11
1403715978.883938074111938,9,4,7,1,11
1403715978.933937549591064,15,2,8,6,11
1403715978.983937263488770,18,5,12,4,11
1403715979.033937454223633,20,2,16,2,11
1403715979.083937406539917,18,2,17,0,11
1403715979.133937597274780,22,2,16,4,11
1403715979.183938264846802,29,3,20,8,11
1403715979.233938455581665,24,7,24,0,11
1403715979.283939123153687,35,10,20,14,11
1403715979.333939075469971,33,4,27,4,11
1403715979.383939504623413,35,1,29,4,11
1403715979.433940172195435,32,5,30,0,11
1403715979.483940839767456,32,1,28,2,11
1403715979.533941984176636,30,0,28,2,11
1403715979.583942890167236,29,2,23,2,11
1403715979.633943080902100,25,1,19,0,11
1403715979.683943510055542,22,2,15,0,11
1403715979.733943223953247,19,4,11,5,11
1403715979.783943653106689,15,5,12,2,11
1403715979.833943367004395,15,2,9,4,11
1403715979.883943557739258,20,7,10,5,11
1403715979.933943271636963,22,2,15,4,11
1403715979.983942985534668,21,3,16,2,11
1403715980.033943176269531,21,6,13,4,11
1403715980.083943128585815,14,9,14,0,11
1403715980.133943080902100,12,10,12,0,11
1403715980.183942794799805,13,7,11,1,11
1403715980.233942985534668,13,4,12,0,11
1403715980.283943414688110,15,3,12,3,11
1403715980.333943367004395,15,4,11,0,11
1403715980.383943319320679,14,4,12,0,11
1403715980.433943271636963,12,4,11,0,11
1403715980.483942985534668,16,9,11,5,11
1403715980.533943414688110,19,1,11,6,11
1403715980.583943367004395,21,2,11,3,11
1403715980.633943319320679,21,2,10,4,11
1403715980.683943033218384,16,4,10,3,11
1403715980.733942985534668,16,2,10,3,11
1403715980.783943176269531,17,1,14,2,11
1403715980.833943128585815,17,2,15,2,11
1403715980.883942842483521,26,3,11,12,11
1403715980.933942794799805,32,15,23,6,11
1403715980.983942985534668,29,5,25,2,11
1403715981.033943176269531,18,8,15,1,11
1403715981.083943367004395,17,3,13,1,11
1403715981.133943319320679,14,2,11,0,11
1403715981.183943271636963,15,0,3,6,11
1403715981.233943223953247,19,8,5,8,11
1403715981.283943414688110,18,2,11,3,11
1403715981.333943367004395,17,0,13,2,11
1403715981.383943080902100,20,4,15,4,11
1403715981.433942556381226,27,1,18,9,11
1403715981.483942508697510,30,4,22,5,11
1403715981.533942461013794,30,3,25,0,11
1403715981.583942413330078,30,0,24,4,11
1403715981.633942365646362,33,0,24,7,11
1403715981.683942556381226,37,1,29,4,11
1403715981.733942985534668,29,0,28,0,11
1403715981.783943414688110,30,1,26,3,11
1403715981.833943367004395,33,1,28,5,11
1403715981.883943080902100,33,1,28,2,11
1403715981.933942794799805,28,0,21,2,11
1403715981.983942747116089,25,1,19,4,11
1403715982.033942937850952,26,2,22,4,11
1403715982.083943367004395,27,0,25,2,11
1403715982.133943796157837,30,0,25,5,11
1403715982.183943986892700,29,1,28,0,11
1403715982.233944177627563,20,3,19,0,11
1403715982.283945322036743,25,0,19,5,11
1403715982.333945274353027,31,0,21,7,11
1403715982.383945226669312,31,1,26,0,11
1403715982.433945178985596,30,1,22,4,11
1403715982.483945369720459,30,4,23,5,11
1403715982.533945560455322,30,3,25,3,11
1403715982.583945751190186,40,3,25,10,11
1403715982.633945703506470,40,4,33,5,11
1403715982.683945655822754,39,5,34,4,11
1403715982.733945369720459,40,2,32,8,11
1403715982.783945322036743,39,2,38,1,11
1403715982.833945274353027,37,3,32,4,11
1403715982.883945226669312,38,3,30,4,11
1403715982.933945417404175,31,1,29,1,11
1403715982.983945369720459,28,1,25,0,11
1403715983.033945560455322,21,5,20,1,11
1403715983.083945512771606,25,1,17,8,11
1403715983.133945703506470,26,8,17,6,11
1403715983.183945655822754,23,1,19,1,11
1403715983.233945608139038,22,3,16,1,11
1403715983.283945560455322,21,4,14,2,11
1403715983.333945512771606,18,9,12,5,11
1403715983.383945703506470,26,2,17,9,11
1403715983.433945894241333,38,1,21,13,11
1403715983.483945846557617,40,3,30,4,11
1403715983.533946275711060,44,4,27,10,11
1403715983.583946228027344,27,13,20,1,11
1403715983.633946180343628,32,4,19,6,11
1403715983.683946371078491,36,3,24,10,11
1403715983.733946323394775,37,6,23,7,11
1403715983.783946514129639,37,4,28,1,11
1403715983.833946466445923,35,4,21,6,11
1403715983.883946657180786,32,8,21,3,11
1403715983.933946609497070,29,6,20,2,11
1403715983.983946323394775,20,7,14,0,11
1403715984.033946752548218,17,3,11,2,11
1403715984.083946466445923,17,10,10,4,11
1403715984.133946418762207,16,1,13,2,11
1403715984.183946371078491,15,2,15,0,11
1403715984.233946561813354,14,3,14,0,11
1403715984.283946752548218,10,1,10,0,11
1403715984.333946704864502,10,1,10,0,11
1403715984.383946895599365,13,4,10,3,11
1403715984.433946847915649,13,1,13,0,11
1403715984.483946800231934,13,3,13,0,11
1403715984.533946752548218,16,4,12,3,11
1403715984.583946943283081,12,2,11,1,11
1403715984.633947134017944,9,2,6,0,11
1403715984.683947324752808,14,9,4,9,11
1403715984.733947277069092,13,3,9,1,11
1403715984.783947467803955,8,5,6,1,11
1403715984.833947181701660,7,5,6,0,11
1403715984.883947372436523,6,3,5,1,11
1403715984.933947324752808,5,4,4,0,11
1403715984.983946800231934,9,5,3,4,11
1403715985.033946275711060,12,9,5,5,11
1403715985.083945512771606,10,7,6,3,11
1403715985.133944749832153,13,3,7,3,11
1403715985.183944463729858,21,4,8,9,11
1403715985.233943700790405,23,1,15,4,11
1403715985.283943176269531,37,0,19,15,11
1403715985.333942890167236,39,1,32,4,11
1403715985.383942842483521,38,1,33,1,11
1403715985.433942794799805,37,1,33,2,11
1403715985.483942985534668,42,4,32,7,11
1403715985.533943414688110,38,5,34,0,11
1403715985.583942651748657,40,24,27,5,11
1403715985.633942842483521,35,11,27,1,11
1403715985.683942556381226,32,0,24,3,11
1403715985.733942270278931,32,2,25,3,11
1403715985.783941745758057,33,2,30,2,11
1403715985.833940744400024,33,4,28,1,11
1403715985.883938550949097,32,6,26,3,11
1403715985.933937072753906,35,4,29,4,11
1403715985.983935594558716,32,6,31,1,11
1403715986.033935308456421,33,4,32,1,11
1403715986.083934783935547,33,1,33,0,11
1403715986.133934497833252,38,1,33,5,11
1403715986.183934211730957,49,4,38,11,11
1403715986.233933448791504,50,18,48,1,11
1403715986.283933639526367,48,14,46,0,11
1403715986.333933591842651,50,20,46,2,11
1403715986.383933544158936,47,11,47,0,11
1403715986.433933496475220,48,4,44,3,11
1403715986.483933925628662,49,7,46,2,11
1403715986.533933639526367,49,5,46,1,11
1403715986.583932399749756,48,11,43,1,11
1403715986.633931636810303,47,8,44,2,11
1403715986.683930873870850,47,6,43,2,11
1403715986.733931064605713,48,2,42,1,11
1403715986.783931970596313,47,2,44,1,11
1403715986.833933591842651,47,8,44,2,11
1403715986.883934259414673,49,6,46,3,11
1403715986.933934688568115,47,7,46,1,11
1403715986.983935356140137,48,10,45,3,11
1403715987.033935546875000,50,2,48,2,11
1403715987.083935260772705,50,5,50,0,11
1403715987.133934974670410,49,2,48,0,11
1403715987.183934688568115,50,25,48,1,11
1403715987.233934879302979,48,17,45,0,11
1403715987.283935308456421,50,6,45,2,11
1403715987.333935737609863,48,2,47,0,11
1403715987.383936166763306,49,5,47,2,11
1403715987.433936357498169,49,10,47,1,11
1403715987.483936786651611,49,4,47,1,11
1403715987.533937215805054,49,4,46,1,11
1403715987.583937406539917,50,5,48,1,11
1403715987.633937597274780,49,3,49,0,11
1403715987.683937788009644,49,5,48,1,11
1403715987.733937978744507,50,1,49,1,11
1403715987.783938407897949,50,15,50,0,11
1403715987.833938598632812,44,12,44,0,11
1403715987.883938550949097,44,1,41,2,11
1403715987.933938741683960,45,2,43,1,11
1403715987.983938455581665,48,5,43,5,11
1403715988.033938407897949,49,13,46,2,11
1403715988.083937883377075,48,4,46,1,11
1403715988.133937358856201,47,8,42,2,11
1403715988.183937311172485,49,5,41,3,11
1403715988.233937263488770,47,0,45,0,11
1403715988.283937454223633,45,1,45,0,11
1403715988.333937168121338,50,2,45,5,11
1403715988.383937120437622,50,10,50,0,11
1403715988.433937311172485,50,4,50,0,11
1403715988.483937263488770,50,2,50,0,11
1403715988.533937454223633,50,8,49,0,11
1403715988.583937406539917,49,0,48,0,11
1403715988.633937358856201,48,4,46,0,11
1403715988.683937311172485,47,0,46,0,11
1403715988.733937263488770,47,0,45,0,11
1403715988.783937215805054,45,0,45,0,11
1403715988.833937168121338,45,0,45,0,11
1403715988.883937120437622,44,0,43,0,11
1403715988.933937072753906,42,0,42,0,11
1403715988.983937263488770,42,0,41,0,11
1403715989.033937454223633,42,1,41,1,11
1403715989.083937644958496,42,1,42,0,11
1403715989.133937835693359,45,3,42,3,11
1403715989.183937549591064,45,0,44,0,11
1403715989.233937740325928,45,11,44,1,11
1403715989.283937931060791,46,0,43,2,11
1403715989.333938121795654,48,6,45,3,11
1403715989.383938074111938,48,6,48,0,11
1403715989.433938026428223,49,3,48,1,11
1403715989.483937978744507,50,1,49,1,11
1403715989.533938407897949,50,1,50,0,11
1403715989.583938360214233,50,23,50,0,11
1403715989.633938550949097,50,2,50,0,11
1403715989.683938741683960,50,3,50,0,11
1403715989.733938694000244,49,6,48,0,11
1403715989.783938884735107,49,7,46,1,11
1403715989.833938837051392,49,10,47,1,11
1403715989.883938550949097,47,3,46,1,11
1403715989.933938264846802,49,11,46,2,11
1403715989.983938217163086,49,5,48,0,11
1403715990.033938169479370,47,2,46,0,11
1403715990.083938121795654,46,9,45,1,11
1403715990.133938074111938,46,0,46,0,11
1403715990.183937788009644,48,4,46,2,11
1403715990.233937740325928,48,0,46,0,11
1403715990.283937931060791,46,4,45,0,11
1403715990.333937644958496,44,1,44,0,11
1403715990.383937597274780,44,0,44,0,11
1403715990.433937311172485,45,4,42,2,11
1403715990.483937263488770,44,9,41,1,11
1403715990.533937454223633,45,6,40,4,11
1403715990.583937406539917,44,5,39,4,11
1403715990.633937597274780,47,7,39,5,11
1403715990.683937788009644,47,9,42,3,11
1403715990.733937501907349,45,7,42,0,11
1403715990.783937692642212,43,5,40,1,11
1403715990.833937644958496,41,6,34,4,11
1403715990.883936643600464,46,6,33,8,11
1403715990.933936119079590,39,6,35,3,11
1403715990.983935832977295,34,9,31,0,11
1403715991.033936023712158,26,12,23,1,11
1403715991.083935976028442,20,16,19,0,11
1403715991.133935689926147,24,18,17,6,11
1403715991.183935880661011,23,0,21,0,11
1403715991.233935832977295,21,0,21,0,11
1403715991.283936023712158,25,3,21,4,11
1403715991.333935976028442,25,0,21,1,11
1403715991.383935689926147,25,0,22,0,11
1403715991.433935642242432,23,0,22,1,11
1403715991.483935356140137,23,0,22,0,11
1403715991.533935308456421,23,0,22,0,11
1403715991.583935260772705,22,0,22,0,11
1403715991.633934974670410,22,0,22,0,11
1403715991.683934926986694,22,0,22,0,11
1403715991.733934879302979,22,0,22,0,11
1403715991.783934831619263,22,0,22,0,11
1403715991.833934783935547,22,0,22,0,11
1403715991.883934497833252,22,0,22,0,11
1403715991.933934450149536,22,0,22,0,11
1403715991.983934402465820,22,0,22,0,11
1403715992.033934593200684,22,0,22,0,11
1403715992.083934545516968,22,0,22,0,11
1403715992.133934497833252,22,0,22,0,11
1403715992.183934450149536,22,0,22,0,11
1403715992.233934402465820,22,0,22,0,11
1403715992.283934593200684,22,0,22,0,11
1403715992.333934545516968,22,0,22,0,11
1403715992.383934497833252,22,0,22,0,11
1403715992.433934450149536,22,0,22,0,11
1403715992.483934402465820,22,0,22,0,11
1403715992.533934593200684,22,0,22,0,11
1403715992.583934545516968,22,0,22,0,11
1403715992.633934497833252,22,0,22,0,11
1403715992.683934450149536,22,0,22,0,11
1403715992.733934402465820,22,0,22,0,11
1403715992.783934593200684,22,0,22,0,11
1403715992.833934545516968,22,0,22,0,11
1403715992.883934497833252,22,0,22,0,11
1403715992.933934450149536,22,0,22,0,11
1403715992.983934402465820,22,0,22,0,11
1403715993.033934593200684,22,0,22,0,11
1403715993.083934545516968,22,0,22,0,11
1403715993.133934497833252,22,0,22,0,11
1403715993.183934450149536,22,0,22,0,11
1403715993.233934402465820,22,0,22,0,11
1403715993.283934593200684,22,0,22,0,11
1403715993.333934545516968,22,0,22,0,11
1403715993.383934497833252,22,0,22,0,11
1403715993.433934450149536,22,0,22,0,11
1403715993.483934402465820,22,0,22,0,11
1403715993.533934593200684,22,0,22,0,11
1403715993.583934545516968,22,0,22,0,11
1403715993.633934497833252,22,0,22,0,11
1403715993.683934450149536,22,0,22,0,11
1403715993.733934402465820,22,0,22,0,11
1403715993.783934593200684,22,0,22,0,11
1403715993.833934545516968,22,0,22,0,11
1403715993.883934497833252,22,0,22,0,11
1403715993.933934450149536,22,0,22,0,11
1403715993.983934402465820,22,0,22,0,11
