# timestamp (sec),slam_feats_in_state,msckf_feats_used,slam_feats_updated,slam_feats_delayed_init,clones
1403637149.987318277359009,0,8,0,0,5
1403637150.036755084991455,15,14,0,15,6
1403637150.086406707763672,13,29,12,0,7
1403637150.136349201202393,10,1,8,0,8
1403637150.186404228210449,9,2,6,0,9
1403637150.236432313919067,5,10,5,0,10
1403637150.286446809768677,5,7,4,0,11
1403637150.336531877517700,3,4,3,0,11
1403637150.386538743972778,2,10,2,0,11
1403637150.436788082122803,1,7,1,0,11
1403637150.486697196960449,1,7,1,0,11
1403637150.536769390106201,0,5,0,0,11
1403637150.586838245391846,0,2,0,0,11
1403637150.637199163436890,11,7,0,11,11
1403637150.687289953231812,10,4,10,0,11
1403637150.737383842468262,9,0,9,0,11
1403637150.787364482879639,9,2,9,0,11
1403637150.837416410446167,10,2,9,1,11
1403637150.887558698654175,11,6,9,2,11
1403637150.937611579895020,11,2,11,0,11
1403637150.987848281860352,16,2,11,5,11
1403637151.037859439849854,16,2,16,0,11
1403637151.087851047515869,16,2,16,0,11
1403637151.137898445129395,19,2,16,3,11
1403637151.187971115112305,19,1,19,0,11
1403637151.238170146942139,26,1,19,7,11
1403637151.288245439529419,26,1,26,0,11
1403637151.338264703750610,26,2,25,1,11
1403637151.388244390487671,21,0,21,0,11
1403637151.438209056854248,21,1,21,0,11
1403637151.488213539123535,22,1,21,1,11
1403637151.538176298141479,24,0,22,2,11
1403637151.588168144226074,24,2,23,0,11
1403637151.638143301010132,25,0,23,1,11
1403637151.688110113143921,23,3,23,0,11
1403637151.738120317459106,23,1,22,0,11
1403637151.788144350051880,25,0,21,2,11
1403637151.838114738464355,24,1,23,0,11
1403637151.888200521469116,25,0,21,3,11
1403637151.938174962997437,27,0,23,2,11
1403637151.988193035125732,25,0,25,0,11
1403637152.038234472274780,24,0,24,0,11
1403637152.088219642639160,25,0,23,2,11
1403637152.138210773468018,25,0,25,0,11
1403637152.188209056854248,26,0,25,1,11
1403637152.238260030746460,33,0,26,7,11
1403637152.288239717483521,34,0,31,1,11
1403637152.338291168212891,33,0,31,0,11
1403637152.388369798660278,32,0,30,1,11
1403637152.438282489776611,33,0,31,1,11
1403637152.488326311111450,31,0,31,0,11
1403637152.538282394409180,32,0,30,2,11
1403637152.588230609893799,32,0,32,0,11
1403637152.638287305831909,30,0,30,0,11
1403637152.688331604003906,31,0,30,1,11
1403637152.738390684127808,30,0,30,0,11
1403637152.788440227508545,31,0,30,1,11
1403637152.838508605957031,32,0,31,1,11
1403637152.888536930084229,31,0,31,0,11
1403637152.938532829284668,30,1,30,0,11
1403637152.988513469696045,31,0,30,1,11
1403637153.038521766662598,31,0,31,0,11
1403637153.088549852371216,32,0,31,1,11
1403637153.138553142547607,33,0,31,1,11
1403637153.188595294952393,38,0,31,6,11
1403637153.238592386245728,37,0,37,0,11
1403637153.288588762283325,37,0,37,0,11
1403637153.338644027709961,39,0,36,3,11
1403637153.388661861419678,38,0,37,1,11
1403637153.438657045364380,37,0,37,0,11
1403637153.488692760467529,37,0,37,0,11
1403637153.538709878921509,36,0,36,0,11
1403637153.588684082031250,37,0,36,1,11
1403637153.638647079467773,37,0,37,0,11
1403637153.688610076904297,37,0,37,0,11
1403637153.738590717315674,41,2,37,4,11
1403637153.788571834564209,40,0,38,1,11
1403637153.838552474975586,41,0,39,1,11
1403637153.888553142547607,39,0,36,0,11
1403637153.938558816909790,39,0,36,0,11
1403637153.988624334335327,36,0,36,0,11
1403637154.038678884506226,35,0,35,0,11
1403637154.088826894760132,35,0,35,0,11
1403637154.138905763626099,35,0,35,0,11
1403637154.188984155654907,35,0,33,0,11
1403637154.238989353179932,35,0,30,0,11
1403637154.288970708847046,33,1,30,0,11
1403637154.338920354843140,34,0,30,4,11
1403637154.388863801956177,33,0,31,0,11
1403637154.438739299774170,37,1,31,4,11
1403637154.488627433776855,39,6,34,4,11
1403637154.538604021072388,38,0,36,0,11
1403637154.588577747344971,38,0,34,2,11
1403637154.638586521148682,38,0,36,1,11
1403637154.688579320907593,36,0,33,0,11
1403637154.738590717315674,38,1,31,3,11
1403637154.788620710372925,34,0,31,0,11
1403637154.838665962219238,31,1,28,0,11
1403637154.888696908950806,30,0,27,2,11
1403637154.938749313354492,29,0,25,2,11
1403637154.988795042037964,28,0,23,0,11
1403637155.038857698440552,29,2,23,4,11
1403637155.088890314102173,30,0,24,5,11
1403637155.138904094696045,29,0,28,0,11
1403637155.188912153244019,28,0,26,0,11
1403637155.238925695419312,29,2,24,1,11
1403637155.288917779922485,26,1,23,1,11
1403637155.338896036148071,25,1,23,1,11
1403637155.388906717300415,25,0,22,1,11
1403637155.438879251480103,31,0,22,8,11
1403637155.488871335983276,30,1,29,0,11
1403637155.538843154907227,32,1,29,3,11
1403637155.588813066482544,32,0,31,0,11
1403637155.638792514801025,32,0,29,1,11
1403637155.688782691955566,34,0,29,4,11
1403637155.738770246505737,36,2,33,3,11
1403637155.788761615753174,36,0,36,0,11
1403637155.838775396347046,35,0,34,0,11
1403637155.888746500015259,34,0,32,1,11
1403637155.938730001449585,36,0,32,2,11
1403637155.988719701766968,32,0,32,0,11
1403637156.038734674453735,33,1,30,1,11
1403637156.088742971420288,29,1,27,0,11
1403637156.138746738433838,26,0,25,0,11
1403637156.188749074935913,24,1,23,0,11
1403637156.238748311996460,22,0,21,0,11
1403637156.288751840591431,22,0,21,0,11
1403637156.338755369186401,21,0,21,0,11
1403637156.388759613037109,21,0,21,0,11
1403637156.438744306564331,21,0,21,0,11
1403637156.488729953765869,20,3,20,0,11
1403637156.538725376129150,18,2,18,0,11
1403637156.588717937469482,18,0,18,0,11
1403637156.638704299926758,17,2,16,1,11
1403637156.688698768615723,15,0,15,0,11
1403637156.738690614700317,15,0,15,0,11
1403637156.788638830184937,16,0,13,3,11
1403637156.838594913482666,17,0,16,1,11
1403637156.888555526733398,16,0,16,0,11
1403637156.938524484634399,16,0,15,0,11
1403637156.988504171371460,19,0,15,3,11
1403637157.038502216339111,20,0,18,2,11
1403637157.088505506515503,20,0,20,0,11
1403637157.138524532318115,20,0,20,0,11
1403637157.188525438308716,20,0,20,0,11
1403637157.238555192947388,25,0,20,5,11
1403637157.288538932800293,26,0,25,1,11
1403637157.338536262512207,26,0,26,0,11
1403637157.388515710830688,28,1,25,2,11
1403637157.438515663146973,28,0,27,0,11
1403637157.488516569137573,27,0,27,0,11
1403637157.538517713546753,30,2,27,3,11
1403637157.588530302047729,34,0,30,4,11
1403637157.638535737991333,35,0,33,1,11
1403637157.688548088073730,35,0,34,0,11
1403637157.738564491271973,33,1,32,0,11
1403637157.788589239120483,37,2,30,6,11
1403637157.838619470596313,39,8,33,4,11
1403637157.888617038726807,38,0,36,1,11
1403637157.938621520996094,38,0,36,1,11
1403637157.988620996475220,38,0,37,0,11
1403637158.038624525070190,35,1,33,1,11
1403637158.088636636734009,36,3,33,2,11
1403637158.138676166534424,42,0,35,7,11
1403637158.188679456710815,42,0,40,0,11
1403637158.238685131072998,46,0,38,5,11
1403637158.288685321807861,44,1,40,0,11
1403637158.338662624359131,45,0,39,2,11
1403637158.388646602630615,43,2,38,3,11
1403637158.438583374023438,45,12,38,5,11
1403637158.488567113876343,47,0,41,4,11
1403637158.538556814193726,45,0,44,0,11
1403637158.588546991348267,45,0,44,0,11
1403637158.638536691665649,43,0,41,0,11
1403637158.688531398773193,43,0,41,0,11
1403637158.738510608673096,40,4,36,2,11
1403637158.788498401641846,39,0,36,0,11
1403637158.838482856750488,36,0,33,1,11
1403637158.888469696044922,35,0,31,0,11
1403637158.938445806503296,33,0,30,0,11
1403637158.988431215286255,34,0,28,5,11
1403637159.038412332534790,45,1,32,12,11
1403637159.088408708572388,43,1,43,0,11
1403637159.138393163681030,43,2,42,0,11
1403637159.188372850418091,43,2,42,0,11
1403637159.238362789154053,47,11,42,5,11
1403637159.288369417190552,46,1,46,0,11
1403637159.338372707366943,45,4,44,0,11
1403637159.388386487960815,45,2,41,0,11
1403637159.438376665115356,44,2,41,0,11
1403637159.488390207290649,41,1,41,0,11
1403637159.538390636444092,48,5,40,7,11
1403637159.588391065597534,48,0,46,1,11
1403637159.638418436050415,48,4,44,2,11
1403637159.688410758972168,48,0,45,0,11
1403637159.738382577896118,45,2,42,0,11
1403637159.788366317749023,40,0,37,0,11
1403637159.838350772857666,45,2,35,9,11
1403637159.888328313827515,43,1,42,0,11
1403637159.938304185867310,48,1,40,5,11
1403637159.988272190093994,40,1,39,0,11
1403637160.038264751434326,46,5,36,7,11
1403637160.088265419006348,43,2,41,0,11
1403637160.138259649276733,42,4,38,1,11
1403637160.188250303268433,38,0,36,0,11
1403637160.238257408142090,41,2,33,5,11
1403637160.288262844085693,38,1,37,0,11
1403637160.338261127471924,38,1,37,1,11
1403637160.388259172439575,36,1,36,0,11
1403637160.438260316848755,35,2,35,0,11
1403637160.488268136978149,41,3,30,10,11
1403637160.538281917572021,38,4,33,3,11
1403637160.588280677795410,44,2,33,9,11
1403637160.638284444808960,47,3,39,5,11
1403637160.688315629959106,44,1,41,0,11
1403637160.738345861434937,44,1,39,5,11
1403637160.788388013839722,42,2,42,0,11
1403637160.838438749313354,40,0,40,0,11
1403637160.888508319854736,49,1,39,10,11
1403637160.938569545745850,49,3,49,0,11
1403637160.988597154617310,49,4,48,0,11
1403637161.038619518280029,48,4,46,0,11
1403637161.088675498962402,47,4,46,1,11
1403637161.138697624206543,45,1,45,0,11
1403637161.188712120056152,48,0,45,3,11
1403637161.238719224929810,49,6,47,2,11
1403637161.288717985153198,48,1,48,0,11
1403637161.338717222213745,50,9,48,2,11
1403637161.388704299926758,50,1,50,0,11
1403637161.438688516616821,49,2,48,0,11
1403637161.488691568374634,46,1,44,0,11
1403637161.538682222366333,48,8,43,4,11
1403637161.588672161102295,46,0,46,0,11
1403637161.638655185699463,50,1,44,4,11
1403637161.688647508621216,47,4,44,0,11
1403637161.738627910614014,46,12,41,2,11
1403637161.788618087768555,41,3,41,0,11
1403637161.838607549667358,39,2,36,0,11
1403637161.888588428497314,36,5,32,0,11
1403637161.938550472259521,43,2,31,11,11
1403637161.988548994064331,42,0,40,0,11
1403637162.038546085357666,43,2,37,1,11
1403637162.088567972183228,39,2,35,0,11
1403637162.138593196868896,34,0,32,0,11
1403637162.188619136810303,33,1,32,0,11
1403637162.238648176193237,47,0,31,15,11
1403637162.288655996322632,48,0,46,1,11
1403637162.338664770126343,47,2,47,0,11
1403637162.388673067092896,50,10,47,3,11
1403637162.438663005828857,50,0,49,0,11
1403637162.488655567169189,50,5,49,0,11
1403637162.538659572601318,49,10,47,0,11
1403637162.588674783706665,47,1,44,0,11
1403637162.638710021972656,46,1,43,0,11
1403637162.688715696334839,43,1,43,0,11
1403637162.738703250885010,45,2,42,2,11
1403637162.788684606552124,43,2,39,0,11
1403637162.838673591613770,41,0,36,0,11
1403637162.888669252395630,35,1,32,0,11
1403637162.938663005828857,40,2,31,8,11
1403637162.988657474517822,46,1,37,8,11
1403637163.038654804229736,45,1,45,0,11
1403637163.088650703430176,48,2,42,4,11
1403637163.138663053512573,49,12,45,2,11
1403637163.188660383224487,45,2,45,0,11
1403637163.238655567169189,44,2,42,1,11
1403637163.288647651672363,45,0,41,2,11
1403637163.338645935058594,48,7,40,3,11
1403637163.388643264770508,44,3,40,0,11
1403637163.438647985458374,39,2,36,0,11
1403637163.488644599914551,43,0,35,7,11
1403637163.538656473159790,42,0,38,2,11
1403637163.588659286499023,40,2,38,0,11
1403637163.638665199279785,37,1,34,0,11
1403637163.688668727874756,35,2,34,0,11
1403637163.738691568374634,47,3,32,13,11
1403637163.788699626922607,44,0,39,1,11
1403637163.838695049285889,41,1,37,0,11
1403637163.888691902160645,46,1,37,7,11
1403637163.938681125640869,47,15,43,4,11
1403637163.988678216934204,48,1,45,1,11
1403637164.038679838180542,49,1,46,1,11
1403637164.088688373565674,48,9,46,1,11
1403637164.138664722442627,50,9,45,2,11
1403637164.188658475875854,45,1,44,0,11
1403637164.238647699356079,42,0,42,0,11
1403637164.288644790649414,43,2,41,1,11
1403637164.338634729385376,45,3,38,4,11
1403637164.388617753982544,44,1,41,0,11
1403637164.438610553741455,42,1,41,0,11
1403637164.488605260848999,41,2,40,0,11
1403637164.538590192794800,49,6,40,9,11
1403637164.588588237762451,49,1,48,0,11
1403637164.638585329055786,48,1,44,0,11
1403637164.688580036163330,46,15,43,2,11
1403637164.738581895828247,47,1,42,4,11
1403637164.788583040237427,45,4,41,1,11
1403637164.838580846786499,40,3,39,0,11
1403637164.888578653335571,33,1,32,0,11
1403637164.938584089279175,32,3,26,4,11
1403637164.988587379455566,31,3,28,1,11
1403637165.038589954376221,33,2,27,5,11
1403637165.088587760925293,29,1,29,0,11
1403637165.138586282730103,29,2,27,2,11
1403637165.188584327697754,24,2,21,0,11
1403637165.238584041595459,31,3,19,11,11
1403637165.288573980331421,45,3,25,16,11
1403637165.338560342788696,39,4,35,0,11
1403637165.388552427291870,35,5,33,0,11
1403637165.438552141189575,32,3,29,2,11
1403637165.488546133041382,33,7,27,3,11
1403637165.538540363311768,30,6,25,1,11
1403637165.588534593582153,26,5,20,1,11
1403637165.638530731201172,23,2,19,0,11
1403637165.688524723052979,19,1,14,2,11
1403637165.738518953323364,16,5,13,0,11
1403637165.788521528244019,18,2,12,4,11
1403637165.838520526885986,19,0,16,2,11
1403637165.888517141342163,27,4,18,9,11
1403637165.938526868820190,31,1,25,4,11
1403637165.988529205322266,36,3,29,5,11
1403637166.038527488708496,40,3,33,7,11
1403637166.088526248931885,47,1,36,9,11
1403637166.138530731201172,49,3,43,2,11
1403637166.188535928726196,45,3,40,1,11
1403637166.238530635833740,42,2,36,4,11
1403637166.288529396057129,47,1,39,8,11
1403637166.338521718978882,44,2,41,1,11
1403637166.388507127761841,48,4,40,5,11
1403637166.438502550125122,42,0,41,0,11
1403637166.488493680953979,43,1,41,1,11
1403637166.538482427597046,42,0,42,0,11
1403637166.588424444198608,50,0,42,8,11
1403637166.638365030288696,50,1,46,0,11
1403637166.688318967819214,49,1,39,0,11
1403637166.738302707672119,42,1,37,0,11
1403637166.788296461105347,36,0,29,3,11
1403637166.838306665420532,36,1,31,1,11
1403637166.888315916061401,38,1,32,5,11
1403637166.938348293304443,39,1,35,3,11
1403637166.988380908966064,45,0,38,6,11
1403637167.038409233093262,47,2,44,3,11
1403637167.088422775268555,47,0,47,0,11
1403637167.138438940048218,49,1,46,2,11
1403637167.188449621200562,49,1,48,0,11
1403637167.238442182540894,49,0,48,1,11
1403637167.288441181182861,49,4,49,0,11
1403637167.338440895080566,49,1,49,0,11
1403637167.388436794281006,50,13,47,1,11
1403637167.438430786132812,48,1,46,0,11
1403637167.488426208496094,48,1,45,1,11
1403637167.538423538208008,46,6,44,0,11
1403637167.588420629501343,46,2,42,2,11
1403637167.638414859771729,48,2,41,3,11
1403637167.688412427902222,45,3,41,0,11
1403637167.738409757614136,42,5,37,1,11
1403637167.788409948348999,41,1,37,0,11
1403637167.838407993316650,38,1,36,1,11
1403637167.888408184051514,41,0,35,5,11
1403637167.938406705856323,47,4,39,7,11
1403637167.988408327102661,49,5,41,3,11
1403637168.038403034210205,47,0,42,1,11
1403637168.088403224945068,45,2,43,2,11
1403637168.138401746749878,48,2,40,5,11
1403637168.188393354415894,46,2,39,0,11
1403637168.238376617431641,46,1,40,3,11
1403637168.288362264633179,46,6,39,4,11
1403637168.338353633880615,45,5,40,1,11
1403637168.388349771499634,45,4,37,3,11
1403637168.438353061676025,46,5,35,6,11
1403637168.488356590270996,44,1,41,1,11
1403637168.538366079330444,48,5,42,6,11
1403637168.588384389877319,48,0,46,1,11
1403637168.638387203216553,49,0,46,1,11
1403637168.688389539718628,46,1,42,1,11
1403637168.738394498825073,50,8,42,4,11
1403637168.788394927978516,47,1,44,0,11
1403637168.838395357131958,45,2,43,0,11
1403637168.888396024703979,46,8,42,3,11
1403637168.938396930694580,47,2,44,1,11
1403637168.988396167755127,46,5,44,1,11
1403637169.038393020629883,47,0,44,2,11
1403637169.088395118713379,49,2,42,2,11
1403637169.138402700424194,48,3,41,2,11
1403637169.188402414321899,43,2,40,0,11
1403637169.238391637802124,45,11,37,5,11
1403637169.288388013839722,41,0,38,1,11
1403637169.338378429412842,45,2,38,5,11
1403637169.388379096984863,44,1,40,2,11
1403637169.438377857208252,43,2,37,1,11
1403637169.488373756408691,45,2,33,6,11
1403637169.538377523422241,48,6,36,5,11
1403637169.588377714157104,42,4,34,2,11
1403637169.638381719589233,38,2,30,0,11
1403637169.688390016555786,34,5,28,0,11
1403637169.738399028778076,30,3,26,2,11
1403637169.788405179977417,27,4,24,0,11
1403637169.838416337966919,31,5,22,7,11
1403637169.888414382934570,29,4,23,4,11
1403637169.938409566879272,36,1,22,11,11
1403637169.988404989242554,30,2,29,0,11
1403637170.038403272628784,28,2,26,0,11
1403637170.088402032852173,29,1,25,1,11
1403637170.138404130935669,38,5,23,13,11
1403637170.188402175903320,35,1,32,1,11
1403637170.238401174545288,33,2,30,0,11
1403637170.288401126861572,32,2,28,1,11
1403637170.338400125503540,39,7,26,9,11
1403637170.388398885726929,36,2,30,2,11
1403637170.438399076461792,36,2,29,2,11
1403637170.488396167755127,30,6,28,1,11
1403637170.538397789001465,34,1,26,7,11
1403637170.588399648666382,30,5,26,0,11
1403637170.638397693634033,35,3,21,8,11
1403637170.688396215438843,30,4,25,0,11
1403637170.738392591476440,32,4,24,5,11
1403637170.788391351699829,23,6,23,0,11
1403637170.838387727737427,20,2,19,0,11
1403637170.888386964797974,20,1,19,0,11
1403637170.938374757766724,29,6,19,10,11
1403637170.988368511199951,33,0,28,4,11
1403637171.038367509841919,34,2,33,1,11
1403637171.088367462158203,36,3,33,2,11
1403637171.138366699218750,35,4,31,0,11
1403637171.188369512557983,49,10,31,15,11
1403637171.238375663757324,44,2,42,0,11
1403637171.288379430770874,42,3,39,0,11
1403637171.338383674621582,39,9,37,0,11
1403637171.388389348983765,49,3,36,11,11
1403637171.438388109207153,47,0,47,0,11
1403637171.488390207290649,48,1,47,1,11
1403637171.538393020629883,50,4,48,2,11
1403637171.588391304016113,48,2,48,0,11
1403637171.638390064239502,48,2,47,1,11
1403637171.688390970230103,50,5,48,2,11
1403637171.738390684127808,50,3,49,0,11
1403637171.788388490676880,48,12,47,0,11
1403637171.838392019271851,47,3,47,0,11
1403637171.888394594192505,48,1,47,1,11
1403637171.938396453857422,47,1,46,0,11
1403637171.988403081893921,49,8,45,3,11
1403637172.038402318954468,48,1,46,1,11
1403637172.088403701782227,48,1,46,0,11
1403637172.138404846191406,48,5,44,2,11
1403637172.188396453857422,46,4,45,0,11
1403637172.238380908966064,46,4,44,2,11
1403637172.288375854492188,50,1,46,4,11
1403637172.338380813598633,48,4,48,0,11
1403637172.388383150100708,48,7,46,2,11
1403637172.438385248184204,48,3,46,2,11
1403637172.488396883010864,47,3,47,0,11
1403637172.538403987884521,46,0,45,0,11
1403637172.588420152664185,50,7,45,4,11
1403637172.638424396514893,49,3,48,1,11
1403637172.688429117202759,49,2,49,0,11
1403637172.738428592681885,50,4,48,1,11
1403637172.788415670394897,49,2,48,0,11
1403637172.838391780853271,49,8,47,1,11
1403637172.888368606567383,46,0,44,0,11
1403637172.938358545303345,42,1,39,1,11
1403637172.988343477249146,44,5,37,6,11
1403637173.038340091705322,46,2,43,3,11
1403637173.088340044021606,43,0,43,0,11
1403637173.138337850570679,43,0,43,0,11
1403637173.188323497772217,46,0,43,3,11
1403637173.238313436508179,46,4,46,0,11
1403637173.288290023803711,49,19,43,3,11
1403637173.338275432586670,46,5,39,1,11
1403637173.388267278671265,41,0,36,0,11
1403637173.438252210617065,46,2,36,8,11
1403637173.488257884979248,43,0,41,0,11
1403637173.538264513015747,43,0,38,0,11
1403637173.588277101516724,46,4,37,6,11
1403637173.638288021087646,47,4,42,3,11
1403637173.688302516937256,46,0,44,0,11
1403637173.738316535949707,44,0,41,0,11
1403637173.788335084915161,47,18,39,6,11
1403637173.838344097137451,44,2,41,0,11
1403637173.888353109359741,44,4,35,5,11
1403637173.938356161117554,44,0,39,2,11
1403637173.988353967666626,44,0,41,3,11
1403637174.038349866867065,45,2,40,2,11
1403637174.088343858718872,45,1,39,2,11
1403637174.138334035873413,43,1,37,1,11
1403637174.188324213027954,44,6,36,3,11
1403637174.238324403762817,45,5,39,5,11
1403637174.288323640823364,45,6,44,1,11
1403637174.338324308395386,43,1,41,1,11
1403637174.388347387313843,50,4,41,8,11
1403637174.438349962234497,50,7,49,0,11
1403637174.488349199295044,48,4,48,0,11
1403637174.538347244262695,46,0,44,0,11
1403637174.588334798812866,47,2,41,2,11
1403637174.638333797454834,44,0,40,0,11
1403637174.688334226608276,38,4,34,0,11
1403637174.738332271575928,37,0,35,1,11
1403637174.788325786590576,44,13,29,12,11
1403637174.838316917419434,45,2,38,2,11
1403637174.888314247131348,40,5,37,1,11
1403637174.938310623168945,34,2,34,0,11
1403637174.988308191299438,35,0,30,2,11
1403637175.038310289382935,43,5,30,10,11
1403637175.088322877883911,41,7,39,0,11
1403637175.138337373733521,40,1,39,0,11
1403637175.188347339630127,38,2,36,0,11
1403637175.238361120223999,38,5,34,1,11
1403637175.288370370864868,38,0,34,2,11
1403637175.338375806808472,44,0,37,7,11
1403637175.388372898101807,47,6,38,6,11
1403637175.438368558883667,45,1,43,0,11
1403637175.488360881805420,43,0,40,2,11
1403637175.538352727890015,44,1,42,1,11
1403637175.588349819183350,48,2,42,5,11
1403637175.638337135314941,50,4,44,2,11
1403637175.688332319259644,46,6,42,0,11
1403637175.738332271575928,42,0,40,0,11
1403637175.788329601287842,47,2,38,8,11
1403637175.838329076766968,46,4,45,0,11
1403637175.888326883316040,46,4,43,1,11
1403637175.938324451446533,45,1,43,1,11
1403637175.988323211669922,46,4,42,4,11
1403637176.038321256637573,45,4,44,0,11
1403637176.088317632675171,43,3,40,1,11
1403637176.138315439224243,42,2,41,0,11
1403637176.188312292098999,46,2,41,5,11
1403637176.238310575485229,49,0,45,3,11
1403637176.288313627243042,49,5,46,1,11
1403637176.338314294815063,49,2,47,1,11
1403637176.388321161270142,49,13,48,1,11
1403637176.438327789306641,49,0,45,1,11
1403637176.488332748413086,48,5,46,0,11
1403637176.538335323333740,47,6,45,2,11
1403637176.588336706161499,50,6,46,3,11
1403637176.638342618942261,48,9,43,0,11
1403637176.688342809677124,45,0,39,1,11
1403637176.738343238830566,41,1,40,0,11
1403637176.788342714309692,40,2,40,0,11
1403637176.838343381881714,39,0,39,0,11
1403637176.888343334197998,44,4,38,5,11
1403637176.938343286514282,48,6,40,6,11
1403637176.988346338272095,47,8,45,2,11
1403637177.038348197937012,47,15,43,3,11
1403637177.088348150253296,45,6,42,2,11
1403637177.138347387313843,43,3,43,0,11
1403637177.188347101211548,43,0,43,0,11
1403637177.238346338272095,46,0,42,4,11
1403637177.288346290588379,49,8,45,4,11
1403637177.338345289230347,49,1,47,1,11
1403637177.388344049453735,49,0,47,0,11
1403637177.438343286514282,47,2,46,0,11
1403637177.488344430923462,48,0,46,1,11
1403637177.538341045379639,49,19,46,2,11
1403637177.588339567184448,50,8,45,1,11
1403637177.638345241546631,48,11,44,0,11
1403637177.688344001770020,47,1,44,2,11
1403637177.738343000411987,46,2,44,1,11
1403637177.788342952728271,44,5,42,0,11
1403637177.838341474533081,43,3,42,0,11
1403637177.888342142105103,48,4,41,6,11
1403637177.938343763351440,49,1,45,1,11
1403637177.988343715667725,47,0,43,0,11
1403637178.038345098495483,39,2,36,1,11
1403637178.088344812393188,36,2,35,0,11
1403637178.138339757919312,45,0,31,13,11
1403637178.188340902328491,47,17,39,5,11
1403637178.238340854644775,47,8,41,3,11
1403637178.288344144821167,47,1,39,3,11
1403637178.338346958160400,40,0,34,0,11
1403637178.388349294662476,38,1,33,0,11
1403637178.438348054885864,34,2,32,0,11
1403637178.488353013992310,40,0,29,7,11
1403637178.538353681564331,37,1,32,0,11
1403637178.588358640670776,33,3,30,1,11
1403637178.638366460800171,33,1,31,2,11
1403637178.688376665115356,40,0,31,8,11
1403637178.738382101058960,38,1,36,0,11
1403637178.788388729095459,47,1,34,11,11
1403637178.838398218154907,49,8,45,3,11
1403637178.888399362564087,47,5,46,0,11
1403637178.938401222229004,47,3,46,0,11
1403637178.988403320312500,46,0,44,0,11
1403637179.038404941558838,49,4,44,3,11
1403637179.088403940200806,48,1,44,2,11
1403637179.138411283493042,48,0,46,0,11
1403637179.188423156738281,48,0,46,2,11
1403637179.238423347473145,49,1,47,1,11
1403637179.288424968719482,50,3,46,1,11
1403637179.338425874710083,49,1,46,0,11
1403637179.388425111770630,47,0,46,0,11
1403637179.438424110412598,49,4,44,3,11
1403637179.488419055938721,50,7,46,1,11
1403637179.538416862487793,48,2,47,0,11
1403637179.588414192199707,48,5,46,1,11
1403637179.638414621353149,48,0,46,0,11
1403637179.688414096832275,48,0,42,2,11
1403637179.738412857055664,47,3,44,0,11
1403637179.788412332534790,45,0,44,1,11
1403637179.838408946990967,43,2,41,0,11
1403637179.888406276702881,47,1,39,4,11
1403637179.938405990600586,47,1,41,2,11
1403637179.988403320312500,45,3,38,3,11
1403637180.038402318954468,44,1,38,2,11
1403637180.088399887084961,48,1,40,5,11
1403637180.138406038284302,47,0,43,2,11
1403637180.188406467437744,49,11,43,3,11
1403637180.238407373428345,48,1,42,1,11
1403637180.288412809371948,41,2,36,0,11
1403637180.338416814804077,37,2,35,0,11
1403637180.388416528701782,38,5,35,3,11
1403637180.438413858413696,34,1,33,0,11
1403637180.488414049148560,33,5,29,2,11
1403637180.538416147232056,32,4,27,3,11
1403637180.588419198989868,31,3,27,1,11
1403637180.638419389724731,34,0,25,5,11
1403637180.688417434692383,33,0,30,0,11
1403637180.738416194915771,32,0,29,2,11
1403637180.788409709930420,46,2,29,15,11
1403637180.838408708572388,49,2,43,4,11
1403637180.888414144515991,49,5,46,1,11
1403637180.938416481018066,47,3,45,0,11
1403637180.988423585891724,49,5,44,3,11
1403637181.038432359695435,47,2,44,1,11
1403637181.088438510894775,45,2,42,0,11
1403637181.138437986373901,46,2,35,4,11
1403637181.188444614410400,45,4,36,3,11
1403637181.238443613052368,48,5,35,7,11
1403637181.288439989089966,44,2,37,0,11
1403637181.338437318801880,42,0,34,3,11
1403637181.388434886932373,40,1,36,2,11
1403637181.438436269760132,37,3,35,1,11
1403637181.488435268402100,35,3,34,1,11
1403637181.538439512252808,46,2,34,12,11
1403637181.588439941406250,48,2,44,3,11
1403637181.638441562652588,48,2,47,0,11
1403637181.688441753387451,48,2,46,1,11
1403637181.738442659378052,43,0,43,0,11
1403637181.788442134857178,43,0,38,1,11
1403637181.838443040847778,48,1,36,7,11
1403637181.888443231582642,45,0,40,1,11
1403637181.938443422317505,46,6,39,2,11
1403637181.988442420959473,42,4,35,2,11
1403637182.038440942764282,40,3,35,2,11
1403637182.088438749313354,48,11,34,11,11
1403637182.138439893722534,46,1,43,1,11
1403637182.188440084457397,43,0,40,0,11
1403637182.238441228866577,39,0,38,0,11
1403637182.288441419601440,37,1,35,0,11
1403637182.338441133499146,37,5,34,0,11
1403637182.388440370559692,34,1,32,0,11
1403637182.438434600830078,47,6,30,15,11
1403637182.488432884216309,45,5,41,0,11
1403637182.538430929183960,46,3,40,3,11
1403637182.588429689407349,44,0,41,1,11
1403637182.638424634933472,43,0,40,1,11
1403637182.688420772552490,43,0,39,2,11
1403637182.738421916961670,42,0,40,0,11
1403637182.788420200347900,44,19,36,5,11
1403637182.838420629501343,42,1,39,1,11
1403637182.888420343399048,41,2,39,1,11
1403637182.938420772552490,39,0,39,0,11
1403637182.988420486450195,41,0,39,2,11
1403637183.038421154022217,43,0,37,3,11
1403637183.088420867919922,43,1,39,0,11
1403637183.138421535491943,44,1,38,4,11
1403637183.188421487808228,44,0,39,2,11
1403637183.238422870635986,43,1,39,0,11
1403637183.288423538208008,46,14,39,5,11
1403637183.338424682617188,44,0,44,0,11
1403637183.388424158096313,47,18,43,3,11
1403637183.438424587249756,49,0,46,2,11
1403637183.488423824310303,49,0,47,1,11
1403637183.538423061370850,49,0,47,0,11
1403637183.588422298431396,49,0,46,1,11
1403637183.638419866561890,48,0,47,0,11
1403637183.688421487808228,47,1,45,0,11
1403637183.738422393798828,50,0,45,3,11
1403637183.788423061370850,48,1,48,0,11
1403637183.838423490524292,49,1,48,1,11
1403637183.888422727584839,50,17,47,1,11
1403637183.938423395156860,50,1,48,0,11
1403637183.988423824310303,48,35,48,0,11
1403637184.038425922393799,48,7,46,2,11
1403637184.088426828384399,48,1,47,0,11
1403637184.138429403305054,48,0,46,0,11
1403637184.188434362411499,47,0,45,1,11
1403637184.238438844680786,46,1,45,1,11
1403637184.288441896438599,47,0,46,1,11
1403637184.338444709777832,45,0,43,0,11
1403637184.388448476791382,47,2,40,2,11
1403637184.438451528549194,42,0,37,0,11
1403637184.488462209701538,45,7,30,8,11
1403637184.538468122482300,44,2,35,1,11
1403637184.588476657867432,45,21,34,6,11
1403637184.638481140136719,45,1,35,4,11
1403637184.688493728637695,46,15,35,3,11
1403637184.738492727279663,43,2,37,1,11
1403637184.788491725921631,40,1,36,0,11
1403637184.838491201400757,38,0,35,1,11
1403637184.888485431671143,37,3,36,0,11
1403637184.938482284545898,35,4,34,0,11
1403637184.988480091094971,35,1,34,0,11
1403637185.038476467132568,36,2,33,2,11
1403637185.088472127914429,39,3,34,5,11
1403637185.138466596603394,39,1,36,2,11
1403637185.188461542129517,47,2,36,9,11
1403637185.238458633422852,45,10,43,1,11
1403637185.288458108901978,46,4,44,2,11
1403637185.338458299636841,50,0,46,4,11
1403637185.388460159301758,50,4,50,0,11
1403637185.438460350036621,50,2,48,0,11
1403637185.488457679748535,49,0,47,0,11
1403637185.538452386856079,48,1,47,1,11
1403637185.588448762893677,48,0,47,0,11
1403637185.638447523117065,48,25,46,1,11
1403637185.688444614410400,46,2,43,0,11
1403637185.738443136215210,46,1,43,0,11
1403637185.788443326950073,46,3,42,3,11
1403637185.838435888290405,50,14,44,4,11
1403637185.888433456420898,49,12,47,0,11
1403637185.938431024551392,48,1,47,0,11
1403637185.988430500030518,50,0,45,3,11
1403637186.038430452346802,50,2,46,0,11
1403637186.088429689407349,49,0,45,1,11
1403637186.138425350189209,49,1,46,2,11
1403637186.188423633575439,48,0,48,0,11
1403637186.238404273986816,49,14,47,2,11
1403637186.288405179977417,50,1,48,1,11
1403637186.338406085968018,50,0,49,0,11
1403637186.388405799865723,50,7,48,1,11
1403637186.438406229019165,50,9,49,0,11
1403637186.488407135009766,50,14,49,1,11
1403637186.538405895233154,50,2,50,0,11
1403637186.588405609130859,49,0,49,0,11
1403637186.638403654098511,50,3,49,1,11
1403637186.688402652740479,50,5,50,0,11
1403637186.738398075103760,50,2,50,0,11
1403637186.788396596908569,50,2,49,0,11
1403637186.838398456573486,50,20,48,0,11
1403637186.888399124145508,50,0,48,1,11
1403637186.938401699066162,49,2,49,0,11
1403637186.988404512405396,50,4,49,1,11
1403637187.038409233093262,50,7,50,0,11
1403637187.088412284851074,50,13,50,0,11
1403637187.138412475585938,50,4,50,0,11
1403637187.188412189483643,50,0,50,0,11
1403637187.238411188125610,50,30,49,0,11
1403637187.288412809371948,49,1,47,0,11
1403637187.338413715362549,49,2,46,1,11
1403637187.388415575027466,49,0,47,1,11
1403637187.438418149948120,49,12,48,1,11
1403637187.488419771194458,49,0,47,1,11
1403637187.538420438766479,49,0,46,1,11
1403637187.588419198989868,48,6,45,1,11
1403637187.638417005538940,49,5,46,2,11
1403637187.688415050506592,49,9,48,1,11
1403637187.738412857055664,50,0,49,1,11
1403637187.788412570953369,48,0,48,0,11
1403637187.838408231735229,50,24,47,2,11
1403637187.888408660888672,49,1,47,0,11
1403637187.938408136367798,49,1,47,1,11
1403637187.988406658172607,48,2,45,1,11
1403637188.038404703140259,46,9,42,2,11
1403637188.088404178619385,43,1,42,0,11
1403637188.138403177261353,43,3,42,0,11
1403637188.188401937484741,45,1,41,4,11
1403637188.238401174545288,48,1,44,3,11
1403637188.288401365280151,50,6,45,2,11
1403637188.338401317596436,48,2,45,0,11
1403637188.388401508331299,45,1,44,0,11
1403637188.438400506973267,48,14,43,5,11
1403637188.488400220870972,50,27,46,2,11
1403637188.538398742675781,49,2,46,0,11
1403637188.588396310806274,48,1,46,1,11
1403637188.638395309448242,49,5,47,2,11
1403637188.688394308090210,49,1,47,1,11
1403637188.738393306732178,47,0,46,0,11
1403637188.788392782211304,45,1,45,0,11
1403637188.838392972946167,45,1,43,0,11
1403637188.888392925262451,49,0,42,4,11
1403637188.938392400741577,48,0,46,1,11
1403637188.988391876220703,47,2,45,2,11
1403637189.038389444351196,48,7,43,2,11
1403637189.088386535644531,49,16,44,2,11
1403637189.138383865356445,45,0,44,0,11
1403637189.188383340835571,47,0,44,2,11
1403637189.238382816314697,47,0,45,2,11
1403637189.288383007049561,44,1,44,0,11
1403637189.338382720947266,43,0,43,0,11
1403637189.388381004333496,43,1,43,0,11
1403637189.438380241394043,42,1,42,0,11
1403637189.488379001617432,43,6,41,2,11
1403637189.538379192352295,41,0,40,1,11
1403637189.588381767272949,41,0,41,0,11
1403637189.638384580612183,46,5,41,5,11
1403637189.688390731811523,47,11,43,3,11
1403637189.738396167755127,48,3,43,1,11
1403637189.788400888442993,45,1,42,0,11
1403637189.838401794433594,45,0,41,4,11
1403637189.888404369354248,50,4,45,5,11
1403637189.938401222229004,50,0,49,0,11
1403637189.988399744033813,48,2,46,0,11
1403637190.038398981094360,48,0,43,1,11
1403637190.088399171829224,45,3,41,0,11
1403637190.138398885726929,41,1,39,0,11
1403637190.188397645950317,39,2,38,0,11
1403637190.238394021987915,43,9,36,7,11
1403637190.288394212722778,48,3,39,7,11
1403637190.338395595550537,48,1,46,1,11
1403637190.388400793075562,47,0,47,0,11
1403637190.438400268554688,47,0,46,0,11
1403637190.488398075103760,47,2,42,2,11
1403637190.538395643234253,45,2,42,0,11
1403637190.588392972946167,43,0,41,0,11
1403637190.638387203216553,42,1,40,0,11
1403637190.688384056091309,42,1,40,2,11
1403637190.738383054733276,44,0,42,2,11
1403637190.788382530212402,50,7,43,6,11
1403637190.838382959365845,50,5,49,0,11
1403637190.888383865356445,49,2,49,0,11
1403637190.938384771347046,49,0,49,0,11
1403637190.988384485244751,50,2,48,1,11
1403637191.038384914398193,50,0,49,0,11
1403637191.088384628295898,49,0,49,0,11
1403637191.138384103775024,50,2,49,1,11
1403637191.188383817672729,50,2,50,0,11
1403637191.238383054733276,50,9,49,0,11
1403637191.288383245468140,50,1,49,0,11
1403637191.338383674621582,49,0,49,0,11
1403637191.388383388519287,49,6,47,0,11
1403637191.438383579254150,48,5,47,0,11
1403637191.488383769989014,49,1,47,2,11
1403637191.538383722305298,50,0,49,1,11
1403637191.588384389877319,50,0,49,0,11
1403637191.638382911682129,49,4,48,0,11
1403637191.688382625579834,49,0,48,1,11
1403637191.738383293151855,49,0,48,0,11
1403637191.788382768630981,50,1,48,1,11
1403637191.838378667831421,50,10,49,0,11
1403637191.888377428054810,47,1,46,0,11
1403637191.938376188278198,47,0,43,1,11
1403637191.988371610641479,44,4,41,0,11
1403637192.038371801376343,45,1,40,4,11
1403637192.088371515274048,45,0,43,0,11
1403637192.138370513916016,43,0,42,0,11
1403637192.188368797302246,42,4,42,0,11
1403637192.238367319107056,46,1,40,5,11
1403637192.288367748260498,46,0,43,1,11
1403637192.338366270065308,44,0,41,0,11
1403637192.388366222381592,43,2,38,1,11
1403637192.438367843627930,48,0,39,7,11
1403637192.488367795944214,46,1,46,0,11
1403637192.538368463516235,49,3,46,3,11
1403637192.588367462158203,50,13,49,1,11
1403637192.638367176055908,50,2,50,0,11
1403637192.688367366790771,50,1,50,0,11
1403637192.738367319107056,50,1,50,0,11
1403637192.788367986679077,50,1,50,0,11
1403637192.838368654251099,50,5,49,0,11
1403637192.888372182846069,50,7,49,0,11
1403637192.938372373580933,49,1,48,0,11
1403637192.988372564315796,49,1,47,0,11
1403637193.038372516632080,49,1,47,1,11
1403637193.088371753692627,48,0,47,0,11
1403637193.138371706008911,50,5,47,2,11
1403637193.188375949859619,49,11,49,0,11
1403637193.238377094268799,49,3,48,0,11
1403637193.288378477096558,49,1,48,0,11
1403637193.338380336761475,49,0,47,1,11
1403637193.388380527496338,50,0,48,1,11
1403637193.438379526138306,48,3,45,0,11
1403637193.488379478454590,49,3,44,2,11
1403637193.538377285003662,46,12,44,1,11
1403637193.588376522064209,43,0,42,0,11
1403637193.638375997543335,43,0,40,2,11
1403637193.688374996185303,43,4,40,2,11
1403637193.738375186920166,43,1,41,0,11
1403637193.788376092910767,45,3,38,6,11
1403637193.838375806808472,45,1,42,1,11
1403637193.888376474380493,45,2,42,1,11
1403637193.938377380371094,44,2,41,1,11
1403637193.988378763198853,42,3,40,0,11
1403637194.038380622863770,40,1,38,1,11
1403637194.088380575180054,40,0,37,2,11
1403637194.138381242752075,46,3,36,8,11
1403637194.188382625579834,46,0,42,1,11
1403637194.238384485244751,45,12,41,3,11
1403637194.288385152816772,45,0,44,1,11
1403637194.338385820388794,45,0,45,0,11
1403637194.388386011123657,45,1,44,1,11
1403637194.438386201858521,45,0,44,1,11
1403637194.488386631011963,44,0,43,0,11
1403637194.538387060165405,44,2,43,1,11
1403637194.588387727737427,43,2,43,0,11
1403637194.638387680053711,43,0,41,1,11
1403637194.688388109207153,43,1,41,0,11
1403637194.738388776779175,43,3,39,4,11
1403637194.788388967514038,42,0,42,0,11
1403637194.838389158248901,48,3,41,6,11
1403637194.888389348983765,47,0,44,0,11
1403637194.938389539718628,43,0,40,0,11
1403637194.988388538360596,41,2,39,0,11
1403637195.038388013839722,37,0,36,1,11
1403637195.088387966156006,36,0,35,0,11
1403637195.138387441635132,32,1,29,1,11
1403637195.188386440277100,35,0,30,4,11
1403637195.238385915756226,34,0,33,0,11
1403637195.288385868072510,33,0,33,0,11
1403637195.338384866714478,34,0,31,1,11
1403637195.388384103775024,33,0,31,0,11
1403637195.438382863998413,35,0,31,4,11
1403637195.488382816314697,40,1,33,7,11
1403637195.538383245468140,44,0,39,4,11
1403637195.588382720947266,45,0,43,1,11
1403637195.638382673263550,46,1,43,2,11
1403637195.688381195068359,48,1,43,2,11
1403637195.738380908966064,49,0,43,2,11
1403637195.788379907608032,48,1,45,1,11
1403637195.838378429412842,45,1,45,0,11
1403637195.888378143310547,45,2,43,1,11
1403637195.938376188278198,49,1,43,5,11
1403637195.988375186920166,47,3,46,0,11
1403637196.038373231887817,47,3,44,2,11
1403637196.088372707366943,47,5,45,1,11
1403637196.138371706008911,46,2,44,0,11
1403637196.188370227813721,44,1,40,0,11
1403637196.238370180130005,41,0,37,1,11
1403637196.288370609283447,43,1,36,4,11
1403637196.338371038436890,42,1,40,0,11
1403637196.388370752334595,44,2,38,4,11
1403637196.438370227813721,45,0,41,1,11
1403637196.488369226455688,43,0,39,2,11
1403637196.538369178771973,42,0,39,0,11
1403637196.588368892669678,46,1,36,6,11
1403637196.638368129730225,48,8,42,4,11
1403637196.688369274139404,47,4,43,3,11
1403637196.738369226455688,48,0,45,1,11
1403637196.788371562957764,49,8,41,2,11
1403637196.838371276855469,49,3,41,1,11
1403637196.888374328613281,45,2,41,1,11
1403637196.938374757766724,43,1,41,1,11
1403637196.988375902175903,45,2,39,5,11
1403637197.038376569747925,44,4,40,0,11
1403637197.088377952575684,39,4,35,1,11
1403637197.138378143310547,38,3,32,3,11
1403637197.188379526138306,35,1,26,3,11
1403637197.238381862640381,32,8,21,4,11
1403637197.288380622863770,28,3,23,3,11
1403637197.338380575180054,28,3,23,2,11
1403637197.388382434844971,32,6,22,7,11
1403637197.438383340835571,33,4,26,3,11
1403637197.488383769989014,32,4,24,0,11
1403637197.538379907608032,36,6,22,7,11
1403637197.588382720947266,32,6,24,3,11
1403637197.638381958007812,28,6,17,4,11
1403637197.688383579254150,22,4,15,2,11
1403637197.738382577896118,23,3,16,4,11
1403637197.788385152816772,21,5,14,1,11
1403637197.838388442993164,24,6,12,3,11
1403637197.888389587402344,21,3,12,4,11
1403637197.938389062881470,20,3,16,2,11
1403637197.988388776779175,23,3,15,6,11
1403637198.038387298583984,18,3,15,0,11
1403637198.088385343551636,24,3,15,8,11
1403637198.138385057449341,21,2,19,0,11
1403637198.188384771347046,23,1,18,3,11
1403637198.238383531570435,23,3,17,3,11
1403637198.288383960723877,35,3,16,14,11
1403637198.338384866714478,31,0,28,0,11
1403637198.388386249542236,34,2,28,5,11
1403637198.438387870788574,32,3,31,1,11
1403637198.488389015197754,35,1,29,5,11
1403637198.538389682769775,34,2,32,0,11
1403637198.588390588760376,35,2,30,3,11
1403637198.638390541076660,40,1,32,6,11
1403637198.688388824462891,38,0,34,4,11
1403637198.738388061523438,36,2,35,0,11
1403637198.788388252258301,36,13,33,0,11
1403637198.838388919830322,37,1,29,4,11
1403637198.888387441635132,43,3,30,9,11
1403637198.938385725021362,41,4,35,1,11
1403637198.988384485244751,41,5,32,3,11
1403637199.038382768630981,45,9,34,8,11
1403637199.088383913040161,44,0,38,2,11
1403637199.138386249542236,42,1,39,0,11
1403637199.188388347625732,43,1,37,3,11
1403637199.238383293151855,42,4,36,2,11
1403637199.288384437561035,45,8,32,8,11
1403637199.338383436203003,41,1,37,0,11
1403637199.388382434844971,38,1,35,0,11
1403637199.438379049301147,37,1,34,1,11
1403637199.488378524780273,35,3,34,0,11
1403637199.538381338119507,45,2,32,11,11
1403637199.588380098342896,45,1,42,0,11
1403637199.638377904891968,45,4,41,2,11
1403637199.688376188278198,42,3,40,0,11
1403637199.738374948501587,48,4,37,8,11
1403637199.788371801376343,45,7,42,0,11
1403637199.838369131088257,38,9,34,0,11
1403637199.888369560241699,36,0,31,3,11
1403637199.938368082046509,40,1,31,7,11
1403637199.988366842269897,41,3,33,4,11
1403637200.038367509841919,36,3,29,0,11
1403637200.088365316390991,37,0,23,11,11
1403637200.138368129730225,32,1,29,0,11
1403637200.188369989395142,29,5,25,1,11
1403637200.238373279571533,25,5,24,0,11
1403637200.288377761840820,23,3,18,0,11
1403637200.338383674621582,20,2,14,0,11
1403637200.388395786285400,29,2,14,13,11
1403637200.438397407531738,34,1,23,8,11
1403637200.488396644592285,38,2,29,7,11
1403637200.538395881652832,38,2,34,3,11
1403637200.588392019271851,39,3,32,4,11
1403637200.638372898101807,44,2,30,10,11
1403637200.688364744186401,42,4,35,0,11
1403637200.738355636596680,45,1,35,7,11
1403637200.788347721099854,41,3,40,0,11
1403637200.838335990905762,48,0,40,7,11
1403637200.888330459594727,47,3,47,0,11
1403637200.938321113586426,50,17,45,3,11
1403637200.988321304321289,49,2,46,0,11
1403637201.038319587707520,46,0,45,0,11
1403637201.088320255279541,44,0,42,0,11
1403637201.138321399688721,50,5,41,6,11
1403637201.188323974609375,48,37,47,0,11
1403637201.238326549530029,49,0,47,2,11
1403637201.288328886032104,49,0,47,0,11
1403637201.338332891464233,49,2,44,1,11
1403637201.388336420059204,49,0,43,2,11
1403637201.438341140747070,46,2,43,0,11
1403637201.488343000411987,44,0,43,0,11
1403637201.538346529006958,49,11,43,6,11
1403637201.588347434997559,49,0,48,1,11
1403637201.638348817825317,50,0,48,1,11
1403637201.688350677490234,50,0,47,0,11
1403637201.738352537155151,49,5,47,0,11
1403637201.788353681564331,48,33,46,1,11
1403637201.838355302810669,48,0,44,1,11
1403637201.888356924057007,48,0,45,1,11
1403637201.938357353210449,44,0,44,0,11
1403637201.988355875015259,44,0,44,0,11
1403637202.038354396820068,46,0,43,2,11
1403637202.088351488113403,48,0,46,2,11
1403637202.138348579406738,48,5,48,0,11
1403637202.188347339630127,48,0,48,0,11
1403637202.238346815109253,48,1,48,0,11
1403637202.288347482681274,48,1,47,0,11
1403637202.338348388671875,47,3,46,0,11
1403637202.388349056243896,46,6,44,2,11
1403637202.438354969024658,48,13,46,2,11
1403637202.488356351852417,47,0,47,0,11
1403637202.538357734680176,48,0,47,1,11
1403637202.588358402252197,48,0,48,0,11
1403637202.638358354568481,48,1,47,0,11
1403637202.688358545303345,48,0,47,0,11
1403637202.738359212875366,47,3,47,0,11
1403637202.788359403610229,47,0,46,0,11
1403637202.838360786437988,47,0,46,0,11
1403637202.888361692428589,46,0,45,1,11
1403637202.938363075256348,48,0,46,2,11
1403637202.988364458084106,49,11,48,1,11
1403637203.038365602493286,49,12,49,0,11
1403637203.088365793228149,48,0,48,0,11
1403637203.138365507125854,48,0,47,0,11
1403637203.188365697860718,49,0,47,1,11
1403637203.238366127014160,48,0,48,0,11
1403637203.288366317749023,48,0,48,0,11
1403637203.338366270065308,49,5,48,1,11
1403637203.388366460800171,49,0,49,0,11
1403637203.438366413116455,49,0,49,0,11
1403637203.488366365432739,49,1,48,0,11
1403637203.538367033004761,49,0,48,0,11
1403637203.588367223739624,48,8,48,0,11
1403637203.638368129730225,48,11,47,0,11
1403637203.688367843627930,47,0,46,0,11
1403637203.738368034362793,46,0,46,0,11
1403637203.788368701934814,46,0,46,0,11
1403637203.838368892669678,47,0,45,1,11
1403637203.888369560241699,47,0,46,0,11
1403637203.938369750976562,46,3,44,0,11
1403637203.988370418548584,45,0,44,0,11
1403637204.038370847702026,44,0,44,0,11
1403637204.088371276855469,44,0,44,0,11
1403637204.138371467590332,44,0,44,0,11
1403637204.188371658325195,47,4,44,3,11
1403637204.238372325897217,48,10,47,1,11
1403637204.288372516632080,48,0,48,0,11
1403637204.338372468948364,47,0,47,0,11
1403637204.388372659683228,46,0,46,0,11
1403637204.438373088836670,46,0,46,0,11
1403637204.488373279571533,46,0,46,0,11
1403637204.538373470306396,47,2,46,1,11
1403637204.588373661041260,48,0,47,1,11
1403637204.638373613357544,48,0,48,0,11
1403637204.688373565673828,48,0,48,0,11
1403637204.738373517990112,48,0,48,0,11
1403637204.788374423980713,48,1,48,0,11
1403637204.838376283645630,48,8,47,1,11
1403637204.888376235961914,48,0,48,0,11
1403637204.938377380371094,48,0,48,0,11
1403637204.988378047943115,48,0,48,0,11
1403637205.038378715515137,48,0,48,0,11
1403637205.088378190994263,48,0,48,0,11
1403637205.138378143310547,49,6,48,1,11
1403637205.188377857208252,49,0,49,0,11
1403637205.238377809524536,49,0,49,0,11
1403637205.288377761840820,49,0,49,0,11
1403637205.338377237319946,49,0,49,0,11
1403637205.388377189636230,49,1,49,0,11
1403637205.438377618789673,49,8,49,0,11
1403637205.488377809524536,49,0,49,0,11
1403637205.538377761840820,49,0,49,0,11
1403637205.588377714157104,49,0,49,0,11
1403637205.638376951217651,49,0,49,0,11
1403637205.688376188278198,49,0,49,0,11
1403637205.738375186920166,49,0,49,0,11
1403637205.788374900817871,49,0,49,0,11
1403637205.838374614715576,49,0,49,0,11
1403637205.888374328613281,49,0,49,0,11
1403637205.938374042510986,49,0,49,0,11
1403637205.988373994827271,49,0,48,0,11
1403637206.038373947143555,49,0,48,0,11
1403637206.088373661041260,48,0,48,0,11
1403637206.138373374938965,48,0,48,0,11
1403637206.188373804092407,48,0,48,0,11
1403637206.238373994827271,48,0,48,0,11
1403637206.288374185562134,48,0,48,0,11
1403637206.338374376296997,48,2,48,0,11
1403637206.388374567031860,48,0,48,0,11
1403637206.438374280929565,48,0,48,0,11
1403637206.488374233245850,48,0,48,0,11
1403637206.538374423980713,48,0,48,0,11
1403637206.588374614715576,48,0,48,0,11
1403637206.638374805450439,48,0,48,0,11
1403637206.688374757766724,48,0,48,0,11
1403637206.738374710083008,48,0,48,0,11
1403637206.788375139236450,48,0,48,0,11
1403637206.838375091552734,48,0,48,0,11
1403637206.888375282287598,48,0,48,0,11
1403637206.938374757766724,48,0,48,0,11
1403637206.988374710083008,48,0,48,0,11
1403637207.038374900817871,48,0,48,0,11
1403637207.088374853134155,48,0,48,0,11
1403637207.138375043869019,48,0,48,0,11
1403637207.188374996185303,48,0,48,0,11
1403637207.238374948501587,48,0,47,0,11
1403637207.288375616073608,48,0,48,0,11
1403637207.338375806808472,48,0,47,0,11
1403637207.388375520706177,47,0,47,0,11
1403637207.438375473022461,47,0,47,0,11
1403637207.488375663757324,47,0,47,0,11
1403637207.538376092910767,47,3,47,0,11
1403637207.588375806808472,47,0,47,0,11
1403637207.638375520706177,47,0,47,0,11
1403637207.688375711441040,47,0,47,0,11
1403637207.738376140594482,47,0,47,0,11
1403637207.788378000259399,47,0,47,0,11
1403637207.838380098342896,47,3,47,0,11
1403637207.888382911682129,47,0,47,0,11
1403637207.938384532928467,47,0,47,0,11
1403637207.988384008407593,48,0,47,1,11
1403637208.038384199142456,48,0,47,0,11
1403637208.088384151458740,48,0,47,0,11
1403637208.138383626937866,47,0,47,0,11
1403637208.188383817672729,47,0,47,0,11
1403637208.238383531570435,47,0,47,0,11
1403637208.288383245468140,47,0,47,0,11
1403637208.338383197784424,47,0,47,0,11
1403637208.388383150100708,47,0,47,0,11
1403637208.438382863998413,47,3,47,0,11
1403637208.488382816314697,47,0,47,0,11
1403637208.538383007049561,47,0,47,0,11
1403637208.588382720947266,47,0,47,0,11
1403637208.638382673263550,47,0,47,0,11
1403637208.688382387161255,47,0,47,0,11
1403637208.738382577896118,47,0,47,0,11
1403637208.788382530212402,47,0,47,0,11
1403637208.838382482528687,47,0,47,0,11
1403637208.888382434844971,47,0,47,0,11
1403637208.938382148742676,47,0,47,0,11
1403637208.988382101058960,47,0,47,0,11
1403637209.038381814956665,47,2,47,0,11
1403637209.088382005691528,47,0,47,0,11
1403637209.138382196426392,47,0,47,0,11
1403637209.188382625579834,47,0,47,0,11
1403637209.238382101058960,47,0,47,0,11
1403637209.288382053375244,47,0,47,0,11
1403637209.338381767272949,47,4,47,0,11
1403637209.388381481170654,47,0,47,0,11
1403637209.438382148742676,47,0,47,0,11
1403637209.488383531570435,47,0,46,0,11
1403637209.538384914398193,46,0,45,0,11
1403637209.588386297225952,45,0,45,0,11
1403637209.638386964797974,45,0,45,0,11
1403637209.688386917114258,45,0,45,0,11
1403637209.738386869430542,45,0,45,0,11
1403637209.788387298583984,45,0,45,0,11
1403637209.838387727737427,45,0,45,0,11
1403637209.888387918472290,45,0,45,0,11
1403637209.938388109207153,45,3,44,0,11
1403637209.988388061523438,45,0,44,0,11
1403637210.038388252258301,43,0,43,0,11
1403637210.088388204574585,42,0,42,0,11
1403637210.138388395309448,41,0,41,0,11
1403637210.188388347625732,40,2,40,0,11
1403637210.238388776779175,47,0,40,7,11
1403637210.288388729095459,46,0,46,0,11
1403637210.338388681411743,46,0,46,0,11
1403637210.388389110565186,45,0,45,0,11
1403637210.438389301300049,45,1,45,0,11
1403637210.488390445709229,45,0,45,0,11
1403637210.538390874862671,48,16,45,3,11
1403637210.588390827178955,48,4,48,0,11
1403637210.638391017913818,50,1,48,2,11
1403637210.688390970230103,50,3,50,0,11
1403637210.738389730453491,50,3,49,0,11
1403637210.788389444351196,50,4,49,0,11
1403637210.838390350341797,49,3,49,0,11
1403637210.888391017913818,49,18,49,0,11
1403637210.938390970230103,49,0,49,0,11
1403637210.988390684127808,49,0,49,0,11
1403637211.038390874862671,49,1,49,0,11
1403637211.088390827178955,49,3,49,0,11
1403637211.138391733169556,49,11,48,0,11
1403637211.188391923904419,49,1,46,0,11
1403637211.238391876220703,48,0,45,0,11
1403637211.288391590118408,46,2,45,0,11
1403637211.338391542434692,46,4,45,1,11
1403637211.388391733169556,47,5,45,2,11
1403637211.438391923904419,47,2,46,1,11
1403637211.488394737243652,50,6,45,3,11
1403637211.538396358489990,50,0,46,0,11
1403637211.588397026062012,47,0,43,1,11
1403637211.638397693634033,44,1,43,0,11
1403637211.688397645950317,42,1,41,0,11
1403637211.738397836685181,47,7,40,6,11
1403637211.788398265838623,44,1,43,1,11
1403637211.838396787643433,43,1,41,1,11
1403637211.888396501541138,40,2,37,0,11
1403637211.938395738601685,37,3,34,0,11
1403637211.988393783569336,39,1,32,4,11
1403637212.038394451141357,36,2,35,1,11
1403637212.088395357131958,38,2,35,2,11
1403637212.138397932052612,33,4,31,1,11
1403637212.188397645950317,29,1,27,0,11
1403637212.238395214080811,40,1,26,12,11
1403637212.288395404815674,39,0,34,0,11
1403637212.338394880294800,40,3,33,3,11
1403637212.388393402099609,35,1,34,0,11
1403637212.438393115997314,31,2,31,0,11
1403637212.488391637802124,34,1,29,5,11
1403637212.538389682769775,35,0,33,1,11
1403637212.588388204574585,40,3,33,6,11
1403637212.638386964797974,41,2,37,3,11
1403637212.688385963439941,43,0,36,3,11
1403637212.738385915756226,43,0,39,1,11
1403637212.788386344909668,43,3,40,3,11
1403637212.838385581970215,40,1,38,1,11
1403637212.888385534286499,36,1,33,0,11
1403637212.938385009765625,36,1,31,2,11
1403637212.988384246826172,37,2,33,2,11
1403637213.038383722305298,34,5,33,0,11
1403637213.088383436203003,34,3,31,1,11
1403637213.138382434844971,33,2,32,0,11
1403637213.188382625579834,34,4,29,2,11
1403637213.238382816314697,37,6,27,3,11
1403637213.288382768630981,30,4,26,0,11
1403637213.338382720947266,26,3,21,2,11
1403637213.388382434844971,28,2,21,5,11
1403637213.438381910324097,29,1,24,5,11
1403637213.488381624221802,30,2,28,1,11
1403637213.538381576538086,31,5,27,3,11
1403637213.588380575180054,32,2,27,4,11
1403637213.638379335403442,31,2,29,1,11
1403637213.688378334045410,31,5,30,1,11
1403637213.738378763198853,30,1,29,1,11
1403637213.788378477096558,29,1,28,0,11
1403637213.838377952575684,25,3,22,0,11
1403637213.888377904891968,27,4,22,3,11
1403637213.938377618789673,26,2,24,1,11
1403637213.988378047943115,25,3,24,0,11
1403637214.038377285003662,31,1,23,7,11
1403637214.088376522064209,30,0,29,0,11
1403637214.138375520706177,28,2,27,0,11
1403637214.188374519348145,26,0,26,0,11
1403637214.238373279571533,31,3,26,5,11
1403637214.288372993469238,33,1,29,2,11
1403637214.338372468948364,33,0,29,0,11
1403637214.388371706008911,30,5,24,2,11
1403637214.438371658325195,30,6,25,3,11
1403637214.488373756408691,32,3,25,5,11
1403637214.538375377655029,33,0,26,3,11
1403637214.588376283645630,35,2,28,3,11
1403637214.638376951217651,33,2,29,2,11
1403637214.688377618789673,30,0,28,0,11
1403637214.738379478454590,29,1,24,3,11
1403637214.788379430770874,30,0,26,3,11
1403637214.838379383087158,30,1,28,0,11
1403637214.888379096984863,33,2,27,4,11
1403637214.938377618789673,38,0,30,6,11
1403637214.988376855850220,40,0,36,3,11
1403637215.038375377655029,42,4,36,5,11
1403637215.088375091552734,43,0,40,1,11
1403637215.138372182846069,49,10,39,7,11
1403637215.188371896743774,48,2,45,0,11
1403637215.238372087478638,47,0,43,1,11
1403637215.288372278213501,45,0,42,0,11
1403637215.338372468948364,47,1,41,4,11
1403637215.388372421264648,46,3,43,1,11
1403637215.438373088836670,45,2,41,0,11
1403637215.488372802734375,44,2,39,0,11
1403637215.538372516632080,43,2,36,2,11
1403637215.588372468948364,43,3,35,3,11
1403637215.638372659683228,46,14,37,6,11
1403637215.688371896743774,43,0,41,0,11
1403637215.738372564315796,49,0,39,6,11
1403637215.788372993469238,45,4,43,1,11
1403637215.838373899459839,41,1,40,0,11
1403637215.888374567031860,42,2,41,1,11
1403637215.938374519348145,42,0,38,1,11
1403637215.988373994827271,38,4,34,0,11
1403637216.038373708724976,35,2,34,0,11
1403637216.088369846343994,47,1,32,15,11
1403637216.138370037078857,44,4,42,1,11
1403637216.188368082046509,43,1,40,1,11
1403637216.238369464874268,47,7,38,5,11
1403637216.288368225097656,45,0,40,1,11
1403637216.338366270065308,40,0,40,0,11
1403637216.388364315032959,40,1,37,2,11
1403637216.438361644744873,39,0,37,0,11
1403637216.488360881805420,50,14,36,11,11
1403637216.538360357284546,47,2,46,0,11
1403637216.588360309600830,46,2,46,0,11
1403637216.638360738754272,47,0,45,1,11
1403637216.688361167907715,47,0,43,1,11
1403637216.738360404968262,47,5,43,1,11
1403637216.788360357284546,45,0,44,0,11
1403637216.838360071182251,48,1,42,5,11
1403637216.888360500335693,50,18,46,2,11
1403637216.938360691070557,49,2,48,0,11
1403637216.988362073898315,48,0,48,0,11
1403637217.038363218307495,48,0,48,0,11
1403637217.088364601135254,50,8,47,2,11
1403637217.138364315032959,49,2,48,0,11
1403637217.188364267349243,49,1,48,1,11
1403637217.238364219665527,50,0,49,1,11
1403637217.288364410400391,50,0,50,0,11
1403637217.338363170623779,50,5,50,0,11
1403637217.388362646102905,50,1,50,0,11
1403637217.438362121582031,50,2,50,0,11
1403637217.488360643386841,50,17,48,0,11
1403637217.538360357284546,50,1,48,0,11
1403637217.588359832763672,48,1,48,0,11
1403637217.638358831405640,48,0,47,0,11
1403637217.688356876373291,50,5,46,2,11
1403637217.738355636596680,49,3,48,0,11
1403637217.788357019424438,49,1,48,1,11
1403637217.838356971740723,49,0,48,0,11
1403637217.888356208801270,48,0,46,0,11
1403637217.938356161117554,48,2,45,2,11
1403637217.988356351852417,47,1,46,1,11
1403637218.038356304168701,48,1,44,2,11
1403637218.088357448577881,50,13,45,2,11
1403637218.138358592987061,48,2,47,0,11
1403637218.188358068466187,46,1,43,1,11
1403637218.238357067108154,46,0,44,0,11
1403637218.288355588912964,46,0,41,4,11
1403637218.338354110717773,49,33,44,3,11
1403637218.388354539871216,49,0,47,1,11
1403637218.438354253768921,48,0,47,0,11
1403637218.488354444503784,48,0,47,0,11
1403637218.538354873657227,46,3,46,0,11
1403637218.588354110717773,48,1,46,2,11
1403637218.638353824615479,48,1,47,0,11
1403637218.688353538513184,50,9,46,2,11
1403637218.738352775573730,48,5,46,0,11
1403637218.788353443145752,48,1,46,1,11
1403637218.838354349136353,47,0,45,0,11
1403637218.888355255126953,49,0,44,2,11
1403637218.938353538513184,47,19,45,0,11
1403637218.988354444503784,46,0,44,1,11
1403637219.038354396820068,45,1,44,0,11
1403637219.088355064392090,45,2,44,0,11
1403637219.138356447219849,46,3,42,3,11
1403637219.188357591629028,46,0,45,0,11
1403637219.238357305526733,43,0,42,0,11
1403637219.288358449935913,47,5,40,5,11
1403637219.338359594345093,49,2,45,3,11
1403637219.388360023498535,48,2,48,0,11
1403637219.438357353210449,49,0,48,1,11
1403637219.488352775573730,49,1,48,0,11
1403637219.538347721099854,49,12,45,0,11
1403637219.588345289230347,48,16,41,0,11
1403637219.638345479965210,45,0,40,1,11
1403637219.688347578048706,41,0,41,0,11
1403637219.738348484039307,41,1,39,0,11
1403637219.788348913192749,40,0,37,0,11
1403637219.838354110717773,37,2,36,0,11
1403637219.888356685638428,38,1,36,2,11
1403637219.938357591629028,38,0,35,1,11
1403637219.988361358642578,38,2,36,0,11
1403637220.038363695144653,36,1,36,0,11
1403637220.088367700576782,36,1,36,0,11
1403637220.138372182846069,43,0,34,8,11
1403637220.188378572463989,50,32,40,7,11
1403637220.238379001617432,49,9,47,0,11
1403637220.288379192352295,45,0,43,0,11
1403637220.338379383087158,46,0,43,1,11
1403637220.388379573822021,44,0,44,0,11
1403637220.438380002975464,45,0,42,1,11
1403637220.488379716873169,44,0,42,0,11
1403637220.538380146026611,42,0,42,0,11
1403637220.588379859924316,42,0,42,0,11
1403637220.638379812240601,40,0,40,0,11
1403637220.688379526138306,40,0,38,0,11
1403637220.738379240036011,42,0,38,2,11
1403637220.788377046585083,48,23,39,7,11
1403637220.838376998901367,46,9,44,1,11
1403637220.888376951217651,48,0,45,2,11
1403637220.938377380371094,47,0,47,0,11
1403637220.988377571105957,48,0,47,1,11
1403637221.038378477096558,48,1,48,0,11
1403637221.088380336761475,49,0,48,1,11
1403637221.138381719589233,48,0,48,0,11
1403637221.188383102416992,47,1,47,0,11
1403637221.238383293151855,47,0,47,0,11
1403637221.288383722305298,46,1,45,0,11
1403637221.338383913040161,46,0,45,0,11
1403637221.388382673263550,44,21,42,1,11
1403637221.438382387161255,46,7,42,3,11
1403637221.488382577896118,45,0,42,0,11
1403637221.538381576538086,45,0,43,0,11
1403637221.588382005691528,42,1,41,0,11
1403637221.638381242752075,42,0,41,0,11
1403637221.688380956649780,41,1,41,0,11
1403637221.738380670547485,41,1,41,0,11
1403637221.788380622863770,41,1,40,0,11
1403637221.838380575180054,41,2,40,0,11
1403637221.888380765914917,40,0,40,0,11
1403637221.938381195068359,40,0,40,0,11
1403637221.988381624221802,47,11,40,7,11
1403637222.038382053375244,47,5,45,0,11
1403637222.088379383087158,48,29,46,2,11
1403637222.138378858566284,48,6,46,0,11
1403637222.188378810882568,46,0,43,0,11
1403637222.238379240036011,45,0,43,0,11
1403637222.288379669189453,44,0,43,0,11
1403637222.338380098342896,44,0,42,1,11
1403637222.388380289077759,44,0,42,0,11
1403637222.438380002975464,43,0,41,0,11
1403637222.488379716873169,42,1,41,0,11
1403637222.538379907608032,41,0,41,0,11
1403637222.588377952575684,47,3,41,6,11
1403637222.638379096984863,47,3,47,0,11
1403637222.688380002975464,48,18,46,2,11
1403637222.738381862640381,48,3,47,0,11
1403637222.788382768630981,48,0,47,0,11
1403637222.838383674621582,47,0,47,0,11
1403637222.888385057449341,46,0,46,0,11
1403637222.938386678695679,46,0,46,0,11
1403637222.988386631011963,45,0,45,0,11
1403637223.038386344909668,45,0,44,0,11
1403637223.088385820388794,45,0,45,0,11
1403637223.138384103775024,45,0,45,0,11
1403637223.188381910324097,45,0,45,0,11
1403637223.238380193710327,45,0,45,0,11
1403637223.288380622863770,46,8,45,1,11
1403637223.338380098342896,47,0,46,1,11
1403637223.388379335403442,47,0,47,0,11
1403637223.438378810882568,46,0,46,0,11
1403637223.488378524780273,46,0,46,0,11
1403637223.538378238677979,46,0,46,0,11
1403637223.588377714157104,46,2,46,0,11
1403637223.638377428054810,46,0,46,0,11
1403637223.688377618789673,46,0,46,0,11
1403637223.738378286361694,46,0,46,0,11
1403637223.788378238677979,47,0,46,1,11
1403637223.838378429412842,47,0,47,0,11
1403637223.888376951217651,48,15,47,1,11
1403637223.938376903533936,48,0,48,0,11
1403637223.988377094268799,48,0,48,0,11
1403637224.038377523422241,48,0,48,0,11
1403637224.088377237319946,48,0,48,0,11
1403637224.138377904891968,48,0,48,0,11
1403637224.188377618789673,48,0,48,0,11
1403637224.238377571105957,48,0,48,0,11
1403637224.288377761840820,48,0,48,0,11
1403637224.338377714157104,48,0,48,0,11
1403637224.388377666473389,48,0,48,0,11
1403637224.438377857208252,48,0,48,0,11
1403637224.488377571105957,48,5,48,0,11
1403637224.538377761840820,48,0,48,0,11
1403637224.588377714157104,48,0,48,0,11
1403637224.638377428054810,48,0,48,0,11
1403637224.688377380371094,48,0,48,0,11
1403637224.738376855850220,48,0,48,0,11
1403637224.788377285003662,48,0,48,0,11
1403637224.838377714157104,48,0,48,0,11
1403637224.888377904891968,48,0,48,0,11
1403637224.938377857208252,48,0,48,0,11
1403637224.988377809524536,48,0,48,0,11
1403637225.038378000259399,48,0,48,0,11
1403637225.088378190994263,48,5,48,0,11
1403637225.138378381729126,48,0,48,0,11
1403637225.188378334045410,48,0,48,0,11
1403637225.238378524780273,48,0,47,0,11
1403637225.288379669189453,48,0,47,0,11
1403637225.338379144668579,48,0,47,1,11
1403637225.388379096984863,48,0,48,0,11
1403637225.438379049301147,48,0,48,0,11
1403637225.488379001617432,48,0,48,0,11
1403637225.538379192352295,48,0,48,0,11
1403637225.588379383087158,48,0,48,0,11
1403637225.638379812240601,47,0,47,0,11
1403637225.688379764556885,47,7,47,0,11
1403637225.738379955291748,47,0,47,0,11
1403637225.788379907608032,47,0,47,0,11
1403637225.838379859924316,47,0,46,0,11
1403637225.888378381729126,47,0,45,0,11
1403637225.938376188278198,46,0,45,0,11
1403637225.988373756408691,46,0,44,1,11
1403637226.038372993469238,45,0,45,0,11
1403637226.088372230529785,45,0,44,0,11
1403637226.138372421264648,45,0,44,0,11
1403637226.188371419906616,45,0,44,1,11
1403637226.238375902175903,45,0,44,0,11
1403637226.288383960723877,48,9,44,3,11
1403637226.338389873504639,48,0,47,0,11
1403637226.388393878936768,48,0,46,1,11
1403637226.438396692276001,49,0,46,1,11
1403637226.488399267196655,49,0,45,1,11
1403637226.538400411605835,49,0,46,1,11
1403637226.588400363922119,49,0,47,2,11
1403637226.638399600982666,49,0,49,0,11
1403637226.688399314880371,49,0,48,0,11
1403637226.738399505615234,49,0,46,0,11
1403637226.788399696350098,47,0,46,0,11
1403637226.838400363922119,45,0,44,0,11
1403637226.888403654098511,49,7,44,4,11
1403637226.938404083251953,48,0,48,0,11
1403637226.988405466079712,48,0,47,0,11
1403637227.038406133651733,48,0,46,0,11
1403637227.088407039642334,48,0,45,1,11
1403637227.138407945632935,48,0,46,1,11
1403637227.188407897949219,47,0,47,0,11
1403637227.238407373428345,47,0,47,0,11
1403637227.288406372070312,47,0,47,0,11
1403637227.338406085968018,47,0,47,0,11
1403637227.388405084609985,47,1,47,0,11
1403637227.438403844833374,47,2,46,0,11
1403637227.488402366638184,49,4,45,2,11
1403637227.538400888442993,48,1,46,0,11
1403637227.588401794433594,47,0,46,0,11
1403637227.638401031494141,46,0,46,0,11
1403637227.688401222229004,46,0,46,0,11
1403637227.738400459289551,46,0,46,0,11
1403637227.788400650024414,47,0,46,1,11
1403637227.838401556015015,47,0,47,0,11
1403637227.888403654098511,47,0,47,0,11
1403637227.938403844833374,47,0,47,0,11
1403637227.988404035568237,47,1,47,0,11
1403637228.038403749465942,47,0,47,0,11
1403637228.088403701782227,49,2,47,2,11
1403637228.138403415679932,49,0,48,0,11
1403637228.188402175903320,49,0,47,0,11
1403637228.238401889801025,49,0,46,1,11
1403637228.288401842117310,48,0,47,1,11
1403637228.338401556015015,48,0,47,1,11
1403637228.388401508331299,48,0,48,0,11
1403637228.438401460647583,48,0,48,0,11
1403637228.488401174545288,48,0,48,0,11
1403637228.538401365280151,48,0,48,0,11
1403637228.588400840759277,48,1,48,0,11
1403637228.638401031494141,48,0,48,0,11
1403637228.688401222229004,49,1,47,1,11
1403637228.738402366638184,49,0,47,0,11
1403637228.788403272628784,48,0,47,0,11
1403637228.838403701782227,48,0,47,1,11
1403637228.888403654098511,48,0,47,0,11
1403637228.938403367996216,48,0,47,0,11
1403637228.988402843475342,47,0,47,0,11
1403637229.038403034210205,47,0,47,0,11
1403637229.088404417037964,48,0,47,1,11
1403637229.138404846191406,48,0,47,0,11
1403637229.188404798507690,48,1,47,0,11
1403637229.238404512405396,47,0,47,0,11
1403637229.288404226303101,48,0,47,1,11
1403637229.338403940200806,48,1,46,0,11
1403637229.388403177261353,49,19,46,1,11
1403637229.438404560089111,49,5,47,2,11
1403637229.488405704498291,49,0,48,0,11
1403637229.538407802581787,48,0,47,0,11
1403637229.588408708572388,48,0,47,1,11
1403637229.638409376144409,48,0,46,0,11
1403637229.688409805297852,48,0,45,0,11
1403637229.738409996032715,47,0,43,1,11
1403637229.788409709930420,46,0,42,0,11
1403637229.838408946990967,44,1,42,0,11
1403637229.888408660888672,43,1,41,1,11
1403637229.938408613204956,43,0,39,1,11
1403637229.988407373428345,46,13,40,4,11
1403637230.038407564163208,45,3,44,1,11
1403637230.088407516479492,42,0,42,0,11
1403637230.138407945632935,40,1,40,0,11
1403637230.188409566879272,40,4,40,0,11
1403637230.238411664962769,40,1,40,0,11
1403637230.288414955139160,40,0,38,0,11
1403637230.338418006896973,39,2,37,0,11
1403637230.388421535491943,37,0,37,0,11
1403637230.438424825668335,37,0,36,0,11
1403637230.488428592681885,37,0,36,0,11
1403637230.538430690765381,36,0,36,0,11
1403637230.588430881500244,38,2,36,2,11
1403637230.638430833816528,39,1,38,1,11
1403637230.688430547714233,40,0,37,1,11
1403637230.738430023193359,38,0,37,0,11
1403637230.788430452346802,38,0,37,0,11
1403637230.838430881500244,37,0,36,1,11
1403637230.888433218002319,38,5,33,4,11
1403637230.938432693481445,37,0,36,0,11
1403637230.988433361053467,35,0,34,1,11
1403637231.038434267044067,33,0,33,0,11
1403637231.088434934616089,32,0,28,1,11
1403637231.138436079025269,28,0,24,0,11
1403637231.188437938690186,24,0,23,0,11
1403637231.238439559936523,18,0,17,0,11
1403637231.288440465927124,16,0,13,0,11
1403637231.338440895080566,9,0,8,0,11
1403637231.388440847396851,5,0,4,0,11
1403637231.438441038131714,3,0,3,0,11
1403637231.488441228866577,9,0,2,7,11
1403637231.538440942764282,9,0,9,0,11
1403637231.588440418243408,9,1,8,0,11
1403637231.638440370559692,8,1,7,0,11
1403637231.688440322875977,6,0,6,0,11
1403637231.738440990447998,27,0,6,21,11
1403637231.788440704345703,32,1,25,5,11
1403637231.838440179824829,30,0,28,0,11
1403637231.888438940048218,26,0,26,0,11
1403637231.938438415527344,24,2,23,0,11
1403637231.988438129425049,29,0,21,8,11
1403637232.038436651229858,27,0,25,0,11
1403637232.088431835174561,35,0,25,9,11
1403637232.138431072235107,34,0,34,0,11
1403637232.188429832458496,35,1,31,3,11
1403637232.238432645797729,34,4,34,0,11
1403637232.288434743881226,33,0,31,1,11
1403637232.338435649871826,34,0,27,6,11
1403637232.388436555862427,33,1,30,1,11
1403637232.438437700271606,30,0,29,0,11
1403637232.488438606262207,27,1,26,1,11
1403637232.538439512252808,27,0,27,0,11
1403637232.588439226150513,31,2,27,4,11
1403637232.638439655303955,30,1,30,0,11
1403637232.688439607620239,29,0,28,1,11
1403637232.738439559936523,29,0,29,0,11
1403637232.788439273834229,35,0,29,6,11
1403637232.838437795639038,45,1,35,10,11
1403637232.888438224792480,50,2,42,5,11
1403637232.938437938690186,48,4,44,0,11
1403637232.988437175750732,47,17,43,2,11
1403637233.038437843322754,44,0,42,1,11
1403637233.088438034057617,44,0,43,0,11
1403637233.138438701629639,41,0,41,0,11
1403637233.188439369201660,45,3,41,4,11
1403637233.238439798355103,44,0,43,0,11
1403637233.288440227508545,43,1,41,0,11
1403637233.338440418243408,41,0,40,0,11
1403637233.388440847396851,46,2,39,6,11
1403637233.438441276550293,47,0,41,3,11
1403637233.488441467285156,47,4,42,1,11
1403637233.538440704345703,48,12,42,3,11
1403637233.588434934616089,43,19,41,2,11
1403637233.638434648513794,41,3,40,0,11
1403637233.688434600830078,40,1,39,0,11
1403637233.738433599472046,38,4,38,0,11
1403637233.788434743881226,40,1,38,2,11
1403637233.838435888290405,40,6,39,0,11
1403637233.888437032699585,39,5,38,0,11
1403637233.938439369201660,37,1,36,0,11
1403637233.988440752029419,36,0,33,0,11
1403637234.038441896438599,33,0,32,0,11
1403637234.088442325592041,32,1,31,0,11
1403637234.138445615768433,39,0,30,7,11
1403637234.188449382781982,47,10,36,10,11
1403637234.238449335098267,47,3,46,1,11
1403637234.288450956344604,47,4,44,3,11
1403637234.338450431823730,48,3,46,2,11
1403637234.388450145721436,49,3,47,2,11
1403637234.438449621200562,50,7,47,1,11
1403637234.488450050354004,49,0,46,0,11
1403637234.538450717926025,49,2,44,1,11
1403637234.588451623916626,48,3,45,2,11
1403637234.638451814651489,48,3,46,1,11
1403637234.688451528549194,46,0,43,1,11
1403637234.738451957702637,47,2,43,3,11
1403637234.788452148437500,47,5,45,2,11
1403637234.838452339172363,50,0,44,3,11
1403637234.888452768325806,46,4,41,0,11
1403637234.938452720642090,43,0,37,1,11
1403637234.988450765609741,42,0,35,5,11
1403637235.038450479507446,42,0,36,4,11
1403637235.088448047637939,46,2,37,5,11
1403637235.138448476791382,47,3,41,2,11
1403637235.188447475433350,47,6,40,4,11
1403637235.238446474075317,44,0,43,0,11
1403637235.288444757461548,43,3,43,0,11
1403637235.338441133499146,50,4,43,7,11
1403637235.388439893722534,50,3,49,0,11
1403637235.438439369201660,50,0,49,0,11
1403637235.488439321517944,47,4,45,0,11
1403637235.538439750671387,49,6,45,2,11
1403637235.588440895080566,49,1,46,2,11
1403637235.638443231582642,45,3,43,0,11
1403637235.688446283340454,45,2,41,1,11
1403637235.738449811935425,48,10,40,5,11
1403637235.788452625274658,45,1,39,2,11
1403637235.838452816009521,43,6,37,0,11
1403637235.888453006744385,40,0,35,1,11
1403637235.938453435897827,39,0,32,3,11
1403637235.988453865051270,44,4,32,9,11
1403637236.038454532623291,41,2,39,2,11
1403637236.088454723358154,39,1,37,0,11
1403637236.138455390930176,35,0,34,0,11
1403637236.188455104827881,33,3,32,1,11
1403637236.238455533981323,33,3,30,0,11
1403637236.288457632064819,30,1,27,1,11
1403637236.338461399078369,41,1,26,14,11
1403637236.388459682464600,39,2,32,0,11
1403637236.438458681106567,36,4,29,3,11
1403637236.488457202911377,30,3,27,0,11
1403637236.538459300994873,34,4,24,7,11
1403637236.588460445404053,35,1,28,4,11
1403637236.638462305068970,32,3,32,0,11
1403637236.688462972640991,34,4,30,3,11
1403637236.738466739654541,36,1,32,3,11
1403637236.788468122482300,34,7,29,2,11
1403637236.838470220565796,41,9,28,9,11
1403637236.888471126556396,37,4,34,0,11
1403637236.938472747802734,33,6,30,0,11
1403637236.988474369049072,30,7,24,5,11
1403637237.038475513458252,30,2,25,4,11
1403637237.088475465774536,29,5,26,1,11
1403637237.138474702835083,28,11,22,4,11
1403637237.188473463058472,25,5,24,0,11
1403637237.238471984863281,25,2,21,2,11
1403637237.288470745086670,29,3,23,5,11
1403637237.338470697402954,27,2,26,0,11
1403637237.388469457626343,41,4,24,14,11
1403637237.438470125198364,39,4,34,0,11
1403637237.488470792770386,37,3,28,0,11
1403637237.538472175598145,43,4,27,10,11
1403637237.588471412658691,44,4,36,7,11
1403637237.638469696044922,44,1,38,1,11
1403637237.688464641571045,48,2,37,6,11
1403637237.738463401794434,45,9,43,1,11
1403637237.788463354110718,48,1,41,5,11
1403637237.838460683822632,49,14,46,2,11
1403637237.888461828231812,48,0,48,0,11
1403637237.938464879989624,48,1,48,0,11
1403637237.988465309143066,47,2,47,0,11
1403637238.038465738296509,48,0,47,1,11
1403637238.088465929031372,49,0,48,1,11
1403637238.138466119766235,48,2,46,1,11
1403637238.188464879989624,48,16,46,1,11
1403637238.238464355468750,48,24,44,2,11
1403637238.288462877273560,48,0,44,1,11
1403637238.338460922241211,46,0,45,0,11
1403637238.388459205627441,46,0,45,1,11
1403637238.438457489013672,50,9,45,4,11
1403637238.488457441329956,50,1,48,0,11
1403637238.538457155227661,49,0,45,0,11
1403637238.588455915451050,48,0,44,0,11
1403637238.638453960418701,44,0,43,0,11
1403637238.688450813293457,43,0,43,0,11
1403637238.738447189331055,44,1,39,1,11
1403637238.788443565368652,45,9,39,2,11
1403637238.838434696197510,46,19,40,4,11
1403637238.888433694839478,45,0,44,0,11
1403637238.938431978225708,45,0,43,2,11
1403637238.988431692123413,44,1,44,0,11
1403637239.038430690765381,48,5,42,6,11
1403637239.088431596755981,48,2,47,1,11
1403637239.138435363769531,48,0,47,1,11
1403637239.188436508178711,48,1,47,1,11
1403637239.238438367843628,50,2,47,2,11
1403637239.288440465927124,50,3,47,0,11
1403637239.338439941406250,48,0,46,0,11
1403637239.388440847396851,48,33,46,2,11
1403637239.438440322875977,48,26,45,2,11
1403637239.488439083099365,48,0,46,1,11
1403637239.538437604904175,47,1,45,1,11
1403637239.588436603546143,45,3,45,0,11
1403637239.638433933258057,44,7,42,2,11
1403637239.688432931900024,40,3,39,0,11
1403637239.738432407379150,37,6,36,0,11
1403637239.788432359695435,30,6,30,0,11
1403637239.838432073593140,27,1,24,1,11
1403637239.888432502746582,24,9,21,0,11
1403637239.938432216644287,19,4,15,2,11
1403637239.988432407379150,34,3,16,17,11
1403637240.038432359695435,29,3,25,1,11
1403637240.088433027267456,25,3,22,0,11
1403637240.138432741165161,21,3,20,0,11
1403637240.188432455062866,46,6,16,28,11
1403637240.238433599472046,40,3,38,0,11
1403637240.288435935974121,37,2,33,0,11
1403637240.338437557220459,35,0,31,0,11
1403637240.388444423675537,41,3,27,11,11
1403637240.438446998596191,38,7,36,0,11
1403637240.488446712493896,37,2,35,0,11
1403637240.538445472717285,34,1,33,0,11
1403637240.588441610336304,33,0,33,0,11
1403637240.638436555862427,47,5,33,14,11
1403637240.688435077667236,45,0,45,0,11
1403637240.738432645797729,42,0,42,0,11
1403637240.788431882858276,41,1,41,0,11
1403637240.838429689407349,44,3,36,7,11
1403637240.888428211212158,41,1,39,2,11
1403637240.938426494598389,46,2,38,8,11
1403637240.988428115844727,46,2,44,1,11
1403637241.038432121276855,49,3,41,4,11
1403637241.088435411453247,47,1,43,0,11
1403637241.138437032699585,44,0,42,1,11
1403637241.188438415527344,46,6,39,4,11
1403637241.238439559936523,46,1,43,0,11
1403637241.288440465927124,41,0,39,0,11
1403637241.338441610336304,41,0,39,0,11
1403637241.388442277908325,38,0,36,0,11
1403637241.438443183898926,41,1,35,4,11
1403637241.488443851470947,40,0,39,0,11
1403637241.538444519042969,38,1,35,1,11
1403637241.588445186614990,37,0,31,2,11
1403637241.638445377349854,42,3,30,8,11
1403637241.688445806503296,39,3,38,0,11
1403637241.738445997238159,36,2,35,1,11
1403637241.788446903228760,39,3,36,3,11
1403637241.838448524475098,41,3,38,3,11
1403637241.888450145721436,40,2,39,1,11
1403637241.938449859619141,39,0,35,1,11
1403637241.988450050354004,38,2,36,0,11
1403637242.038450479507446,39,2,32,6,11
1403637242.088449716567993,47,1,35,9,11
1403637242.138447999954224,46,1,41,1,11
1403637242.188446521759033,46,0,39,2,11
1403637242.238445758819580,44,0,40,1,11
1403637242.288445949554443,46,0,40,5,11
1403637242.338445663452148,43,0,42,0,11
1403637242.388446331024170,45,2,41,2,11
1403637242.438446998596191,45,0,41,2,11
1403637242.488447666168213,45,0,42,2,11
1403637242.538448095321655,47,0,43,3,11
1403637242.588448762893677,46,0,44,0,11
1403637242.638449430465698,44,0,43,0,11
1403637242.688451051712036,43,0,41,1,11
1403637242.738452434539795,46,1,42,4,11
1403637242.788454532623291,46,0,45,1,11
1403637242.838458538055420,47,3,45,2,11
1403637242.888459444046021,47,0,44,1,11
1403637242.938459396362305,47,1,45,0,11
1403637242.988458871841431,47,0,42,3,11
1403637243.038457870483398,46,0,44,0,11
1403637243.088458061218262,47,1,44,3,11
1403637243.138454198837280,48,1,45,3,11
1403637243.188452959060669,48,1,48,0,11
1403637243.238450527191162,48,0,45,1,11
1403637243.288450241088867,50,3,45,2,11
1403637243.338449954986572,49,13,47,1,11
1403637243.388450145721436,47,0,46,0,11
1403637243.438450336456299,50,3,46,3,11
1403637243.488450527191162,50,0,48,1,11
1403637243.538450241088867,49,8,48,0,11
1403637243.588449954986572,49,1,47,1,11
1403637243.638449907302856,49,1,46,0,11
1403637243.688449859619141,47,2,43,1,11
1403637243.738449335098267,45,3,43,0,11
1403637243.788449287414551,44,2,42,1,11
1403637243.838448762893677,38,0,35,0,11
1403637243.888448715209961,44,2,33,6,11
1403637243.938449859619141,44,16,36,5,11
1403637243.988450765609741,42,0,38,1,11
1403637244.038451194763184,42,2,38,2,11
1403637244.088451147079468,40,0,39,0,11
1403637244.138451576232910,48,0,39,8,11
1403637244.188452005386353,46,0,45,0,11
1403637244.238451957702637,46,0,44,0,11
1403637244.288452863693237,48,6,44,3,11
1403637244.338452816009521,48,1,45,1,11
1403637244.388452529907227,48,3,46,0,11
1403637244.438452243804932,47,10,44,3,11
1403637244.488451957702637,47,2,47,0,11
1403637244.538452386856079,48,13,46,1,11
1403637244.588451862335205,47,1,46,0,11
1403637244.638451337814331,48,9,44,3,11
1403637244.688451528549194,48,0,46,1,11
1403637244.738451004028320,47,0,46,0,11
1403637244.788450956344604,46,2,45,0,11
1403637244.838450908660889,44,1,44,0,11
1403637244.888450622558594,48,20,41,5,11
1403637244.938450574874878,49,0,45,2,11
1403637244.988450527191162,47,0,46,1,11
1403637245.038449525833130,47,6,44,2,11
1403637245.088448762893677,47,1,45,0,11
1403637245.138448476791382,48,11,45,2,11
1403637245.188448429107666,44,2,42,1,11
1403637245.238448381423950,48,1,41,5,11
1403637245.288447380065918,47,0,44,0,11
1403637245.338446617126465,47,0,43,1,11
1403637245.388445854187012,46,1,45,1,11
1403637245.438445329666138,47,1,44,1,11
1403637245.488444328308105,48,22,41,2,11
1403637245.538444995880127,47,0,41,0,11
1403637245.588446140289307,43,0,40,0,11
1403637245.638447046279907,46,0,40,5,11
1403637245.688447237014771,45,1,42,0,11
1403637245.738449096679688,49,24,40,5,11
1403637245.788448333740234,46,0,44,1,11
1403637245.838448047637939,40,1,36,0,11
1403637245.888448238372803,37,1,30,0,11
1403637245.938448905944824,31,4,25,1,11
1403637245.988449096679688,28,0,22,0,11
1403637246.038450002670288,24,2,16,1,11
1403637246.088449478149414,34,2,13,17,11
1403637246.138449192047119,30,2,29,0,11
1403637246.188448667526245,26,2,26,0,11
1403637246.238447904586792,24,2,24,0,11
1403637246.288447141647339,24,1,23,0,11
1403637246.338446140289307,36,1,19,14,11
1403637246.388446569442749,35,2,31,0,11
1403637246.438448190689087,44,2,29,12,11
1403637246.488448381423950,40,2,35,0,11
1403637246.538448333740234,37,0,32,0,11
1403637246.588449239730835,33,1,29,0,11
1403637246.638449668884277,25,0,24,0,11
1403637246.688448667526245,41,3,22,19,11
1403637246.738448619842529,39,1,36,0,11
1403637246.788450479507446,33,1,32,0,11
1403637246.838451623916626,38,0,30,8,11
1403637246.888452529907227,35,0,30,0,11
1403637246.938454389572144,31,0,29,1,11
1403637246.988455772399902,28,0,27,0,11
1403637247.038459777832031,40,0,26,13,11
1403637247.088460922241211,39,0,38,0,11
1403637247.138461351394653,39,0,38,0,11
1403637247.188461780548096,44,0,38,6,11
1403637247.238462209701538,43,1,41,1,11
1403637247.288461685180664,47,3,40,5,11
1403637247.338463783264160,49,6,44,3,11
1403637247.388466119766235,48,0,46,0,11
1403637247.438465595245361,48,6,44,3,11
1403637247.488465547561646,46,1,46,0,11
1403637247.538466215133667,46,1,46,0,11
1403637247.588466167449951,45,1,44,0,11
1403637247.638467550277710,48,6,42,4,11
1403637247.688467502593994,47,0,46,0,11
1403637247.738467216491699,46,0,46,0,11
1403637247.788466215133667,46,0,45,0,11
1403637247.838466405868530,49,10,44,4,11
1403637247.888466835021973,48,2,46,1,11
1403637247.938467025756836,49,5,46,1,11
1403637247.988466501235962,45,0,45,0,11
1403637248.038465499877930,48,10,43,5,11
1403637248.088464021682739,43,1,43,0,11
1403637248.138462543487549,40,1,39,0,11
1403637248.188462018966675,40,2,39,0,11
1403637248.238461971282959,43,0,38,5,11
1403637248.288463354110718,44,0,43,1,11
1403637248.338464975357056,42,1,41,0,11
1403637248.388466358184814,43,0,41,1,11
1403637248.438467264175415,49,0,42,7,11
1403637248.488469600677490,49,0,48,1,11
1403637248.538472652435303,50,18,49,1,11
1403637248.588472843170166,49,0,49,0,11
1403637248.638470411300659,49,5,48,1,11
1403637248.688468456268311,50,7,49,1,11
1403637248.738466501235962,50,0,50,0,11
1403637248.788465976715088,49,7,49,0,11
1403637248.838465452194214,46,0,46,0,11
1403637248.888465404510498,46,1,45,0,11
1403637248.938465356826782,50,0,45,4,11
1403637248.988465547561646,49,0,49,0,11
1403637249.038465738296509,49,2,48,1,11
1403637249.088465929031372,49,0,49,0,11
1403637249.138465881347656,50,14,49,1,11
1403637249.188465833663940,50,0,48,0,11
1403637249.238466024398804,49,3,47,0,11
1403637249.288465499877930,49,5,46,3,11
1403637249.338464975357056,50,14,49,1,11
1403637249.388464689254761,49,6,48,0,11
1403637249.438464403152466,47,0,46,0,11
1403637249.488464355468750,45,0,45,0,11
1403637249.538464069366455,44,0,43,0,11
1403637249.588463783264160,44,1,43,0,11
1403637249.638463735580444,43,0,43,0,11
1403637249.688463449478149,43,0,43,0,11
1403637249.738462209701538,50,7,42,7,11
1403637249.788461923599243,50,0,49,0,11
1403637249.838462352752686,50,2,48,1,11
1403637249.888464212417603,50,29,48,0,11
1403637249.938465356826782,49,11,48,0,11
1403637249.988467454910278,50,5,47,2,11
1403637250.038470029830933,49,0,45,0,11
1403637250.088470935821533,47,1,42,1,11
1403637250.138472080230713,40,0,38,1,11
1403637250.188471317291260,38,0,37,0,11
1403637250.238471031188965,38,2,36,0,11
1403637250.288471221923828,36,1,34,1,11
1403637250.338470458984375,35,0,34,1,11
1403637250.388469457626343,34,0,34,0,11
1403637250.438468933105469,31,0,30,0,11
1403637250.488466978073120,47,7,28,18,11
1403637250.538467407226562,48,5,44,3,11
1403637250.588467597961426,48,2,44,2,11
1403637250.638466835021973,48,1,46,0,11
1403637250.688466548919678,47,16,45,2,11
1403637250.738465309143066,46,0,46,0,11
1403637250.788465023040771,46,0,45,1,11
1403637250.838464975357056,45,0,44,0,11
1403637250.888464927673340,43,0,43,0,11
1403637250.938464879989624,43,1,43,0,11
1403637250.988464593887329,43,0,42,0,11
1403637251.038465023040771,50,10,42,7,11
1403637251.088465213775635,48,6,46,0,11
1403637251.138466119766235,50,3,45,2,11
1403637251.188466548919678,48,0,47,0,11
1403637251.238466501235962,45,1,45,0,11
1403637251.288466691970825,50,13,44,5,11
1403637251.338466167449951,50,1,48,0,11
1403637251.388465166091919,48,0,46,0,11
1403637251.438465118408203,46,1,44,0,11
1403637251.488465309143066,44,2,42,0,11
1403637251.538465976715088,43,1,42,0,11
1403637251.588466167449951,41,2,40,0,11
1403637251.638466119766235,49,11,40,8,11
1403637251.688465833663940,46,5,45,0,11
1403637251.738466262817383,48,11,42,4,11
1403637251.788465976715088,47,0,45,0,11
1403637251.838465690612793,45,0,44,0,11
1403637251.888465166091919,46,4,43,3,11
1403637251.938464879989624,46,0,46,0,11
1403637251.988464832305908,44,0,44,0,11
1403637252.038464784622192,43,0,43,0,11
1403637252.088464736938477,41,0,40,0,11
1403637252.138464212417603,42,0,40,1,11
1403637252.188463926315308,41,0,41,0,11
1403637252.238463640213013,41,0,39,1,11
1403637252.288464069366455,43,20,40,2,11
1403637252.338463783264160,48,2,42,6,11
1403637252.388463735580444,48,0,48,0,11
1403637252.438463449478149,47,0,47,0,11
1403637252.488463401794434,46,1,46,0,11
1403637252.538463354110718,46,0,46,0,11
1403637252.588463306427002,45,0,45,0,11
1403637252.638463020324707,44,0,44,0,11
1403637252.688462972640991,44,0,44,0,11
1403637252.738462924957275,43,0,43,0,11
1403637252.788462877273560,43,0,43,0,11
1403637252.838462829589844,43,0,43,0,11
1403637252.888463497161865,43,16,43,0,11
1403637252.938464164733887,44,0,43,1,11
1403637252.988465070724487,44,1,44,0,11
1403637253.038465976715088,44,0,44,0,11
1403637253.088466405868530,44,0,44,0,11
1403637253.138465881347656,44,0,44,0,11
1403637253.188465833663940,44,0,44,0,11
1403637253.238465309143066,44,0,44,0,11
1403637253.288464784622192,44,0,44,0,11
1403637253.338464021682739,44,0,44,0,11
1403637253.388463735580444,44,0,44,0,11
1403637253.438463211059570,44,0,44,0,11
1403637253.488463163375854,44,0,44,0,11
1403637253.538462877273560,44,0,44,0,11
1403637253.588463068008423,44,0,44,0,11
1403637253.638463020324707,44,0,44,0,11
1403637253.688462972640991,44,0,44,0,11
1403637253.738462924957275,44,0,44,0,11
1403637253.788462638854980,44,0,44,0,11
1403637253.838462352752686,44,0,44,0,11
1403637253.888462543487549,44,0,44,0,11
1403637253.938462734222412,44,0,44,0,11
1403637253.988462924957275,44,0,44,0,11
1403637254.038462638854980,44,0,44,0,11
1403637254.088462591171265,44,2,44,0,11
1403637254.138463020324707,44,0,44,0,11
1403637254.188463687896729,44,0,44,0,11
1403637254.238464355468750,44,0,44,0,11
1403637254.288465023040771,44,0,44,0,11
1403637254.338465213775635,44,0,44,0,11
1403637254.388465404510498,44,0,44,0,11
1403637254.438465356826782,44,0,44,0,11
1403637254.488465547561646,44,0,44,0,11
1403637254.538465499877930,44,0,44,0,11
1403637254.588465690612793,44,0,44,0,11
1403637254.638465642929077,44,0,44,0,11
1403637254.688466310501099,44,9,44,0,11
1403637254.738466262817383,44,0,44,0,11
1403637254.788466215133667,44,0,44,0,11
1403637254.838466405868530,44,0,44,0,11
1403637254.888466358184814,44,0,44,0,11
1403637254.938466310501099,44,0,44,0,11
1403637254.988466262817383,44,0,44,0,11
1403637255.038466930389404,44,0,44,0,11
1403637255.088466405868530,44,0,44,0,11
1403637255.138466358184814,44,0,44,0,11
1403637255.188466787338257,44,0,44,0,11
1403637255.238466024398804,44,0,44,0,11
1403637255.288466215133667,42,11,42,0,11
1403637255.338466167449951,42,0,42,0,11
1403637255.388466119766235,42,0,41,0,11
1403637255.438466310501099,42,0,41,0,11
1403637255.488466262817383,41,0,41,0,11
1403637255.538466453552246,39,0,38,0,11
1403637255.588466644287109,39,0,37,0,11
1403637255.638466596603394,37,0,36,0,11
1403637255.688466787338257,34,0,33,0,11
1403637255.738466739654541,32,0,31,0,11
1403637255.788467168807983,31,0,29,0,11
1403637255.838467121124268,29,0,28,0,11
1403637255.888466358184814,37,1,26,11,11
1403637255.938466310501099,37,0,34,0,11
1403637255.988465785980225,36,0,34,0,11
1403637256.038465976715088,34,0,33,0,11
1403637256.088466644287109,41,25,33,7,11
1403637256.138467073440552,40,0,40,0,11
1403637256.188467264175415,40,0,38,0,11
1403637256.238467454910278,40,0,37,0,11
1403637256.288467645645142,38,0,37,0,11
1403637256.338467597961426,37,0,37,0,11
1403637256.388467788696289,37,0,37,0,11
1403637256.438468217849731,37,0,37,0,11
1403637256.488468170166016,40,1,37,3,11
1403637256.538469076156616,40,1,39,0,11
1403637256.588469982147217,40,0,39,0,11
1403637256.638471841812134,40,0,39,1,11
1403637256.688474893569946,42,20,40,2,11
1403637256.738476037979126,42,0,41,0,11
1403637256.788476943969727,42,0,40,0,11
1403637256.838477373123169,42,0,40,1,11
1403637256.888478279113770,42,0,41,1,11
1403637256.938480138778687,43,0,41,1,11
1403637256.988481521606445,43,0,42,0,11
1403637257.038483142852783,43,1,41,1,11
1403637257.088484525680542,43,2,42,0,11
1403637257.138484716415405,42,1,42,0,11
1403637257.188484668731689,42,1,41,0,11
1403637257.238484382629395,43,0,40,1,11
1403637257.288484811782837,42,14,41,0,11
1403637257.338484764099121,40,0,40,0,11
1403637257.388484477996826,40,0,39,0,11
1403637257.438483953475952,41,0,39,1,11
1403637257.488484144210815,40,0,39,0,11
1403637257.538484096527100,40,0,39,0,11
1403637257.588483810424805,39,0,39,0,11
1403637257.638483524322510,39,0,39,0,11
1403637257.688483715057373,43,15,39,4,11
1403637257.738483667373657,44,1,43,1,11
1403637257.788483858108521,43,0,43,0,11
1403637257.838483333587646,43,0,42,0,11
1403637257.888483524322510,43,8,42,0,11
1403637257.938484430313110,44,0,40,2,11
1403637257.988484382629395,43,1,41,0,11
1403637258.038484811782837,40,3,38,0,11
1403637258.088485479354858,38,1,37,1,11
1403637258.138485431671143,36,1,36,0,11
1403637258.188486099243164,37,0,36,1,11
1403637258.238486528396606,36,0,36,0,11
1403637258.288487195968628,43,6,34,9,11
1403637258.338488101959229,43,0,42,0,11
1403637258.388489484786987,42,2,40,0,11
1403637258.438491106033325,40,1,39,0,11
1403637258.488497972488403,46,4,38,7,11
1403637258.538499116897583,44,0,38,0,11
1403637258.588498592376709,43,0,37,0,11
1403637258.638497352600098,38,0,33,2,11
1403637258.688496828079224,39,0,33,1,11
1403637258.738497495651245,45,5,34,10,11
1403637258.788497924804688,45,3,42,1,11
1403637258.838498115539551,42,0,40,0,11
1403637258.888497591018677,45,1,39,5,11
1403637258.938498258590698,45,1,44,0,11
1403637258.988498449325562,43,1,43,0,11
1403637259.038498640060425,43,4,42,0,11
1403637259.088498830795288,44,1,42,1,11
1403637259.138499975204468,47,16,42,4,11
1403637259.188499927520752,48,0,46,1,11
1403637259.238500118255615,49,1,47,2,11
1403637259.288500308990479,49,1,49,0,11
1403637259.338500738143921,49,7,49,0,11
1403637259.388501644134521,50,18,48,1,11
1403637259.438501596450806,50,0,49,0,11
1403637259.488501787185669,49,2,49,0,11
1403637259.538501977920532,49,0,49,0,11
1403637259.588501930236816,49,0,49,0,11
1403637259.638501405715942,48,1,48,0,11
1403637259.688501119613647,48,1,48,0,11
1403637259.738499641418457,48,12,48,0,11
1403637259.788499355316162,48,0,48,0,11
1403637259.838499546051025,49,0,48,1,11
1403637259.888499975204468,49,1,49,0,11
1403637259.938500881195068,49,4,49,0,11
1403637259.988500595092773,49,20,49,0,11
1403637260.038500547409058,48,0,48,0,11
1403637260.088500499725342,48,0,48,0,11
1403637260.138499975204468,48,0,48,0,11
1403637260.188499927520752,47,0,47,0,11
1403637260.238499164581299,47,1,47,0,11
1403637260.288499116897583,48,0,47,1,11
1403637260.338499784469604,47,8,46,0,11
1403637260.388499498367310,47,0,45,0,11
1403637260.438499212265015,47,0,45,1,11
1403637260.488498210906982,45,0,45,0,11
1403637260.538498640060425,47,4,43,3,11
1403637260.588498592376709,50,13,42,3,11
1403637260.638498544692993,48,0,43,0,11
1403637260.688498497009277,48,3,41,4,11
1403637260.738498926162720,48,0,44,1,11
1403637260.788499116897583,45,1,42,0,11
1403637260.838498830795288,44,0,41,0,11
1403637260.888499021530151,41,0,37,0,11
1403637260.938499212265015,45,3,37,5,11
1403637260.988498926162720,44,1,41,2,11
1403637261.038499355316162,45,5,41,3,11
1403637261.088498592376709,43,1,41,0,11
1403637261.138498306274414,44,3,41,2,11
1403637261.188498258590698,47,9,40,4,11
1403637261.238497972488403,45,1,41,0,11
1403637261.288497924804688,41,2,37,1,11
1403637261.338497161865234,39,0,33,1,11
1403637261.388496160507202,39,1,32,1,11
1403637261.438494920730591,35,0,29,0,11
1403637261.488494873046875,34,3,28,1,11
1403637261.538495779037476,31,2,29,1,11
1403637261.588496446609497,30,4,27,0,11
1403637261.638496875762939,31,0,27,3,11
1403637261.688496589660645,30,1,30,0,11
1403637261.738496303558350,30,0,28,1,11
1403637261.788495302200317,32,2,28,2,11
1403637261.838495254516602,31,0,30,0,11
1403637261.888495922088623,31,1,27,2,11
1403637261.938495874404907,31,0,29,0,11
1403637261.988496780395508,28,1,27,0,11
1403637262.038497924804688,28,1,24,2,11
1403637262.088499307632446,31,1,25,4,11
1403637262.138500452041626,31,3,27,1,11
1403637262.188501119613647,29,1,27,0,11
1403637262.238501310348511,28,2,26,0,11
1403637262.288501739501953,25,5,23,1,11
1403637262.338501214981079,21,2,17,0,11
1403637262.388495206832886,18,2,12,1,11
1403637262.438493967056274,13,0,8,0,11
1403637262.488493919372559,11,0,7,0,11
1403637262.538495063781738,8,0,8,0,11
1403637262.588495254516602,8,0,8,0,11
1403637262.638494491577148,8,0,8,0,11
1403637262.688494443893433,8,0,5,0,11
1403637262.738494634628296,7,0,5,0,11
1403637262.788495302200317,5,0,5,0,11
1403637262.838494777679443,5,0,4,0,11
1403637262.888494491577148,5,0,3,1,11
1403637262.938494443893433,5,0,4,0,11
1403637262.988494396209717,4,0,4,0,11
1403637263.038494825363159,5,0,4,1,11
1403637263.088495016098022,5,0,5,0,11
1403637263.138495922088623,6,0,4,1,11
1403637263.188495874404907,6,0,4,0,11
1403637263.238495826721191,5,0,3,0,11
1403637263.288496017456055,4,0,3,0,11
1403637263.338496208190918,3,0,3,0,11
1403637263.388496160507202,3,0,3,0,11
1403637263.438496112823486,3,0,3,0,11
1403637263.488496065139771,3,0,3,0,11
1403637263.538496255874634,3,0,3,0,11
1403637263.588496446609497,3,0,3,0,11
1403637263.638496398925781,3,0,3,0,11
1403637263.688496351242065,3,0,3,0,11
1403637263.738496303558350,3,0,3,0,11
1403637263.788496732711792,3,0,3,0,11
1403637263.838496685028076,4,0,3,1,11
1403637263.888496875762939,5,0,4,1,11
1403637263.938496828079224,5,0,5,0,11
1403637263.988497018814087,5,0,5,0,11
1403637264.038497209548950,5,0,5,0,11
1403637264.088497161865234,5,0,5,0,11
1403637264.138497114181519,5,0,5,0,11
1403637264.188497066497803,6,0,5,1,11
1403637264.238497018814087,6,0,6,0,11
1403637264.288497209548950,6,0,6,0,11
1403637264.338497161865234,6,0,6,0,11
1403637264.388497114181519,7,0,6,1,11
1403637264.438497066497803,7,0,7,0,11
1403637264.488497018814087,7,0,7,0,11
1403637264.538497209548950,7,0,7,0,11
1403637264.588497161865234,7,0,7,0,11
1403637264.638497114181519,7,0,7,0,11
1403637264.688497304916382,7,0,7,0,11
1403637264.738497257232666,7,0,7,0,11
1403637264.788497447967529,7,0,7,0,11
1403637264.838497400283813,7,0,7,0,11
1403637264.888497352600098,7,0,7,0,11
1403637264.938497304916382,7,0,7,0,11
1403637264.988497257232666,7,0,7,0,11
1403637265.038497447967529,7,0,7,0,11
1403637265.088497400283813,7,0,7,0,11
1403637265.138497352600098,7,0,7,0,11
1403637265.188497304916382,7,0,7,0,11
1403637265.238497257232666,7,0,7,0,11
1403637265.288497447967529,7,0,7,0,11
1403637265.338497400283813,7,0,7,0,11
1403637265.388497352600098,7,0,7,0,11
1403637265.438497304916382,7,0,7,0,11
1403637265.488497257232666,7,0,7,0,11
