# timestamp (sec),slam_feats_in_state,msckf_feats_used,slam_feats_updated,slam_feats_delayed_init,clones
1403637149.987318277359009,0,8,0,0,5
1403637150.036755084991455,15,14,0,15,6
1403637150.086406707763672,13,29,12,0,7
1403637150.136349201202393,10,1,8,0,8
1403637150.186404228210449,9,2,6,0,9
1403637150.236432313919067,5,10,5,0,10
1403637150.286446809768677,5,7,4,0,11
1403637150.336531877517700,3,4,3,0,11
1403637150.386538743972778,2,10,2,0,11
1403637150.436788082122803,1,7,1,0,11
1403637150.486697196960449,1,7,1,0,11
1403637150.536769390106201,0,5,0,0,11
1403637150.586838245391846,0,2,0,0,11
1403637150.637199163436890,11,7,0,11,11
1403637150.687289953231812,10,4,10,0,11
1403637150.737383842468262,9,0,9,0,11
1403637150.787364482879639,9,2,9,0,11
1403637150.837416410446167,10,2,9,1,11
1403637150.887558698654175,11,6,9,2,11
1403637150.937611579895020,11,2,11,0,11
1403637150.987835645675659,16,2,11,5,11
1403637151.037839651107788,16,2,16,0,11
1403637151.087833166122437,16,2,16,0,11
1403637151.137871265411377,19,2,16,3,11
1403637151.187973499298096,19,1,19,0,11
1403637151.238211631774902,26,1,19,7,11
1403637151.288338422775269,26,1,26,0,11
1403637151.338380336761475,26,2,25,1,11
1403637151.388348817825317,21,0,21,0,11
1403637151.438298940658569,21,1,21,0,11
1403637151.488306522369385,22,1,21,1,11
1403637151.538278102874756,24,0,22,2,11
1403637151.588265657424927,24,2,23,0,11
1403637151.638245820999146,25,0,23,1,11
1403637151.688199758529663,23,3,23,0,11
1403637151.738210678100586,23,1,22,0,11
1403637151.788233995437622,25,0,21,2,11
1403637151.838223457336426,24,1,23,0,11
1403637151.888278484344482,25,0,21,3,11
1403637151.938270092010498,27,0,23,2,11
1403637151.988281965255737,25,0,25,0,11
1403637152.038286685943604,24,0,24,0,11
1403637152.088312149047852,25,0,23,2,11
1403637152.138355255126953,25,0,25,0,11
1403637152.188348054885864,26,0,24,1,11
1403637152.238439798355103,33,0,25,7,11
1403637152.288394451141357,33,0,31,1,11
1403637152.338460683822632,32,0,30,0,11
1403637152.388538122177124,32,0,30,1,11
1403637152.438443660736084,32,0,31,1,11
1403637152.488486766815186,31,0,31,0,11
1403637152.538443326950073,32,1,30,2,11
1403637152.588404893875122,32,0,32,0,11
1403637152.638439655303955,30,0,30,0,11
1403637152.688470125198364,31,0,30,1,11
1403637152.738505125045776,30,0,30,0,11
1403637152.788515090942383,31,0,30,1,11
1403637152.838562726974487,32,0,31,1,11
1403637152.888572454452515,31,0,31,0,11
1403637152.938563823699951,30,1,30,0,11
1403637152.988507032394409,31,0,30,1,11
1403637153.038546085357666,32,0,31,1,11
1403637153.088488578796387,32,0,32,0,11
1403637153.138439655303955,33,0,32,1,11
1403637153.188371658325195,38,0,31,6,11
1403637153.238370180130005,38,0,37,0,11
1403637153.288344621658325,37,0,37,0,11
1403637153.338351726531982,39,0,35,3,11
1403637153.388329029083252,38,0,36,1,11
1403637153.438319206237793,36,0,36,0,11
1403637153.488325834274292,36,0,36,0,11
1403637153.538316965103149,35,0,35,0,11
1403637153.588293075561523,35,0,35,0,11
1403637153.638272285461426,35,0,35,0,11
1403637153.688246726989746,35,0,35,0,11
1403637153.738237380981445,40,1,34,5,11
1403637153.788202047348022,39,0,37,1,11
1403637153.838203668594360,38,0,38,0,11
1403637153.888204336166382,37,0,36,0,11
1403637153.938205957412720,37,0,35,0,11
1403637153.988299608230591,36,0,34,0,11
1403637154.038352966308594,35,0,31,1,11
1403637154.088545322418213,34,0,32,0,11
1403637154.138645648956299,32,0,32,0,11
1403637154.188737630844116,32,0,32,0,11
1403637154.238705158233643,32,0,32,0,11
1403637154.288649082183838,32,1,31,0,11
1403637154.338596820831299,35,0,31,3,11
1403637154.388538599014282,33,0,32,0,11
1403637154.438400506973267,38,1,32,5,11
1403637154.488401889801025,40,6,35,3,11
1403637154.538445472717285,38,0,36,0,11
1403637154.588477611541748,36,0,35,1,11
1403637154.638614416122437,37,1,35,1,11
1403637154.688657760620117,37,0,33,1,11
1403637154.738651514053345,38,0,30,5,11
1403637154.788681268692017,36,0,33,1,11
1403637154.838713645935059,34,1,31,0,11
1403637154.888727426528931,32,0,30,0,11
1403637154.938754796981812,28,0,25,0,11
1403637154.988780021667480,27,0,22,0,11
1403637155.038821697235107,28,1,22,5,11
1403637155.088858127593994,30,1,25,5,11
1403637155.138873100280762,29,0,27,0,11
1403637155.188881397247314,29,0,27,0,11
1403637155.238902091979980,27,1,26,0,11
1403637155.288909435272217,24,0,22,0,11
1403637155.338900089263916,25,0,21,2,11
1403637155.388888120651245,32,0,22,9,11
1403637155.438873767852783,31,1,30,1,11
1403637155.488854646682739,31,1,29,0,11
1403637155.538811445236206,33,1,29,3,11
1403637155.588771820068359,32,0,32,0,11
1403637155.638736963272095,33,0,31,1,11
1403637155.688706159591675,36,0,30,4,11
1403637155.738685846328735,35,0,33,0,11
1403637155.788652420043945,41,2,33,7,11
1403637155.838646411895752,41,0,37,2,11
1403637155.888564825057983,39,0,38,0,11
1403637155.938505887985229,36,0,35,0,11
1403637155.988503456115723,33,0,31,1,11
1403637156.038514614105225,33,0,31,0,11
1403637156.088534593582153,29,1,28,0,11
1403637156.138520717620850,27,0,26,1,11
1403637156.188516139984131,27,1,27,0,11
1403637156.238511562347412,26,0,26,0,11
1403637156.288508415222168,25,0,24,0,11
1403637156.338515043258667,25,0,23,0,11
1403637156.388517141342163,24,1,23,0,11
1403637156.438503980636597,23,1,23,0,11
1403637156.488497495651245,22,2,22,0,11
1403637156.538496732711792,21,1,21,0,11
1403637156.588495969772339,21,0,20,0,11
1403637156.638500690460205,19,0,19,0,11
1403637156.688504457473755,18,0,18,0,11
1403637156.738514423370361,17,0,17,0,11
1403637156.788481950759888,22,1,15,6,11
1403637156.838462352752686,23,1,21,1,11
1403637156.888436079025269,20,0,20,0,11
1403637156.938426017761230,20,0,20,0,11
1403637156.988396167755127,20,0,19,0,11
1403637157.038407087326050,19,0,19,0,11
1403637157.088412523269653,19,0,19,0,11
1403637157.138437271118164,18,0,18,0,11
1403637157.188455820083618,20,0,18,2,11
1403637157.238515853881836,26,0,20,6,11
1403637157.288490533828735,27,0,26,1,11
1403637157.338488578796387,27,0,27,0,11
1403637157.388460636138916,29,1,27,2,11
1403637157.438450336456299,29,0,29,0,11
1403637157.488443613052368,30,0,29,1,11
1403637157.538440465927124,30,0,30,0,11
1403637157.588436603546143,36,0,29,6,11
1403637157.638435840606689,36,0,34,0,11
1403637157.688434123992920,35,0,34,0,11
1403637157.738433837890625,36,0,31,4,11
1403637157.788430690765381,35,2,32,1,11
1403637157.838444232940674,38,0,32,4,11
1403637157.888441085815430,35,0,34,1,11
1403637157.938445806503296,42,1,33,8,11
1403637157.988439798355103,45,1,40,4,11
1403637158.038433313369751,40,0,40,0,11
1403637158.088443279266357,41,1,38,1,11
1403637158.138458251953125,42,0,38,1,11
1403637158.188462734222412,41,0,37,1,11
1403637158.238453865051270,39,0,38,0,11
1403637158.288424491882324,39,0,36,1,11
1403637158.338378667831421,41,0,36,3,11
1403637158.388369798660278,42,0,36,5,11
1403637158.438350200653076,48,4,39,7,11
1403637158.488330364227295,48,3,44,1,11
1403637158.538285017013550,48,7,45,2,11
1403637158.588271617889404,47,0,47,0,11
1403637158.638257026672363,44,2,44,0,11
1403637158.688255071640015,44,1,41,0,11
1403637158.738243103027344,40,0,37,0,11
1403637158.788240432739258,37,1,33,1,11
1403637158.838236331939697,41,0,32,5,11
1403637158.888227462768555,38,2,37,0,11
1403637158.938222169876099,39,2,36,2,11
1403637158.988208055496216,39,2,36,1,11
1403637159.038201332092285,40,2,38,2,11
1403637159.088205814361572,49,0,39,9,11
1403637159.138200521469116,49,5,48,1,11
1403637159.188195943832397,48,7,48,0,11
1403637159.238204956054688,48,0,47,0,11
1403637159.288204193115234,50,6,47,2,11
1403637159.338216304779053,49,0,47,0,11
1403637159.388232707977295,50,0,46,1,11
1403637159.438231945037842,48,5,46,0,11
1403637159.488246679306030,48,0,45,1,11
1403637159.538258552551270,47,2,46,0,11
1403637159.588273763656616,45,4,45,0,11
1403637159.638306379318237,46,1,42,3,11
1403637159.688307523727417,45,0,44,0,11
1403637159.738277912139893,44,1,40,4,11
1403637159.788258075714111,46,2,42,4,11
1403637159.838248729705811,45,0,43,0,11
1403637159.888235330581665,48,2,41,5,11
1403637159.938213109970093,47,0,44,0,11
1403637159.988197088241577,45,5,38,3,11
1403637160.038216114044189,46,3,39,4,11
1403637160.088219881057739,44,3,42,0,11
1403637160.138210296630859,41,3,40,0,11
1403637160.188214302062988,39,0,38,0,11
1403637160.238219022750854,39,0,35,4,11
1403637160.288223266601562,39,2,39,0,11
1403637160.338226079940796,39,3,39,0,11
1403637160.388226985931396,46,1,37,9,11
1403637160.438226699829102,46,2,46,0,11
1403637160.488222360610962,43,3,42,1,11
1403637160.538222074508667,40,4,39,1,11
1403637160.588221788406372,43,2,34,6,11
1403637160.638216972351074,45,4,36,6,11
1403637160.688243627548218,42,2,40,0,11
1403637160.738283634185791,46,0,36,7,11
1403637160.788312911987305,41,1,40,0,11
1403637160.838359117507935,43,1,39,3,11
1403637160.888420581817627,49,1,39,7,11
1403637160.938447237014771,47,0,46,0,11
1403637160.988466978073120,46,0,45,0,11
1403637161.038505792617798,48,1,44,3,11
1403637161.088566303253174,48,4,46,2,11
1403637161.138595342636108,46,1,46,0,11
1403637161.188605546951294,49,1,45,3,11
1403637161.238615274429321,47,3,46,1,11
1403637161.288623332977295,49,2,47,2,11
1403637161.338637828826904,50,9,49,1,11
1403637161.388653993606567,49,0,49,0,11
1403637161.438661575317383,48,1,46,1,11
1403637161.488682746887207,49,1,46,2,11
1403637161.538665056228638,47,4,47,0,11
1403637161.588667869567871,50,11,47,3,11
1403637161.638655662536621,49,1,49,0,11
1403637161.688652515411377,48,5,44,1,11
1403637161.738643884658813,46,5,39,2,11
1403637161.788602352142334,42,3,38,0,11
1403637161.838559865951538,44,5,35,6,11
1403637161.888531208038330,40,6,37,0,11
1403637161.938507556915283,40,3,35,2,11
1403637161.988513469696045,39,1,33,0,11
1403637162.038518428802490,36,0,32,0,11
1403637162.088537216186523,30,5,29,0,11
1403637162.138561487197876,29,1,28,0,11
1403637162.188575983047485,39,2,26,12,11
1403637162.238592863082886,39,1,38,0,11
1403637162.288628816604614,43,1,37,5,11
1403637162.338640689849854,45,0,42,2,11
1403637162.388657569885254,49,0,44,5,11
1403637162.438662290573120,49,4,48,0,11
1403637162.488667964935303,50,8,47,1,11
1403637162.538668155670166,49,2,47,0,11
1403637162.588685989379883,48,0,46,1,11
1403637162.638737916946411,48,4,44,2,11
1403637162.688770532608032,49,9,46,2,11
1403637162.738775491714478,48,1,46,0,11
1403637162.788771390914917,46,2,42,0,11
1403637162.838764429092407,43,0,39,0,11
1403637162.888754129409790,40,2,36,0,11
1403637162.938747644424438,37,3,34,0,11
1403637162.988740205764771,33,0,31,0,11
1403637163.038731336593628,39,1,29,9,11
1403637163.088726282119751,44,1,36,6,11
1403637163.138724327087402,42,1,40,0,11
1403637163.188717365264893,40,2,38,1,11
1403637163.238719463348389,43,1,37,6,11
1403637163.288724660873413,49,7,41,6,11
1403637163.338728189468384,50,4,45,1,11
1403637163.388733148574829,46,1,45,0,11
1403637163.438729047775269,47,5,42,3,11
1403637163.488740444183350,47,5,42,2,11
1403637163.538756370544434,44,2,40,2,11
1403637163.588762283325195,41,4,38,0,11
1403637163.638768911361694,39,1,35,1,11
1403637163.688770532608032,36,1,33,0,11
1403637163.738778829574585,35,0,30,0,11
1403637163.788793325424194,44,1,29,12,11
1403637163.838809490203857,41,1,38,1,11
1403637163.888816833496094,47,0,39,6,11
1403637163.938828229904175,43,4,42,0,11
1403637163.988841056823730,48,2,40,6,11
1403637164.038837909698486,48,15,45,2,11
1403637164.088840723037720,46,4,43,1,11
1403637164.138836622238159,46,1,44,0,11
1403637164.188832759857178,46,12,41,4,11
1403637164.238821029663086,44,3,43,0,11
1403637164.288812875747681,43,2,40,1,11
1403637164.338807106018066,44,0,38,2,11
1403637164.388794898986816,43,1,39,1,11
1403637164.438788175582886,47,5,39,7,11
1403637164.488779783248901,42,1,42,0,11
1403637164.538775444030762,42,0,42,0,11
1403637164.588775157928467,42,1,40,1,11
1403637164.638769388198853,49,4,39,7,11
1403637164.688775777816772,48,31,45,1,11
1403637164.738775253295898,45,1,44,1,11
1403637164.788777351379395,42,2,40,0,11
1403637164.838773965835571,38,3,37,0,11
1403637164.888767719268799,33,5,32,0,11
1403637164.938765764236450,29,2,27,0,11
1403637164.988765478134155,28,4,24,1,11
1403637165.038763284683228,28,3,22,4,11
1403637165.088762521743774,24,2,24,0,11
1403637165.138759613037109,21,4,21,0,11
1403637165.188755512237549,24,4,21,3,11
1403637165.238751411437988,26,2,22,2,11
1403637165.288751125335693,44,1,22,18,11
1403637165.338744640350342,38,4,32,4,11
1403637165.388741731643677,34,3,32,1,11
1403637165.438741445541382,30,1,29,1,11
1403637165.488733530044556,34,2,25,6,11
1403637165.538725137710571,32,3,27,1,11
1403637165.588713169097900,30,6,21,6,11
1403637165.638706922531128,27,1,24,1,11
1403637165.688698291778564,27,4,23,2,11
1403637165.738688230514526,25,2,21,1,11
1403637165.788681745529175,26,0,19,4,11
1403637165.838678836822510,24,1,23,0,11
1403637165.888672351837158,27,1,22,4,11
1403637165.938672304153442,34,6,25,7,11
1403637165.988664865493774,33,4,29,3,11
1403637166.038659811019897,37,0,31,5,11
1403637166.088658094406128,43,2,32,9,11
1403637166.138659000396729,46,2,40,5,11
1403637166.188660144805908,45,2,41,2,11
1403637166.238659381866455,44,2,40,4,11
1403637166.288658857345581,45,1,39,3,11
1403637166.338635206222534,43,4,37,4,11
1403637166.388603687286377,44,5,39,3,11
1403637166.438607215881348,43,3,33,5,11
1403637166.488606929779053,40,0,37,1,11
1403637166.538601875305176,43,0,38,5,11
1403637166.588581562042236,45,0,43,2,11
1403637166.638527393341064,46,1,42,1,11
1403637166.688488245010376,47,2,40,4,11
1403637166.738475561141968,45,0,43,1,11
1403637166.788466453552246,42,0,39,1,11
1403637166.838476896286011,48,0,38,6,11
1403637166.888504028320312,48,7,43,2,11
1403637166.938535451889038,47,5,43,2,11
1403637166.988551378250122,47,1,45,1,11
1403637167.038564920425415,48,4,46,2,11
1403637167.088573694229126,49,0,48,1,11
1403637167.138583421707153,49,0,49,0,11
1403637167.188593387603760,49,0,49,0,11
1403637167.238586902618408,49,1,49,0,11
1403637167.288584232330322,50,4,49,1,11
1403637167.338579416275024,50,0,50,0,11
1403637167.388573646545410,50,0,50,0,11
1403637167.438571929931641,50,1,48,0,11
1403637167.488573074340820,50,10,47,0,11
1403637167.538574218750000,48,14,46,0,11
1403637167.588573932647705,46,1,43,1,11
1403637167.638567924499512,50,1,44,4,11
1403637167.688563346862793,48,0,47,0,11
1403637167.738559484481812,47,1,44,0,11
1403637167.788555383682251,43,4,42,0,11
1403637167.838554859161377,43,2,42,0,11
1403637167.888552427291870,49,3,40,7,11
1403637167.938548564910889,46,0,44,0,11
1403637167.988545179367065,44,4,41,0,11
1403637168.038532733917236,45,3,39,3,11
1403637168.088526725769043,47,5,41,4,11
1403637168.138521671295166,47,10,43,2,11
1403637168.188515663146973,45,1,44,0,11
1403637168.238507032394409,47,2,42,3,11
1403637168.288496732711792,49,11,42,2,11
1403637168.338493108749390,43,0,38,0,11
1403637168.388491392135620,38,1,35,1,11
1403637168.438491582870483,32,2,30,0,11
1403637168.488490581512451,40,1,30,9,11
1403637168.538494586944580,38,2,34,2,11
1403637168.588500022888184,39,3,33,1,11
1403637168.638500690460205,38,0,32,2,11
1403637168.688500881195068,44,4,31,11,11
1403637168.738499641418457,47,0,41,4,11
1403637168.788499593734741,44,0,41,0,11
1403637168.838502883911133,42,2,39,0,11
1403637168.888497352600098,47,6,36,8,11
1403637168.938500404357910,47,1,40,2,11
1403637168.988501548767090,46,3,39,2,11
1403637169.038500785827637,46,1,41,4,11
1403637169.088502407073975,44,0,43,0,11
1403637169.138502120971680,46,4,41,3,11
1403637169.188499450683594,44,1,42,0,11
1403637169.238493204116821,42,2,35,2,11
1403637169.288488388061523,48,10,34,7,11
1403637169.338480472564697,46,2,38,3,11
1403637169.388481140136719,43,2,35,2,11
1403637169.438479661941528,43,9,34,4,11
1403637169.488476276397705,42,2,36,4,11
1403637169.538474082946777,40,4,37,1,11
1403637169.588472843170166,38,1,34,1,11
1403637169.638470888137817,37,4,33,1,11
1403637169.688483715057373,34,3,31,1,11
1403637169.738497734069824,34,2,28,3,11
1403637169.788505315780640,29,3,23,1,11
1403637169.838510274887085,26,3,22,1,11
1403637169.888517618179321,29,2,16,10,11
1403637169.938515901565552,27,2,22,4,11
1403637169.988514900207520,24,1,24,0,11
1403637170.038516044616699,29,4,23,6,11
1403637170.088515281677246,29,1,27,0,11
1403637170.138518095016479,39,3,24,14,11
1403637170.188517093658447,37,1,35,0,11
1403637170.238515377044678,34,1,32,0,11
1403637170.288513660430908,40,2,30,8,11
1403637170.338514089584351,35,2,31,0,11
1403637170.388514757156372,31,4,29,0,11
1403637170.438515663146973,29,3,27,1,11
1403637170.488517284393311,31,7,24,6,11
1403637170.538518428802490,31,5,28,1,11
1403637170.588515520095825,31,3,25,5,11
1403637170.638513803482056,29,3,26,1,11
1403637170.688511848449707,27,3,24,0,11
1403637170.738507747650146,29,4,22,5,11
1403637170.788506031036377,19,7,19,0,11
1403637170.838502883911133,17,5,16,0,11
1403637170.888504981994629,18,4,15,1,11
1403637170.938496351242065,25,6,15,8,11
1403637170.988493680953979,24,0,24,0,11
1403637171.038492202758789,27,5,24,3,11
1403637171.088490486145020,33,3,24,6,11
1403637171.138485908508301,38,3,29,7,11
1403637171.188482284545898,45,4,35,9,11
1403637171.238486766815186,43,0,40,0,11
1403637171.288490772247314,42,4,39,0,11
1403637171.338496923446655,45,4,36,8,11
1403637171.388497114181519,47,4,43,4,11
1403637171.438495874404907,47,1,46,0,11
1403637171.488497734069824,46,1,45,0,11
1403637171.538499593734741,47,3,45,2,11
1403637171.588497161865234,45,2,44,0,11
1403637171.638496160507202,47,1,43,3,11
1403637171.688495397567749,49,2,46,3,11
1403637171.738493442535400,50,2,48,1,11
1403637171.788491010665894,50,10,49,0,11
1403637171.838493585586548,48,2,48,0,11
1403637171.888495683670044,49,1,48,1,11
1403637171.938496589660645,49,3,47,1,11
1403637171.988501548767090,49,6,47,1,11
1403637172.038502454757690,47,0,44,0,11
1403637172.088505268096924,49,2,44,3,11
1403637172.138501644134521,47,13,45,1,11
1403637172.188481330871582,47,0,45,0,11
1403637172.238456010818481,46,0,42,2,11
1403637172.288443565368652,48,4,44,2,11
1403637172.338445901870728,45,3,43,2,11
1403637172.388449907302856,50,2,45,5,11
1403637172.438453912734985,47,2,47,0,11
1403637172.488464832305908,46,3,46,0,11
1403637172.538473606109619,45,1,44,1,11
1403637172.588491201400757,48,5,44,4,11
1403637172.638498783111572,47,2,47,0,11
1403637172.688503503799438,46,0,46,0,11
1403637172.738505125045776,49,10,45,3,11
1403637172.788495540618896,47,4,43,1,11
1403637172.838478326797485,48,4,43,2,11
1403637172.888458728790283,48,3,43,3,11
1403637172.938452243804932,44,1,40,2,11
1403637172.988446950912476,42,0,40,1,11
1403637173.038443803787231,46,3,40,6,11
1403637173.088444471359253,45,1,45,0,11
1403637173.138442277908325,45,1,44,0,11
1403637173.188427686691284,50,7,44,5,11
1403637173.238414287567139,46,9,45,0,11
1403637173.288399696350098,45,0,42,0,11
1403637173.338381290435791,46,2,37,4,11
1403637173.388370037078857,47,2,40,3,11
1403637173.438362598419189,44,2,43,0,11
1403637173.488371849060059,47,11,42,4,11
1403637173.538379669189453,47,1,43,0,11
1403637173.588390350341797,43,6,40,1,11
1403637173.638402938842773,40,1,39,1,11
1403637173.688416242599487,39,2,38,0,11
1403637173.738426923751831,36,2,35,0,11
1403637173.788437128067017,37,6,34,2,11
1403637173.838443756103516,47,1,36,10,11
1403637173.888452291488647,45,1,43,0,11
1403637173.938450098037720,48,11,41,5,11
1403637173.988452196121216,46,0,44,2,11
1403637174.038451671600342,49,0,41,3,11
1403637174.088442802429199,49,12,40,0,11
1403637174.138435363769531,44,0,38,0,11
1403637174.188430547714233,41,0,38,1,11
1403637174.238435983657837,41,0,38,3,11
1403637174.288440942764282,41,1,37,0,11
1403637174.338445901870728,41,0,36,0,11
1403637174.388451099395752,39,1,33,2,11
1403637174.438455343246460,38,1,33,1,11
1403637174.488455295562744,35,1,32,0,11
1403637174.538456678390503,47,0,30,13,11
1403637174.588450908660889,44,3,41,1,11
1403637174.638447761535645,39,3,37,0,11
1403637174.688452005386353,42,14,35,4,11
1403637174.738445043563843,40,1,34,3,11
1403637174.788438558578491,35,2,32,2,11
1403637174.838434457778931,32,0,29,1,11
1403637174.888432502746582,39,4,28,10,11
1403637174.938429355621338,37,0,37,0,11
1403637174.988430023193359,37,4,36,0,11
1403637175.038431644439697,33,1,32,0,11
1403637175.088427305221558,32,2,28,2,11
1403637175.138424396514893,33,1,30,2,11
1403637175.188424587249756,31,3,29,1,11
1403637175.238420963287354,38,3,29,7,11
1403637175.288424968719482,42,2,33,8,11
1403637175.338424444198608,43,6,40,1,11
1403637175.388412475585938,47,3,37,7,11
1403637175.438408851623535,45,1,43,0,11
1403637175.488401174545288,44,1,42,1,11
1403637175.538393259048462,41,2,39,2,11
1403637175.588387727737427,46,1,40,6,11
1403637175.638384819030762,46,0,45,0,11
1403637175.688382625579834,48,1,44,2,11
1403637175.738381862640381,47,1,45,0,11
1403637175.788381814956665,46,3,43,1,11
1403637175.838378429412842,45,3,44,0,11
1403637175.888373851776123,46,7,43,3,11
1403637175.938368558883667,45,2,44,0,11
1403637175.988367319107056,47,0,42,3,11
1403637176.038369178771973,48,10,45,2,11
1403637176.088368415832520,46,4,45,0,11
1403637176.138369560241699,46,0,44,0,11
1403637176.188369750976562,44,2,43,0,11
1403637176.238369226455688,43,5,43,0,11
1403637176.288370132446289,44,0,43,1,11
1403637176.338370323181152,45,2,44,1,11
1403637176.388374805450439,48,2,44,4,11
1403637176.438378572463989,48,1,46,1,11
1403637176.488380908966064,48,5,44,1,11
1403637176.538382530212402,46,1,44,0,11
1403637176.588386058807373,47,4,42,4,11
1403637176.638391494750977,48,31,45,2,11
1403637176.688396692276001,44,18,43,1,11
1403637176.738396167755127,44,1,44,0,11
1403637176.788394689559937,44,1,44,0,11
1403637176.838394403457642,43,2,41,0,11
1403637176.888394355773926,42,1,40,0,11
1403637176.938395261764526,38,1,38,0,11
1403637176.988397121429443,38,0,37,1,11
1403637177.038398742675781,37,2,37,0,11
1403637177.088398694992065,37,1,34,3,11
1403637177.138400554656982,49,17,37,12,11
1403637177.188401222229004,50,3,47,1,11
1403637177.238403320312500,49,20,48,0,11
1403637177.288404941558838,49,8,47,1,11
1403637177.338406324386597,47,1,44,0,11
1403637177.388407468795776,44,0,41,0,11
1403637177.438408851623535,40,1,39,0,11
1403637177.488410234451294,38,0,38,0,11
1403637177.538412570953369,48,4,36,11,11
1403637177.588413000106812,46,0,44,0,11
1403637177.638412952423096,45,3,42,0,11
1403637177.688413858413696,43,0,42,0,11
1403637177.738416671752930,48,5,41,6,11
1403637177.788415670394897,50,4,46,2,11
1403637177.838414669036865,49,36,47,0,11
1403637177.888414144515991,47,9,45,1,11
1403637177.938413858413696,46,2,44,0,11
1403637177.988411426544189,46,0,41,0,11
1403637178.038407087326050,43,1,35,2,11
1403637178.088406324386597,41,5,37,1,11
1403637178.138401031494141,40,1,35,3,11
1403637178.188398599624634,37,2,35,0,11
1403637178.238400220870972,35,4,32,1,11
1403637178.288404226303101,35,2,31,0,11
1403637178.338409185409546,36,1,31,4,11
1403637178.388412237167358,34,3,27,0,11
1403637178.438414812088013,45,3,26,11,11
1403637178.488428831100464,42,16,36,4,11
1403637178.538427114486694,40,2,38,0,11
1403637178.588429450988770,37,0,37,0,11
1403637178.638442993164062,37,1,35,0,11
1403637178.688457727432251,38,2,32,2,11
1403637178.738466501235962,35,2,29,0,11
1403637178.788473606109619,34,0,28,1,11
1403637178.838479280471802,40,4,29,10,11
1403637178.888481140136719,39,1,38,0,11
1403637178.938478231430054,40,3,38,1,11
1403637178.988477468490601,40,0,39,1,11
1403637179.038473367691040,44,0,39,5,11
1403637179.088462591171265,47,13,42,4,11
1403637179.138459205627441,47,0,46,0,11
1403637179.188457489013672,46,1,46,0,11
1403637179.238456487655640,46,0,45,0,11
1403637179.288456439971924,48,11,42,2,11
1403637179.338455915451050,48,0,44,1,11
1403637179.388454198837280,47,1,44,2,11
1403637179.438453912734985,50,3,45,3,11
1403637179.488452434539795,50,1,47,1,11
1403637179.538452386856079,49,2,46,0,11
1403637179.588452339172363,47,0,45,0,11
1403637179.638452529907227,45,0,43,1,11
1403637179.688454151153564,48,9,44,3,11
1403637179.738453149795532,48,0,45,0,11
1403637179.788451194763184,49,8,42,2,11
1403637179.838447093963623,44,1,41,0,11
1403637179.888444900512695,48,7,41,6,11
1403637179.938445806503296,44,1,43,0,11
1403637179.988443851470947,45,0,41,1,11
1403637180.038443088531494,46,3,39,2,11
1403637180.088442564010620,45,1,41,1,11
1403637180.138448953628540,44,0,41,2,11
1403637180.188449621200562,41,2,38,0,11
1403637180.238441228866577,45,3,33,8,11
1403637180.288447380065918,43,4,39,2,11
1403637180.338449716567993,39,0,38,0,11
1403637180.388450384140015,44,1,34,7,11
1403637180.438450098037720,43,1,39,1,11
1403637180.488450527191162,48,8,39,7,11
1403637180.538449525833130,44,3,43,1,11
1403637180.588442087173462,42,2,41,0,11
1403637180.638422727584839,43,2,40,1,11
1403637180.688408851623535,44,2,39,2,11
1403637180.738404035568237,44,1,39,2,11
1403637180.788396358489990,43,0,41,1,11
1403637180.838396549224854,45,1,37,4,11
1403637180.888405084609985,46,0,36,2,11
1403637180.938408613204956,44,6,35,3,11
1403637180.988414287567139,41,0,37,1,11
1403637181.038427352905273,48,6,33,10,11
1403637181.088440895080566,46,3,40,2,11
1403637181.138450384140015,46,15,38,6,11
1403637181.188452243804932,45,2,43,0,11
1403637181.238448143005371,43,1,40,1,11
1403637181.288443565368652,43,8,40,0,11
1403637181.338438749313354,42,1,36,2,11
1403637181.388435125350952,41,3,37,0,11
1403637181.438436985015869,38,4,33,3,11
1403637181.488441467285156,36,3,35,0,11
1403637181.538446426391602,40,2,34,5,11
1403637181.588446855545044,48,4,39,8,11
1403637181.638448953628540,47,0,47,0,11
1403637181.688450336456299,48,0,45,1,11
1403637181.738450527191162,48,9,43,2,11
1403637181.788444519042969,47,14,42,2,11
1403637181.838443517684937,47,7,44,1,11
1403637181.888443946838379,44,2,44,0,11
1403637181.938444137573242,43,3,40,0,11
1403637181.988443374633789,49,5,38,6,11
1403637182.038439750671387,47,1,43,1,11
1403637182.088436365127563,44,6,41,0,11
1403637182.138437747955322,43,2,37,0,11
1403637182.188437461853027,44,2,37,3,11
1403637182.238439798355103,46,4,37,6,11
1403637182.288440227508545,44,1,39,0,11
1403637182.338438034057617,47,8,37,6,11
1403637182.388437271118164,47,5,38,3,11
1403637182.438434839248657,45,1,38,0,11
1403637182.488433599472046,40,1,37,0,11
1403637182.538434028625488,39,1,36,2,11
1403637182.588432312011719,49,9,37,11,11
1403637182.638429403305054,47,1,45,1,11
1403637182.688426971435547,47,0,43,2,11
1403637182.738425493240356,46,1,45,0,11
1403637182.788424015045166,44,3,43,1,11
1403637182.838424921035767,45,2,42,3,11
1403637182.888421535491943,49,13,45,4,11
1403637182.938421964645386,49,4,47,1,11
1403637182.988420963287354,50,6,48,1,11
1403637183.038421392440796,47,2,46,0,11
1403637183.088421583175659,46,1,45,0,11
1403637183.138422012329102,45,0,44,0,11
1403637183.188422679901123,49,2,43,4,11
1403637183.238422870635986,49,8,46,1,11
1403637183.288424015045166,49,18,46,1,11
1403637183.338424444198608,49,0,46,1,11
1403637183.388424634933472,49,1,44,1,11
1403637183.438425064086914,46,0,44,0,11
1403637183.488425016403198,48,5,44,3,11
1403637183.538424968719482,48,0,46,2,11
1403637183.588424444198608,50,4,48,2,11
1403637183.638422966003418,50,1,50,0,11
1403637183.688424110412598,50,0,50,0,11
1403637183.738423585891724,50,3,50,0,11
1403637183.788423538208008,50,1,50,0,11
1403637183.838422536849976,50,5,49,0,11
1403637183.888422012329102,50,19,48,0,11
1403637183.938422918319702,49,1,48,0,11
1403637183.988422870635986,48,0,47,0,11
1403637184.038425445556641,49,2,46,1,11
1403637184.088426828384399,48,3,47,0,11
1403637184.138429641723633,47,0,47,0,11
1403637184.188435792922974,50,1,46,3,11
1403637184.238438844680786,49,4,48,0,11
1403637184.288440704345703,48,0,48,0,11
1403637184.338440179824829,50,32,46,2,11
1403637184.388443470001221,50,1,45,0,11
1403637184.438449144363403,47,5,42,0,11
1403637184.488467216491699,46,14,38,3,11
1403637184.538470983505249,45,0,39,1,11
1403637184.588476896286011,42,0,34,1,11
1403637184.638481855392456,41,1,34,1,11
1403637184.688484668731689,40,0,31,5,11
1403637184.738486289978027,40,0,35,2,11
1403637184.788486003875732,35,1,35,0,11
1403637184.838485479354858,37,3,34,2,11
1403637184.888481140136719,37,13,36,1,11
1403637184.938478708267212,46,5,37,9,11
1403637184.988478183746338,47,0,44,1,11
1403637185.038474321365356,49,4,45,2,11
1403637185.088467836380005,48,11,47,1,11
1403637185.138463973999023,47,0,46,0,11
1403637185.188461303710938,48,0,44,2,11
1403637185.238460779190063,47,2,46,1,11
1403637185.288460016250610,50,2,46,3,11
1403637185.338460206985474,50,12,49,0,11
1403637185.388462305068970,49,1,48,0,11
1403637185.438462257385254,48,0,46,0,11
1403637185.488459825515747,47,0,46,0,11
1403637185.538454532623291,47,3,44,2,11
1403637185.588450193405151,47,0,46,0,11
1403637185.638442754745483,48,1,44,2,11
1403637185.688439130783081,50,11,45,2,11
1403637185.738436222076416,48,1,47,0,11
1403637185.788435459136963,47,0,46,0,11
1403637185.838433980941772,49,1,46,2,11
1403637185.888433218002319,49,0,48,1,11
1403637185.938417434692383,50,18,49,1,11
1403637185.988416910171509,50,3,50,0,11
1403637186.038415670394897,49,2,49,0,11
1403637186.088415145874023,50,0,49,1,11
1403637186.138411521911621,50,4,50,0,11
1403637186.188409805297852,50,0,49,0,11
1403637186.238406181335449,50,1,49,0,11
1403637186.288401126861572,49,11,49,0,11
1403637186.338400602340698,49,2,49,0,11
1403637186.388395309448242,49,17,49,0,11
1403637186.438394784927368,49,1,49,0,11
1403637186.488394737243652,50,0,49,1,11
1403637186.538393735885620,50,18,49,0,11
1403637186.588393211364746,49,5,48,0,11
1403637186.638391017913818,48,2,48,0,11
1403637186.688389062881470,48,5,48,0,11
1403637186.738384008407593,50,4,48,2,11
1403637186.788381814956665,50,0,50,0,11
1403637186.838381290435791,50,4,50,0,11
1403637186.888381004333496,50,12,49,0,11
1403637186.938383102416992,50,2,48,0,11
1403637186.988386154174805,49,12,48,0,11
1403637187.038390874862671,48,31,48,0,11
1403637187.088392734527588,50,6,48,2,11
1403637187.138394355773926,50,16,50,0,11
1403637187.188394784927368,50,2,50,0,11
1403637187.238394737243652,50,1,50,0,11
1403637187.288395643234253,50,1,50,0,11
1403637187.338395833969116,50,4,50,0,11
1403637187.388396263122559,50,0,50,0,11
1403637187.438396453857422,47,1,47,0,11
1403637187.488398551940918,50,10,47,3,11
1403637187.538399696350098,50,4,48,0,11
1403637187.588398694992065,49,14,47,0,11
1403637187.638398885726929,46,26,46,0,11
1403637187.688398838043213,46,1,45,1,11
1403637187.738394498825073,50,7,46,4,11
1403637187.788394927978516,48,2,48,0,11
1403637187.838395118713379,49,0,48,1,11
1403637187.888395309448242,49,0,49,0,11
1403637187.938395738601685,50,1,49,1,11
1403637187.988395690917969,49,0,49,0,11
1403637188.038395881652832,50,3,49,1,11
1403637188.088396072387695,49,8,49,0,11
1403637188.138396501541138,50,3,48,1,11
1403637188.188397407531738,50,11,48,0,11
1403637188.238397121429443,48,25,46,0,11
1403637188.288398027420044,46,0,45,0,11
1403637188.338397264480591,47,1,42,4,11
1403637188.388397216796875,47,0,45,2,11
1403637188.438396453857422,46,0,46,0,11
1403637188.488396406173706,46,1,46,0,11
1403637188.538396120071411,47,0,46,1,11
1403637188.588395357131958,47,1,47,0,11
1403637188.638395786285400,47,2,47,0,11
1403637188.688395738601685,50,5,47,3,11
1403637188.738394975662231,49,3,49,0,11
1403637188.788393974304199,47,6,46,1,11
1403637188.838392972946167,49,20,45,2,11
1403637188.888391017913818,48,0,46,1,11
1403637188.938388824462891,47,0,46,1,11
1403637188.988385438919067,47,0,47,0,11
1403637189.038379430770874,48,25,44,3,11
1403637189.088375568389893,45,2,42,0,11
1403637189.138373136520386,43,0,41,0,11
1403637189.188371419906616,41,0,41,0,11
1403637189.238371133804321,40,1,40,0,11
1403637189.288372755050659,40,1,38,2,11
1403637189.338372468948364,39,0,38,1,11
1403637189.388369798660278,43,1,38,5,11
1403637189.438362836837769,45,14,40,5,11
1403637189.488360881805420,43,2,42,0,11
1403637189.538360595703125,42,0,40,1,11
1403637189.588363409042358,39,1,37,0,11
1403637189.638366460800171,49,9,37,10,11
1403637189.688371658325195,45,2,45,0,11
1403637189.738379001617432,49,8,45,4,11
1403637189.788383483886719,50,1,47,1,11
1403637189.838384389877319,49,0,47,0,11
1403637189.888382911682129,47,0,47,0,11
1403637189.938380241394043,46,2,45,0,11
1403637189.988379478454590,44,1,42,0,11
1403637190.038381099700928,46,10,41,3,11
1403637190.088381528854370,44,0,43,0,11
1403637190.138381719589233,41,1,39,0,11
1403637190.188381195068359,40,2,37,0,11
1403637190.238378524780273,48,4,37,10,11
1403637190.288378715515137,47,1,44,2,11
1403637190.338379144668579,46,11,44,1,11
1403637190.388383388519287,46,2,44,1,11
1403637190.438383102416992,44,0,43,0,11
1403637190.488380670547485,46,2,42,2,11
1403637190.538378238677979,45,1,44,0,11
1403637190.588375329971313,44,1,44,0,11
1403637190.638368844985962,45,11,41,3,11
1403637190.688365459442139,44,1,42,1,11
1403637190.738364458084106,44,0,43,1,11
1403637190.788363933563232,44,0,44,0,11
1403637190.838364601135254,47,3,44,3,11
1403637190.888365268707275,48,0,47,1,11
1403637190.938366413116455,48,9,47,0,11
1403637190.988366365432739,47,2,46,0,11
1403637191.038367509841919,46,0,46,0,11
1403637191.088367700576782,49,2,46,3,11
1403637191.138367891311646,49,1,46,0,11
1403637191.188367128372192,50,3,45,1,11
1403637191.238366603851318,47,12,45,0,11
1403637191.288367033004761,46,0,45,0,11
1403637191.338367700576782,46,0,45,1,11
1403637191.388367652893066,46,0,46,0,11
1403637191.438367605209351,48,9,46,2,11
1403637191.488368034362793,48,1,48,0,11
1403637191.538367986679077,48,8,47,0,11
1403637191.588368177413940,48,0,47,0,11
1403637191.638368368148804,49,0,45,2,11
1403637191.688368320465088,48,0,46,0,11
1403637191.738368749618530,47,1,45,1,11
1403637191.788368701934814,49,0,45,2,11
1403637191.838366746902466,47,11,44,1,11
1403637191.888365507125854,45,1,44,0,11
1403637191.938363313674927,42,0,40,1,11
1403637191.988361835479736,41,0,39,0,11
1403637192.038361787796021,44,6,36,5,11
1403637192.088363647460938,46,2,40,4,11
1403637192.138362407684326,46,7,43,2,11
1403637192.188361406326294,46,0,45,1,11
1403637192.238360166549683,45,0,44,0,11
1403637192.288359403610229,44,0,43,0,11
1403637192.338359117507935,44,0,42,2,11
1403637192.388358831405640,46,0,43,3,11
1403637192.438360214233398,48,8,46,2,11
1403637192.488361597061157,50,6,48,2,11
1403637192.538362264633179,50,0,49,0,11
1403637192.588362216949463,50,0,49,0,11
1403637192.638362884521484,49,4,49,0,11
1403637192.688363075256348,49,0,49,0,11
1403637192.738363265991211,48,6,48,0,11
1403637192.788363695144653,48,0,48,0,11
1403637192.838367462158203,49,10,48,1,11
1403637192.888367414474487,49,0,49,0,11
1403637192.938367128372192,48,1,48,0,11
1403637192.988367319107056,48,0,48,0,11
1403637193.038367986679077,48,6,47,0,11
1403637193.088368654251099,50,4,46,2,11
1403637193.138370275497437,49,0,48,0,11
1403637193.188371181488037,48,0,47,0,11
1403637193.238373517990112,49,3,47,1,11
1403637193.288373947143555,48,0,47,0,11
1403637193.338371753692627,48,6,47,0,11
1403637193.388370513916016,47,1,47,0,11
1403637193.438368558883667,50,2,47,3,11
1403637193.488368272781372,50,0,50,0,11
1403637193.538365840911865,49,3,48,0,11
1403637193.588366031646729,49,2,47,0,11
1403637193.638365983963013,49,6,47,1,11
1403637193.688365936279297,49,1,47,1,11
1403637193.738367319107056,47,2,46,0,11
1403637193.788366556167603,48,4,44,2,11
1403637193.838365316390991,48,2,43,2,11
1403637193.888367176055908,46,0,42,1,11
1403637193.938369512557983,46,0,41,2,11
1403637193.988373279571533,45,0,42,1,11
1403637194.038377046585083,41,1,39,0,11
1403637194.088377714157104,41,0,39,0,11
1403637194.138376951217651,41,10,37,3,11
1403637194.188376665115356,40,0,35,0,11
1403637194.238376617431641,45,0,34,6,11
1403637194.288376808166504,43,0,37,3,11
1403637194.338376045227051,41,1,38,0,11
1403637194.388375520706177,41,0,37,3,11
1403637194.438375711441040,39,0,37,2,11
1403637194.488377332687378,41,1,38,2,11
1403637194.538378000259399,42,0,38,1,11
1403637194.588377714157104,41,2,37,1,11
1403637194.638377189636230,40,0,36,2,11
1403637194.688376903533936,38,0,35,0,11
1403637194.738377332687378,41,3,33,5,11
1403637194.788377285003662,40,0,36,0,11
1403637194.838377237319946,38,0,35,1,11
1403637194.888376712799072,38,2,36,2,11
1403637194.938376188278198,38,0,37,0,11
1403637194.988374948501587,45,1,34,8,11
1403637195.038373708724976,43,2,40,0,11
1403637195.088373422622681,39,0,37,0,11
1403637195.138372898101807,33,2,30,0,11
1403637195.188371658325195,34,1,29,2,11
1403637195.238371133804321,31,0,28,1,11
1403637195.288371324539185,32,0,29,2,11
1403637195.338370084762573,38,1,31,7,11
1403637195.388369798660278,37,1,37,0,11
1403637195.438369989395142,40,0,36,3,11
1403637195.488369941711426,38,1,37,0,11
1403637195.538370609283447,40,0,32,5,11
1403637195.588370800018311,43,1,37,3,11
1403637195.638370513916016,41,1,38,1,11
1403637195.688369750976562,46,0,36,6,11
1403637195.738369703292847,44,0,40,0,11
1403637195.788369178771973,41,1,38,2,11
1403637195.838368177413940,40,0,40,0,11
1403637195.888368844985962,37,1,36,0,11
1403637195.938368320465088,40,1,36,3,11
1403637195.988368272781372,38,1,38,0,11
1403637196.038367271423340,40,0,37,2,11
1403637196.088367223739624,41,2,39,1,11
1403637196.138366937637329,44,0,38,5,11
1403637196.188367366790771,44,0,40,3,11
1403637196.238368272781372,45,1,41,3,11
1403637196.288368463516235,49,0,42,4,11
1403637196.338369131088257,48,1,45,0,11
1403637196.388369560241699,47,7,43,1,11
1403637196.438369750976562,46,4,41,1,11
1403637196.488369941711426,45,0,40,3,11
1403637196.538370609283447,47,3,42,4,11
1403637196.588370800018311,48,5,45,3,11
1403637196.638371944427490,49,3,47,1,11
1403637196.688371658325195,49,8,47,1,11
1403637196.738373517990112,48,6,42,1,11
1403637196.788374185562134,44,0,38,0,11
1403637196.838374376296997,40,1,38,1,11
1403637196.888373374938965,39,4,39,0,11
1403637196.938372611999512,47,2,37,9,11
1403637196.988375425338745,47,5,45,0,11
1403637197.038377523422241,44,3,42,1,11
1403637197.088379621505737,39,7,37,0,11
1403637197.138381004333496,40,4,36,2,11
1403637197.188382625579834,40,4,32,4,11
1403637197.238385200500488,38,2,33,0,11
1403637197.288385152816772,36,4,26,3,11
1403637197.338386774063110,39,2,28,5,11
1403637197.388389110565186,39,4,27,9,11
1403637197.438389778137207,35,4,31,0,11
1403637197.488390684127808,32,7,26,0,11
1403637197.538391590118408,26,3,22,1,11
1403637197.588392019271851,26,1,20,5,11
1403637197.638391733169556,30,4,16,10,11
1403637197.688393831253052,28,4,24,0,11
1403637197.738395452499390,26,3,20,1,11
1403637197.788398504257202,27,3,20,4,11
1403637197.838401317596436,22,4,20,0,11
1403637197.888402223587036,23,3,17,2,11
1403637197.938401699066162,24,5,19,2,11
1403637197.988402605056763,31,3,19,11,11
1403637198.038400888442993,25,4,21,0,11
1403637198.088398456573486,26,5,20,3,11
1403637198.138398170471191,23,4,21,0,11
1403637198.188395977020264,23,2,21,1,11
1403637198.238394260406494,26,1,18,4,11
1403637198.288395881652832,38,1,19,14,11
1403637198.338396787643433,34,0,31,0,11
1403637198.388398170471191,37,5,30,5,11
1403637198.438398838043213,36,2,33,2,11
1403637198.488399505615234,35,2,33,0,11
1403637198.538401842117310,35,4,29,4,11
1403637198.588402748107910,33,1,31,1,11
1403637198.638402223587036,35,3,30,3,11
1403637198.688401222229004,39,1,31,7,11
1403637198.738398551940918,40,2,34,5,11
1403637198.788398504257202,39,4,35,0,11
1403637198.838399887084961,41,2,30,8,11
1403637198.888398885726929,44,2,36,6,11
1403637198.938399314880371,45,1,38,2,11
1403637198.988398790359497,41,1,38,0,11
1403637199.038397073745728,44,8,35,8,11
1403637199.088397979736328,41,0,38,0,11
1403637199.138399600982666,42,1,37,2,11
1403637199.188400745391846,41,1,36,1,11
1403637199.238397121429443,40,4,32,3,11
1403637199.288400411605835,43,12,30,9,11
1403637199.338399648666382,41,4,37,0,11
1403637199.388397932052612,38,3,36,0,11
1403637199.438395023345947,36,1,36,0,11
1403637199.488393068313599,34,2,32,0,11
1403637199.538394451141357,40,1,32,6,11
1403637199.588393688201904,39,5,36,1,11
1403637199.638391971588135,41,0,34,3,11
1403637199.688389301300049,37,0,36,0,11
1403637199.738387584686279,43,8,32,11,11
1403637199.788386821746826,42,2,38,0,11
1403637199.838384151458740,29,11,26,0,11
1403637199.888383388519287,29,8,24,3,11
1403637199.938378572463989,44,0,27,15,11
1403637199.988378047943115,41,5,37,0,11
1403637200.038379192352295,37,4,33,0,11
1403637200.088376045227051,32,1,31,0,11
1403637200.138377428054810,27,0,23,0,11
1403637200.188378572463989,37,0,17,14,11
1403637200.238381624221802,28,1,25,1,11
1403637200.288386821746826,25,4,25,0,11
1403637200.338390827178955,21,1,21,0,11
1403637200.388392448425293,21,3,19,0,11
1403637200.438392877578735,26,4,17,9,11
1403637200.488393068313599,25,1,24,0,11
1403637200.538387060165405,37,1,24,13,11
1403637200.588381528854370,35,4,33,0,11
1403637200.638375759124756,33,5,31,1,11
1403637200.688359022140503,45,1,27,16,11
1403637200.738353490829468,41,2,39,0,11
1403637200.788339853286743,46,7,36,9,11
1403637200.838334321975708,46,0,44,0,11
1403637200.888331651687622,49,10,42,4,11
1403637200.938324928283691,49,21,46,1,11
1403637200.988325595855713,47,1,47,0,11
1403637201.038324832916260,47,0,46,0,11
1403637201.088324785232544,47,1,46,0,11
1403637201.138325452804565,46,1,45,1,11
1403637201.188325166702271,46,0,46,0,11
1403637201.238329648971558,50,30,46,4,11
1403637201.288331508636475,50,2,49,0,11
1403637201.338334798812866,48,0,47,0,11
1403637201.388339281082153,47,3,43,3,11
1403637201.438342809677124,47,0,46,0,11
1403637201.488344907760620,49,5,46,3,11
1403637201.538347005844116,49,23,48,1,11
1403637201.588347196578979,49,0,48,1,11
1403637201.638347864151001,49,0,49,0,11
1403637201.688349485397339,48,1,47,0,11
1403637201.738351583480835,49,1,47,1,11
1403637201.788353443145752,49,1,47,0,11
1403637201.838354110717773,49,26,47,1,11
1403637201.888356208801270,50,0,47,2,11
1403637201.938357114791870,49,1,48,0,11
1403637201.988356351852417,49,1,48,1,11
1403637202.038354635238647,49,0,49,0,11
1403637202.088351011276245,50,0,49,1,11
1403637202.138345479965210,50,12,50,0,11
1403637202.188344478607178,50,0,50,0,11
1403637202.238344430923462,49,0,49,0,11
1403637202.288344383239746,49,0,49,0,11
1403637202.338344335556030,47,0,47,0,11
1403637202.388344764709473,47,0,47,0,11
1403637202.438345909118652,45,3,45,0,11
1403637202.488346815109253,44,0,44,0,11
1403637202.538347482681274,44,0,44,0,11
1403637202.588350057601929,48,13,44,4,11
1403637202.638350009918213,47,0,46,0,11
1403637202.688349485397339,49,0,46,2,11
1403637202.738351106643677,49,12,48,1,11
1403637202.788351058959961,49,0,48,0,11
1403637202.838352680206299,49,0,48,0,11
1403637202.888353586196899,48,0,48,0,11
1403637202.938355207443237,48,0,48,0,11
1403637202.988356113433838,47,0,47,0,11
1403637203.038357496261597,48,5,47,1,11
1403637203.088357686996460,48,0,47,0,11
1403637203.138357400894165,48,0,46,0,11
1403637203.188356399536133,48,11,46,1,11
1403637203.238356828689575,47,0,47,0,11
1403637203.288357019424438,47,0,47,0,11
1403637203.338356971740723,50,10,47,3,11
1403637203.388356924057007,50,0,50,0,11
1403637203.438356876373291,50,0,50,0,11
1403637203.488356590270996,50,1,50,0,11
1403637203.538357257843018,50,0,50,0,11
1403637203.588356733322144,49,0,49,0,11
1403637203.638356685638428,49,3,49,0,11
1403637203.688356876373291,49,0,49,0,11
1403637203.738356828689575,49,0,49,0,11
1403637203.788357734680176,50,11,49,1,11
1403637203.838357448577881,50,0,50,0,11
1403637203.888358354568481,50,0,50,0,11
1403637203.938358306884766,49,8,49,0,11
1403637203.988359212875366,49,0,49,0,11
1403637204.038359642028809,49,0,49,0,11
1403637204.088359832763672,49,0,49,0,11
1403637204.138360023498535,49,0,49,0,11
1403637204.188360452651978,49,0,49,0,11
1403637204.238360643386841,49,2,49,0,11
1403637204.288361310958862,49,0,49,0,11
1403637204.338361978530884,49,0,49,0,11
1403637204.388362646102905,49,9,49,0,11
1403637204.438363790512085,49,0,49,0,11
1403637204.488364219665527,49,0,49,0,11
1403637204.538364887237549,50,17,49,1,11
1403637204.588364601135254,50,0,50,0,11
1403637204.638364553451538,50,0,50,0,11
1403637204.688364267349243,50,0,50,0,11
1403637204.738363981246948,50,0,50,0,11
1403637204.788364410400391,50,0,50,0,11
1403637204.838364362716675,50,1,50,0,11
1403637204.888364315032959,49,0,49,0,11
1403637204.938365221023560,48,0,48,0,11
1403637204.988366127014160,48,6,48,0,11
1403637205.038366794586182,48,0,48,0,11
1403637205.088366270065308,48,0,48,0,11
1403637205.138365507125854,48,6,48,0,11
1403637205.188365221023560,48,0,48,0,11
1403637205.238365173339844,48,0,48,0,11
1403637205.288364887237549,48,0,48,0,11
1403637205.338364362716675,48,0,48,0,11
1403637205.388364315032959,48,0,48,0,11
1403637205.438364028930664,48,1,48,0,11
1403637205.488362312316895,48,0,48,0,11
1403637205.538362026214600,48,0,48,0,11
1403637205.588361263275146,48,6,48,0,11
1403637205.638361215591431,48,0,48,0,11
1403637205.688360929489136,48,0,48,0,11
1403637205.738360643386841,48,0,48,0,11
1403637205.788360118865967,48,0,48,0,11
1403637205.838359594345093,48,0,48,0,11
1403637205.888359069824219,48,0,48,0,11
1403637205.938358545303345,48,0,47,0,11
1403637205.988358259201050,48,0,47,0,11
1403637206.038358211517334,47,0,47,0,11
1403637206.088357686996460,47,0,47,0,11
1403637206.138357400894165,47,0,47,0,11
1403637206.188357830047607,47,0,47,0,11
1403637206.238357782363892,47,0,47,0,11
1403637206.288357973098755,46,0,46,0,11
1403637206.338358163833618,46,1,46,0,11
1403637206.388357877731323,46,0,46,0,11
1403637206.438357830047607,46,0,46,0,11
1403637206.488357782363892,46,0,46,0,11
1403637206.538357734680176,46,0,46,0,11
1403637206.588357925415039,46,0,46,0,11
1403637206.638358116149902,46,0,46,0,11
1403637206.688357830047607,46,0,46,0,11
1403637206.738358020782471,46,0,45,0,11
1403637206.788358449935913,46,0,45,0,11
1403637206.838358402252197,45,0,45,0,11
1403637206.888359069824219,45,0,45,0,11
1403637206.938357830047607,45,0,45,0,11
1403637206.988357543945312,45,0,45,0,11
1403637207.038358211517334,45,0,45,0,11
1403637207.088358163833618,45,0,45,0,11
1403637207.138358831405640,45,0,45,0,11
1403637207.188358545303345,45,0,45,0,11
1403637207.238358974456787,45,0,45,0,11
1403637207.288359880447388,45,0,45,0,11
1403637207.338360309600830,45,0,45,0,11
1403637207.388360261917114,45,0,45,0,11
1403637207.438360214233398,45,0,45,0,11
1403637207.488360404968262,45,0,45,0,11
1403637207.538360595703125,45,1,45,0,11
1403637207.588360309600830,45,0,45,0,11
1403637207.638359785079956,45,0,45,0,11
1403637207.688359975814819,45,0,45,0,11
1403637207.738360404968262,45,0,45,0,11
1403637207.788362503051758,45,0,45,0,11
1403637207.838364362716675,45,0,45,0,11
1403637207.888367414474487,45,0,45,0,11
1403637207.938369274139404,45,0,45,0,11
1403637207.988370418548584,45,2,45,0,11
1403637208.038370609283447,45,0,45,0,11
1403637208.088370800018311,45,0,45,0,11
1403637208.138370037078857,45,0,45,0,11
1403637208.188370466232300,45,0,45,0,11
1403637208.238370418548584,45,0,45,0,11
1403637208.288370370864868,45,0,45,0,11
1403637208.338370800018311,45,0,45,0,11
1403637208.388370752334595,45,0,45,0,11
1403637208.438370704650879,45,0,45,0,11
1403637208.488370895385742,44,0,44,0,11
1403637208.538370847702026,44,0,44,0,11
1403637208.588370323181152,44,2,44,0,11
1403637208.638370275497437,44,0,44,0,11
1403637208.688369989395142,44,0,44,0,11
1403637208.738369941711426,44,3,44,0,11
1403637208.788369894027710,44,0,44,0,11
1403637208.838369846343994,44,0,44,0,11
1403637208.888369560241699,44,0,44,0,11
1403637208.938369274139404,43,0,43,0,11
1403637208.988368988037109,43,0,43,0,11
1403637209.038368701934814,43,1,43,0,11
1403637209.088368892669678,43,0,43,0,11
1403637209.138368606567383,43,0,43,0,11
1403637209.188368797302246,45,3,43,2,11
1403637209.238367557525635,45,0,45,0,11
1403637209.288367033004761,45,0,45,0,11
1403637209.338366270065308,45,2,45,0,11
1403637209.388365745544434,45,1,45,0,11
1403637209.438366174697876,45,0,45,0,11
1403637209.488367080688477,45,0,45,0,11
1403637209.538367748260498,45,0,45,0,11
1403637209.588368654251099,45,0,45,0,11
1403637209.638369083404541,44,0,44,0,11
1403637209.688369512557983,44,0,44,0,11
1403637209.738369703292847,44,0,44,0,11
1403637209.788370370864868,44,0,44,0,11
1403637209.838370800018311,44,0,44,0,11
1403637209.888370990753174,44,0,44,0,11
1403637209.938370943069458,43,1,42,0,11
1403637209.988371133804321,44,0,42,1,11
1403637210.038371324539185,43,0,43,0,11
1403637210.088371276855469,41,0,41,0,11
1403637210.138371706008911,41,0,41,0,11
1403637210.188371658325195,40,0,40,0,11
1403637210.238371849060059,39,1,39,0,11
1403637210.288371801376343,38,0,38,0,11
1403637210.338372230529785,37,0,37,0,11
1403637210.388372898101807,39,0,35,4,11
1403637210.438373565673828,38,0,38,0,11
1403637210.488376617431641,38,1,37,0,11
1403637210.538381576538086,44,15,37,6,11
1403637210.588383674621582,47,3,43,4,11
1403637210.638385057449341,48,1,47,1,11
1403637210.688384771347046,48,3,48,0,11
1403637210.738384485244751,48,2,48,0,11
1403637210.788384675979614,50,23,47,2,11
1403637210.838384628295898,50,2,49,0,11
1403637210.888384342193604,47,1,47,0,11
1403637210.938384771347046,47,0,47,0,11
1403637210.988385200500488,48,2,46,1,11
1403637211.038385391235352,49,2,46,1,11
1403637211.088385581970215,47,4,46,0,11
1403637211.138386487960815,46,5,44,1,11
1403637211.188386440277100,48,2,45,2,11
1403637211.238386869430542,47,0,45,0,11
1403637211.288387537002563,46,0,42,0,11
1403637211.338386774063110,41,1,39,0,11
1403637211.388385534286499,46,2,39,7,11
1403637211.438387632369995,48,3,43,3,11
1403637211.488389968872070,49,1,43,1,11
1403637211.538393020629883,46,0,42,0,11
1403637211.588394165039062,45,1,42,2,11
1403637211.638395786285400,47,5,41,4,11
1403637211.688395738601685,46,2,42,1,11
1403637211.738395214080811,44,1,39,1,11
1403637211.788393974304199,42,2,39,0,11
1403637211.838391542434692,41,1,38,1,11
1403637211.888391494750977,37,2,34,0,11
1403637211.938390731811523,41,3,31,7,11
1403637211.988389253616333,38,2,35,1,11
1403637212.038387537002563,39,1,35,3,11
1403637212.088388681411743,38,3,35,0,11
1403637212.138388872146606,36,5,34,0,11
1403637212.188386201858521,40,5,33,7,11
1403637212.238386154174805,40,1,37,2,11
1403637212.288385868072510,41,1,37,1,11
1403637212.338384628295898,42,3,37,3,11
1403637212.388383626937866,44,1,39,4,11
1403637212.438382863998413,41,0,38,0,11
1403637212.488381147384644,41,2,36,2,11
1403637212.538378715515137,37,0,37,0,11
1403637212.588378190994263,40,1,36,4,11
1403637212.638375520706177,45,2,38,5,11
1403637212.688374519348145,47,3,37,4,11
1403637212.738374471664429,46,1,40,1,11
1403637212.788374900817871,44,2,39,2,11
1403637212.838374614715576,42,0,38,2,11
1403637212.888374328613281,38,3,34,0,11
1403637212.938373804092407,38,1,32,2,11
1403637212.988373041152954,37,2,31,3,11
1403637213.038372516632080,32,3,29,0,11
1403637213.088371992111206,29,0,26,0,11
1403637213.138371706008911,27,3,24,1,11
1403637213.188371419906616,27,3,22,1,11
1403637213.238371372222900,30,1,21,4,11
1403637213.288371086120605,26,7,23,0,11
1403637213.338371038436890,23,3,19,2,11
1403637213.388370037078857,25,2,20,4,11
1403637213.438369989395142,31,2,22,8,11
1403637213.488369703292847,32,1,29,1,11
1403637213.538370609283447,34,3,27,6,11
1403637213.588369846343994,35,4,28,5,11
1403637213.638369321823120,33,4,31,0,11
1403637213.688369750976562,33,2,31,2,11
1403637213.738369226455688,33,1,31,1,11
1403637213.788369178771973,30,1,29,0,11
1403637213.838368177413940,28,1,25,1,11
1403637213.888368606567383,30,3,25,2,11
1403637213.938369274139404,32,2,27,4,11
1403637213.988369941711426,30,2,30,0,11
1403637214.038369655609131,33,2,29,3,11
1403637214.088368892669678,33,0,31,1,11
1403637214.138367652893066,31,5,30,0,11
1403637214.188366889953613,31,0,29,2,11
1403637214.238366365432739,31,1,30,1,11
1403637214.288365125656128,37,1,30,7,11
1403637214.338365316390991,42,1,36,5,11
1403637214.388364315032959,39,4,37,0,11
1403637214.438364028930664,37,6,34,1,11
1403637214.488364219665527,35,1,30,0,11
1403637214.538366079330444,34,0,27,2,11
1403637214.588368892669678,35,1,28,6,11
1403637214.638370037078857,35,3,32,0,11
1403637214.688370704650879,33,1,32,0,11
1403637214.738370418548584,30,1,29,0,11
1403637214.788369894027710,31,0,27,3,11
1403637214.838368892669678,43,0,28,13,11
1403637214.888368368148804,42,1,39,0,11
1403637214.938367128372192,41,0,39,0,11
1403637214.988365411758423,44,0,38,6,11
1403637215.038364648818970,43,0,42,1,11
1403637215.088362932205200,49,2,41,6,11
1403637215.138362646102905,49,0,46,0,11
1403637215.188362598419189,47,6,46,0,11
1403637215.238361835479736,49,10,46,3,11
1403637215.288363218307495,49,2,49,0,11
1403637215.338363409042358,49,2,47,0,11
1403637215.388364315032959,49,5,47,0,11
1403637215.438364982604980,47,10,46,1,11
1403637215.488362789154053,47,1,46,0,11
1403637215.538362503051758,45,0,44,0,11
1403637215.588363170623779,45,3,42,1,11
1403637215.638362884521484,44,0,43,0,11
1403637215.688363552093506,43,0,43,0,11
1403637215.738365173339844,41,0,41,0,11
1403637215.788364410400391,46,1,38,6,11
1403637215.838367700576782,47,21,42,3,11
1403637215.888368129730225,45,0,44,0,11
1403637215.938368558883667,44,0,40,1,11
1403637215.988368749618530,45,2,39,3,11
1403637216.038369417190552,48,1,41,5,11
1403637216.088368415832520,46,1,45,0,11
1403637216.138368844985962,42,3,40,0,11
1403637216.188366889953613,41,0,37,0,11
1403637216.238360404968262,48,7,35,9,11
1403637216.288358926773071,44,2,39,0,11
1403637216.338356971740723,38,1,37,0,11
1403637216.388354301452637,38,2,36,1,11
1403637216.438354492187500,46,5,32,11,11
1403637216.488353490829468,48,4,42,2,11
1403637216.538353443145752,44,0,42,0,11
1403637216.588354110717773,46,0,42,3,11
1403637216.638353109359741,49,22,45,4,11
1403637216.688354015350342,50,0,48,1,11
1403637216.738354444503784,50,1,49,0,11
1403637216.788354873657227,50,0,49,1,11
1403637216.838354825973511,50,9,49,0,11
1403637216.888354539871216,50,2,48,0,11
1403637216.938353300094604,49,3,48,0,11
1403637216.988352537155151,49,0,48,1,11
1403637217.038349628448486,50,4,49,1,11
1403637217.088347911834717,50,0,49,0,11
1403637217.138345718383789,50,3,46,0,11
1403637217.188344955444336,49,0,46,0,11
1403637217.238344192504883,48,19,46,2,11
1403637217.288345575332642,50,19,48,2,11
1403637217.338345289230347,50,1,50,0,11
1403637217.388345241546631,50,0,49,0,11
1403637217.438345432281494,50,6,49,0,11
1403637217.488345861434937,49,1,49,0,11
1403637217.538345813751221,49,0,48,0,11
1403637217.588344812393188,50,0,48,1,11
1403637217.638343811035156,49,1,49,0,11
1403637217.688342571258545,49,0,49,0,11
1403637217.738341331481934,50,1,48,1,11
1403637217.788340568542480,48,1,47,0,11
1403637217.838344573974609,47,16,44,2,11
1403637217.888349294662476,49,13,44,3,11
1403637217.938349962234497,47,0,45,1,11
1403637217.988351583480835,46,0,45,0,11
1403637218.038353681564331,48,4,44,3,11
1403637218.088357448577881,47,0,46,1,11
1403637218.138359546661377,46,0,45,0,11
1403637218.188360929489136,43,0,42,0,11
1403637218.238361597061157,40,0,39,0,11
1403637218.288361787796021,39,0,38,0,11
1403637218.338360786437988,40,1,37,2,11
1403637218.388360977172852,40,0,38,0,11
1403637218.438360929489136,47,4,34,8,11
1403637218.488361835479736,49,10,43,3,11
1403637218.538361787796021,46,2,46,0,11
1403637218.588361024856567,47,2,46,1,11
1403637218.638360261917114,49,2,47,2,11
1403637218.688360214233398,50,1,49,1,11
1403637218.738361358642578,50,34,50,0,11
1403637218.788361310958862,49,0,49,0,11
1403637218.838361501693726,49,3,48,0,11
1403637218.888361454010010,49,1,48,0,11
1403637218.938360929489136,49,1,47,1,11
1403637218.988361597061157,49,1,47,0,11
1403637219.038361549377441,48,6,47,0,11
1403637219.088362455368042,49,3,45,2,11
1403637219.138364553451538,50,1,47,1,11
1403637219.188366174697876,48,0,47,0,11
1403637219.238366365432739,47,1,43,1,11
1403637219.288367986679077,46,1,44,0,11
1403637219.338369369506836,46,19,44,2,11
1403637219.388369560241699,45,0,44,0,11
1403637219.438367366790771,44,0,42,0,11
1403637219.488360881805420,43,0,40,0,11
1403637219.538356304168701,42,0,38,1,11
1403637219.588352441787720,40,1,38,0,11
1403637219.638352394104004,42,1,35,5,11
1403637219.688354492187500,43,0,39,2,11
1403637219.738354682922363,42,6,38,1,11
1403637219.788354635238647,41,1,39,0,11
1403637219.838358879089355,39,0,39,0,11
1403637219.888361215591431,40,2,39,1,11
1403637219.938362598419189,45,9,39,6,11
1403637219.988365888595581,45,1,44,0,11
1403637220.038367748260498,43,1,41,0,11
1403637220.088381052017212,47,28,40,5,11
1403637220.138381719589233,46,0,43,0,11
1403637220.188381671905518,46,0,43,1,11
1403637220.238381624221802,44,0,44,0,11
1403637220.288382053375244,45,0,42,2,11
1403637220.338382244110107,48,1,44,3,11
1403637220.388382673263550,46,1,44,0,11
1403637220.438382863998413,45,0,42,1,11
1403637220.488383531570435,43,0,41,0,11
1403637220.538383960723877,45,1,41,2,11
1403637220.588384389877319,43,0,40,0,11
1403637220.638384580612183,43,0,39,0,11
1403637220.688385009765625,46,25,39,6,11
1403637220.738385438919067,45,0,44,0,11
1403637220.788386583328247,47,0,45,2,11
1403637220.838386297225952,48,2,47,1,11
1403637220.888386726379395,48,0,47,0,11
1403637220.938387155532837,48,0,47,0,11
1403637220.988388061523438,48,0,47,1,11
1403637221.038388729095459,48,0,47,0,11
1403637221.088390111923218,49,0,46,1,11
1403637221.138391256332397,47,1,46,0,11
1403637221.188392639160156,46,1,45,1,11
1403637221.238393306732178,44,0,43,0,11
1403637221.288393735885620,48,18,42,4,11
1403637221.338393926620483,47,0,45,0,11
1403637221.388393163681030,46,0,45,0,11
1403637221.438393354415894,46,0,44,2,11
1403637221.488392591476440,46,0,46,0,11
1403637221.538393020629883,45,0,44,0,11
1403637221.588392496109009,44,0,43,0,11
1403637221.638392210006714,42,0,42,0,11
1403637221.688391923904419,41,3,41,0,11
1403637221.738392353057861,42,2,41,1,11
1403637221.788392305374146,42,0,42,0,11
1403637221.838392257690430,42,0,41,0,11
1403637221.888392925262451,48,12,41,6,11
1403637221.938393115997314,47,1,45,1,11
1403637221.988394021987915,48,2,46,1,11
1403637222.038394212722778,46,0,46,0,11
1403637222.088395595550537,46,0,46,0,11
1403637222.138394832611084,46,2,45,0,11
1403637222.188394308090210,47,26,44,1,11
1403637222.238391876220703,47,6,45,1,11
1403637222.288391351699829,46,0,46,0,11
1403637222.338388204574585,46,1,45,0,11
1403637222.388386011123657,46,0,45,0,11
1403637222.438383817672729,45,0,45,0,11
1403637222.488383293151855,49,8,44,5,11
1403637222.538384437561035,49,0,47,0,11
1403637222.588386297225952,49,0,47,0,11
1403637222.638389587402344,47,1,46,0,11
1403637222.688390254974365,47,0,46,0,11
1403637222.738394260406494,46,0,46,0,11
1403637222.788397073745728,48,25,45,2,11
1403637222.838397979736328,48,5,47,0,11
1403637222.888399124145508,47,0,47,0,11
1403637222.938400030136108,47,0,47,0,11
1403637222.988399982452393,47,0,47,0,11
1403637223.038400173187256,47,0,47,0,11
1403637223.088400125503540,47,1,47,0,11
1403637223.138400554656982,47,0,47,0,11
1403637223.188400745391846,47,0,47,0,11
1403637223.238401889801025,47,0,47,0,11
1403637223.288402795791626,47,0,47,0,11
1403637223.338403463363647,47,0,47,0,11
1403637223.388404130935669,47,8,47,0,11
1403637223.438403367996216,47,5,47,0,11
1403637223.488402843475342,48,0,46,1,11
1403637223.538402318954468,47,0,46,0,11
1403637223.588401556015015,46,0,46,0,11
1403637223.638401269912720,46,0,46,0,11
1403637223.688400745391846,46,1,46,0,11
1403637223.738400220870972,46,0,46,0,11
1403637223.788399934768677,46,0,45,0,11
1403637223.838399648666382,47,0,45,1,11
1403637223.888399362564087,46,0,46,0,11
1403637223.938399314880371,46,0,46,0,11
1403637223.988399028778076,46,15,46,0,11
1403637224.038398981094360,47,5,46,1,11
1403637224.088399171829224,48,0,47,1,11
1403637224.138399839401245,48,0,48,0,11
1403637224.188399553298950,48,0,48,0,11
1403637224.238399505615234,48,0,48,0,11
1403637224.288399934768677,48,0,48,0,11
1403637224.338399887084961,48,0,48,0,11
1403637224.388400077819824,48,0,48,0,11
1403637224.438400030136108,48,0,48,0,11
1403637224.488399744033813,48,0,47,0,11
1403637224.538400173187256,48,0,48,0,11
1403637224.588399410247803,48,5,48,0,11
1403637224.638398647308350,48,3,48,0,11
1403637224.688398361206055,48,0,48,0,11
1403637224.738398075103760,48,0,48,0,11
1403637224.788398504257202,48,0,48,0,11
1403637224.838399171829224,48,0,48,0,11
1403637224.888399362564087,48,0,48,0,11
1403637224.938399553298950,48,0,48,0,11
1403637224.988399267196655,48,0,48,0,11
1403637225.038399696350098,48,0,48,0,11
1403637225.088399887084961,48,0,48,0,11
1403637225.138400077819824,48,0,48,0,11
1403637225.188400030136108,48,5,48,0,11
1403637225.238400220870972,48,3,48,0,11
1403637225.288400888442993,48,0,47,0,11
1403637225.338400602340698,47,0,46,0,11
1403637225.388400554656982,47,0,46,1,11
1403637225.438400745391846,47,0,47,0,11
1403637225.488400697708130,47,0,47,0,11
1403637225.538401126861572,47,0,47,0,11
1403637225.588401079177856,47,0,47,0,11
1403637225.638401985168457,47,0,46,0,11
1403637225.688402175903320,48,0,46,1,11
1403637225.738402605056763,48,0,46,1,11
1403637225.788402557373047,48,8,47,0,11
1403637225.838402271270752,47,5,47,0,11
1403637225.888400793075562,47,0,47,0,11
1403637225.938396692276001,47,0,47,0,11
1403637225.988392829895020,47,0,47,0,11
1403637226.038391590118408,47,0,47,0,11
1403637226.088390350341797,47,1,46,0,11
1403637226.138390302658081,47,0,46,0,11
1403637226.188389301300049,47,0,45,1,11
1403637226.238394260406494,47,0,45,0,11
1403637226.288398981094360,47,0,45,1,11
1403637226.338405370712280,47,0,44,2,11
1403637226.388413667678833,47,13,45,0,11
1403637226.438417673110962,47,5,44,1,11
1403637226.488419771194458,46,0,45,0,11
1403637226.538420677185059,46,0,43,1,11
1403637226.588420867919922,45,0,43,0,11
1403637226.638421297073364,44,0,43,1,11
1403637226.688421726226807,43,0,42,0,11
1403637226.738422632217407,43,0,42,0,11
1403637226.788423299789429,42,0,42,0,11
1403637226.838425159454346,41,0,41,0,11
1403637226.888426542282104,41,0,40,0,11
1403637226.938427209854126,41,0,39,0,11
1403637226.988433361053467,45,10,40,5,11
1403637227.038434982299805,47,4,45,2,11
1403637227.088435411453247,47,0,45,0,11
1403637227.138436317443848,46,0,44,0,11
1403637227.188436031341553,44,0,44,0,11
1403637227.238435745239258,44,0,43,1,11
1403637227.288434982299805,45,0,43,1,11
1403637227.338434457778931,45,0,44,0,11
1403637227.388433694839478,44,0,44,0,11
1403637227.438432931900024,44,0,43,0,11
1403637227.488432407379150,44,0,43,0,11
1403637227.538431406021118,42,0,41,0,11
1403637227.588433742523193,43,7,39,1,11
1403637227.638433456420898,47,0,38,5,11
1403637227.688433647155762,45,0,43,0,11
1403637227.738433122634888,43,0,43,0,11
1403637227.788433551788330,44,0,43,1,11
1403637227.838433980941772,44,0,44,0,11
1403637227.888434410095215,44,0,43,0,11
1403637227.938434362411499,44,0,43,0,11
1403637227.988434553146362,44,0,43,1,11
1403637228.038434505462646,44,0,44,0,11
1403637228.088434696197510,44,0,44,0,11
1403637228.138434648513794,44,0,42,0,11
1403637228.188433885574341,44,5,41,0,11
1403637228.238433599472046,43,0,41,1,11
1403637228.288433790206909,43,0,42,1,11
1403637228.338433980941772,43,0,43,0,11
1403637228.388433933258057,43,0,43,0,11
1403637228.438433647155762,43,0,43,0,11
1403637228.488433599472046,43,0,43,0,11
1403637228.538433790206909,43,0,43,0,11
1403637228.588433742523193,43,0,42,0,11
1403637228.638433933258057,43,0,42,0,11
1403637228.688434362411499,42,0,42,0,11
1403637228.738435029983521,42,0,41,0,11
1403637228.788435935974121,43,4,39,1,11
1403637228.838436126708984,42,0,40,0,11
1403637228.888435840606689,42,0,39,3,11
1403637228.938435554504395,42,0,42,0,11
1403637228.988434791564941,42,0,42,0,11
1403637229.038435220718384,42,0,41,0,11
1403637229.088435888290405,42,0,40,0,11
1403637229.138435602188110,41,0,41,0,11
1403637229.188435554504395,41,0,41,0,11
1403637229.238435745239258,41,0,39,0,11
1403637229.288436412811279,40,0,39,0,11
1403637229.338436841964722,39,0,38,0,11
1403637229.388435840606689,42,0,37,3,11
1403637229.438433408737183,41,0,39,0,11
1403637229.488431215286255,42,0,39,2,11
1403637229.538430213928223,43,0,41,2,11
1403637229.588430166244507,43,0,41,0,11
1403637229.638430833816528,42,0,40,0,11
1403637229.688430786132812,42,0,40,1,11
1403637229.738430261611938,43,0,41,2,11
1403637229.788431167602539,44,0,42,1,11
1403637229.838430881500244,44,0,40,0,11
1403637229.888430595397949,43,0,39,1,11
1403637229.938429832458496,41,0,39,0,11
1403637229.988429069519043,39,1,36,0,11
1403637230.038429737091064,40,0,35,2,11
1403637230.088430643081665,39,0,37,1,11
1403637230.138431787490845,38,0,37,0,11
1403637230.188433885574341,38,0,34,0,11
1403637230.238436222076416,37,0,33,0,11
1403637230.288439273834229,35,0,32,2,11
1403637230.338442325592041,35,0,34,0,11
1403637230.388445854187012,34,0,34,0,11
1403637230.438449382781982,34,1,34,0,11
1403637230.488453149795532,35,0,34,1,11
1403637230.538455009460449,35,0,35,0,11
1403637230.588455915451050,36,0,35,1,11
1403637230.638455867767334,36,2,35,0,11
1403637230.688455343246460,37,1,33,1,11
1403637230.738455057144165,37,0,34,1,11
1403637230.788455486297607,36,0,34,1,11
1403637230.838455438613892,36,0,35,0,11
1403637230.888455390930176,35,0,34,1,11
1403637230.938457250595093,33,5,33,0,11
1403637230.988455772399902,33,0,32,0,11
1403637231.038455724716187,31,0,29,0,11
1403637231.088456392288208,26,0,26,0,11
1403637231.138457298278809,25,1,25,0,11
1403637231.188459157943726,20,0,19,0,11
1403637231.238461017608643,16,0,14,0,11
1403637231.288461923599243,13,1,12,0,11
1403637231.338462591171265,7,0,6,0,11
1403637231.388462543487549,2,0,1,0,11
1403637231.438462495803833,0,0,0,0,11
1403637231.488462448120117,0,0,0,0,11
1403637231.538461446762085,9,0,0,9,11
1403637231.588460922241211,9,1,9,0,11
1403637231.638460874557495,9,1,9,0,11
1403637231.688460826873779,9,1,9,0,11
1403637231.738461017608643,9,0,9,0,11
1403637231.788461446762085,32,0,9,23,11
1403637231.838461637496948,32,0,32,0,11
1403637231.888461828231812,32,3,32,0,11
1403637231.938462257385254,32,3,32,0,11
1403637231.988461494445801,33,2,28,5,11
1403637232.038458824157715,31,5,29,0,11
1403637232.088455915451050,30,2,28,0,11
1403637232.138452053070068,42,2,25,15,11
1403637232.188451051712036,40,0,39,1,11
1403637232.238454341888428,38,0,38,0,11
1403637232.288456201553345,37,0,35,0,11
1403637232.338457822799683,33,0,33,0,11
1403637232.388459444046021,37,1,31,5,11
1403637232.438461542129517,34,1,32,0,11
1403637232.488462448120117,29,0,28,0,11
1403637232.538462400436401,31,2,27,4,11
1403637232.588462352752686,32,2,31,1,11
1403637232.638462305068970,31,0,31,0,11
1403637232.688462257385254,30,1,30,0,11
1403637232.738461494445801,38,1,29,9,11
1403637232.788461446762085,38,1,38,0,11
1403637232.838461160659790,38,0,38,0,11
1403637232.888461351394653,37,0,36,0,11
1403637232.938461780548096,42,3,35,7,11
1403637232.988461494445801,45,0,36,3,11
1403637233.038462400436401,40,0,37,0,11
1403637233.088462591171265,37,0,37,0,11
1403637233.138462543487549,48,5,36,12,11
1403637233.188463449478149,48,1,48,0,11
1403637233.238464117050171,47,2,45,0,11
1403637233.288465023040771,48,1,45,1,11
1403637233.338465452194214,45,0,44,1,11
1403637233.388466596603394,49,11,43,4,11
1403637233.438467264175415,48,1,46,0,11
1403637233.488468170166016,46,0,45,0,11
1403637233.538469791412354,49,3,44,3,11
1403637233.588469505310059,42,2,41,0,11
1403637233.638468027114868,41,4,37,0,11
1403637233.688466072082520,42,0,36,5,11
1403637233.738462924957275,45,4,40,5,11
1403637233.788465023040771,44,0,44,0,11
1403637233.838469028472900,47,0,44,3,11
1403637233.888473272323608,47,2,46,1,11
1403637233.938477516174316,43,0,42,0,11
1403637233.988479852676392,47,0,38,4,11
1403637234.038481712341309,44,0,42,0,11
1403637234.088482141494751,40,1,39,0,11
1403637234.138482332229614,47,0,37,7,11
1403637234.188482761383057,44,4,42,0,11
1403637234.238482475280762,41,1,40,1,11
1403637234.288483381271362,40,0,38,1,11
1403637234.338482856750488,48,1,37,9,11
1403637234.388483047485352,44,1,43,0,11
1403637234.438482046127319,49,5,42,6,11
1403637234.488481760025024,48,1,47,0,11
1403637234.538483142852783,45,1,44,0,11
1403637234.588484048843384,47,0,43,3,11
1403637234.638484239578247,46,0,40,1,11
1403637234.688483953475952,48,4,39,4,11
1403637234.738484144210815,40,1,38,0,11
1403637234.788484811782837,43,0,37,4,11
1403637234.838485717773438,42,2,39,1,11
1403637234.888486385345459,41,2,37,2,11
1403637234.938486576080322,37,0,35,0,11
1403637234.988486051559448,38,0,31,4,11
1403637235.038485765457153,39,2,34,3,11
1403637235.088483333587646,40,0,36,3,11
1403637235.138482570648193,44,1,37,5,11
1403637235.188480615615845,41,2,39,0,11
1403637235.238479137420654,40,0,38,0,11
1403637235.288476943969727,38,4,37,0,11
1403637235.338474273681641,44,0,34,7,11
1403637235.388473033905029,43,0,41,0,11
1403637235.438473463058472,46,2,40,6,11
1403637235.488474369049072,46,3,44,0,11
1403637235.538474559783936,46,1,44,0,11
1403637235.588475465774536,46,7,42,4,11
1403637235.638477563858032,46,1,43,1,11
1403637235.688480854034424,48,0,43,2,11
1403637235.738485097885132,47,8,40,2,11
1403637235.788489341735840,46,4,41,0,11
1403637235.838492393493652,39,4,36,0,11
1403637235.888494491577148,43,0,32,7,11
1403637235.938493251800537,41,1,35,0,11
1403637235.988491535186768,36,3,32,1,11
1403637236.038489818572998,38,2,32,5,11
1403637236.088489532470703,37,2,36,0,11
1403637236.138488054275513,40,0,33,6,11
1403637236.188486814498901,40,5,35,4,11
1403637236.238487005233765,36,3,33,0,11
1403637236.288487911224365,41,1,32,8,11
1403637236.338490486145020,42,3,36,3,11
1403637236.388491392135620,44,1,34,3,11
1403637236.438491582870483,36,5,32,1,11
1403637236.488490581512451,37,3,28,5,11
1403637236.538490533828735,34,4,31,1,11
1403637236.588489055633545,34,5,30,2,11
1403637236.638489246368408,32,4,31,0,11
1403637236.688490629196167,38,4,31,7,11
1403637236.738491535186768,36,2,35,0,11
1403637236.788493871688843,41,6,33,7,11
1403637236.838495969772339,38,4,36,0,11
1403637236.888496398925781,36,4,29,1,11
1403637236.938497304916382,35,4,27,4,11
1403637236.988497972488403,27,1,26,0,11
1403637237.038498163223267,26,3,23,0,11
1403637237.088498353958130,29,2,21,8,11
1403637237.138497591018677,26,4,23,2,11
1403637237.188494920730591,33,3,23,9,11
1403637237.238492965698242,31,3,28,0,11
1403637237.288491964340210,29,3,28,0,11
1403637237.338491678237915,28,2,28,0,11
1403637237.388492822647095,39,3,27,11,11
1403637237.438493728637695,39,1,33,0,11
1403637237.488493680953979,43,3,31,5,11
1403637237.538494110107422,38,4,35,0,11
1403637237.588495492935181,37,0,33,2,11
1403637237.638494729995728,37,5,30,2,11
1403637237.688492059707642,47,4,32,12,11
1403637237.738491773605347,44,2,43,0,11
1403637237.788492679595947,46,2,40,3,11
1403637237.838495254516602,44,0,42,0,11
1403637237.888496398925781,43,0,41,1,11
1403637237.938499689102173,49,10,42,6,11
1403637237.988500118255615,48,0,48,0,11
1403637238.038500547409058,48,0,48,0,11
1403637238.088500738143921,49,0,48,1,11
1403637238.138498783111572,49,26,48,1,11
1403637238.188498497009277,48,0,47,1,11
1403637238.238498210906982,47,1,46,0,11
1403637238.288496971130371,50,2,46,3,11
1403637238.338495969772339,49,3,46,0,11
1403637238.388494968414307,49,0,45,1,11
1403637238.438494443893433,47,1,46,1,11
1403637238.488494157791138,47,0,45,0,11
1403637238.538494586944580,49,3,43,2,11
1403637238.588494062423706,47,1,45,0,11
1403637238.638491868972778,44,0,43,0,11
1403637238.688488483428955,44,0,43,0,11
1403637238.738477230072021,48,33,41,5,11
1403637238.788475990295410,48,0,44,0,11
1403637238.838473796844482,46,0,42,0,11
1403637238.888472318649292,43,0,41,0,11
1403637238.938471317291260,42,0,39,2,11
1403637238.988470315933228,42,0,42,0,11
1403637239.038470029830933,42,0,38,2,11
1403637239.088469505310059,41,1,38,1,11
1403637239.138470649719238,41,2,37,3,11
1403637239.188468217849731,44,1,40,3,11
1403637239.238466978073120,43,0,42,1,11
1403637239.288465738296509,42,3,42,0,11
1403637239.338469505310059,50,18,41,8,11
1403637239.388468980789185,49,3,46,0,11
1403637239.438468933105469,46,5,43,1,11
1403637239.488468170166016,43,0,41,2,11
1403637239.538478374481201,48,34,41,7,11
1403637239.588477849960327,45,1,45,0,11
1403637239.638475894927979,38,2,38,0,11
1403637239.688475131988525,36,6,36,0,11
1403637239.738474369049072,34,5,33,1,11
1403637239.788474321365356,30,2,30,0,11
1403637239.838474512100220,29,1,26,1,11
1403637239.888474225997925,23,4,18,0,11
1403637239.938473701477051,22,3,15,3,11
1403637239.988473415374756,20,2,18,1,11
1403637240.038473367691040,17,5,16,0,11
1403637240.088472366333008,15,2,12,1,11
1403637240.138471841812134,25,2,11,12,11
1403637240.188472270965576,45,10,18,25,11
1403637240.238473415374756,41,2,40,0,11
1403637240.288475990295410,38,5,37,0,11
1403637240.338477849960327,36,1,36,0,11
1403637240.388480663299561,33,3,33,0,11
1403637240.438485383987427,37,6,30,4,11
1403637240.488487005233765,41,4,33,5,11
1403637240.538485765457153,38,1,37,0,11
1403637240.588482856750488,37,0,37,0,11
1403637240.638479709625244,35,1,34,0,11
1403637240.688477754592896,43,3,33,10,11
1403637240.738476276397705,39,2,38,0,11
1403637240.788475275039673,46,6,37,8,11
1403637240.838473558425903,41,1,40,1,11
1403637240.888471841812134,39,3,38,0,11
1403637240.938469409942627,44,3,34,7,11
1403637240.988470554351807,42,2,39,0,11
1403637241.038473367691040,41,0,36,2,11
1403637241.088476896286011,44,1,36,5,11
1403637241.138479948043823,45,1,39,3,11
1403637241.188481330871582,48,6,41,4,11
1403637241.238482713699341,45,1,41,0,11
1403637241.288483858108521,42,0,38,0,11
1403637241.338485240936279,38,0,36,0,11
1403637241.388486385345459,39,1,36,2,11
1403637241.438487529754639,42,1,38,4,11
1403637241.488488435745239,43,1,38,1,11
1403637241.538489341735840,46,1,37,4,11
1403637241.588490009307861,41,6,35,3,11
1403637241.638490676879883,38,1,35,0,11
1403637241.688491106033325,35,1,33,1,11
1403637241.738491535186768,33,1,32,1,11
1403637241.788492679595947,33,1,32,1,11
1403637241.838494300842285,36,2,30,4,11
1403637241.888495445251465,34,2,32,0,11
1403637241.938495397567749,31,0,28,0,11
1403637241.988496065139771,37,1,28,8,11
1403637242.038496494293213,34,1,34,0,11
1403637242.088495492935181,34,2,34,0,11
1403637242.138494014739990,38,1,32,4,11
1403637242.188491821289062,43,1,35,6,11
1403637242.238491296768188,41,2,39,0,11
1403637242.288491487503052,44,1,38,4,11
1403637242.338490962982178,44,0,40,4,11
1403637242.388492107391357,44,2,43,0,11
1403637242.438492536544800,44,0,39,1,11
1403637242.488494396209717,46,1,39,3,11
1403637242.538495779037476,44,1,42,1,11
1403637242.588497638702393,43,0,42,0,11
1403637242.638500452041626,46,0,40,4,11
1403637242.688502788543701,46,0,44,0,11
1403637242.738504171371460,44,0,43,0,11
1403637242.788505554199219,47,1,42,3,11
1403637242.838508367538452,47,0,43,3,11
1403637242.888508319854736,48,0,45,2,11
1403637242.938507795333862,45,0,43,0,11
1403637242.988507270812988,42,0,40,0,11
1403637243.038506984710693,42,1,38,3,11
1403637243.088506221771240,44,2,40,4,11
1403637243.138505935668945,48,0,44,4,11
1403637243.188506364822388,48,0,47,0,11
1403637243.238506793975830,49,4,46,1,11
1403637243.288506984710693,50,4,46,2,11
1403637243.338509082794189,49,9,48,0,11
1403637243.388508558273315,48,2,46,1,11
1403637243.438508272171021,50,5,47,2,11
1403637243.488508224487305,50,0,49,1,11
1403637243.538508176803589,50,0,47,0,11
1403637243.588506698608398,49,11,45,0,11
1403637243.638506650924683,46,0,41,1,11
1403637243.688506841659546,46,1,41,2,11
1403637243.738506555557251,43,1,40,1,11
1403637243.788506031036377,41,1,40,0,11
1403637243.838505506515503,38,2,34,3,11
1403637243.888505697250366,49,1,34,12,11
1403637243.938505887985229,48,6,42,1,11
1403637243.988506317138672,45,0,43,0,11
1403637244.038506984710693,46,0,42,4,11
1403637244.088507175445557,45,0,45,0,11
1403637244.138507366180420,45,0,45,0,11
1403637244.188507318496704,50,17,45,5,11
1403637244.238507270812988,50,2,47,0,11
1403637244.288507223129272,50,1,47,0,11
1403637244.338506460189819,44,2,44,0,11
1403637244.388505458831787,44,0,44,0,11
1403637244.438505411148071,47,9,43,4,11
1403637244.488504648208618,47,0,42,0,11
1403637244.538504838943481,49,3,41,2,11
1403637244.588504552841187,46,0,40,3,11
1403637244.638503789901733,47,1,42,2,11
1403637244.688503026962280,45,1,44,0,11
1403637244.738502025604248,43,0,41,0,11
1403637244.788501501083374,49,7,41,6,11
1403637244.838500738143921,47,11,44,0,11
1403637244.888500928878784,46,0,43,1,11
1403637244.938501119613647,46,0,44,2,11
1403637244.988501548767090,44,0,43,0,11
1403637245.038502216339111,49,4,41,5,11
1403637245.088502407073975,47,0,45,0,11
1403637245.138503789901733,44,0,43,0,11
1403637245.188502550125122,46,2,44,2,11
1403637245.238501787185669,47,0,43,1,11
1403637245.288497924804688,49,11,42,3,11
1403637245.338496685028076,48,0,43,1,11
1403637245.388495683670044,47,4,44,1,11
1403637245.438495159149170,48,6,43,3,11
1403637245.488495588302612,47,10,44,0,11
1403637245.538496255874634,46,0,43,1,11
1403637245.588497877120972,46,0,44,1,11
1403637245.638498544692993,49,1,44,4,11
1403637245.688498735427856,50,1,45,1,11
1403637245.738498210906982,49,2,40,1,11
1403637245.788496971130371,43,0,35,0,11
1403637245.838495969772339,34,2,28,1,11
1403637245.888496875762939,40,3,27,9,11
1403637245.938497304916382,32,3,29,1,11
1403637245.988497257232666,34,1,28,2,11
1403637246.038497447967529,36,1,25,6,11
1403637246.088496208190918,39,1,29,8,11
1403637246.138494968414307,37,3,34,0,11
1403637246.188492298126221,41,2,33,7,11
1403637246.238489866256714,34,5,34,0,11
1403637246.288487672805786,34,1,32,0,11
1403637246.338486909866333,35,1,30,1,11
1403637246.388486623764038,35,2,31,2,11
1403637246.438488483428955,41,2,32,8,11
1403637246.488488674163818,39,1,33,0,11
1403637246.538489580154419,36,1,29,0,11
1403637246.588489055633545,41,4,26,12,11
1403637246.638489961624146,33,0,30,0,11
1403637246.688490152359009,30,0,27,1,11
1403637246.738490343093872,29,1,25,0,11
1403637246.788489818572998,31,2,23,6,11
1403637246.838489770889282,24,0,24,0,11
1403637246.888489484786987,29,0,23,5,11
1403637246.938488483428955,27,0,26,0,11
1403637246.988488197326660,24,1,23,0,11
1403637247.038490772247314,25,0,22,3,11
1403637247.088491916656494,33,0,24,9,11
1403637247.138492345809937,33,0,33,0,11
1403637247.188494920730591,35,1,33,2,11
1403637247.238494634628296,41,2,34,6,11
1403637247.288495302200317,40,2,38,0,11
1403637247.338499069213867,43,0,37,5,11
1403637247.388502597808838,46,6,42,4,11
1403637247.438503503799438,45,2,44,1,11
1403637247.488503694534302,46,1,45,1,11
1403637247.538502931594849,50,3,45,4,11
1403637247.588503599166870,49,0,47,0,11
1403637247.638504028320312,48,0,47,0,11
1403637247.688505172729492,49,6,47,2,11
1403637247.738505363464355,49,1,48,0,11
1403637247.788505315780640,49,0,46,1,11
1403637247.838505506515503,48,8,46,1,11
1403637247.888505697250366,47,1,45,0,11
1403637247.938505649566650,46,1,43,0,11
1403637247.988505840301514,46,3,39,4,11
1403637248.038505315780640,46,1,41,3,11
1403637248.088504314422607,44,2,42,0,11
1403637248.138502836227417,41,2,38,1,11
1403637248.188502311706543,40,2,37,0,11
1403637248.238501787185669,38,0,37,0,11
1403637248.288501977920532,43,0,37,6,11
1403637248.338502407073975,47,1,43,4,11
1403637248.388503313064575,47,1,46,0,11
1403637248.438503980636597,50,4,46,3,11
1403637248.488504648208618,48,9,48,0,11
1403637248.538506746292114,48,2,48,0,11
1403637248.588506937026978,49,0,47,2,11
1403637248.638506174087524,50,2,49,1,11
1403637248.688505411148071,50,9,50,0,11
1403637248.738504886627197,50,5,49,0,11
1403637248.788505077362061,49,3,48,0,11
1403637248.838505029678345,47,0,45,0,11
1403637248.888504981994629,49,6,43,3,11
1403637248.938504695892334,47,1,46,0,11
1403637248.988504886627197,46,0,46,0,11
1403637249.038505077362061,49,0,45,3,11
1403637249.088504791259766,49,13,48,1,11
1403637249.138504981994629,49,0,49,0,11
1403637249.188504934310913,49,0,48,0,11
1403637249.238505125045776,50,0,48,1,11
1403637249.288504838943481,49,6,48,1,11
1403637249.338504552841187,49,4,47,1,11
1403637249.388503789901733,50,12,48,1,11
1403637249.438503503799438,49,2,49,0,11
1403637249.488503217697144,50,3,49,1,11
1403637249.538503170013428,49,0,49,0,11
1403637249.588502645492554,50,4,48,1,11
1403637249.638502836227417,50,0,49,0,11
1403637249.688502550125122,49,15,49,0,11
1403637249.738501548767090,48,2,46,0,11
1403637249.788501501083374,48,1,46,0,11
1403637249.838501214981079,49,11,46,3,11
1403637249.888502120971680,49,6,47,1,11
1403637249.938502073287964,50,1,48,1,11
1403637249.988503694534302,49,8,47,1,11
1403637250.038505792617798,48,1,45,1,11
1403637250.088507652282715,46,10,41,2,11
1403637250.138508558273315,42,2,37,1,11
1403637250.188507795333862,38,0,35,0,11
1403637250.238507747650146,33,1,31,0,11
1403637250.288507461547852,43,0,30,12,11
1403637250.338507175445557,40,2,39,0,11
1403637250.388506412506104,39,1,38,0,11
1403637250.438506126403809,40,0,34,6,11
1403637250.488505125045776,42,1,39,3,11
1403637250.538504838943481,42,2,40,1,11
1403637250.588504314422607,50,18,40,8,11
1403637250.638503551483154,48,0,47,0,11
1403637250.688503026962280,48,7,46,2,11
1403637250.738501310348511,47,0,46,0,11
1403637250.788500547409058,48,0,46,1,11
1403637250.838500261306763,45,2,44,1,11
1403637250.888499975204468,45,1,45,0,11
1403637250.938499689102173,45,0,45,0,11
1403637250.988499402999878,49,24,42,5,11
1403637251.038499593734741,49,0,45,0,11
1403637251.088500261306763,44,0,43,0,11
1403637251.138499736785889,42,1,42,0,11
1403637251.188500165939331,50,8,42,8,11
1403637251.238500118255615,48,1,48,0,11
1403637251.288500070571899,50,5,47,2,11
1403637251.338499784469604,50,0,48,0,11
1403637251.388498544692993,48,1,45,0,11
1403637251.438498258590698,43,0,39,0,11
1403637251.488498687744141,41,0,39,0,11
1403637251.538499355316162,37,0,37,0,11
1403637251.588499784469604,47,12,35,11,11
1403637251.638500213623047,46,0,45,0,11
1403637251.688500642776489,42,0,41,1,11
1403637251.738501071929932,41,0,40,1,11
1403637251.788501501083374,47,0,40,6,11
1403637251.838500976562500,48,0,45,1,11
1403637251.888500928878784,47,4,45,1,11
1403637251.938500404357910,46,1,46,0,11
1403637251.988500118255615,45,13,43,0,11
1403637252.038500308990479,45,0,43,0,11
1403637252.088500261306763,44,0,43,1,11
1403637252.138500452041626,46,0,44,2,11
1403637252.188500881195068,47,5,45,2,11
1403637252.238501310348511,47,0,46,0,11
1403637252.288502931594849,46,1,44,0,11
1403637252.338503837585449,45,0,44,0,11
1403637252.388505458831787,43,0,42,0,11
1403637252.438505887985229,43,0,42,0,11
1403637252.488506078720093,42,0,42,0,11
1403637252.538506031036377,43,0,42,1,11
1403637252.588505983352661,46,6,43,3,11
1403637252.638505697250366,45,0,44,0,11
1403637252.688505649566650,45,0,44,0,11
1403637252.738505601882935,44,0,44,0,11
1403637252.788505077362061,45,2,43,2,11
1403637252.838505506515503,46,6,45,1,11
1403637252.888505697250366,45,0,45,0,11
1403637252.938506126403809,46,0,45,1,11
1403637252.988506793975830,46,0,46,0,11
1403637253.038507699966431,46,0,46,0,11
1403637253.088508129119873,46,0,46,0,11
1403637253.138507843017578,46,0,46,0,11
1403637253.188508272171021,46,3,46,0,11
1403637253.238507747650146,46,0,46,0,11
1403637253.288507223129272,46,0,46,0,11
1403637253.338506221771240,46,0,46,0,11
1403637253.388505935668945,46,0,46,0,11
1403637253.438505411148071,46,0,46,0,11
1403637253.488505363464355,46,0,46,0,11
1403637253.538505077362061,46,0,46,0,11
1403637253.588505268096924,46,0,46,0,11
1403637253.638505220413208,46,0,46,0,11
1403637253.688505172729492,46,0,46,0,11
1403637253.738505125045776,46,0,46,0,11
1403637253.788505077362061,47,2,45,1,11
1403637253.838504791259766,47,0,46,0,11
1403637253.888504981994629,46,0,46,0,11
1403637253.938504934310913,46,0,46,0,11
1403637253.988504886627197,46,1,46,0,11
1403637254.038504838943481,46,0,46,0,11
1403637254.088504791259766,46,0,46,0,11
1403637254.138505220413208,46,0,46,0,11
1403637254.188505649566650,46,0,46,0,11
1403637254.238506078720093,46,0,46,0,11
1403637254.288506746292114,46,0,46,0,11
1403637254.338506937026978,46,0,46,0,11
1403637254.388507127761841,47,1,46,1,11
1403637254.438507080078125,47,0,47,0,11
1403637254.488507270812988,47,0,47,0,11
1403637254.538507461547852,47,0,47,0,11
1403637254.588507652282715,47,0,47,0,11
1403637254.638507604598999,47,4,47,0,11
1403637254.688507795333862,47,0,47,0,11
1403637254.738507747650146,47,0,47,0,11
1403637254.788507461547852,47,0,47,0,11
1403637254.838507652282715,47,0,47,0,11
1403637254.888507366180420,47,0,47,0,11
1403637254.938507556915283,47,0,47,0,11
1403637254.988507509231567,47,1,47,0,11
1403637255.038508176803589,47,0,47,0,11
1403637255.088507890701294,47,0,47,0,11
1403637255.138507843017578,47,0,47,0,11
1403637255.188508510589600,47,0,47,0,11
1403637255.238507986068726,47,5,47,0,11
1403637255.288508176803589,45,0,45,0,11
1403637255.338508129119873,45,0,45,0,11
1403637255.388508081436157,45,0,45,0,11
1403637255.438508033752441,45,0,45,0,11
1403637255.488507986068726,45,0,45,0,11
1403637255.538508176803589,43,0,41,0,11
1403637255.588508129119873,42,2,38,1,11
1403637255.638508081436157,40,0,39,0,11
1403637255.688507795333862,39,0,37,1,11
1403637255.738507986068726,39,0,37,1,11
1403637255.788508176803589,37,0,37,0,11
1403637255.838507890701294,41,0,35,6,11
1403637255.888507843017578,41,0,41,0,11
1403637255.938507556915283,41,1,38,0,11
1403637255.988507032394409,40,0,37,0,11
1403637256.038506984710693,38,0,37,0,11
1403637256.088506698608398,37,1,36,0,11
1403637256.138506174087524,50,12,36,13,11
1403637256.188505649566650,49,0,49,0,11
1403637256.238505840301514,49,0,48,0,11
1403637256.288506031036377,48,1,46,0,11
1403637256.338505744934082,47,0,44,0,11
1403637256.388505935668945,47,0,44,1,11
1403637256.438504934310913,48,2,45,3,11
1403637256.488504886627197,48,0,48,0,11
1403637256.538505315780640,48,0,48,0,11
1403637256.588505268096924,48,2,47,0,11
1403637256.638505697250366,49,0,46,1,11
1403637256.688506841659546,48,0,46,0,11
1403637256.738507270812988,48,7,44,2,11
1403637256.788507938385010,47,1,46,0,11
1403637256.838508367538452,46,0,46,0,11
1403637256.888509035110474,46,0,44,1,11
1403637256.938509225845337,47,0,43,1,11
1403637256.988509416580200,48,0,43,2,11
1403637257.038510084152222,47,3,45,1,11
1403637257.088510751724243,47,1,45,1,11
1403637257.138510704040527,46,1,44,0,11
1403637257.188510894775391,45,0,43,0,11
1403637257.238510131835938,44,1,42,0,11
1403637257.288509607315063,44,1,43,1,11
1403637257.338509321212769,46,0,43,3,11
1403637257.388509035110474,47,0,45,1,11
1403637257.438508510589600,47,0,45,1,11
1403637257.488508701324463,45,0,44,0,11
1403637257.538508653640747,45,0,43,0,11
1403637257.588507890701294,45,1,42,1,11
1403637257.638507127761841,44,0,42,1,11
1403637257.688506603240967,46,13,41,4,11
1403637257.738506317138672,46,0,44,0,11
1403637257.788506507873535,44,0,39,1,11
1403637257.838506460189819,44,0,39,1,11
1403637257.888506650924683,40,0,38,0,11
1403637257.938507318496704,39,0,36,0,11
1403637257.988507747650146,38,0,33,0,11
1403637258.038508415222168,35,2,31,2,11
1403637258.088509321212769,34,1,31,1,11
1403637258.138510465621948,33,1,32,0,11
1403637258.188511133193970,33,1,31,1,11
1403637258.238511800765991,34,1,29,3,11
1403637258.288512468338013,43,1,27,13,11
1403637258.338512659072876,42,2,39,1,11
1403637258.388514041900635,38,5,36,0,11
1403637258.438514709472656,38,0,34,0,11
1403637258.488515615463257,38,0,33,3,11
1403637258.538518905639648,41,2,32,5,11
1403637258.588518142700195,40,0,35,0,11
1403637258.638517141342163,35,3,30,1,11
1403637258.688516378402710,33,2,28,1,11
1403637258.738515853881836,32,4,29,1,11
1403637258.788516521453857,43,1,28,13,11
1403637258.838516235351562,43,1,40,0,11
1403637258.888515472412109,45,3,39,4,11
1403637258.938515186309814,43,0,40,1,11
1403637258.988514661788940,48,3,39,6,11
1403637259.038514852523804,48,1,44,1,11
1403637259.088515043258667,47,3,45,1,11
1403637259.138514757156372,47,6,45,1,11
1403637259.188514471054077,46,0,45,0,11
1403637259.238514661788940,46,0,45,1,11
1403637259.288514852523804,47,1,45,1,11
1403637259.338515043258667,48,1,45,1,11
1403637259.388515472412109,48,10,46,1,11
1403637259.438515424728394,47,0,46,0,11
1403637259.488515615463257,48,2,46,1,11
1403637259.538515806198120,48,2,46,1,11
1403637259.588515520095825,48,3,46,0,11
1403637259.638515233993530,47,0,46,0,11
1403637259.688514709472656,47,0,46,1,11
1403637259.738513469696045,47,12,46,0,11
1403637259.788513422012329,47,0,46,0,11
1403637259.838513374328613,47,0,46,1,11
1403637259.888513565063477,47,0,47,0,11
1403637259.938513755798340,47,0,46,0,11
1403637259.988513469696045,48,4,46,1,11
1403637260.038513422012329,48,0,47,1,11
1403637260.088513135910034,48,0,48,0,11
1403637260.138512611389160,47,0,45,0,11
1403637260.188511848449707,48,2,45,1,11
1403637260.238511085510254,48,0,46,2,11
1403637260.288511037826538,48,0,45,0,11
1403637260.338511705398560,49,13,45,1,11
1403637260.388511657714844,46,0,43,1,11
1403637260.438511371612549,46,0,43,0,11
1403637260.488510370254517,44,0,40,1,11
1403637260.538510084152222,44,2,40,1,11
1403637260.588510036468506,46,0,39,4,11
1403637260.638509750366211,43,3,39,1,11
1403637260.688509702682495,42,2,38,2,11
1403637260.738509654998779,40,0,38,0,11
1403637260.788509607315063,41,0,35,2,11
1403637260.838509321212769,41,1,37,1,11
1403637260.888509511947632,38,5,35,0,11
1403637260.938509941101074,43,22,34,7,11
1403637260.988510131835938,43,0,41,1,11
1403637261.038510322570801,43,1,39,1,11
1403637261.088510751724243,43,0,38,0,11
1403637261.138510227203369,45,3,38,5,11
1403637261.188510656356812,44,1,38,0,11
1403637261.238510370254517,40,1,35,0,11
1403637261.288510322570801,38,1,33,3,11
1403637261.338510274887085,36,2,31,0,11
1403637261.388510465621948,34,2,30,1,11
1403637261.438510656356812,33,0,29,1,11
1403637261.488510608673096,34,0,29,2,11
1403637261.538511037826538,45,3,30,13,11
1403637261.588510513305664,44,3,41,1,11
1403637261.638511180877686,46,3,41,3,11
1403637261.688510656356812,46,0,40,1,11
1403637261.738510370254517,46,4,38,2,11
1403637261.788510084152222,42,0,37,1,11
1403637261.838510036468506,40,3,37,0,11
1403637261.888510227203369,41,2,35,4,11
1403637261.938511371612549,40,3,38,0,11
1403637261.988512754440308,39,1,36,1,11
1403637262.038514614105225,40,0,37,2,11
1403637262.088516235351562,39,1,37,0,11
1403637262.138517618179321,41,3,35,3,11
1403637262.188517570495605,39,3,34,1,11
1403637262.238517999649048,40,2,32,1,11
1403637262.288515567779541,29,8,24,0,11
1403637262.338520288467407,27,3,21,1,11
1403637262.388518095016479,25,0,12,0,11
1403637262.438515424728394,14,3,6,0,11
1403637262.488515138626099,8,0,6,0,11
1403637262.538516283035278,6,0,6,0,11
1403637262.588516473770142,6,0,6,0,11
1403637262.638515233993530,6,0,6,0,11
1403637262.688514947891235,6,0,4,0,11
1403637262.738515138626099,6,0,4,0,11
1403637262.788516044616699,4,0,4,0,11
1403637262.838515758514404,4,0,1,0,11
1403637262.888515710830688,2,0,0,0,11
1403637262.938515663146973,1,0,0,0,11
1403637262.988515615463257,0,0,0,0,11
1403637263.038515806198120,0,0,0,0,11
1403637263.088515758514404,0,0,0,0,11
1403637263.138515710830688,0,0,0,0,11
1403637263.188515663146973,0,0,0,0,11
1403637263.238515615463257,0,0,0,0,11
1403637263.288515806198120,0,0,0,0,11
1403637263.338515758514404,0,0,0,0,11
1403637263.388515710830688,0,0,0,0,11
1403637263.438515663146973,0,0,0,0,11
1403637263.488515615463257,0,0,0,0,11
1403637263.538515806198120,1,0,0,1,11
1403637263.588515758514404,1,0,0,0,11
1403637263.638515710830688,1,0,0,0,11
1403637263.688515663146973,0,0,0,0,11
1403637263.738515615463257,0,0,0,0,11
1403637263.788515806198120,0,0,0,0,11
1403637263.838515758514404,0,0,0,0,11
1403637263.888515710830688,0,0,0,0,11
1403637263.938515663146973,0,0,0,0,11
1403637263.988515615463257,0,0,0,0,11
1403637264.038515806198120,0,0,0,0,11
1403637264.088515758514404,0,0,0,0,11
1403637264.138515710830688,0,0,0,0,11
1403637264.188515663146973,0,0,0,0,11
1403637264.238515615463257,0,0,0,0,11
1403637264.288515567779541,1,0,0,1,11
1403637264.338515520095825,1,0,1,0,11
1403637264.388515472412109,1,0,1,0,11
1403637264.438515424728394,1,0,1,0,11
1403637264.488515377044678,1,0,1,0,11
1403637264.538515567779541,1,0,1,0,11
1403637264.588515520095825,1,0,1,0,11
1403637264.638515472412109,1,0,1,0,11
1403637264.688515424728394,1,0,1,0,11
1403637264.738515377044678,3,0,1,2,11
1403637264.788515329360962,5,0,3,2,11
1403637264.838515281677246,5,0,5,0,11
1403637264.888515233993530,5,0,5,0,11
1403637264.938515186309814,5,0,5,0,11
1403637264.988515138626099,5,0,5,0,11
1403637265.038515329360962,5,0,5,0,11
1403637265.088515281677246,5,0,5,0,11
1403637265.138515233993530,5,0,5,0,11
1403637265.188515186309814,5,0,5,0,11
1403637265.238515138626099,5,0,5,0,11
1403637265.288515329360962,5,0,5,0,11
1403637265.338515281677246,5,0,5,0,11
1403637265.388515233993530,5,0,5,0,11
1403637265.438515186309814,5,0,5,0,11
1403637265.488515138626099,5,0,5,0,11
