# timestamp (sec),slam_feats_in_state,msckf_feats_used,slam_feats_updated,slam_feats_delayed_init,clones
1413393890.058859586715698,0,13,0,0,5
1413393890.105107545852661,17,16,0,17,6
1413393890.155118942260742,17,0,17,0,7
1413393890.205105304718018,17,3,17,0,8
1413393890.255357503890991,17,1,16,0,9
1413393890.305723190307617,17,2,16,0,10
1413393890.355863332748413,17,0,16,1,11
1413393890.405861616134644,17,2,16,0,11
1413393890.455324411392212,18,2,15,2,11
1413393890.505133628845215,18,1,17,1,11
1413393890.554795265197754,30,1,18,12,11
1413393890.604850292205811,35,1,26,8,11
1413393890.655745744705200,38,0,34,3,11
1413393890.706621170043945,48,7,37,11,11
1413393890.756772756576538,49,3,48,1,11
1413393890.806729078292847,50,0,49,1,11
1413393890.856667995452881,50,4,50,0,11
1413393890.906498432159424,50,2,50,0,11
1413393890.956463336944580,50,3,50,0,11
1413393891.006478548049927,50,0,50,0,11
1413393891.056504964828491,50,4,49,0,11
1413393891.106593608856201,50,1,48,0,11
1413393891.156654596328735,49,3,48,0,11
1413393891.206722259521484,49,1,48,1,11
1413393891.256788253784180,50,1,47,1,11
1413393891.307050466537476,50,7,49,0,11
1413393891.357232332229614,46,4,44,1,11
1413393891.407224416732788,40,4,37,0,11
1413393891.457262516021729,41,2,37,2,11
1413393891.507197380065918,40,3,35,3,11
1413393891.556976079940796,41,0,37,3,11
1413393891.606712579727173,41,1,39,1,11
1413393891.656307458877563,46,0,37,5,11
1413393891.706194400787354,44,0,37,0,11
1413393891.756064891815186,47,0,34,4,11
1413393891.805962562561035,47,0,37,8,11
1413393891.855913162231445,46,0,45,1,11
1413393891.905799627304077,50,1,45,4,11
1413393891.955703973770142,50,6,44,0,11
1413393892.005658626556396,41,16,39,0,11
1413393892.055682420730591,41,0,36,3,11
1413393892.105759859085083,48,1,35,8,11
1413393892.155785799026489,49,1,40,3,11
1413393892.205694675445557,48,1,44,2,11
1413393892.255617141723633,45,1,45,0,11
1413393892.305583477020264,44,5,44,0,11
1413393892.355569839477539,45,3,43,1,11
1413393892.405527114868164,44,6,41,0,11
1413393892.455450534820557,40,2,38,0,11
1413393892.505403280258179,37,3,35,0,11
1413393892.555383205413818,39,10,33,5,11
1413393892.605395078659058,39,4,38,1,11
1413393892.655405521392822,41,3,38,3,11
1413393892.705418586730957,40,6,38,2,11
1413393892.755427122116089,40,1,38,1,11
1413393892.805430650711060,41,2,35,3,11
1413393892.855416536331177,42,0,37,2,11
1413393892.905402421951294,43,2,37,3,11
1413393892.955392360687256,43,1,37,3,11
1413393893.005409002304077,38,5,36,0,11
1413393893.055424928665161,39,2,34,5,11
1413393893.105442523956299,39,2,39,0,11
1413393893.155464649200439,41,1,38,2,11
1413393893.205476522445679,50,7,40,9,11
1413393893.255485534667969,49,1,47,0,11
1413393893.305501937866211,49,14,46,1,11
1413393893.355489969253540,47,0,45,0,11
1413393893.405512094497681,49,21,44,3,11
1413393893.455529689788818,46,3,44,1,11
1413393893.505530357360840,47,1,45,1,11
1413393893.555533409118652,50,18,45,4,11
1413393893.605521917343140,48,1,45,0,11
1413393893.655477762222290,48,1,40,3,11
1413393893.705469131469727,45,2,41,0,11
1413393893.755468368530273,44,4,41,2,11
1413393893.805473327636719,49,6,42,6,11
1413393893.855468511581421,46,11,42,1,11
1413393893.905483245849609,46,17,39,4,11
1413393893.955472946166992,43,10,35,3,11
1413393894.005489826202393,42,5,32,2,11
1413393894.055529594421387,40,4,31,3,11
1413393894.105555295944214,35,6,29,2,11
1413393894.155605316162109,36,3,28,2,11
1413393894.205658197402954,40,6,27,7,11
1413393894.255683898925781,37,4,30,1,11
1413393894.305706262588501,35,4,29,1,11
1413393894.355726242065430,31,5,27,2,11
1413393894.405754804611206,38,2,28,8,11
1413393894.455763339996338,38,1,35,1,11
1413393894.505772113800049,44,3,35,7,11
1413393894.555781841278076,45,1,42,2,11
1413393894.605781555175781,49,3,44,5,11
1413393894.655777215957642,50,2,48,1,11
1413393894.705775499343872,48,4,46,0,11
1413393894.755775928497314,49,4,44,3,11
1413393894.805774688720703,49,2,45,2,11
1413393894.855768203735352,49,5,46,1,11
1413393894.905767202377319,48,3,45,2,11
1413393894.955763816833496,50,3,45,3,11
1413393895.005763530731201,50,1,48,0,11
1413393895.055763244628906,50,7,47,2,11
1413393895.105764389038086,49,1,47,0,11
1413393895.155760288238525,49,1,46,1,11
1413393895.205759763717651,50,4,47,2,11
1413393895.255759477615356,47,2,44,1,11
1413393895.305756092071533,46,4,40,3,11
1413393895.355759859085083,44,2,40,2,11
1413393895.405761480331421,44,2,38,4,11
1413393895.455763578414917,46,1,41,5,11
1413393895.505760192871094,44,2,42,0,11
1413393895.555760145187378,44,4,39,3,11
1413393895.605765342712402,46,3,42,3,11
1413393895.655771970748901,46,7,43,2,11
1413393895.705785512924194,42,1,41,0,11
1413393895.755799055099487,38,4,34,1,11
1413393895.805803775787354,37,3,32,2,11
1413393895.855801582336426,32,6,28,1,11
1413393895.905797243118286,32,8,26,4,11
1413393895.955790519714355,31,0,20,4,11
1413393896.005789041519165,31,1,24,2,11
1413393896.055787324905396,29,2,21,5,11
1413393896.105789422988892,27,1,23,2,11
1413393896.155798912048340,26,8,23,1,11
1413393896.205805063247681,26,0,23,0,11
1413393896.255812168121338,25,1,20,1,11
1413393896.305817842483521,25,2,19,1,11
1413393896.355825662612915,26,0,20,4,11
1413393896.405837297439575,25,0,24,1,11
1413393896.455875158309937,29,2,22,5,11
1413393896.505893230438232,31,0,23,3,11
1413393896.555901527404785,29,1,18,2,11
1413393896.605921268463135,32,5,17,7,11
1413393896.655928134918213,30,0,23,4,11
1413393896.705914974212646,30,1,26,1,11
1413393896.755911827087402,30,2,23,2,11
1413393896.805900573730469,29,1,24,1,11
1413393896.855895519256592,36,1,24,10,11
1413393896.905890941619873,35,1,33,0,11
1413393896.955873012542725,34,3,28,0,11
1413393897.005841493606567,33,0,25,3,11
1413393897.055811166763306,32,0,23,1,11
1413393897.105816841125488,31,3,19,2,11
1413393897.155814409255981,30,1,13,5,11
1413393897.205845355987549,31,2,16,7,11
1413393897.255879402160645,33,0,23,8,11
1413393897.305903911590576,33,1,30,2,11
1413393897.355908155441284,40,5,31,7,11
1413393897.405898809432983,41,1,37,3,11
1413393897.455892086029053,42,3,38,3,11
1413393897.505892753601074,39,0,38,0,11
1413393897.555901050567627,41,1,38,3,11
1413393897.605897665023804,42,2,40,1,11
1413393897.655897378921509,45,2,40,3,11
1413393897.705897092819214,45,0,43,1,11
1413393897.755894899368286,45,1,43,2,11
1413393897.805898189544678,47,3,44,3,11
1413393897.855889081954956,47,5,45,1,11
1413393897.905872821807861,46,4,43,1,11
1413393897.955868482589722,45,4,41,1,11
1413393898.005856037139893,43,1,40,0,11
1413393898.055834054946899,46,1,37,7,11
1413393898.105831146240234,46,4,40,2,11
1413393898.155846595764160,44,3,39,1,11
1413393898.205867052078247,35,6,28,2,11
1413393898.255877733230591,40,3,29,7,11
1413393898.305902719497681,36,1,30,5,11
1413393898.355904817581177,36,3,34,0,11
1413393898.405912876129150,33,2,28,2,11
1413393898.455909013748169,25,0,20,3,11
1413393898.505949258804321,28,3,23,4,11
1413393898.555995702743530,30,1,27,3,11
1413393898.605982780456543,30,18,27,0,11
1413393898.655960559844971,29,4,24,0,11
1413393898.705955743789673,32,4,21,8,11
1413393898.755946874618530,30,3,24,1,11
1413393898.805942773818970,28,3,23,1,11
1413393898.855937719345093,28,0,24,3,11
1413393898.905949592590332,23,5,19,0,11
1413393898.955970048904419,23,1,20,0,11
1413393899.005986452102661,22,4,16,2,11
1413393899.056010723114014,20,0,18,0,11
1413393899.106033802032471,25,4,17,7,11
1413393899.156039714813232,25,7,24,0,11
1413393899.206043243408203,28,4,16,4,11
1413393899.256009578704834,35,12,15,8,11
1413393899.306010723114014,32,11,17,5,11
1413393899.356023788452148,24,4,19,1,11
1413393899.406041622161865,16,2,15,0,11
1413393899.456052303314209,12,0,10,1,11
1413393899.506051778793335,10,5,5,2,11
1413393899.556050539016724,6,2,5,0,11
1413393899.606045722961426,6,2,4,2,11
1413393899.656045198440552,6,0,4,0,11
1413393899.706059932708740,6,2,3,0,11
1413393899.756061077117920,4,2,0,0,11
1413393899.806099176406860,4,7,0,1,11
1413393899.856127738952637,2,15,0,1,11
1413393899.906127691268921,2,0,1,0,11
1413393899.956127166748047,2,1,1,1,11
1413393900.006129980087280,2,6,1,0,11
1413393900.056133031845093,2,1,1,0,11
1413393900.106137037277222,1,2,1,0,11
1413393900.156137704849243,1,5,1,0,11
1413393900.206145048141479,2,2,1,1,11
1413393900.256176471710205,5,3,2,3,11
1413393900.306187152862549,6,8,5,1,11
1413393900.356214523315430,8,5,5,2,11
1413393900.406224489212036,8,8,3,1,11
1413393900.456235408782959,9,6,5,3,11
1413393900.506251096725464,11,6,7,3,11
1413393900.556254386901855,11,15,7,2,11
1413393900.606263875961304,12,3,7,2,11
1413393900.656269311904907,10,4,6,1,11
1413393900.706276655197144,9,6,7,0,11
1413393900.756298065185547,12,5,6,5,11
1413393900.806312561035156,13,4,10,1,11
1413393900.856331348419189,16,0,12,4,11
1413393900.906334400177002,16,4,16,0,11
1413393900.956340074539185,16,3,16,0,11
1413393901.006337881088257,19,9,15,3,11
1413393901.056347131729126,22,15,17,4,11
1413393901.106346368789673,26,5,20,6,11
1413393901.156340360641479,25,2,22,3,11
1413393901.206333160400391,25,2,23,2,11
1413393901.256332159042358,25,2,24,0,11
1413393901.306329965591431,23,8,21,1,11
1413393901.356329917907715,21,7,19,2,11
1413393901.406334400177002,22,5,20,1,11
1413393901.456341505050659,21,4,18,1,11
1413393901.506345987319946,19,6,18,0,11
1413393901.556352138519287,17,2,17,0,11
1413393901.606351137161255,19,2,17,2,11
1413393901.656349182128906,27,1,19,8,11
1413393901.706321954727173,34,2,24,7,11
1413393901.756321191787720,39,5,32,5,11
1413393901.806323051452637,43,8,33,5,11
1413393901.856332302093506,42,6,37,2,11
1413393901.906348943710327,43,2,38,3,11
1413393901.956364154815674,43,1,41,1,11
1413393902.006374835968018,45,1,42,3,11
1413393902.056381940841675,48,0,44,4,11
1413393902.106383085250854,48,7,46,1,11
1413393902.156383991241455,48,0,47,0,11
1413393902.206384658813477,46,0,44,0,11
1413393902.256385087966919,47,0,43,1,11
1413393902.306392192840576,43,8,39,3,11
1413393902.356391668319702,41,5,37,0,11
1413393902.406394720077515,41,5,30,3,11
1413393902.456406116485596,45,6,32,10,11
1413393902.506406545639038,43,0,38,1,11
1413393902.556399822235107,40,1,39,0,11
1413393902.606397867202759,39,4,37,1,11
1413393902.656396389007568,45,2,38,6,11
1413393902.706394433975220,47,4,42,3,11
1413393902.756394386291504,46,4,44,0,11
1413393902.806393861770630,47,7,39,5,11
1413393902.856390953063965,40,11,39,0,11
1413393902.906380176544189,39,4,36,2,11
1413393902.956373929977417,39,2,35,2,11
1413393903.006365537643433,36,1,33,1,11
1413393903.056358337402344,36,5,31,2,11
1413393903.106350660324097,34,4,32,0,11
1413393903.156345605850220,32,2,30,1,11
1413393903.206348419189453,35,3,31,4,11
1413393903.256349086761475,36,3,30,3,11
1413393903.306351661682129,35,5,29,0,11
1413393903.356354951858521,33,0,28,2,11
1413393903.406360387802124,38,0,30,8,11
1413393903.456359863281250,42,6,38,4,11
1413393903.506361007690430,42,3,41,0,11
1413393903.556363821029663,46,1,39,5,11
1413393903.606361389160156,45,3,42,1,11
1413393903.656354427337646,42,1,38,0,11
1413393903.706354141235352,40,1,32,1,11
1413393903.756355524063110,40,0,29,6,11
1413393903.806358337402344,38,1,35,2,11
1413393903.856353759765625,44,1,36,8,11
1413393903.906353473663330,48,1,43,4,11
1413393903.956354379653931,48,0,46,1,11
1413393904.006348848342896,49,9,45,3,11
1413393904.056348323822021,48,1,48,0,11
1413393904.106341600418091,48,3,46,2,11
1413393904.156330108642578,48,3,48,0,11
1413393904.206310510635376,49,5,47,1,11
1413393904.256289482116699,49,4,47,1,11
1413393904.306274175643921,49,5,47,1,11
1413393904.356266736984253,49,2,48,0,11
1413393904.406263351440430,49,1,45,2,11
1413393904.456258296966553,48,3,46,0,11
1413393904.506257534027100,48,1,44,2,11
1413393904.556257247924805,48,1,42,0,11
1413393904.606257438659668,47,12,42,2,11
1413393904.656259775161743,42,1,40,1,11
1413393904.706262350082397,44,1,41,2,11
1413393904.756261825561523,43,2,40,1,11
1413393904.806263923645020,46,4,41,4,11
1413393904.856260061264038,47,3,43,3,11
1413393904.906257629394531,47,2,43,2,11
1413393904.956253051757812,44,6,39,2,11
1413393905.006247758865356,41,2,36,0,11
1413393905.056242704391479,33,3,25,4,11
1413393905.106241941452026,31,1,27,2,11
1413393905.156240463256836,29,0,27,2,11
1413393905.206241607666016,36,2,25,9,11
1413393905.256243228912354,38,1,32,2,11
1413393905.306243181228638,37,0,32,2,11
1413393905.356244087219238,40,3,33,6,11
1413393905.406243562698364,46,3,39,7,11
1413393905.456240892410278,44,2,42,0,11
1413393905.506240844726562,44,0,41,0,11
1413393905.556241035461426,47,4,39,7,11
1413393905.606240510940552,48,4,45,2,11
1413393905.656238794326782,50,5,45,2,11
1413393905.706235885620117,50,2,44,1,11
1413393905.756233453750610,50,4,45,2,11
1413393905.806232213973999,45,2,44,0,11
1413393905.856231689453125,43,1,43,0,11
1413393905.906229972839355,47,0,41,5,11
1413393905.956229209899902,47,0,45,0,11
1413393906.006227493286133,48,6,45,3,11
1413393906.056225299835205,48,0,46,0,11
1413393906.106221199035645,49,3,44,2,11
1413393906.156218051910400,49,0,46,2,11
1413393906.206211805343628,47,9,44,0,11
1413393906.256209850311279,48,12,42,2,11
1413393906.306206226348877,47,13,40,1,11
1413393906.356207370758057,43,0,37,0,11
1413393906.406210184097290,41,0,35,3,11
1413393906.456213951110840,37,1,32,0,11
1413393906.506215572357178,34,1,30,0,11
1413393906.556213855743408,32,2,30,2,11
1413393906.606212377548218,37,0,32,5,11
1413393906.656210660934448,37,1,37,0,11
1413393906.706209897994995,37,0,35,1,11
1413393906.756211996078491,38,5,34,2,11
1413393906.806213855743408,39,1,35,4,11
1413393906.856214046478271,46,0,39,7,11
1413393906.906214952468872,50,13,46,4,11
1413393906.956214189529419,50,6,49,0,11
1413393907.006216287612915,50,1,49,0,11
1413393907.056211233139038,50,0,48,1,11
1413393907.106198310852051,50,11,49,0,11
1413393907.156183719635010,50,4,49,1,11
1413393907.206166267395020,50,8,49,0,11
1413393907.256151199340820,50,2,48,0,11
1413393907.306138038635254,50,1,48,1,11
1413393907.356123447418213,49,1,48,0,11
1413393907.406111478805542,49,1,48,0,11
1413393907.456103801727295,49,1,48,1,11
1413393907.506106615066528,49,8,48,1,11
1413393907.556100845336914,50,5,49,1,11
1413393907.606090784072876,50,2,50,0,11
1413393907.656079292297363,50,0,50,0,11
1413393907.706066370010376,50,5,50,0,11
1413393907.756055355072021,50,2,49,0,11
1413393907.806046009063721,50,2,44,0,11
1413393907.856037378311157,50,1,44,1,11
1413393907.906022310256958,45,4,43,1,11
1413393907.956022739410400,46,0,45,1,11
1413393908.006021022796631,49,4,45,3,11
1413393908.056018590927124,48,2,48,0,11
1413393908.106015920639038,50,8,47,2,11
1413393908.156012058258057,50,5,49,0,11
1413393908.206008195877075,50,2,49,1,11
1413393908.256009578704834,49,0,48,0,11
1413393908.306015491485596,50,8,48,1,11
1413393908.356025218963623,49,5,49,0,11
1413393908.406023025512695,50,5,49,1,11
1413393908.456014871597290,50,1,50,0,11
1413393908.506012439727783,50,8,50,0,11
1413393908.556010007858276,50,1,50,0,11
1413393908.606009244918823,50,5,50,0,11
1413393908.656010150909424,50,3,49,0,11
1413393908.706014871597290,50,7,50,0,11
1413393908.756012678146362,49,5,49,0,11
1413393908.806006431579590,49,1,48,1,11
1413393908.855994939804077,49,0,49,0,11
1413393908.905987024307251,49,8,48,0,11
1413393908.955992937088013,50,7,48,1,11
1413393909.006005525588989,49,1,49,0,11
1413393909.056020736694336,50,3,49,1,11
1413393909.106038093566895,50,10,49,0,11
1413393909.156049251556396,50,2,49,0,11
1413393909.206064462661743,50,4,49,1,11
1413393909.256066322326660,50,1,50,0,11
1413393909.306069135665894,50,6,50,0,11
1413393909.356081008911133,50,11,50,0,11
1413393909.406080722808838,50,0,50,0,11
1413393909.456080198287964,50,0,49,0,11
1413393909.506080150604248,50,7,50,0,11
1413393909.556080341339111,50,4,50,0,11
1413393909.606080293655396,50,3,48,0,11
1413393909.656079292297363,50,2,48,1,11
1413393909.706076860427856,47,7,46,1,11
1413393909.756075143814087,44,0,44,0,11
1413393909.806073188781738,47,0,42,4,11
1413393909.856071233749390,45,1,39,1,11
1413393909.906068801879883,48,3,39,5,11
1413393909.956065654754639,47,8,44,3,11
1413393910.006064414978027,43,0,43,0,11
1413393910.056062936782837,43,1,43,0,11
1413393910.106059074401855,49,9,42,7,11
1413393910.156056880950928,50,4,48,1,11
1413393910.206055879592896,50,4,49,0,11
1413393910.256057262420654,46,3,46,0,11
1413393910.306059360504150,50,17,46,4,11
1413393910.356059312820435,50,1,50,0,11
1413393910.406059026718140,49,0,49,0,11
1413393910.456059217453003,47,1,46,0,11
1413393910.506058931350708,47,4,42,3,11
1413393910.556056022644043,48,9,44,3,11
1413393910.606054306030273,48,3,47,1,11
1413393910.656049251556396,50,13,47,2,11
1413393910.706045389175415,50,8,48,0,11
1413393910.756037235260010,47,6,39,0,11
1413393910.806029081344604,48,6,39,2,11
1413393910.856026172637939,47,2,36,5,11
1413393910.906004905700684,47,15,38,3,11
1413393910.955996990203857,45,3,37,1,11
1413393911.005982875823975,42,3,36,1,11
1413393911.055971384048462,38,4,36,0,11
1413393911.105962991714478,37,2,33,3,11
1413393911.155948162078857,44,6,36,7,11
1413393911.205941200256348,42,6,40,1,11
1413393911.255936384201050,40,3,40,0,11
1413393911.305933713912964,43,2,39,4,11
1413393911.355934143066406,48,4,41,5,11
1413393911.405936241149902,49,8,46,1,11
1413393911.455936431884766,49,4,45,2,11
1413393911.505933284759521,49,11,45,1,11
1413393911.555929422378540,48,12,44,2,11
1413393911.605930805206299,47,16,41,2,11
1413393911.655934572219849,47,2,41,3,11
1413393911.705932855606079,46,1,40,2,11
1413393911.755926370620728,47,2,37,3,11
1413393911.805918693542480,45,5,35,1,11
1413393911.855917930603027,43,3,33,3,11
1413393911.905914545059204,40,3,30,1,11
1413393911.955911159515381,35,9,25,1,11
1413393912.005909919738770,31,3,24,4,11
1413393912.055907487869263,34,2,26,6,11
1413393912.105906963348389,34,5,31,2,11
1413393912.155899047851562,38,4,29,6,11
1413393912.205895662307739,43,3,31,7,11
1413393912.255893945693970,45,5,33,7,11
1413393912.305891990661621,40,8,34,1,11
1413393912.355886936187744,37,7,34,2,11
1413393912.405882596969604,37,3,30,2,11
1413393912.455878973007202,34,2,30,0,11
1413393912.505876779556274,28,9,24,1,11
1413393912.555878400802612,26,7,19,5,11
1413393912.605882406234741,23,7,18,3,11
1413393912.655885457992554,21,5,17,0,11
1413393912.705890893936157,18,7,16,0,11
1413393912.755898475646973,16,6,14,2,11
1413393912.805902481079102,13,3,13,0,11
1413393912.855906009674072,14,3,11,1,11
1413393912.905908584594727,16,4,13,2,11
1413393912.955911636352539,17,3,13,2,11
1413393913.005914211273193,18,5,14,3,11
1413393913.055916070938110,19,3,16,3,11
1413393913.105914354324341,27,2,19,8,11
1413393913.155911684036255,38,3,27,11,11
1413393913.205910205841064,49,2,37,12,11
1413393913.255906105041504,47,8,46,1,11
1413393913.305902957916260,48,5,44,1,11
1413393913.355902910232544,44,9,41,2,11
1413393913.405900716781616,46,4,41,4,11
1413393913.455900192260742,47,8,42,4,11
1413393913.505900144577026,45,2,45,0,11
1413393913.555900573730469,42,6,41,1,11
1413393913.605901479721069,39,3,36,1,11
1413393913.655901193618774,34,4,30,2,11
1413393913.705900907516479,36,2,31,4,11
1413393913.755904197692871,35,8,31,0,11
1413393913.805908203125000,36,1,22,3,11
1413393913.855910539627075,33,2,21,1,11
1413393913.905915498733521,27,4,17,5,11
1413393913.955921888351440,30,3,21,6,11
1413393914.005930900573730,33,7,24,6,11
1413393914.055935144424438,31,8,26,0,11
1413393914.105940580368042,29,2,24,2,11
1413393914.155950546264648,30,2,21,6,11
1413393914.205956935882568,30,3,25,2,11
1413393914.255961894989014,26,0,24,0,11
1413393914.305967330932617,30,1,23,7,11
1413393914.355967998504639,28,5,28,0,11
1413393914.405967950820923,28,1,28,0,11
1413393914.455968618392944,39,9,27,11,11
1413393914.505967855453491,38,3,37,0,11
1413393914.555969953536987,36,2,35,0,11
1413393914.605975627899170,48,1,33,12,11
1413393914.655977487564087,47,3,42,1,11
1413393914.705978155136108,47,0,40,3,11
1413393914.755974769592285,45,5,42,2,11
1413393914.805975437164307,44,2,42,1,11
1413393914.855976104736328,49,7,40,6,11
1413393914.905975580215454,46,14,44,1,11
1413393914.955972194671631,45,0,45,0,11
1413393915.005970239639282,44,0,44,0,11
1413393915.055970191955566,47,5,41,5,11
1413393915.105971336364746,44,1,44,0,11
1413393915.155972242355347,42,1,42,0,11
1413393915.205973625183105,43,0,42,1,11
1413393915.255974531173706,50,12,43,7,11
1413393915.305974960327148,49,4,48,0,11
1413393915.355975627899170,49,4,47,1,11
1413393915.405975580215454,48,4,46,1,11
1413393915.455974817276001,49,5,46,2,11
1413393915.505973577499390,48,15,47,1,11
1413393915.555973291397095,47,0,47,0,11
1413393915.605973958969116,47,3,47,0,11
1413393915.655973672866821,50,3,46,3,11
1413393915.705972909927368,49,2,48,0,11
1413393915.755971670150757,43,1,43,0,11
1413393915.805970430374146,43,1,42,1,11
1413393915.855969190597534,46,1,41,4,11
1413393915.905968427658081,46,1,45,0,11
1413393915.955968141555786,45,1,43,1,11
1413393916.005968809127808,45,0,42,0,11
1413393916.055968999862671,47,0,41,4,11
1413393916.105969667434692,47,13,45,2,11
1413393916.155970096588135,49,3,45,3,11
1413393916.205970764160156,48,1,47,0,11
1413393916.255972146987915,47,1,45,2,11
1413393916.305972576141357,50,6,46,3,11
1413393916.355971336364746,47,0,46,0,11
1413393916.405969142913818,45,3,43,0,11
1413393916.455967426300049,43,1,38,1,11
1413393916.505965232849121,41,1,36,1,11
1413393916.555964708328247,38,0,34,0,11
1413393916.605965614318848,39,2,31,5,11
1413393916.655965089797974,39,0,34,1,11
1413393916.705966234207153,46,0,33,9,11
1413393916.755964756011963,45,1,40,3,11
1413393916.805966138839722,50,1,42,7,11
1413393916.855966806411743,49,2,48,0,11
1413393916.905966758728027,43,7,41,1,11
1413393916.955969572067261,41,4,40,1,11
1413393917.005973100662231,41,1,39,0,11
1413393917.055975914001465,42,1,39,1,11
1413393917.105977535247803,41,0,39,1,11
1413393917.155977010726929,41,2,36,0,11
1413393917.205976009368896,44,3,33,5,11
1413393917.255974054336548,44,1,36,5,11
1413393917.305972576141357,43,1,39,1,11
1413393917.355971336364746,41,2,38,0,11
1413393917.405969142913818,44,1,36,7,11
1413393917.455966711044312,45,1,40,5,11
1413393917.505964279174805,46,0,40,3,11
1413393917.555964231491089,48,2,39,4,11
1413393917.605962753295898,46,0,42,2,11
1413393917.655962228775024,39,1,36,0,11
1413393917.705962181091309,32,1,31,0,11
1413393917.755964040756226,32,0,26,4,11
1413393917.805965423583984,30,0,26,1,11
1413393917.855966806411743,31,2,24,2,11
1413393917.905967473983765,29,0,23,1,11
1413393917.955968141555786,28,0,24,2,11
1413393918.005968809127808,27,2,25,1,11
1413393918.055968523025513,27,0,23,3,11
1413393918.105968952178955,29,0,26,3,11
1413393918.155968427658081,27,3,25,1,11
1413393918.205967903137207,29,0,26,2,11
1413393918.255968332290649,29,0,26,1,11
1413393918.305969715118408,30,0,26,1,11
1413393918.355970859527588,29,0,25,3,11
1413393918.405970811843872,30,1,27,2,11
1413393918.455971479415894,32,0,28,4,11
1413393918.505973815917969,28,3,21,7,11
1413393918.555974245071411,29,1,26,2,11
1413393918.605975151062012,26,0,24,0,11
1413393918.655974388122559,23,1,21,1,11
1413393918.705974817276001,21,4,11,9,11
1413393918.755975246429443,21,3,19,1,11
1413393918.805974960327148,20,6,17,2,11
1413393918.855974674224854,17,2,14,1,11
1413393918.905977249145508,21,1,9,9,11
1413393918.955976009368896,20,3,14,3,11
1413393919.005976676940918,15,5,13,0,11
1413393919.055975198745728,16,2,11,3,11
1413393919.105971574783325,17,3,12,4,11
1413393919.155970573425293,16,2,15,1,11
1413393919.205968141555786,15,7,13,2,11
1413393919.255964994430542,17,5,11,6,11
1413393919.305965185165405,15,9,15,0,11
1413393919.355964660644531,15,4,15,0,11
1413393919.405962228775024,17,2,12,4,11
1413393919.455961704254150,17,4,14,1,11
1413393919.505959272384644,18,5,15,1,11
1413393919.555958509445190,17,6,13,2,11
1413393919.605959177017212,16,2,12,4,11
1413393919.655959367752075,15,2,15,0,11
1413393919.705959796905518,15,0,13,2,11
1413393919.755960226058960,18,0,14,3,11
1413393919.805960893630981,19,4,17,2,11
1413393919.855960130691528,33,4,19,14,11
1413393919.905959367752075,34,4,32,2,11
1413393919.955958127975464,35,1,31,2,11
1413393920.005954027175903,36,4,33,2,11
1413393920.055951595306396,31,4,27,3,11
1413393920.105948448181152,32,6,29,2,11
1413393920.155946493148804,32,4,27,4,11
1413393920.205945730209351,38,0,31,6,11
1413393920.255944967269897,36,1,36,0,11
1413393920.305945396423340,40,0,36,4,11
1413393920.355946302413940,45,1,38,5,11
1413393920.405946254730225,47,0,41,2,11
1413393920.455945968627930,45,0,40,3,11
1413393920.505945205688477,46,0,43,3,11
1413393920.555943965911865,47,3,43,2,11
1413393920.605942487716675,49,4,44,3,11
1413393920.655942916870117,48,10,47,1,11
1413393920.705942630767822,50,2,47,2,11
1413393920.755941867828369,49,13,48,0,11
1413393920.805939197540283,50,11,47,1,11
1413393920.855938196182251,49,0,47,0,11
1413393920.905937433242798,46,2,45,1,11
1413393920.955938100814819,44,4,43,0,11
1413393921.005938768386841,42,3,40,0,11
1413393921.055939674377441,44,0,35,6,11
1413393921.105939388275146,43,2,40,1,11
1413393921.155938148498535,43,1,40,2,11
1413393921.205936670303345,48,1,38,7,11
1413393921.255935192108154,48,19,44,2,11
1413393921.305934906005859,46,2,43,0,11
1413393921.355935096740723,47,6,42,4,11
1413393921.405934333801270,46,1,44,2,11
1413393921.455933570861816,46,0,46,0,11
1413393921.505934238433838,47,1,46,1,11
1413393921.555934190750122,47,2,47,0,11
1413393921.605934858322144,47,16,45,1,11
1413393921.655935525894165,47,0,46,0,11
1413393921.705936431884766,47,0,46,1,11
1413393921.755936861038208,47,0,46,0,11
1413393921.805936098098755,47,1,46,0,11
1413393921.855937004089355,48,15,45,2,11
1413393921.905936956405640,48,0,47,0,11
1413393921.955937623977661,50,27,46,3,11
1413393922.005938291549683,49,1,49,0,11
1413393922.055939674377441,49,0,48,0,11
1413393922.105940580368042,49,1,47,0,11
1413393922.155942201614380,48,1,47,0,11
1413393922.205942153930664,50,11,45,3,11
1413393922.255944013595581,47,1,42,0,11
1413393922.305943965911865,41,3,40,0,11
1413393922.355943918228149,39,10,39,0,11
1413393922.405943632125854,38,3,35,0,11
1413393922.455941200256348,38,7,26,10,11
1413393922.505939960479736,36,2,35,0,11
1413393922.555941104888916,50,7,34,14,11
1413393922.605940103530884,48,2,46,1,11
1413393922.655939817428589,47,2,46,0,11
1413393922.705939531326294,49,0,42,2,11
1413393922.755939960479736,48,6,43,1,11
1413393922.805940151214600,46,12,44,2,11
1413393922.855941057205200,49,12,46,3,11
1413393922.905940532684326,50,1,49,1,11
1413393922.955939054489136,50,2,49,0,11
1413393923.005940198898315,49,2,47,0,11
1413393923.055941343307495,48,6,46,0,11
1413393923.105941295623779,47,2,44,2,11
1413393923.155943632125854,47,5,44,2,11
1413393923.205945014953613,46,7,45,1,11
1413393923.255945205688477,46,8,44,1,11
1413393923.305944919586182,46,7,44,0,11
1413393923.355942964553833,47,6,41,2,11
1413393923.405935764312744,45,11,37,3,11
1413393923.455930709838867,43,7,35,3,11
1413393923.505925178527832,42,2,33,4,11
1413393923.555922746658325,36,13,33,1,11
1413393923.605921506881714,32,2,30,1,11
1413393923.655921936035156,32,8,26,1,11
1413393923.705924272537231,30,14,29,0,11
1413393923.755939960479736,33,10,24,5,11
1413393923.805941581726074,29,6,24,1,11
1413393923.855941534042358,26,2,23,1,11
1413393923.905942440032959,25,11,22,1,11
1413393923.955941438674927,22,1,21,0,11
1413393924.005939722061157,23,3,19,2,11
1413393924.055939674377441,18,8,15,0,11
1413393924.105940341949463,17,6,14,0,11
1413393924.155941486358643,19,10,11,5,11
1413393924.205943107604980,26,6,16,8,11
1413393924.255944252014160,33,13,23,9,11
1413393924.305945873260498,31,5,26,1,11
1413393924.355946779251099,28,9,23,1,11
1413393924.405946969985962,25,6,20,0,11
1413393924.455946922302246,28,9,17,6,11
1413393924.505946874618530,25,3,22,1,11
1413393924.555948019027710,22,4,18,0,11
1413393924.605947494506836,23,6,16,4,11
1413393924.655947208404541,20,11,15,2,11
1413393924.705947875976562,17,5,16,0,11
1413393924.755947828292847,10,3,7,0,11
1413393924.805947780609131,10,2,5,0,11
1413393924.855947971343994,11,7,5,5,11
1413393924.905946731567383,11,12,7,2,11
1413393924.955948114395142,10,3,7,1,11
1413393925.005948781967163,9,8,7,0,11
1413393925.055943250656128,12,9,5,6,11
1413393925.105939865112305,15,6,10,4,11
1413393925.155937671661377,17,10,14,3,11
1413393925.205935478210449,18,3,13,1,11
1413393925.255934476852417,20,4,8,3,11
1413393925.305933952331543,15,10,8,0,11
1413393925.355927705764771,12,7,5,2,11
1413393925.405927896499634,8,9,3,1,11
1413393925.455928325653076,8,7,3,1,11
1413393925.505928039550781,8,3,4,3,11
1413393925.555928707122803,7,6,7,0,11
1413393925.605929851531982,9,6,7,2,11
1413393925.655930280685425,8,3,8,0,11
1413393925.705932140350342,10,4,5,3,11
1413393925.755932569503784,15,6,8,5,11
1413393925.805932521820068,11,10,9,1,11
1413393925.855934619903564,18,2,9,8,11
1413393925.905935049057007,22,12,16,6,11
1413393925.955934524536133,19,3,19,0,11
1413393926.005933523178101,23,3,18,5,11
1413393926.055932521820068,27,3,22,5,11
1413393926.105932712554932,29,6,26,3,11
1413393926.155932426452637,33,6,29,4,11
1413393926.205933332443237,35,0,33,2,11
1413393926.255934715270996,41,2,34,6,11
1413393926.305935621261597,41,4,39,1,11
1413393926.355935811996460,44,0,38,4,11
1413393926.405936479568481,43,2,40,1,11
1413393926.455936908721924,44,3,40,3,11
1413393926.505938768386841,45,0,43,1,11
1413393926.555940151214600,43,0,43,0,11
1413393926.605940580368042,43,1,39,2,11
1413393926.655941486358643,40,1,38,2,11
1413393926.705940961837769,40,1,35,3,11
1413393926.755940437316895,41,0,34,2,11
1413393926.805940628051758,42,0,32,5,11
1413393926.855942726135254,43,1,35,5,11
1413393926.905942916870117,38,1,34,1,11
1413393926.955942630767822,38,2,35,1,11
1413393927.005942583084106,38,1,36,1,11
1413393927.055942535400391,39,0,34,2,11
1413393927.105942964553833,44,0,32,5,11
1413393927.155946493148804,49,0,37,8,11
1413393927.205950736999512,49,3,45,4,11
1413393927.255951404571533,48,0,44,0,11
1413393927.305952787399292,49,6,43,1,11
1413393927.355953454971313,46,0,43,2,11
1413393927.405954122543335,45,2,40,2,11
1413393927.455955505371094,45,8,37,4,11
1413393927.505954504013062,44,6,36,7,11
1413393927.555953025817871,47,5,41,4,11
1413393927.605953931808472,48,5,44,2,11
1413393927.655953645706177,46,3,42,1,11
1413393927.705952644348145,43,2,39,0,11
1413393927.755952358245850,43,7,36,3,11
1413393927.805951833724976,40,5,35,2,11
1413393927.855952501296997,39,3,36,1,11
1413393927.905953407287598,37,2,35,1,11
1413393927.955953359603882,36,3,34,0,11
1413393928.005953550338745,30,1,30,0,11
1413393928.055951833724976,31,5,29,1,11
1413393928.105952262878418,29,6,29,0,11
1413393928.155952930450439,28,3,28,0,11
1413393928.205953359603882,28,3,28,0,11
1413393928.255954980850220,28,5,27,0,11
1413393928.305956363677979,27,6,26,0,11
1413393928.355954885482788,31,6,25,5,11
1413393928.405954837799072,33,6,29,3,11
1413393928.455954313278198,30,3,28,1,11
1413393928.505954027175903,34,1,29,4,11
1413393928.555952787399292,34,2,29,2,11
1413393928.605951547622681,37,2,26,6,11
1413393928.655950546264648,32,2,27,2,11
1413393928.705948829650879,29,0,25,2,11
1413393928.755946159362793,30,0,25,4,11
1413393928.805942296981812,29,1,28,1,11
1413393928.855940103530884,28,1,27,0,11
1413393928.905940055847168,29,2,27,1,11
1413393928.955935955047607,30,4,27,2,11
1413393929.005934000015259,32,5,28,2,11
1413393929.055930137634277,37,4,28,7,11
1413393929.105930089950562,38,1,29,2,11
1413393929.155929803848267,36,3,27,2,11
1413393929.205929279327393,31,3,26,3,11
1413393929.255928516387939,33,1,29,3,11
1413393929.305928468704224,33,3,29,3,11
1413393929.355928897857666,34,1,27,1,11
1413393929.405928850173950,33,2,23,1,11
1413393929.455928564071655,28,1,21,1,11
1413393929.505928754806519,27,2,22,3,11
1413393929.555928707122803,25,2,25,0,11
1413393929.605928421020508,28,1,23,3,11
1413393929.655928611755371,26,0,22,0,11
1413393929.705928564071655,26,4,22,1,11
1413393929.755928754806519,23,2,23,0,11
1413393929.805928468704224,25,3,22,2,11
1413393929.855928421020508,23,4,21,0,11
1413393929.905927896499634,26,3,19,4,11
1413393929.955927371978760,26,1,23,1,11
1413393930.005926609039307,27,3,22,2,11
1413393930.055926084518433,29,1,21,3,11
1413393930.105926752090454,27,2,20,1,11
1413393930.155926465988159,30,3,16,5,11
1413393930.205926418304443,26,1,18,2,11
1413393930.255926370620728,25,1,17,5,11
1413393930.305926322937012,25,1,20,1,11
1413393930.355925798416138,24,2,18,3,11
1413393930.405924320220947,25,2,21,2,11
1413393930.455925464630127,30,1,21,7,11
1413393930.505923509597778,30,6,25,3,11
1413393930.555922746658325,31,1,26,2,11
1413393930.605922698974609,31,2,28,1,11
1413393930.655923366546631,36,5,29,6,11
1413393930.705922842025757,36,4,34,1,11
1413393930.755922555923462,46,4,34,11,11
1413393930.805922746658325,43,4,40,1,11
1413393930.855923414230347,38,1,34,1,11
1413393930.905923604965210,38,3,33,3,11
1413393930.955924749374390,38,2,34,1,11
1413393931.005924463272095,37,2,34,1,11
1413393931.055924177169800,38,5,32,4,11
1413393931.105924129486084,37,0,34,0,11
1413393931.155923843383789,41,1,34,6,11
1413393931.205923557281494,40,2,38,1,11
1413393931.255923986434937,40,0,36,1,11
1413393931.305922746658325,38,4,35,0,11
1413393931.355922698974609,39,1,33,2,11
1413393931.405920982360840,42,1,31,6,11
1413393931.455920457839966,41,4,36,4,11
1413393931.505919218063354,39,0,38,0,11
1413393931.555917978286743,38,2,37,0,11
1413393931.605916738510132,43,1,35,6,11
1413393931.655916213989258,47,2,40,5,11
1413393931.705916166305542,45,2,43,0,11
1413393931.755915880203247,43,6,39,0,11
1413393931.805916786193848,44,10,35,6,11
1413393931.855916976928711,45,2,38,4,11
1413393931.905917882919312,45,5,40,4,11
1413393931.955917835235596,42,0,38,0,11
1413393932.005917310714722,41,2,38,0,11
1413393932.055917978286743,41,4,36,3,11
1413393932.105918169021606,38,4,33,1,11
1413393932.155919790267944,37,0,32,2,11
1413393932.205920696258545,35,1,32,0,11
1413393932.255921602249146,35,1,32,1,11
1413393932.305922985076904,39,3,31,7,11
1413393932.355923175811768,35,1,35,0,11
1413393932.405923604965210,43,5,33,9,11
1413393932.455923318862915,41,4,39,1,11
1413393932.505923032760620,42,1,39,3,11
1413393932.555922508239746,49,5,39,8,11
1413393932.605922937393188,48,2,45,1,11
1413393932.655924081802368,50,6,44,2,11
1413393932.705923318862915,43,8,41,1,11
1413393932.755924224853516,41,2,37,2,11
1413393932.805924892425537,40,3,31,5,11
1413393932.855925559997559,44,1,35,6,11
1413393932.905927419662476,41,0,37,0,11
1413393932.955929517745972,35,1,33,0,11
1413393933.005932092666626,39,1,33,5,11
1413393933.055933237075806,37,2,34,1,11
1413393933.105933666229248,41,3,34,6,11
1413393933.155932903289795,40,0,36,2,11
1413393933.205932378768921,42,1,36,4,11
1413393933.255932331085205,43,0,39,3,11
1413393933.305932521820068,49,3,42,6,11
1413393933.355932235717773,48,0,48,0,11
1413393933.405932188034058,47,0,43,0,11
1413393933.455933570861816,49,3,43,2,11
1413393933.505933523178101,47,3,42,3,11
1413393933.555933475494385,50,1,44,3,11
1413393933.605933666229248,49,3,46,1,11
1413393933.655932188034058,46,4,43,0,11
1413393933.705931425094604,46,1,41,3,11
1413393933.755931615829468,48,2,43,4,11
1413393933.805931806564331,45,1,38,0,11
1413393933.855931997299194,43,2,37,2,11
1413393933.905930519104004,43,5,37,5,11
1413393933.955928802490234,42,2,37,2,11
1413393934.005927085876465,37,1,35,1,11
1413393934.055925130844116,40,2,34,3,11
1413393934.105924606323242,40,2,36,1,11
1413393934.155924320220947,44,1,35,7,11
1413393934.205923795700073,43,3,41,0,11
1413393934.255922317504883,42,0,39,1,11
1413393934.305921792984009,47,0,38,5,11
1413393934.355922222137451,44,1,38,2,11
1413393934.405921697616577,45,3,40,3,11
1413393934.455920696258545,47,10,43,3,11
1413393934.505920648574829,48,0,45,3,11
1413393934.555921316146851,48,4,47,1,11
1413393934.605922937393188,50,5,47,2,11
1413393934.655925035476685,49,1,48,0,11
1413393934.705926418304443,46,2,42,2,11
1413393934.755928754806519,50,8,41,4,11
1413393934.805930137634277,48,1,41,2,11
1413393934.855930328369141,48,1,40,4,11
1413393934.905930519104004,47,7,41,3,11
1413393934.955929517745972,46,1,40,3,11
1413393935.005928754806519,42,6,35,1,11
1413393935.055929422378540,39,3,30,4,11
1413393935.105929851531982,36,1,30,4,11
1413393935.155931949615479,42,6,28,9,11
1413393935.205932855606079,41,1,33,3,11
1413393935.255932569503784,38,2,34,2,11
1413393935.305931806564331,30,1,28,0,11
1413393935.355929613113403,33,4,26,5,11
1413393935.405925035476685,32,2,29,1,11
1413393935.455923318862915,31,5,26,0,11
1413393935.505916118621826,46,4,22,17,11
1413393935.555915594100952,41,0,38,1,11
1413393935.605916261672974,40,2,38,0,11
1413393935.655914783477783,46,2,37,9,11
1413393935.705915451049805,44,1,43,0,11
1413393935.755915164947510,48,15,43,4,11
1413393935.805915832519531,47,1,47,0,11
1413393935.855917215347290,47,0,46,0,11
1413393935.905918836593628,47,0,45,1,11
1413393935.955920934677124,47,20,44,2,11
1413393936.005921125411987,47,4,43,1,11
1413393936.055919885635376,47,0,40,2,11
1413393936.105920553207397,45,5,40,1,11
1413393936.155920743942261,41,3,35,1,11
1413393936.205918550491333,38,7,33,1,11
1413393936.255915403366089,41,2,31,7,11
1413393936.305913686752319,36,2,36,0,11
1413393936.355917453765869,43,6,28,12,11
1413393936.405916452407837,40,2,38,0,11
1413393936.455915927886963,33,3,32,0,11
1413393936.505915403366089,29,4,27,0,11
1413393936.555915832519531,34,1,22,5,11
1413393936.605916261672974,31,3,17,8,11
1413393936.655916213989258,25,6,21,1,11
1413393936.705916643142700,20,5,16,1,11
1413393936.755917072296143,17,5,14,1,11
1413393936.805916547775269,20,4,11,6,11
1413393936.855916261672974,17,4,14,0,11
1413393936.905915737152100,25,5,12,12,11
1413393936.955917119979858,25,2,21,1,11
1413393937.005918264389038,29,2,19,6,11
1413393937.055918931961060,25,1,24,1,11
1413393937.105919599533081,25,5,22,1,11
1413393937.155923128128052,32,4,21,9,11
1413393937.205924749374390,31,4,29,2,11
1413393937.255925655364990,34,2,31,3,11
1413393937.305926084518433,36,3,34,2,11
1413393937.355926752090454,36,3,34,2,11
1413393937.405926227569580,37,2,35,2,11
1413393937.455925226211548,38,0,35,2,11
1413393937.505924701690674,40,0,37,2,11
1413393937.555924654006958,41,4,39,2,11
1413393937.605926275253296,43,2,41,2,11
1413393937.655926227569580,48,7,43,5,11
1413393937.705926895141602,50,3,48,2,11
1413393937.755928754806519,50,6,49,0,11
1413393937.805928945541382,49,6,48,0,11
1413393937.855930328369141,49,5,48,1,11
1413393937.905929803848267,49,1,48,1,11
1413393937.955928564071655,50,4,49,1,11
1413393938.005927801132202,50,2,50,0,11
1413393938.055928230285645,50,0,50,0,11
1413393938.105927228927612,50,6,50,0,11
1413393938.155927896499634,50,3,50,0,11
1413393938.205928325653076,50,0,50,0,11
1413393938.255926847457886,50,13,50,0,11
1413393938.305925369262695,50,1,50,0,11
1413393938.355923891067505,49,3,47,0,11
1413393938.405922889709473,48,4,46,0,11
1413393938.455924749374390,47,3,46,1,11
1413393938.505924940109253,48,0,45,1,11
1413393938.555923938751221,50,2,44,2,11
1413393938.605924606323242,48,1,46,0,11
1413393938.655925750732422,46,0,44,1,11
1413393938.705925464630127,48,1,43,2,11
1413393938.755925416946411,45,0,43,0,11
1413393938.805926799774170,42,0,42,0,11
1413393938.855929851531982,47,11,42,5,11
1413393938.905931472778320,48,0,46,1,11
1413393938.955933094024658,48,1,43,1,11
1413393939.005934000015259,48,1,45,2,11
1413393939.055936098098755,45,4,44,1,11
1413393939.105940580368042,49,20,42,4,11
1413393939.155944585800171,48,1,45,0,11
1413393939.205939292907715,47,1,43,2,11
1413393939.255937337875366,45,0,43,1,11
1413393939.305934667587280,43,1,41,0,11
1413393939.355933189392090,43,0,39,0,11
1413393939.405932903289795,40,0,33,2,11
1413393939.455943584442139,40,9,31,6,11
1413393939.505946159362793,37,1,32,1,11
1413393939.555948972702026,33,10,26,1,11
1413393939.605947256088257,28,1,23,0,11
1413393939.655942440032959,21,8,17,2,11
1413393939.705929756164551,38,3,19,19,11
1413393939.755921363830566,35,2,32,1,11
1413393939.805912971496582,33,2,30,0,11
1413393939.855903148651123,31,8,26,0,11
1413393939.905891895294189,29,8,25,0,11
1413393939.955884695053101,28,10,20,2,11
1413393940.005883693695068,27,10,18,0,11
1413393940.055881261825562,23,3,16,2,11
1413393940.105881452560425,21,3,16,2,11
1413393940.155880451202393,22,2,18,2,11
1413393940.205878496170044,21,4,19,2,11
1413393940.255865812301636,24,1,19,4,11
1413393940.305858612060547,25,1,22,2,11
1413393940.355847120285034,25,1,21,0,11
1413393940.405839204788208,25,0,16,1,11
1413393940.455827236175537,25,2,15,3,11
1413393940.505783796310425,40,3,14,20,11
1413393940.555778026580811,37,2,26,1,11
1413393940.605777502059937,35,2,21,1,11
1413393940.655780076980591,30,0,17,7,11
1413393940.705783843994141,20,0,18,1,11
1413393940.755786180496216,18,0,17,1,11
1413393940.805794239044189,17,0,17,0,11
1413393940.855814218521118,19,0,17,2,11
1413393940.905825614929199,19,2,17,0,11
1413393940.955833911895752,19,18,17,0,11
1413393941.005841970443726,21,6,15,4,11
1413393941.055846452713013,22,15,18,2,11
1413393941.105851411819458,23,8,18,3,11
1413393941.155853509902954,25,2,22,2,11
1413393941.205855369567871,25,3,22,2,11
1413393941.255863428115845,30,3,23,5,11
1413393941.305873632431030,32,3,28,3,11
1413393941.355881452560425,33,3,31,2,11
1413393941.405887126922607,33,4,32,0,11
1413393941.455894708633423,38,0,30,6,11
1413393941.505899667739868,41,4,34,5,11
1413393941.555898666381836,48,4,39,8,11
1413393941.605898857116699,49,15,46,2,11
1413393941.655894279479980,49,1,47,1,11
1413393941.705889940261841,48,2,45,1,11
1413393941.755887269973755,46,4,42,0,11
1413393941.805885076522827,42,6,38,2,11
1413393941.855880260467529,39,1,38,1,11
1413393941.905871629714966,40,8,37,1,11
1413393941.955861568450928,42,7,37,2,11
1413393942.005852460861206,42,10,31,9,11
1413393942.055847883224487,37,16,30,0,11
1413393942.105848312377930,38,5,27,2,11
1413393942.155848979949951,32,1,28,0,11
1413393942.205853223800659,34,3,27,5,11
1413393942.255855798721313,32,1,29,0,11
1413393942.305863142013550,33,0,27,2,11
1413393942.355868816375732,30,1,24,1,11
1413393942.405875921249390,29,1,25,2,11
1413393942.455884933471680,28,2,25,2,11
1413393942.505895853042603,30,3,23,3,11
1413393942.555902481079102,33,2,25,3,11
1413393942.605910062789917,37,1,24,8,11
1413393942.655915498733521,42,1,33,6,11
1413393942.705915689468384,46,0,39,7,11
1413393942.755912780761719,46,3,43,2,11
1413393942.805908441543579,44,2,39,3,11
1413393942.855905055999756,45,3,41,2,11
1413393942.905901670455933,43,0,43,0,11
1413393942.955898523330688,41,1,40,0,11
1413393943.005896806716919,39,0,38,0,11
1413393943.055895566940308,44,2,36,7,11
1413393943.105899333953857,45,10,43,1,11
1413393943.155900478363037,48,14,42,4,11
1413393943.205900430679321,50,8,45,2,11
1413393943.255898952484131,47,2,46,0,11
1413393943.305896759033203,47,3,45,2,11
1413393943.355893373489380,50,6,47,3,11
1413393943.405890464782715,50,1,50,0,11
1413393943.455888032913208,48,1,47,0,11
1413393943.505886554718018,47,2,47,0,11
1413393943.555883646011353,47,1,46,1,11
1413393943.605877399444580,46,1,46,0,11
1413393943.655872344970703,46,0,45,0,11
1413393943.705869913101196,46,2,44,1,11
1413393943.755868911743164,50,9,45,5,11
1413393943.805868387222290,47,7,47,0,11
1413393943.855867862701416,48,4,47,1,11
1413393943.905867099761963,50,0,47,2,11
1413393943.955867528915405,49,6,48,0,11
1413393944.005865812301636,48,1,47,0,11
1413393944.055863618850708,48,2,46,1,11
1413393944.105864286422729,50,2,46,2,11
1413393944.155867099761963,49,2,47,1,11
1413393944.205868959426880,48,5,47,0,11
1413393944.255871295928955,47,5,44,0,11
1413393944.305872678756714,45,1,41,0,11
1413393944.355875253677368,47,3,38,6,11
1413393944.405877113342285,47,4,40,3,11
1413393944.455877780914307,43,0,40,2,11
1413393944.505878210067749,42,0,39,0,11
1413393944.555877447128296,45,0,39,5,11
1413393944.605876922607422,44,0,43,0,11
1413393944.655875682830811,47,0,40,3,11
1413393944.705875873565674,47,0,42,2,11
1413393944.755875587463379,47,0,43,4,11
1413393944.805874824523926,47,4,44,3,11
1413393944.855875253677368,47,0,45,1,11
1413393944.905874729156494,44,1,41,0,11
1413393944.955873966217041,45,0,40,3,11
1413393945.005873441696167,46,3,42,3,11
1413393945.055870532989502,48,5,43,2,11
1413393945.105867862701416,47,4,43,2,11
1413393945.155865430831909,47,3,43,1,11
1413393945.205865621566772,46,2,39,3,11
1413393945.255865335464478,43,3,37,4,11
1413393945.305865526199341,41,3,38,3,11
1413393945.355866432189941,45,4,36,8,11
1413393945.405866861343384,44,1,41,3,11
1413393945.455868244171143,44,0,41,2,11
1413393945.505867719650269,42,0,40,0,11
1413393945.555864810943604,41,0,39,1,11
1413393945.605863094329834,38,5,38,0,11
1413393945.655863523483276,37,3,34,0,11
1413393945.705862283706665,33,3,30,1,11
1413393945.755861043930054,33,1,30,2,11
1413393945.805861234664917,34,0,32,2,11
1413393945.855862379074097,35,2,32,2,11
1413393945.905865192413330,34,0,33,0,11
1413393945.955869674682617,32,1,30,0,11
1413393946.005873918533325,31,1,28,0,11
1413393946.055877208709717,29,2,28,0,11
1413393946.105880022048950,30,0,28,2,11
1413393946.155880451202393,36,1,30,6,11
1413393946.205879926681519,37,2,30,5,11
1413393946.255880832672119,38,0,31,3,11
1413393946.305879592895508,37,0,34,1,11
1413393946.355878829956055,37,0,33,2,11
1413393946.405876874923706,35,1,32,0,11
1413393946.455875158309937,36,2,29,3,11
1413393946.505874395370483,35,0,29,0,11
1413393946.555874347686768,33,0,28,1,11
1413393946.605874538421631,31,0,22,2,11
1413393946.655874729156494,31,0,22,2,11
1413393946.705873966217041,30,2,22,4,11
1413393946.755873203277588,30,0,27,3,11
1413393946.805870532989502,32,0,28,3,11
1413393946.855867385864258,33,2,28,1,11
1413393946.905863046646118,31,1,26,0,11
1413393946.955859422683716,31,5,26,1,11
1413393947.005856275558472,30,1,23,4,11
1413393947.055854082107544,31,0,27,3,11
1413393947.105854034423828,39,3,30,9,11
1413393947.155856370925903,39,3,38,0,11
1413393947.205859899520874,38,0,37,1,11
1413393947.255862951278687,42,1,38,4,11
1413393947.305866241455078,40,2,37,0,11
1413393947.355868101119995,39,1,36,0,11
1413393947.405868768692017,35,1,34,0,11
1413393947.455868959426880,34,0,32,0,11
1413393947.505869626998901,34,2,29,2,11
1413393947.555869340896606,33,1,28,1,11
1413393947.605869531631470,32,3,27,2,11
1413393947.655869007110596,31,2,25,1,11
1413393947.705867767333984,31,1,22,2,11
1413393947.755867719650269,29,9,19,3,11
1413393947.805867671966553,25,5,20,2,11
1413393947.855867862701416,19,11,14,4,11
1413393947.905867576599121,18,5,16,1,11
1413393947.955867767333984,15,0,15,0,11
1413393948.005867958068848,13,3,11,1,11
1413393948.055867910385132,12,2,10,1,11
1413393948.105869054794312,14,10,9,4,11
1413393948.155869007110596,17,2,12,4,11
1413393948.205868721008301,19,4,16,2,11
1413393948.255868196487427,31,6,18,13,11
1413393948.305868148803711,27,6,26,0,11
1413393948.355867624282837,33,2,24,9,11
1413393948.405867099761963,39,4,30,8,11
1413393948.455868482589722,47,3,36,10,11
1413393948.505868673324585,44,1,43,1,11
1413393948.555869102478027,43,2,43,0,11
1413393948.605866909027100,47,2,43,4,11
1413393948.655867338180542,48,1,47,1,11
1413393948.705867528915405,50,3,46,2,11
1413393948.755867242813110,47,4,43,0,11
1413393948.805867195129395,46,0,44,1,11
1413393948.855867147445679,46,7,42,2,11
1413393948.905865907669067,45,2,42,0,11
1413393948.955861568450928,43,5,40,2,11
1413393949.005862236022949,42,0,41,1,11
1413393949.055863857269287,43,2,42,1,11
1413393949.105865001678467,46,2,43,3,11
1413393949.155864953994751,45,4,43,0,11
1413393949.205865144729614,46,5,43,1,11
1413393949.255864381790161,47,6,43,4,11
1413393949.305863618850708,48,6,47,1,11
1413393949.355864048004150,48,7,46,2,11
1413393949.405864715576172,47,1,47,0,11
1413393949.455865621566772,49,1,46,2,11
1413393949.505867004394531,49,2,48,0,11
1413393949.555868625640869,49,5,47,1,11
1413393949.605870485305786,48,1,46,0,11
1413393949.655872106552124,48,1,46,1,11
1413393949.705872535705566,47,1,46,0,11
1413393949.755872726440430,47,1,43,0,11
1413393949.805872201919556,47,1,41,2,11
1413393949.855872154235840,47,12,43,2,11
1413393949.905872106552124,46,1,43,1,11
1413393949.955872535705566,48,2,43,3,11
1413393950.005872011184692,49,1,43,3,11
1413393950.055870056152344,50,4,46,1,11
1413393950.105868101119995,48,1,45,1,11
1413393950.155867815017700,46,5,41,1,11
1413393950.205866813659668,46,1,41,1,11
1413393950.255865812301636,44,2,40,1,11
1413393950.305867195129395,48,17,39,6,11
1413393950.355867385864258,47,3,43,2,11
1413393950.405868053436279,47,2,42,1,11
1413393950.455868244171143,48,5,42,3,11
1413393950.505867958068848,48,0,43,3,11
1413393950.555868148803711,48,1,45,0,11
1413393950.605868101119995,46,2,41,0,11
1413393950.655867338180542,46,1,39,4,11
1413393950.705867767333984,49,20,41,6,11
1413393950.755868434906006,48,10,43,1,11
1413393950.805869102478027,47,1,41,1,11
1413393950.855869770050049,42,4,39,2,11
1413393950.905870676040649,48,24,40,8,11
1413393950.955870389938354,47,2,43,0,11
1413393951.005869388580322,39,0,36,0,11
1413393951.055869102478027,38,4,34,4,11
1413393951.105868816375732,36,3,36,0,11
1413393951.155868768692017,35,2,33,0,11
1413393951.205868721008301,32,0,31,0,11
1413393951.255867958068848,47,2,30,17,11
1413393951.305868625640869,49,6,46,3,11
1413393951.355869293212891,50,7,48,1,11
1413393951.405869245529175,50,2,48,0,11
1413393951.455869197845459,49,1,47,1,11
1413393951.505869865417480,48,27,47,1,11
1413393951.555869817733765,47,0,45,0,11
1413393951.605870246887207,44,1,43,0,11
1413393951.655870676040649,46,0,43,3,11
1413393951.705871105194092,46,4,45,0,11
1413393951.755871534347534,45,2,43,0,11
1413393951.805871963500977,47,3,41,4,11
1413393951.855872392654419,50,2,43,4,11
1413393951.905872344970703,45,9,44,1,11
1413393951.955872058868408,44,5,44,0,11
1413393952.005872011184692,47,0,41,3,11
1413393952.055871963500977,46,3,42,0,11
1413393952.105872392654419,47,18,41,4,11
1413393952.155872583389282,48,0,45,2,11
1413393952.205872297286987,48,0,46,2,11
1413393952.255872249603271,46,1,44,0,11
1413393952.305872201919556,45,3,41,0,11
1413393952.355872392654419,44,1,38,0,11
1413393952.405872344970703,49,3,38,9,11
1413393952.455872058868408,48,1,46,2,11
1413393952.505872249603271,48,1,47,1,11
1413393952.555872201919556,50,4,47,2,11
1413393952.605872154235840,48,1,45,0,11
1413393952.655872106552124,46,3,42,1,11
1413393952.705872297286987,49,13,41,6,11
1413393952.755872249603271,48,3,43,1,11
1413393952.805872440338135,46,5,41,1,11
1413393952.855872392654419,42,1,38,2,11
1413393952.905872106552124,44,2,38,4,11
1413393952.955871820449829,44,3,38,2,11
1413393953.005871534347534,44,1,40,1,11
1413393953.055871009826660,44,0,40,3,11
1413393953.105870485305786,44,1,43,0,11
1413393953.155869483947754,46,2,41,3,11
1413393953.205868482589722,47,0,42,2,11
1413393953.255868434906006,45,0,43,2,11
1413393953.305867910385132,48,7,42,5,11
1413393953.355867147445679,50,2,46,2,11
1413393953.405866384506226,50,12,47,1,11
1413393953.455865859985352,48,1,45,1,11
1413393953.505865097045898,50,1,44,3,11
1413393953.555863857269287,48,6,44,0,11
1413393953.605863809585571,48,2,43,3,11
1413393953.655864715576172,48,7,44,2,11
1413393953.705865144729614,50,2,45,2,11
1413393953.755865573883057,46,0,43,1,11
1413393953.805865764617920,45,2,41,0,11
1413393953.855865716934204,48,2,41,5,11
1413393953.905865669250488,49,5,46,3,11
1413393953.955865621566772,49,0,48,0,11
1413393954.005865573883057,50,2,48,1,11
1413393954.055865526199341,50,5,49,1,11
1413393954.105865716934204,50,4,50,0,11
1413393954.155865669250488,49,6,48,0,11
1413393954.205865859985352,48,1,46,1,11
1413393954.255866050720215,50,3,46,3,11
1413393954.305866003036499,50,5,48,0,11
1413393954.355865716934204,50,6,47,1,11
1413393954.405864953994751,49,0,48,0,11
1413393954.455864429473877,47,2,45,2,11
1413393954.505864381790161,48,3,45,2,11
1413393954.555864095687866,45,0,40,0,11
1413393954.605864286422729,45,1,39,2,11
1413393954.655864477157593,44,1,40,4,11
1413393954.705864667892456,46,3,40,3,11
1413393954.755865097045898,46,5,38,3,11
1413393954.805865287780762,42,1,36,3,11
1413393954.855865240097046,42,4,38,1,11
1413393954.905865192413330,44,6,38,4,11
1413393954.955864906311035,48,6,41,6,11
1413393955.005865097045898,46,2,43,0,11
1413393955.055865287780762,45,4,37,2,11
1413393955.105865240097046,44,7,35,6,11
1413393955.155865192413330,48,1,35,9,11
1413393955.205864429473877,48,4,40,2,11
1413393955.255863666534424,47,2,40,4,11
1413393955.305862665176392,45,4,42,1,11
1413393955.355862379074097,43,4,37,3,11
1413393955.405861854553223,47,2,35,8,11
1413393955.455861568450928,34,2,32,1,11
1413393955.505861282348633,32,3,28,0,11
1413393955.555860757827759,28,9,26,1,11
1413393955.605859756469727,32,3,26,6,11
1413393955.655859947204590,32,0,31,0,11
1413393955.705860376358032,30,0,26,0,11
1413393955.755861043930054,30,2,24,2,11
1413393955.805861711502075,27,5,25,2,11
1413393955.855862140655518,28,1,26,1,11
1413393955.905861854553223,30,1,24,2,11
1413393955.955861568450928,29,1,26,1,11
1413393956.005860567092896,30,3,26,3,11
1413393956.055859804153442,36,3,28,6,11
1413393956.105859518051147,39,2,30,5,11
1413393956.155859947204590,39,3,32,4,11
1413393956.205859661102295,39,0,34,2,11
1413393956.255859851837158,38,1,35,0,11
1413393956.305860042572021,40,3,31,4,11
1413393956.355860948562622,39,3,34,1,11
1413393956.405861616134644,38,2,33,5,11
1413393956.455861091613770,40,3,35,3,11
1413393956.505860090255737,38,1,37,0,11
1413393956.555858135223389,43,1,37,6,11
1413393956.605857610702515,44,1,43,1,11
1413393956.655856609344482,45,2,43,1,11
1413393956.705856084823608,43,0,42,0,11
1413393956.755855321884155,48,7,40,6,11
1413393956.805855274200439,48,0,46,0,11
1413393956.855855464935303,44,2,43,1,11
1413393956.905854701995850,45,4,40,3,11
1413393956.955854415893555,41,3,37,0,11
1413393957.005854368209839,43,0,36,5,11
1413393957.055854082107544,42,1,38,3,11
1413393957.105854272842407,44,5,39,3,11
1413393957.155854225158691,45,2,40,4,11
1413393957.205854177474976,43,0,39,4,11
1413393957.255853891372681,42,3,42,0,11
1413393957.305853843688965,45,3,40,3,11
1413393957.355854034423828,44,1,41,1,11
1413393957.405854225158691,49,2,37,6,11
1413393957.455853939056396,45,2,40,1,11
1413393957.505853891372681,45,5,38,6,11
1413393957.555854082107544,43,1,41,0,11
1413393957.605854511260986,42,1,39,0,11
1413393957.655854225158691,39,0,36,0,11
1413393957.705854415893555,43,2,36,5,11
1413393957.755854845046997,38,1,37,1,11
1413393957.805855035781860,35,2,34,0,11
1413393957.855855941772461,35,2,30,2,11
1413393957.905856847763062,32,1,24,4,11
1413393957.955857038497925,33,3,23,4,11
1413393958.005857467651367,32,3,25,1,11
1413393958.055857419967651,35,1,24,8,11
1413393958.105858087539673,35,2,31,3,11
1413393958.155857801437378,40,1,32,6,11
1413393958.205857276916504,41,5,37,2,11
1413393958.255856275558472,42,0,37,2,11
1413393958.305855989456177,41,1,38,0,11
1413393958.355854988098145,45,1,35,6,11
1413393958.405853986740112,48,4,36,5,11
1413393958.455853462219238,48,2,39,3,11
1413393958.505852937698364,45,3,38,1,11
1413393958.555852413177490,46,0,39,3,11
1413393958.605851888656616,44,1,40,4,11
1413393958.655851364135742,47,0,44,3,11
1413393958.705850839614868,50,2,46,3,11
1413393958.755851745605469,50,8,48,0,11
1413393958.805853128433228,49,0,47,0,11
1413393958.855854034423828,48,0,45,1,11
1413393958.905854463577271,46,1,43,0,11
1413393958.955853700637817,47,7,43,1,11
1413393959.005853176116943,44,10,42,0,11
1413393959.055852413177490,41,0,35,1,11
1413393959.105852127075195,43,2,34,5,11
1413393959.155852079391479,42,0,37,3,11
1413393959.205851316452026,43,1,35,2,11
1413393959.255849838256836,44,2,36,3,11
1413393959.305847883224487,43,4,37,3,11
1413393959.355846881866455,46,4,38,6,11
1413393959.405845642089844,49,5,41,4,11
1413393959.455845594406128,45,0,43,1,11
1413393959.505845308303833,44,2,44,0,11
1413393959.555845499038696,42,0,42,0,11
1413393959.605845451354980,46,0,37,8,11
1413393959.655844926834106,45,2,44,0,11
1413393959.705844163894653,42,6,41,1,11
1413393959.755844354629517,42,0,41,0,11
1413393959.805845499038696,40,1,39,0,11
1413393959.855846405029297,42,0,38,4,11
1413393959.905847311019897,42,3,40,0,11
1413393959.955847024917603,44,2,39,2,11
1413393960.005846977233887,43,0,38,2,11
1413393960.055846452713013,43,1,39,0,11
1413393960.105846405029297,40,0,37,1,11
1413393960.155846118927002,43,0,36,6,11
1413393960.205845832824707,42,0,41,0,11
1413393960.255845308303833,44,0,41,3,11
1413393960.305844545364380,45,0,44,1,11
1413393960.355844020843506,50,4,45,5,11
1413393960.405843257904053,49,0,49,0,11
1413393960.455842971801758,48,2,48,0,11
1413393960.505843162536621,48,6,48,0,11
1413393960.555843830108643,50,9,48,2,11
1413393960.605845212936401,50,1,47,0,11
1413393960.655847072601318,48,0,43,0,11
1413393960.705849409103394,45,0,40,0,11
1413393960.755851030349731,42,2,40,0,11
1413393960.805852651596069,41,3,38,1,11
1413393960.855854511260986,40,1,36,0,11
1413393960.905856370925903,40,9,33,3,11
1413393960.955856800079346,39,0,35,3,11
1413393961.005856752395630,36,2,34,1,11
1413393961.055857658386230,34,2,32,0,11
1413393961.105861663818359,36,2,31,3,11
1413393961.155867815017700,43,2,28,8,11
1413393961.205871582031250,42,3,21,1,11
1413393961.255875110626221,41,6,12,5,11
1413393961.305885076522827,40,7,9,16,11
1413393961.355884790420532,37,0,13,7,11
1413393961.405883073806763,34,0,15,5,11
1413393961.455880880355835,30,0,18,6,11
1413393961.505876541137695,28,0,18,3,11
1413393961.555874347686768,28,1,15,2,11
1413393961.605871438980103,28,0,16,5,11
1413393961.655871152877808,28,0,10,6,11
1413393961.705871582031250,28,1,12,1,11
1413393961.755872011184692,26,3,11,9,11
1413393961.805871963500977,26,4,20,4,11
1413393961.855871677398682,26,2,24,2,11
1413393961.905870199203491,28,1,25,2,11
1413393961.955869674682617,30,0,27,2,11
1413393962.005869150161743,32,0,26,3,11
1413393962.055871009826660,41,0,29,9,11
1413393962.105871200561523,41,0,36,4,11
1413393962.155870914459229,42,4,38,1,11
1413393962.205870866775513,42,4,38,1,11
1413393962.255870819091797,39,3,34,1,11
1413393962.305869102478027,45,10,28,9,11
1413393962.355870723724365,40,2,32,2,11
1413393962.405872106552124,33,3,32,1,11
1413393962.455873250961304,31,2,29,0,11
1413393962.505873680114746,27,1,25,0,11
1413393962.555873394012451,29,3,22,5,11
1413393962.605872392654419,41,1,24,15,11
1413393962.655871629714966,41,3,39,1,11
1413393962.705870866775513,39,5,38,0,11
1413393962.755870103836060,36,10,35,0,11
1413393962.805870056152344,25,8,22,1,11
1413393962.855870723724365,31,1,21,10,11
1413393962.905870914459229,26,2,25,1,11
1413393962.955870628356934,19,1,17,2,11
1413393963.005870580673218,18,7,16,2,11
1413393963.055870532989502,13,3,10,2,11
1413393963.105870485305786,11,5,11,0,11
1413393963.155870676040649,10,5,9,0,11
1413393963.205871105194092,14,5,7,5,11
1413393963.255871534347534,13,6,11,0,11
1413393963.305871725082397,11,3,10,1,11
1413393963.355871915817261,15,5,9,5,11
1413393963.405872106552124,16,4,14,1,11
1413393963.455872058868408,18,6,13,5,11
1413393963.505872011184692,21,4,15,5,11
1413393963.555870771408081,30,2,18,9,11
1413393963.605870962142944,34,1,20,5,11
1413393963.655870676040649,36,10,21,5,11
1413393963.705870151519775,35,0,24,6,11
1413393963.755869865417480,33,2,26,1,11
1413393963.805870056152344,33,4,22,3,11
1413393963.855870723724365,31,4,20,4,11
1413393963.905871391296387,33,8,22,6,11
1413393963.955871582031250,33,6,24,4,11
1413393964.005872011184692,38,3,24,10,11
1413393964.055871963500977,35,4,31,3,11
1413393964.105872154235840,34,2,33,0,11
1413393964.155871868133545,33,5,31,2,11
1413393964.205871343612671,33,4,31,1,11
1413393964.255871057510376,36,4,31,4,11
1413393964.305870771408081,40,0,34,6,11
1413393964.355870962142944,34,5,31,1,11
1413393964.405870914459229,40,3,29,7,11
1413393964.455871105194092,37,5,34,0,11
1413393964.505871057510376,35,5,31,2,11
1413393964.555871009826660,37,6,32,3,11
1413393964.605871200561523,40,7,32,6,11
1413393964.655871152877808,38,3,36,0,11
1413393964.705871343612671,41,3,33,7,11
1413393964.755871295928955,37,4,34,1,11
1413393964.805871248245239,41,1,33,7,11
1413393964.855871677398682,47,2,35,9,11
1413393964.905871868133545,43,1,39,1,11
1413393964.955872058868408,45,5,38,6,11
1413393965.005872011184692,39,4,38,0,11
1413393965.055871963500977,42,11,30,9,11
1413393965.105872392654419,41,1,32,2,11
1413393965.155872344970703,39,4,34,0,11
1413393965.205872058868408,38,0,27,10,11
1413393965.255872011184692,37,1,34,1,11
1413393965.305871725082397,35,3,31,0,11
1413393965.355871677398682,42,2,27,13,11
1413393965.405871152877808,40,2,36,1,11
1413393965.455870151519775,43,10,33,6,11
1413393965.505869388580322,38,11,34,1,11
1413393965.555870532989502,49,12,35,12,11
1413393965.605870008468628,46,7,39,0,11
1413393965.655869483947754,43,6,33,1,11
1413393965.705869913101196,43,7,31,7,11
1413393965.755870342254639,39,8,33,3,11
1413393965.805870056152344,39,5,36,1,11
1413393965.855869293212891,36,9,35,1,11
1413393965.905869483947754,39,4,35,3,11
1413393965.955869674682617,42,0,36,5,11
1413393966.005870342254639,40,1,37,0,11
1413393966.055871009826660,36,1,35,0,11
1413393966.105871200561523,36,2,30,3,11
1413393966.155871391296387,41,1,31,7,11
1413393966.205871582031250,39,2,34,1,11
1413393966.255871534347534,41,3,35,3,11
1413393966.305871725082397,46,3,36,8,11
1413393966.355871915817261,46,5,39,3,11
1413393966.405872106552124,47,2,42,3,11
1413393966.455872058868408,46,8,41,4,11
1413393966.505871534347534,46,8,43,2,11
1413393966.555871486663818,46,0,42,1,11
1413393966.605871677398682,42,2,35,0,11
1413393966.655871629714966,47,5,34,7,11
1413393966.705871343612671,38,5,35,2,11
1413393966.755871057510376,35,1,33,0,11
1413393966.805870294570923,34,3,29,0,11
1413393966.855869770050049,32,3,26,2,11
1413393966.905868291854858,29,3,25,1,11
1413393966.955867052078247,27,0,25,0,11
1413393967.005866527557373,26,3,23,3,11
1413393967.055866003036499,33,1,26,7,11
1413393967.105865716934204,33,2,30,2,11
1413393967.155864477157593,39,3,29,8,11
1413393967.205863714218140,38,1,37,0,11
1413393967.255862951278687,39,3,36,3,11
1413393967.305861949920654,43,3,37,4,11
1413393967.355861186981201,42,3,37,2,11
1413393967.405860900878906,43,2,38,5,11
1413393967.455860853195190,46,5,39,6,11
1413393967.505860805511475,48,4,45,2,11
1413393967.555861234664917,48,2,47,1,11
1413393967.605861663818359,50,5,48,2,11
1413393967.655861616134644,48,2,48,0,11
1413393967.705861568450928,50,1,46,2,11
1413393967.755861282348633,49,2,46,0,11
1413393967.805861234664917,48,5,47,1,11
1413393967.855860471725464,49,3,45,2,11
1413393967.905858755111694,46,6,44,0,11
1413393967.955857515335083,37,1,34,1,11
1413393968.005857229232788,37,0,34,2,11
1413393968.055857419967651,36,1,34,1,11
1413393968.105857610702515,43,1,33,7,11
1413393968.155856609344482,41,0,39,1,11
1413393968.205855846405029,41,1,38,2,11
1413393968.255855560302734,45,0,39,4,11
1413393968.305855274200439,50,1,44,6,11
1413393968.355855703353882,50,1,49,0,11
1413393968.405856609344482,50,7,49,0,11
1413393968.455856800079346,49,3,47,1,11
1413393968.505856513977051,50,11,48,1,11
1413393968.555856227874756,49,12,49,0,11
1413393968.605857133865356,48,0,47,0,11
1413393968.655857563018799,48,2,47,0,11
1413393968.705857992172241,47,1,45,1,11
1413393968.755858182907104,49,0,46,2,11
1413393968.805857658386230,48,0,47,0,11
1413393968.855857372283936,48,3,47,0,11
1413393968.905857324600220,48,2,45,2,11
1413393968.955856800079346,50,17,47,2,11
1413393969.005856752395630,46,12,44,0,11
1413393969.055855751037598,48,16,41,2,11
1413393969.105855703353882,49,10,43,4,11
1413393969.155854940414429,48,5,44,1,11
1413393969.205853939056396,46,1,40,0,11
1413393969.255852937698364,43,1,38,0,11
1413393969.305851936340332,41,1,36,2,11
1413393969.355851888656616,41,3,37,2,11
1413393969.405851840972900,40,2,38,1,11
1413393969.455851793289185,38,3,38,0,11
1413393969.505851745605469,40,1,36,2,11
1413393969.555851936340332,47,0,37,8,11
1413393969.605851888656616,49,5,44,3,11
1413393969.655852317810059,48,13,45,2,11
1413393969.705852031707764,48,6,45,1,11
1413393969.755851745605469,48,4,46,2,11
1413393969.805851459503174,50,5,47,2,11
1413393969.855851173400879,50,2,48,0,11
1413393969.905850648880005,50,2,48,1,11
1413393969.955850839614868,49,1,49,0,11
1413393970.005850553512573,48,3,47,0,11
1413393970.055850744247437,47,12,41,2,11
1413393970.105851411819458,44,1,41,0,11
1413393970.155851602554321,41,0,40,1,11
1413393970.205851793289185,45,2,39,5,11
1413393970.255851507186890,50,10,44,5,11
1413393970.305851459503174,50,5,47,0,11
1413393970.355851411819458,49,4,46,0,11
1413393970.405851364135742,49,5,46,2,11
1413393970.455851316452026,50,1,47,2,11
1413393970.505851745605469,50,2,48,0,11
1413393970.555852174758911,50,2,48,1,11
1413393970.605853080749512,49,21,48,0,11
1413393970.655853748321533,50,30,47,1,11
1413393970.705853700637817,49,2,45,0,11
1413393970.755852937698364,50,1,44,2,11
1413393970.805851936340332,45,5,43,0,11
1413393970.855850458145142,50,3,40,6,11
1413393970.905849218368530,48,4,44,0,11
1413393970.955848693847656,47,2,42,2,11
1413393971.005850076675415,50,0,41,4,11
1413393971.055852651596069,49,0,42,1,11
1413393971.105855941772461,47,0,43,1,11
1413393971.155860424041748,45,2,41,1,11
1413393971.205862522125244,43,4,40,1,11
1413393971.255863904953003,48,14,39,6,11
1413393971.305864572525024,46,3,43,2,11
1413393971.355864763259888,47,9,43,4,11
1413393971.405864953994751,47,2,43,1,11
1413393971.455864906311035,46,0,43,0,11
1413393971.505865335464478,46,3,42,2,11
1413393971.555865764617920,44,4,42,1,11
1413393971.605866432189941,43,5,40,2,11
1413393971.655865907669067,42,6,40,1,11
1413393971.705864667892456,42,2,37,2,11
1413393971.755863428115845,42,0,36,2,11
1413393971.805861949920654,47,7,34,7,11
1413393971.855860710144043,48,6,39,3,11
1413393971.905859470367432,46,1,40,2,11
1413393971.955857038497925,45,2,42,1,11
1413393972.005856037139893,43,2,43,0,11
1413393972.055855512619019,43,0,43,0,11
1413393972.105856418609619,50,0,42,7,11
1413393972.155857563018799,50,6,49,0,11
1413393972.205857992172241,48,7,48,0,11
1413393972.255857229232788,49,7,39,2,11
1413393972.305855035781860,49,15,44,2,11
1413393972.355853796005249,48,4,44,2,11
1413393972.405853033065796,49,5,44,2,11
1413393972.455852985382080,49,3,46,2,11
1413393972.505853176116943,46,3,46,0,11
1413393972.555852651596069,48,1,43,3,11
1413393972.605851650238037,48,16,45,1,11
1413393972.655852079391479,46,1,45,1,11
1413393972.705852746963501,46,2,46,0,11
1413393972.755852937698364,49,4,45,3,11
1413393972.805854320526123,50,4,48,1,11
1413393972.855856657028198,49,10,48,0,11
1413393972.905858039855957,50,13,48,1,11
1413393972.955857753753662,50,2,48,1,11
1413393973.005858182907104,50,1,49,0,11
1413393973.055858850479126,49,3,49,0,11
1413393973.105859518051147,50,3,48,1,11
1413393973.155859708786011,50,3,49,0,11
1413393973.205860376358032,49,24,48,0,11
1413393973.255860567092896,49,1,47,1,11
1413393973.305860519409180,49,0,48,0,11
1413393973.355860948562622,48,2,47,1,11
1413393973.405860662460327,49,2,46,1,11
1413393973.455861091613770,50,12,47,1,11
1413393973.505861282348633,48,14,47,0,11
1413393973.555861949920654,49,2,44,1,11
1413393973.605862617492676,48,4,41,1,11
1413393973.655863523483276,45,2,39,3,11
1413393973.705864429473877,44,1,40,3,11
1413393973.755864858627319,44,1,43,1,11
1413393973.805865287780762,47,7,42,4,11
1413393973.855865001678467,46,1,42,0,11
1413393973.905864477157593,46,1,41,1,11
1413393973.955864191055298,45,1,38,2,11
1413393974.005864143371582,42,3,33,3,11
1413393974.055864095687866,41,4,24,10,11
1413393974.105865001678467,43,6,24,10,11
1413393974.155866384506226,37,1,25,3,11
1413393974.205868482589722,26,0,23,0,11
1413393974.255869626998901,19,1,15,0,11
1413393974.305871009826660,18,1,14,0,11
1413393974.355871915817261,13,1,11,0,11
1413393974.405873537063599,18,4,11,5,11
1413393974.455876588821411,24,3,12,8,11
1413393974.505876779556274,23,3,18,0,11
1413393974.555876731872559,19,9,15,1,11
1413393974.605876922607422,17,5,15,0,11
1413393974.655876398086548,24,4,14,8,11
1413393974.705876827239990,29,5,19,7,11
1413393974.755876779556274,28,6,21,3,11
1413393974.805876493453979,29,4,21,2,11
1413393974.855877399444580,29,5,21,5,11
1413393974.905877351760864,22,5,20,0,11
1413393974.955877304077148,20,2,16,2,11
1413393975.005877017974854,19,3,17,0,11
1413393975.055877208709717,21,4,17,4,11
1413393975.105877876281738,22,5,21,1,11
1413393975.155878305435181,24,2,20,4,11
1413393975.205879449844360,29,3,21,6,11
1413393975.255879640579224,27,3,25,0,11
1413393975.305879831314087,34,1,23,11,11
1413393975.355880975723267,35,4,31,2,11
1413393975.405881881713867,38,4,31,4,11
1413393975.455881595611572,41,4,34,6,11
1413393975.505881547927856,43,4,38,3,11
1413393975.555880546569824,43,1,39,1,11
1413393975.605880737304688,42,3,32,4,11
1413393975.655880689620972,38,5,33,0,11
1413393975.705880641937256,36,0,31,3,11
1413393975.755879878997803,43,0,32,8,11
1413393975.805879592895508,39,1,39,0,11
1413393975.855879545211792,36,1,35,0,11
1413393975.905879020690918,40,1,33,5,11
1413393975.955878734588623,40,0,35,2,11
1413393976.005878448486328,39,7,36,0,11
1413393976.055878162384033,41,0,35,3,11
1413393976.105878114700317,41,0,37,2,11
1413393976.155878067016602,44,1,38,5,11
1413393976.205877780914307,42,3,38,0,11
1413393976.255877494812012,39,0,35,1,11
1413393976.305877447128296,38,2,34,3,11
1413393976.355877161026001,40,2,35,4,11
1413393976.405876874923706,39,1,36,2,11
1413393976.455876827239990,39,3,38,1,11
1413393976.505876541137695,40,2,35,4,11
1413393976.555876731872559,43,0,38,3,11
1413393976.605876922607422,48,0,39,6,11
1413393976.655876874923706,45,0,41,2,11
1413393976.705876588821411,49,3,43,5,11
1413393976.755876302719116,49,6,46,2,11
1413393976.805876255035400,49,2,45,1,11
1413393976.855876684188843,49,2,41,1,11
1413393976.905876636505127,48,1,42,2,11
1413393976.955876827239990,43,3,42,0,11
1413393977.005877017974854,47,4,42,4,11
1413393977.055876731872559,44,0,44,0,11
1413393977.105876684188843,44,1,44,0,11
1413393977.155876159667969,44,0,44,0,11
1413393977.205874919891357,44,1,43,0,11
1413393977.255873680114746,44,2,43,0,11
1413393977.305872678756714,44,1,42,1,11
1413393977.355872392654419,46,1,42,2,11
1413393977.405872344970703,47,4,44,2,11
1413393977.455872774124146,49,3,46,3,11
1413393977.505873203277588,49,1,48,0,11
1413393977.555873870849609,49,5,46,1,11
1413393977.605874538421631,49,6,46,1,11
1413393977.655874729156494,48,1,45,1,11
1413393977.705874681472778,47,0,45,0,11
1413393977.755874872207642,48,2,44,3,11
1413393977.805874824523926,48,0,47,1,11
1413393977.855875015258789,48,1,46,1,11
1413393977.905874729156494,49,0,47,1,11
1413393977.955874681472778,50,3,47,2,11
1413393978.005874395370483,50,7,48,0,11
1413393978.055874586105347,49,2,48,0,11
1413393978.105874776840210,50,7,47,2,11
1413393978.155874729156494,48,2,48,0,11
1413393978.205874919891357,49,4,47,1,11
1413393978.255875110626221,49,2,47,1,11
1413393978.305875062942505,49,1,44,2,11
1413393978.355875730514526,48,2,45,1,11
1413393978.405875921249390,46,0,44,1,11
1413393978.455876111984253,46,0,44,0,11
1413393978.505875825881958,44,3,40,0,11
1413393978.555876016616821,43,0,38,2,11
1413393978.605875730514526,46,8,36,8,11
1413393978.655875444412231,46,1,42,1,11
1413393978.705874919891357,43,2,39,0,11
1413393978.755874156951904,47,7,37,6,11
1413393978.805874109268188,45,3,40,1,11
1413393978.855874061584473,41,0,38,0,11
1413393978.905874490737915,40,0,38,1,11
1413393978.955874443054199,38,0,38,0,11
1413393979.005874633789062,38,1,36,0,11
1413393979.055874586105347,34,1,30,2,11
1413393979.105874538421631,36,0,28,5,11
1413393979.155874252319336,36,1,33,1,11
1413393979.205874443054199,37,1,30,7,11
1413393979.255874395370483,36,2,35,0,11
1413393979.305874347686768,35,1,30,2,11
1413393979.355874538421631,35,0,30,2,11
1413393979.405874252319336,36,0,29,4,11
1413393979.455874204635620,36,1,27,4,11
1413393979.505873918533325,34,5,27,0,11
1413393979.555873394012451,37,1,25,8,11
1413393979.605873584747314,32,0,28,0,11
1413393979.655873298645020,30,1,25,1,11
1413393979.705873012542725,27,1,25,0,11
1413393979.755872726440430,30,2,21,5,11
1413393979.805872440338135,31,0,26,2,11
1413393979.855872631072998,28,4,23,4,11
1413393979.905872583389282,34,1,26,6,11
1413393979.955872774124146,36,1,32,3,11
1413393980.005872726440430,47,4,33,13,11
1413393980.055873155593872,46,2,45,1,11
1413393980.105873584747314,45,1,43,1,11
1413393980.155874013900757,47,14,41,5,11
1413393980.205873966217041,47,1,43,3,11
1413393980.255874156951904,47,1,45,0,11
1413393980.305874109268188,43,1,39,0,11
1413393980.355874300003052,45,2,36,5,11
1413393980.405873775482178,47,9,40,5,11
1413393980.455872774124146,47,2,43,2,11
1413393980.505872011184692,44,8,42,0,11
1413393980.555870771408081,40,4,39,0,11
1413393980.605870008468628,41,2,39,2,11
1413393980.655869722366333,48,1,38,8,11
1413393980.705869674682617,48,6,46,0,11
1413393980.755869388580322,47,9,45,2,11
1413393980.805868625640869,45,2,42,0,11
1413393980.855868577957153,48,1,40,4,11
1413393980.905868530273438,47,5,43,2,11
1413393980.955868244171143,46,1,45,0,11
1413393981.005868196487427,49,5,44,4,11
1413393981.055867671966553,50,5,48,1,11
1413393981.105867624282837,50,5,48,1,11
1413393981.155867815017700,49,2,46,0,11
1413393981.205868005752563,49,2,45,1,11
1413393981.255867958068848,47,3,45,1,11
1413393981.305868625640869,47,7,42,4,11
1413393981.355869054794312,47,3,42,3,11
1413393981.405869007110596,47,2,43,0,11
1413393981.455869197845459,46,5,43,2,11
1413393981.505869150161743,48,3,44,3,11
1413393981.555869340896606,47,6,45,1,11
1413393981.605869531631470,48,3,45,3,11
1413393981.655869722366333,48,7,44,2,11
1413393981.705869913101196,48,5,45,2,11
1413393981.755870103836060,49,2,47,2,11
1413393981.805870056152344,50,4,48,1,11
1413393981.855870485305786,49,0,47,0,11
1413393981.905870437622070,49,5,47,1,11
1413393981.955870866775513,47,5,46,0,11
1413393982.005870819091797,45,2,44,0,11
1413393982.055870771408081,45,0,44,0,11
1413393982.105870962142944,48,4,43,5,11
1413393982.155870676040649,47,3,45,0,11
1413393982.205870628356934,44,4,42,0,11
1413393982.255869865417480,45,10,38,7,11
1413393982.305870056152344,43,4,42,0,11
1413393982.355870485305786,41,4,39,0,11
1413393982.405870437622070,40,0,38,2,11
1413393982.455870628356934,40,0,40,0,11
1413393982.505870819091797,47,2,39,7,11
1413393982.555871009826660,46,1,41,1,11
1413393982.605871438980103,41,5,36,1,11
1413393982.655871629714966,36,1,33,0,11
1413393982.705871820449829,36,3,28,5,11
1413393982.755871534347534,34,1,27,1,11
1413393982.805871725082397,33,1,26,2,11
1413393982.855872154235840,32,3,22,6,11
1413393982.905872106552124,35,0,22,6,11
1413393982.955872058868408,39,7,24,8,11
1413393983.005871772766113,33,4,23,1,11
1413393983.055871725082397,30,1,23,3,11
1413393983.105871915817261,39,6,25,13,11
1413393983.155872106552124,35,3,31,0,11
1413393983.205872058868408,33,4,29,0,11
1413393983.255872011184692,32,1,25,5,11
1413393983.305871725082397,24,5,20,0,11
1413393983.355872154235840,26,3,19,5,11
1413393983.405872106552124,24,6,21,1,11
1413393983.455872297286987,26,4,18,4,11
1413393983.505872488021851,20,1,18,0,11
1413393983.555872440338135,23,0,16,6,11
1413393983.605872631072998,25,3,20,5,11
1413393983.655872583389282,24,2,22,1,11
1413393983.705872535705566,24,3,22,1,11
1413393983.755872488021851,23,5,20,1,11
1413393983.805872440338135,26,1,20,5,11
1413393983.855872631072998,25,3,22,1,11
1413393983.905872583389282,24,2,21,3,11
1413393983.955872297286987,24,2,19,4,11
1413393984.005872249603271,28,1,22,4,11
1413393984.055872201919556,32,5,24,7,11
1413393984.105872154235840,36,1,29,6,11
1413393984.155872106552124,36,1,32,1,11
1413393984.205872058868408,30,6,30,0,11
1413393984.255872011184692,27,1,25,1,11
1413393984.305871963500977,36,1,25,10,11
1413393984.355872154235840,35,2,31,3,11
1413393984.405871868133545,35,0,29,3,11
1413393984.455871820449829,35,0,30,1,11
1413393984.505871534347534,31,1,26,2,11
1413393984.555871725082397,38,2,28,10,11
1413393984.605871915817261,35,3,32,3,11
1413393984.655871868133545,31,6,30,0,11
1413393984.705872058868408,25,1,23,0,11
1413393984.755872249603271,27,4,21,5,11
1413393984.805872440338135,25,6,23,2,11
1413393984.855872869491577,26,4,24,2,11
1413393984.905872821807861,25,7,21,4,11
1413393984.955873012542725,22,3,21,0,11
1413393985.005872964859009,22,4,19,3,11
1413393985.055873155593872,23,2,21,1,11
1413393985.105873107910156,23,3,21,0,11
1413393985.155873060226440,26,6,20,5,11
1413393985.205873012542725,27,4,25,2,11
1413393985.255873203277588,31,4,26,5,11
1413393985.305873155593872,30,2,28,1,11
1413393985.355873584747314,32,1,28,4,11
1413393985.405873537063599,36,2,31,5,11
1413393985.455873489379883,38,2,35,2,11
1413393985.505873203277588,38,4,36,0,11
1413393985.555873155593872,40,0,35,3,11
1413393985.605873823165894,38,3,31,4,11
1413393985.655874013900757,35,6,28,1,11
1413393985.705874919891357,32,2,24,4,11
1413393985.755875110626221,29,7,27,0,11
1413393985.805875539779663,29,4,26,2,11
1413393985.855875730514526,31,3,27,2,11
1413393985.905875444412231,32,6,28,3,11
1413393985.955875396728516,31,4,27,1,11
1413393986.005874395370483,37,2,26,7,11
1413393986.055872917175293,38,4,31,4,11
1413393986.105871915817261,37,0,31,1,11
1413393986.155869960784912,42,3,27,7,11
1413393986.205868244171143,37,2,25,1,11
1413393986.255865097045898,40,5,22,8,11
1413393986.305864334106445,38,1,23,4,11
1413393986.355864048004150,35,6,20,3,11
1413393986.405863761901855,34,1,20,6,11
1413393986.455863475799561,31,4,25,2,11
1413393986.505863428115845,29,3,22,1,11
1413393986.555863618850708,31,1,21,3,11
1413393986.605864286422729,30,1,21,5,11
1413393986.655864953994751,29,2,19,2,11
1413393986.705865383148193,27,1,19,2,11
1413393986.755865097045898,25,2,16,5,11
1413393986.805865287780762,28,0,18,4,11
1413393986.855866432189941,30,1,21,6,11
1413393986.905867815017700,30,1,25,4,11
1413393986.955869674682617,33,1,26,7,11
1413393987.005870819091797,34,2,33,1,11
1413393987.055871486663818,41,1,34,7,11
1413393987.105872631072998,47,0,40,6,11
1413393987.155873060226440,49,0,47,2,11
1413393987.205873966217041,48,5,48,0,11
1413393987.255874156951904,49,0,46,2,11
1413393987.305874109268188,49,9,47,0,11
1413393987.355875492095947,47,3,46,0,11
1413393987.405875921249390,48,0,46,1,11
1413393987.455876827239990,48,4,45,3,11
1413393987.505877494812012,48,0,47,0,11
1413393987.555878162384033,48,3,44,1,11
1413393987.605878829956055,47,1,42,0,11
1413393987.655879020690918,46,1,38,2,11
1413393987.705879211425781,46,7,35,3,11
1413393987.755879402160645,45,1,35,2,11
1413393987.805879354476929,46,6,37,6,11
1413393987.855879306793213,43,0,41,1,11
1413393987.905879020690918,46,3,39,5,11
1413393987.955878496170044,46,4,41,3,11
1413393988.005878448486328,45,1,40,1,11
1413393988.055878162384033,42,0,38,1,11
1413393988.105878353118896,36,2,34,1,11
1413393988.155878543853760,44,1,33,10,11
1413393988.205878257751465,44,2,41,1,11
1413393988.255878210067749,42,6,38,0,11
1413393988.305878162384033,47,2,36,7,11
1413393988.355877876281738,46,2,43,2,11
1413393988.405877590179443,46,8,43,3,11
1413393988.455877304077148,49,3,44,3,11
1413393988.505876779556274,48,6,46,0,11
1413393988.555876255035400,49,8,45,3,11
1413393988.605876445770264,44,4,42,0,11
1413393988.655876159667969,44,0,41,1,11
1413393988.705876588821411,43,5,39,1,11
1413393988.755876541137695,40,3,36,1,11
1413393988.805876970291138,37,3,34,0,11
1413393988.855877637863159,36,2,33,1,11
1413393988.905877828598022,34,2,26,5,11
1413393988.955878019332886,32,2,27,2,11
1413393989.005877971649170,34,2,26,6,11
1413393989.055878162384033,34,2,32,0,11
1413393989.105878114700317,37,1,28,6,11
1413393989.155877828598022,44,0,33,7,11
1413393989.205877542495728,37,1,36,1,11
1413393989.255876779556274,40,0,34,5,11
1413393989.305876016616821,37,5,30,1,11
1413393989.355875968933105,36,6,28,3,11
1413393989.405874490737915,35,7,27,6,11
1413393989.455874681472778,36,8,27,5,11
1413393989.505874156951904,32,4,29,0,11
1413393989.555874347686768,33,3,27,6,11
1413393989.605875253677368,31,5,31,0,11
1413393989.655875682830811,28,2,27,0,11
1413393989.705874443054199,30,1,24,4,11
1413393989.755874872207642,30,1,27,1,11
1413393989.805874824523926,27,0,26,0,11
1413393989.855875253677368,28,1,24,1,11
1413393989.905875444412231,28,1,24,2,11
1413393989.955874681472778,34,3,25,8,11
1413393990.005874633789062,34,1,29,3,11
1413393990.055874824523926,38,1,30,6,11
1413393990.105875015258789,44,2,35,7,11
1413393990.155874490737915,45,8,35,6,11
1413393990.205874443054199,41,1,36,0,11
1413393990.255874395370483,37,0,32,2,11
1413393990.305874109268188,34,4,31,1,11
1413393990.355874538421631,37,1,26,9,11
1413393990.405874490737915,36,0,32,0,11
1413393990.455874681472778,40,1,32,5,11
1413393990.505874633789062,36,2,34,1,11
1413393990.555874586105347,36,2,31,2,11
1413393990.605874300003052,35,1,29,0,11
1413393990.655874252319336,38,0,26,7,11
1413393990.705873489379883,35,1,32,0,11
1413393990.755872726440430,36,3,21,5,11
1413393990.805871963500977,39,4,25,9,11
1413393990.855872631072998,36,0,32,1,11
1413393990.905872344970703,41,1,33,7,11
1413393990.955873250961304,37,1,34,0,11
1413393991.005875825881958,41,5,29,8,11
1413393991.055875301361084,40,5,35,1,11
1413393991.105875968933105,38,11,33,2,11
1413393991.155875205993652,35,7,30,0,11
1413393991.205874443054199,32,3,27,0,11
1413393991.255874156951904,30,1,21,0,11
1413393991.305875301361084,26,4,12,3,11
1413393991.355876445770264,21,2,14,1,11
1413393991.405876874923706,15,3,14,0,11
1413393991.455877304077148,14,1,14,0,11
1413393991.505879163742065,15,5,14,1,11
1413393991.555879831314087,15,0,14,0,11
1413393991.605879545211792,16,2,14,1,11
1413393991.655880689620972,17,0,15,2,11
1413393991.705880165100098,19,0,17,2,11
1413393991.755881309509277,25,0,19,6,11
1413393991.805881738662720,26,0,25,1,11
1413393991.855883121490479,27,0,26,1,11
1413393991.905884742736816,27,3,21,1,11
1413393991.955885410308838,28,9,22,1,11
1413393992.005887985229492,31,4,23,8,11
1413393992.055887699127197,28,4,26,0,11
1413393992.105887889862061,28,3,27,1,11
1413393992.155887365341187,29,1,28,1,11
1413393992.205887556076050,35,0,29,6,11
1413393992.255885124206543,39,0,35,4,11
1413393992.305882692337036,39,0,37,0,11
1413393992.355882644653320,35,0,35,0,11
1413393992.405883073806763,38,0,35,3,11
1413393992.455883264541626,38,0,38,0,11
1413393992.505882978439331,40,0,38,2,11
1413393992.555883169174194,45,2,40,5,11
1413393992.605884313583374,46,1,44,1,11
1413393992.655884265899658,48,0,45,3,11
1413393992.705883979797363,45,1,45,0,11
1413393992.755881547927856,44,1,42,0,11
1413393992.805880308151245,47,3,41,3,11
1413393992.855880260467529,42,0,39,1,11
1413393992.905879735946655,40,2,36,2,11
1413393992.955880165100098,44,0,37,6,11
1413393993.005879878997803,44,0,43,0,11
1413393993.055880069732666,43,1,43,0,11
1413393993.105880260467529,43,0,43,0,11
1413393993.155879735946655,45,0,43,2,11
1413393993.205878734588623,46,0,45,1,11
1413393993.255877733230591,44,0,42,0,11
1413393993.305877447128296,45,0,42,1,11
1413393993.355877399444580,40,0,37,2,11
1413393993.405877828598022,39,0,36,2,11
1413393993.455878019332886,39,0,38,0,11
1413393993.505878448486328,40,0,36,3,11
1413393993.555878162384033,41,1,39,1,11
1413393993.605878829956055,40,10,36,0,11
1413393993.655878067016602,40,5,37,1,11
1413393993.705877542495728,41,6,33,4,11
1413393993.755877494812012,39,3,30,0,11
1413393993.805877923965454,34,4,29,1,11
1413393993.855878829956055,21,5,16,0,11
1413393993.905879020690918,18,0,14,2,11
1413393993.955879688262939,18,0,16,1,11
1413393994.005881309509277,19,1,15,2,11
1413393994.055882692337036,18,0,17,0,11
1413393994.105884790420532,19,2,17,2,11
1413393994.155886888504028,19,1,19,0,11
1413393994.205889463424683,20,1,19,1,11
1413393994.255892753601074,21,1,19,1,11
1413393994.305895566940308,21,2,20,0,11
1413393994.355897665023804,20,2,20,0,11
1413393994.405899524688721,26,7,15,6,11
1413393994.455901145935059,25,4,17,1,11
1413393994.505901336669922,20,2,14,2,11
1413393994.555902004241943,17,1,16,0,11
1413393994.605902433395386,16,3,14,1,11
1413393994.655901908874512,12,5,11,1,11
1413393994.705901384353638,10,5,8,1,11
1413393994.755899429321289,10,4,6,0,11
1413393994.805898189544678,11,4,5,2,11
1413393994.855897665023804,8,0,6,1,11
1413393994.905893802642822,20,0,7,12,11
1413393994.955892086029053,20,4,19,1,11
1413393995.005888938903809,30,2,19,10,11
1413393995.055888652801514,41,1,30,11,11
1413393995.105886220932007,47,17,40,7,11
1413393995.155886173248291,46,3,45,0,11
1413393995.205886363983154,46,4,45,1,11
1413393995.255885839462280,48,2,46,2,11
1413393995.305884838104248,49,5,48,1,11
1413393995.355884075164795,48,0,47,0,11
1413393995.405883073806763,48,0,46,0,11
1413393995.455882310867310,48,3,45,1,11
1413393995.505881786346436,47,2,45,0,11
1413393995.555881261825562,43,0,39,1,11
1413393995.605881452560425,47,6,37,5,11
1413393995.655881404876709,43,2,39,0,11
1413393995.705880880355835,43,7,37,4,11
1413393995.755880594253540,41,0,39,0,11
1413393995.805879831314087,40,1,36,1,11
1413393995.855879545211792,38,0,34,0,11
1413393995.905879497528076,40,0,28,6,11
1413393995.955879449844360,40,0,33,2,11
1413393996.005879163742065,36,0,34,1,11
1413393996.055878877639771,35,0,34,1,11
1413393996.105878829956055,41,1,31,8,11
1413393996.155878543853760,39,1,35,0,11
1413393996.205878734588623,41,1,34,4,11
1413393996.255878448486328,36,0,36,0,11
1413393996.305878400802612,46,5,34,11,11
1413393996.355878591537476,46,1,41,1,11
1413393996.405878543853760,44,1,41,0,11
1413393996.455878734588623,42,1,41,1,11
1413393996.505878925323486,47,1,39,6,11
1413393996.555879116058350,47,0,45,0,11
1413393996.605879545211792,43,0,41,1,11
1413393996.655879974365234,42,2,39,1,11
1413393996.705880641937256,46,4,38,5,11
1413393996.755880832672119,45,3,40,1,11
1413393996.805881261825562,44,6,36,4,11
1413393996.855881452560425,46,4,40,4,11
1413393996.905881643295288,46,1,43,3,11
1413393996.955881595611572,47,0,45,1,11
1413393997.005881547927856,45,10,43,1,11
1413393997.055881500244141,44,0,42,0,11
1413393997.105881929397583,49,4,39,6,11
1413393997.155881643295288,49,10,45,2,11
1413393997.205881595611572,47,0,47,0,11
1413393997.255881547927856,47,0,47,0,11
1413393997.305881261825562,47,2,45,0,11
1413393997.355881452560425,47,0,44,0,11
1413393997.405881404876709,49,17,42,4,11
1413393997.455881118774414,46,0,42,2,11
1413393997.505881071090698,45,1,42,1,11
1413393997.555880784988403,45,0,42,0,11
1413393997.605880975723267,46,6,39,4,11
1413393997.655880689620972,46,2,43,1,11
1413393997.705880641937256,47,2,43,3,11
1413393997.755880594253540,50,17,45,3,11
1413393997.805880784988403,49,3,46,1,11
1413393997.855880975723267,48,0,46,0,11
1413393997.905880928039551,47,2,43,1,11
1413393997.955880880355835,47,1,42,1,11
1413393998.005880832672119,48,5,40,3,11
1413393998.055881023406982,46,12,40,3,11
1413393998.105881214141846,45,3,41,2,11
1413393998.155881166458130,43,1,42,1,11
1413393998.205881357192993,46,4,41,4,11
1413393998.255881309509277,44,2,42,0,11
1413393998.305881261825562,39,2,38,1,11
1413393998.355881452560425,39,0,39,0,11
1413393998.405881643295288,38,0,38,0,11
1413393998.455881357192993,38,1,37,0,11
1413393998.505881071090698,38,5,38,0,11
1413393998.555880784988403,38,5,37,0,11
1413393998.605880737304688,39,5,37,1,11
1413393998.655880451202393,40,1,37,2,11
1413393998.705880165100098,41,0,38,1,11
1413393998.755880117416382,40,0,38,0,11
1413393998.805880069732666,39,2,38,0,11
1413393998.855880022048950,37,3,37,0,11
1413393998.905878782272339,48,0,35,11,11
1413393998.955878496170044,48,0,46,1,11
1413393999.005878210067749,49,16,45,2,11
1413393999.055878162384033,49,0,46,1,11
1413393999.105878353118896,48,2,47,1,11
1413393999.155878067016602,45,0,45,0,11
1413393999.205877542495728,41,5,35,0,11
1413393999.255877256393433,37,0,29,0,11
1413393999.305877447128296,31,2,24,0,11
1413393999.355877399444580,29,4,21,1,11
1413393999.405877351760864,23,0,19,0,11
1413393999.455877542495728,19,0,16,0,11
1413393999.505877494812012,15,1,14,0,11
1413393999.555877447128296,15,1,14,0,11
1413393999.605879545211792,22,0,14,8,11
1413393999.655879735946655,22,1,19,0,11
1413393999.705879926681519,21,0,18,0,11
1413393999.755881071090698,34,1,17,15,11
1413393999.805881500244141,33,5,30,1,11
1413393999.855882167816162,27,1,24,1,11
1413393999.905882358551025,26,1,18,4,11
1413393999.955882549285889,21,6,16,1,11
1413394000.005882978439331,17,1,13,2,11
1413394000.055883646011353,15,2,9,1,11
1413394000.105884075164795,12,2,2,1,11
1413394000.155884027481079,9,1,2,0,11
1413394000.205883979797363,2,5,1,0,11
1413394000.255883932113647,1,1,1,0,11
1413394000.305883884429932,1,0,1,0,11
1413394000.355883836746216,1,3,1,0,11
1413394000.405884027481079,1,1,1,0,11
1413394000.455883979797363,1,0,1,0,11
1413394000.505883932113647,1,0,1,0,11
1413394000.555883884429932,1,0,1,0,11
1413394000.605884075164795,1,0,0,0,11
1413394000.655884027481079,1,0,0,0,11
1413394000.705884218215942,3,0,0,3,11
1413394000.755884170532227,3,0,3,0,11
1413394000.805884122848511,3,0,3,0,11
1413394000.855884552001953,3,0,3,0,11
1413394000.905884504318237,3,0,1,0,11
1413394000.955884456634521,3,0,1,0,11
1413394001.005884408950806,1,0,1,0,11
1413394001.055884361267090,1,0,1,0,11
1413394001.105884552001953,1,0,0,0,11
1413394001.155884504318237,1,0,0,0,11
1413394001.205884456634521,1,0,0,1,11
1413394001.255884408950806,1,0,1,0,11
1413394001.305884361267090,1,0,1,0,11
1413394001.355884552001953,1,0,1,0,11
1413394001.405884504318237,1,0,1,0,11
1413394001.455884456634521,1,0,1,0,11
1413394001.505884408950806,1,0,1,0,11
1413394001.555884361267090,1,0,1,0,11
1413394001.605884552001953,1,0,1,0,11
1413394001.655884504318237,1,0,1,0,11
1413394001.705884456634521,1,0,1,0,11
1413394001.755884408950806,1,0,1,0,11
1413394001.805884361267090,1,0,1,0,11
1413394001.855884552001953,1,0,1,0,11
1413394001.905884504318237,1,0,1,0,11
1413394001.955884456634521,1,0,1,0,11
1413394002.005884408950806,1,0,1,0,11
1413394002.055884361267090,1,0,1,0,11
1413394002.105884313583374,2,0,1,1,11
1413394002.155884265899658,2,0,1,0,11
1413394002.205884218215942,2,0,1,0,11
1413394002.255884170532227,2,0,1,1,11
1413394002.305884122848511,2,0,2,0,11
1413394002.355884313583374,2,0,2,0,11
1413394002.405884265899658,2,0,2,0,11
1413394002.455884218215942,2,0,2,0,11
1413394002.505884170532227,2,0,2,0,11
1413394002.555884122848511,2,0,2,0,11
1413394002.605884075164795,5,0,2,3,11
1413394002.655884027481079,5,0,5,0,11
1413394002.705883979797363,7,0,5,2,11
1413394002.755883932113647,8,0,7,1,11
1413394002.805883884429932,9,0,8,1,11
1413394002.855884075164795,9,0,9,0,11
1413394002.905884027481079,9,0,8,0,11
1413394002.955883979797363,9,0,8,0,11
1413394003.005883932113647,8,0,8,0,11
1413394003.055883884429932,9,0,8,1,11
1413394003.105884075164795,10,0,9,1,11
1413394003.155884027481079,11,0,10,1,11
1413394003.205883979797363,11,0,11,0,11
1413394003.255883932113647,11,0,11,0,11
1413394003.305883884429932,11,0,11,0,11
1413394003.355884075164795,11,0,11,0,11
