# timestamp (sec),slam_feats_in_state,msckf_feats_used,slam_feats_updated,slam_feats_delayed_init,clones
1413393890.058675765991211,0,13,0,0,5
1413393890.105068206787109,17,16,0,17,6
1413393890.154985189437866,17,0,17,0,7
1413393890.204874277114868,17,3,17,0,8
1413393890.254836797714233,17,1,17,0,9
1413393890.305124998092651,17,2,17,0,10
1413393890.355333566665649,17,1,17,0,11
1413393890.405432224273682,17,2,16,0,11
1413393890.455283641815186,18,1,15,2,11
1413393890.505191326141357,18,1,17,1,11
1413393890.554734945297241,30,1,18,12,11
1413393890.604868173599243,35,1,26,8,11
1413393890.655248641967773,38,0,34,3,11
1413393890.705568790435791,48,7,37,11,11
1413393890.755616664886475,49,3,48,1,11
1413393890.805715084075928,50,0,49,1,11
1413393890.855756759643555,50,4,50,0,11
1413393890.905887126922607,50,2,50,0,11
1413393890.955997705459595,50,3,50,0,11
1413393891.006020545959473,50,0,50,0,11
1413393891.056038141250610,50,5,49,0,11
1413393891.106114864349365,50,1,48,0,11
1413393891.156187534332275,49,3,48,0,11
1413393891.206229448318481,47,2,46,1,11
1413393891.256257534027100,47,2,46,1,11
1413393891.306458711624146,49,6,47,2,11
1413393891.356761932373047,49,2,45,1,11
1413393891.406865835189819,42,4,37,0,11
1413393891.456801891326904,42,1,37,3,11
1413393891.506646394729614,40,3,36,2,11
1413393891.556507110595703,41,0,37,3,11
1413393891.606385469436646,42,0,40,2,11
1413393891.656132698059082,47,0,41,5,11
1413393891.706034183502197,47,1,45,0,11
1413393891.755909919738770,49,1,43,3,11
1413393891.805836200714111,48,1,45,1,11
1413393891.855811834335327,48,0,46,2,11
1413393891.905766010284424,48,2,45,2,11
1413393891.955716371536255,49,3,45,2,11
1413393892.005715131759644,47,13,42,2,11
1413393892.055728673934937,48,0,44,2,11
1413393892.105809450149536,47,11,43,2,11
1413393892.155789136886597,48,0,44,1,11
1413393892.205703735351562,46,1,43,1,11
1413393892.255550146102905,44,0,43,0,11
1413393892.305495023727417,42,1,42,0,11
1413393892.355469703674316,43,4,40,2,11
1413393892.405416011810303,43,5,39,1,11
1413393892.455376148223877,41,0,39,0,11
1413393892.505359411239624,42,2,37,4,11
1413393892.555351734161377,39,4,39,0,11
1413393892.605368852615356,40,5,39,1,11
1413393892.655374526977539,42,2,40,2,11
1413393892.705396175384521,45,11,39,6,11
1413393892.755412101745605,46,0,43,1,11
1413393892.805415868759155,46,1,39,3,11
1413393892.855412244796753,47,6,42,3,11
1413393892.905402421951294,46,1,45,0,11
1413393892.955386400222778,47,6,40,4,11
1413393893.005406379699707,45,11,40,2,11
1413393893.055423736572266,41,5,40,0,11
1413393893.105443716049194,39,6,38,0,11
1413393893.155466794967651,41,1,35,2,11
1413393893.205436229705811,47,2,34,8,11
1413393893.255431890487671,44,0,43,0,11
1413393893.305417060852051,47,0,43,4,11
1413393893.355400323867798,46,0,46,0,11
1413393893.405402898788452,49,13,45,3,11
1413393893.455414056777954,46,31,45,0,11
1413393893.505407571792603,45,2,42,1,11
1413393893.555403232574463,45,0,43,1,11
1413393893.605404615402222,47,3,42,4,11
1413393893.655384778976440,48,3,44,2,11
1413393893.705379486083984,48,4,44,1,11
1413393893.755380868911743,46,3,44,0,11
1413393893.805385351181030,45,5,43,2,11
1413393893.855382680892944,44,11,43,1,11
1413393893.905379533767700,42,8,38,1,11
1413393893.955388784408569,37,6,32,0,11
1413393894.005407094955444,35,5,27,2,11
1413393894.055449008941650,35,5,24,5,11
1413393894.105496168136597,43,4,26,12,11
1413393894.155535221099854,41,2,32,1,11
1413393894.205580711364746,35,6,29,0,11
1413393894.255614042282104,31,0,27,2,11
1413393894.305629253387451,30,0,24,2,11
1413393894.355653524398804,28,3,23,1,11
1413393894.405686378479004,32,2,23,8,11
1413393894.455697059631348,32,1,29,1,11
1413393894.505713939666748,38,3,30,6,11
1413393894.555730819702148,38,5,34,2,11
1413393894.605731487274170,44,3,35,6,11
1413393894.655719041824341,42,3,40,0,11
1413393894.705712318420410,43,2,38,2,11
1413393894.755714416503906,45,3,38,4,11
1413393894.805705308914185,47,2,39,5,11
1413393894.855696201324463,50,4,44,4,11
1413393894.905676364898682,49,4,47,1,11
1413393894.955657243728638,48,3,46,1,11
1413393895.005645275115967,47,3,44,1,11
1413393895.055636405944824,48,1,45,1,11
1413393895.105638742446899,48,1,45,3,11
1413393895.155642747879028,48,2,48,0,11
1413393895.205647706985474,49,1,46,1,11
1413393895.255648136138916,47,9,44,1,11
1413393895.305647611618042,45,5,41,3,11
1413393895.355653047561646,42,0,41,0,11
1413393895.405655145645142,41,2,36,2,11
1413393895.455658197402954,41,2,36,1,11
1413393895.505658626556396,41,0,37,3,11
1413393895.555657148361206,39,4,36,2,11
1413393895.605656862258911,40,1,36,3,11
1413393895.655662775039673,39,5,38,1,11
1413393895.705675125122070,36,4,34,0,11
1413393895.755689620971680,34,5,28,2,11
1413393895.805693149566650,31,4,27,2,11
1413393895.855694532394409,28,5,26,1,11
1413393895.905692815780640,27,6,24,3,11
1413393895.955686330795288,28,0,23,2,11
1413393896.005687236785889,29,2,24,1,11
1413393896.055685043334961,26,2,21,2,11
1413393896.105688333511353,26,1,21,1,11
1413393896.155689477920532,25,6,17,4,11
1413393896.205685138702393,25,1,20,1,11
1413393896.255694150924683,23,2,20,1,11
1413393896.305705070495605,24,3,21,2,11
1413393896.355715751647949,25,0,23,2,11
1413393896.405728101730347,26,0,22,1,11
1413393896.455761671066284,28,2,18,3,11
1413393896.505781650543213,27,0,20,2,11
1413393896.555804014205933,25,2,18,4,11
1413393896.605827808380127,28,5,19,4,11
1413393896.655835390090942,25,0,24,0,11
1413393896.705826997756958,25,1,20,0,11
1413393896.755834579467773,26,1,15,4,11
1413393896.805829048156738,24,0,16,2,11
1413393896.855828046798706,30,0,17,10,11
1413393896.905822038650513,29,1,24,1,11
1413393896.955812931060791,27,1,22,0,11
1413393897.005797863006592,25,0,20,0,11
1413393897.055773973464966,25,0,21,3,11
1413393897.105751514434814,30,2,22,6,11
1413393897.155757188796997,30,4,26,2,11
1413393897.205759763717651,36,3,24,8,11
1413393897.255767107009888,37,1,31,2,11
1413393897.305773258209229,36,1,33,3,11
1413393897.355768203735352,37,5,35,2,11
1413393897.405745267868042,39,3,35,4,11
1413393897.455746412277222,41,1,36,5,11
1413393897.505746603012085,41,2,40,0,11
1413393897.555764436721802,41,1,39,1,11
1413393897.605761051177979,41,3,38,3,11
1413393897.655754566192627,44,5,41,3,11
1413393897.705755233764648,45,0,42,1,11
1413393897.755754709243774,46,2,42,1,11
1413393897.805766582489014,47,3,40,3,11
1413393897.855763196945190,47,3,43,3,11
1413393897.905772209167480,47,7,41,3,11
1413393897.955773353576660,47,0,41,1,11
1413393898.005788564682007,47,2,39,5,11
1413393898.055798768997192,46,3,39,2,11
1413393898.105826377868652,45,1,39,1,11
1413393898.155883073806763,41,4,38,1,11
1413393898.205935955047607,33,5,32,0,11
1413393898.255975246429443,32,2,30,1,11
1413393898.306003808975220,31,3,26,1,11
1413393898.356034278869629,35,4,24,8,11
1413393898.406047344207764,34,3,31,1,11
1413393898.456050634384155,26,5,23,1,11
1413393898.506067514419556,26,1,23,2,11
1413393898.556086063385010,24,2,23,0,11
1413393898.606091737747192,24,10,22,0,11
1413393898.656085252761841,24,2,20,1,11
1413393898.706102132797241,26,9,19,3,11
1413393898.756104946136475,26,0,20,3,11
1413393898.806122064590454,28,4,23,4,11
1413393898.856124877929688,27,1,25,2,11
1413393898.906131505966187,20,5,19,0,11
1413393898.956137657165527,19,0,15,0,11
1413393899.006153583526611,19,1,14,1,11
1413393899.056163549423218,18,2,13,2,11
1413393899.106176376342773,21,0,15,4,11
1413393899.156181335449219,24,3,19,4,11
1413393899.206177234649658,27,9,15,4,11
1413393899.256162643432617,35,8,18,9,11
1413393899.306158304214478,34,11,18,8,11
1413393899.356167793273926,28,5,22,1,11
1413393899.406176090240479,21,4,16,1,11
1413393899.456188440322876,21,0,15,5,11
1413393899.506194353103638,15,3,15,0,11
1413393899.556191921234131,13,3,13,0,11
1413393899.606178760528564,6,1,6,0,11
1413393899.656175136566162,6,0,6,0,11
1413393899.706185579299927,6,1,4,0,11
1413393899.756211996078491,6,4,3,0,11
1413393899.806226968765259,5,6,0,1,11
1413393899.856241226196289,4,11,0,0,11
1413393899.906241178512573,1,0,0,0,11
1413393899.956237077713013,1,2,0,1,11
1413393900.006237030029297,1,6,0,0,11
1413393900.056237459182739,1,1,0,0,11
1413393900.106240272521973,0,3,0,0,11
1413393900.156239509582520,0,1,0,0,11
1413393900.206238746643066,0,2,0,0,11
1413393900.256248950958252,0,3,0,0,11
1413393900.306257963180542,1,4,0,1,11
1413393900.356275320053101,2,5,1,1,11
1413393900.406284332275391,4,7,0,3,11
1413393900.456289529800415,6,7,3,3,11
1413393900.506309747695923,15,4,6,9,11
1413393900.556307792663574,16,14,12,1,11
1413393900.606307983398438,19,8,12,3,11
1413393900.656310558319092,14,3,11,0,11
1413393900.706311464309692,16,7,11,4,11
1413393900.756312370300293,16,1,14,1,11
1413393900.806318521499634,15,4,14,0,11
1413393900.856318950653076,13,1,12,0,11
1413393900.906318902969360,8,3,7,0,11
1413393900.956317901611328,7,3,7,0,11
1413393901.006307363510132,11,4,7,4,11
1413393901.056306600570679,15,17,11,4,11
1413393901.106311798095703,16,7,14,1,11
1413393901.156311035156250,13,3,13,0,11
1413393901.206310749053955,13,5,13,0,11
1413393901.256314039230347,15,2,13,2,11
1413393901.306313991546631,14,7,12,2,11
1413393901.356319904327393,12,5,12,0,11
1413393901.406324386596680,13,8,11,2,11
1413393901.456329584121704,13,1,12,0,11
1413393901.506332635879517,12,3,12,0,11
1413393901.556336641311646,12,2,12,0,11
1413393901.606334924697876,14,3,11,2,11
1413393901.656324625015259,22,3,13,8,11
1413393901.706310510635376,33,3,21,12,11
1413393901.756322622299194,41,3,30,8,11
1413393901.806327104568481,43,11,36,2,11
1413393901.856324911117554,39,6,32,3,11
1413393901.906325817108154,36,2,34,0,11
1413393901.956324577331543,36,1,31,3,11
1413393902.006325006484985,35,0,34,0,11
1413393902.056327342987061,39,0,34,5,11
1413393902.106327772140503,38,0,38,0,11
1413393902.156327486038208,39,2,38,1,11
1413393902.206329584121704,42,4,37,5,11
1413393902.256329298019409,42,4,41,0,11
1413393902.306329727172852,43,2,41,1,11
1413393902.356332540512085,45,4,40,5,11
1413393902.406333446502686,47,11,39,5,11
1413393902.456331491470337,45,9,43,1,11
1413393902.506332397460938,43,2,41,1,11
1413393902.556335687637329,45,1,41,3,11
1413393902.606339216232300,45,2,44,1,11
1413393902.656339883804321,43,0,42,0,11
1413393902.706341743469238,41,5,38,0,11
1413393902.756342649459839,44,4,37,6,11
1413393902.806343793869019,42,2,41,1,11
1413393902.856340885162354,37,5,36,0,11
1413393902.906336545944214,34,2,33,0,11
1413393902.956335544586182,37,1,32,4,11
1413393903.006332397460938,36,4,33,3,11
1413393903.056329488754272,39,6,33,4,11
1413393903.106325387954712,39,2,37,1,11
1413393903.156323671340942,40,5,36,4,11
1413393903.206322669982910,40,1,40,0,11
1413393903.256320714950562,38,3,37,0,11
1413393903.306317806243896,36,1,35,0,11
1413393903.356309175491333,37,1,34,2,11
1413393903.406301975250244,36,0,35,0,11
1413393903.456292867660522,36,2,35,0,11
1413393903.506286382675171,36,1,34,1,11
1413393903.556281566619873,36,2,33,1,11
1413393903.606280803680420,33,2,33,0,11
1413393903.656275987625122,38,1,31,5,11
1413393903.706273317337036,42,0,33,4,11
1413393903.756266593933105,45,0,36,6,11
1413393903.806261777877808,49,1,42,7,11
1413393903.856258392333984,47,5,47,0,11
1413393903.906258821487427,47,1,47,0,11
1413393903.956259250640869,45,0,44,1,11
1413393904.006256103515625,48,3,44,4,11
1413393904.056255340576172,49,1,48,1,11
1413393904.106250047683716,49,2,47,1,11
1413393904.156242370605469,49,1,47,0,11
1413393904.206227779388428,50,3,46,2,11
1413393904.256210088729858,50,11,47,1,11
1413393904.306199789047241,49,0,47,1,11
1413393904.356194496154785,49,3,47,1,11
1413393904.406193733215332,49,4,48,1,11
1413393904.456191778182983,50,4,47,1,11
1413393904.506193161010742,48,2,46,0,11
1413393904.556198120117188,48,2,42,2,11
1413393904.606209754943848,48,5,43,1,11
1413393904.656220912933350,47,2,42,3,11
1413393904.706229925155640,46,0,43,2,11
1413393904.756230592727661,43,1,40,0,11
1413393904.806230068206787,44,2,38,3,11
1413393904.856224536895752,47,4,37,6,11
1413393904.906216621398926,45,3,41,2,11
1413393904.956208467483521,48,2,42,4,11
1413393905.006200075149536,43,2,41,1,11
1413393905.056196451187134,36,6,28,2,11
1413393905.106193542480469,37,1,28,4,11
1413393905.156189918518066,33,0,29,3,11
1413393905.206191301345825,34,5,28,4,11
1413393905.256192445755005,34,1,30,1,11
1413393905.306191921234131,34,0,30,1,11
1413393905.356192827224731,36,1,29,6,11
1413393905.406192541122437,36,2,33,3,11
1413393905.456191062927246,38,2,35,2,11
1413393905.506192207336426,42,2,35,5,11
1413393905.556193351745605,43,1,40,2,11
1413393905.606193304061890,46,4,40,5,11
1413393905.656194925308228,49,4,43,4,11
1413393905.706194639205933,49,2,43,1,11
1413393905.756192684173584,48,1,42,3,11
1413393905.806189298629761,46,0,42,2,11
1413393905.856189489364624,47,9,43,4,11
1413393905.906188249588013,46,2,45,0,11
1413393905.956187248229980,46,2,44,1,11
1413393906.006184101104736,50,3,44,5,11
1413393906.056179761886597,50,0,44,0,11
1413393906.106174468994141,48,7,43,0,11
1413393906.156169652938843,46,1,42,4,11
1413393906.206164598464966,46,1,44,1,11
1413393906.256160497665405,46,8,39,3,11
1413393906.306158781051636,43,0,36,0,11
1413393906.356158494949341,39,1,33,2,11
1413393906.406159877777100,36,3,32,1,11
1413393906.456165790557861,38,0,31,4,11
1413393906.506168603897095,34,1,34,0,11
1413393906.556170701980591,38,0,34,4,11
1413393906.606171846389771,38,1,38,0,11
1413393906.656171798706055,38,1,38,0,11
1413393906.706179857254028,46,1,37,8,11
1413393906.756182432174683,49,3,45,3,11
1413393906.806183338165283,47,1,47,0,11
1413393906.856184720993042,49,4,46,3,11
1413393906.906184911727905,50,4,48,1,11
1413393906.956183671951294,50,2,47,0,11
1413393907.006184816360474,50,8,47,1,11
1413393907.056174039840698,48,3,48,0,11
1413393907.106160879135132,48,3,45,0,11
1413393907.156142711639404,50,0,44,2,11
1413393907.206125497817993,47,4,43,1,11
1413393907.256110668182373,46,0,45,0,11
1413393907.306096792221069,49,1,44,4,11
1413393907.356082916259766,49,3,47,0,11
1413393907.406070232391357,48,0,47,0,11
1413393907.456062078475952,50,2,47,3,11
1413393907.506066322326660,49,0,49,0,11
1413393907.556062221527100,50,1,49,1,11
1413393907.606046199798584,50,11,50,0,11
1413393907.656036853790283,50,4,48,0,11
1413393907.706021308898926,50,5,47,0,11
1413393907.756012439727783,49,0,46,1,11
1413393907.806000709533691,48,0,47,0,11
1413393907.855992794036865,48,0,46,1,11
1413393907.905980587005615,48,0,45,0,11
1413393907.955975055694580,48,13,46,1,11
1413393908.005977630615234,48,0,47,1,11
1413393908.055980920791626,49,0,47,1,11
1413393908.105983734130859,49,2,47,0,11
1413393908.155986070632935,49,0,45,1,11
1413393908.205984354019165,50,9,46,2,11
1413393908.255984306335449,49,4,48,1,11
1413393908.305989742279053,49,5,49,0,11
1413393908.355999231338501,50,0,48,1,11
1413393908.405996561050415,50,5,46,0,11
1413393908.455982923507690,49,2,44,0,11
1413393908.505975246429443,49,0,42,4,11
1413393908.555967807769775,48,15,46,0,11
1413393908.605965137481689,47,0,46,1,11
1413393908.655964612960815,47,0,47,0,11
1413393908.705973863601685,46,1,45,1,11
1413393908.755981922149658,45,1,44,0,11
1413393908.805984258651733,47,4,44,2,11
1413393908.855981588363647,48,2,46,2,11
1413393908.905970811843872,49,5,48,1,11
1413393908.955974578857422,49,0,49,0,11
1413393909.005985260009766,50,2,48,1,11
1413393909.056000471115112,50,2,49,0,11
1413393909.106013059616089,49,1,49,0,11
1413393909.156040430068970,49,11,48,0,11
1413393909.206046104431152,49,1,48,0,11
1413393909.256049156188965,48,0,48,0,11
1413393909.306051254272461,48,1,48,0,11
1413393909.356053590774536,49,0,48,1,11
1413393909.406054973602295,50,5,48,1,11
1413393909.456055641174316,50,3,49,0,11
1413393909.506056785583496,49,4,49,0,11
1413393909.556057453155518,49,0,49,0,11
1413393909.606057405471802,50,1,49,1,11
1413393909.656055688858032,50,3,50,0,11
1413393909.706054449081421,50,0,49,0,11
1413393909.756052255630493,49,12,47,0,11
1413393909.806051492691040,46,1,43,1,11
1413393909.856050491333008,44,0,38,2,11
1413393909.906049728393555,44,0,39,2,11
1413393909.956049203872681,44,1,40,3,11
1413393910.006045818328857,47,7,40,6,11
1413393910.056044816970825,49,1,44,4,11
1413393910.106047153472900,48,5,45,0,11
1413393910.156048536300659,46,0,42,0,11
1413393910.206050634384155,46,0,42,3,11
1413393910.256052017211914,46,3,41,3,11
1413393910.306053161621094,45,0,42,0,11
1413393910.356054306030273,48,5,42,6,11
1413393910.406054496765137,48,0,47,1,11
1413393910.456056356430054,48,11,45,2,11
1413393910.506052494049072,46,4,42,1,11
1413393910.556047439575195,46,3,43,1,11
1413393910.606045961380005,47,6,44,3,11
1413393910.656042337417603,47,5,46,1,11
1413393910.706038475036621,50,19,46,3,11
1413393910.756029367446899,50,9,45,0,11
1413393910.806027173995972,49,5,43,1,11
1413393910.856025218963623,48,4,44,3,11
1413393910.906023502349854,47,6,44,1,11
1413393910.956021308898926,50,7,43,3,11
1413393911.006022691726685,48,7,44,1,11
1413393911.056020498275757,46,7,42,1,11
1413393911.106018543243408,47,3,42,2,11
1413393911.156019687652588,45,3,43,1,11
1413393911.206020355224609,44,7,43,1,11
1413393911.256019830703735,44,3,41,0,11
1413393911.306018352508545,47,3,40,3,11
1413393911.356018066406250,47,3,42,3,11
1413393911.406015634536743,48,2,43,3,11
1413393911.456014156341553,50,13,44,2,11
1413393911.506010055541992,48,4,45,0,11
1413393911.556004524230957,45,13,38,3,11
1413393911.606005191802979,42,5,38,0,11
1413393911.656008720397949,41,4,36,3,11
1413393911.706004858016968,40,1,35,1,11
1413393911.755995035171509,45,1,31,7,11
1413393911.805985450744629,44,3,35,2,11
1413393911.855983972549438,43,1,33,4,11
1413393911.905975580215454,43,5,32,2,11
1413393911.955971479415894,38,10,29,3,11
1413393912.005971670150757,38,6,29,4,11
1413393912.055973768234253,43,3,30,9,11
1413393912.105978488922119,42,0,38,2,11
1413393912.155971050262451,47,6,33,9,11
1413393912.205968618392944,44,2,35,2,11
1413393912.255967378616333,41,1,33,3,11
1413393912.305962800979614,38,7,32,2,11
1413393912.355958223342896,36,4,30,1,11
1413393912.405952930450439,43,1,26,11,11
1413393912.455949306488037,42,3,34,2,11
1413393912.505947828292847,36,2,31,2,11
1413393912.555947303771973,29,9,24,3,11
1413393912.605951309204102,23,4,18,1,11
1413393912.655955553054810,20,8,13,0,11
1413393912.705957651138306,17,6,14,1,11
1413393912.755963802337646,16,4,15,1,11
1413393912.805965662002563,14,2,13,1,11
1413393912.855968236923218,14,6,12,0,11
1413393912.905973196029663,15,4,12,3,11
1413393912.955976009368896,17,3,15,2,11
1413393913.005977869033813,18,4,16,2,11
1413393913.055981636047363,26,3,16,10,11
1413393913.105981111526489,28,2,26,2,11
1413393913.155977964401245,34,4,28,6,11
1413393913.205976247787476,41,1,34,7,11
1413393913.255974054336548,43,7,38,4,11
1413393913.305970668792725,45,6,40,2,11
1413393913.355969905853271,44,7,41,2,11
1413393913.405966997146606,49,4,42,6,11
1413393913.455966234207153,46,5,44,2,11
1413393913.505964517593384,45,3,44,1,11
1413393913.555963516235352,43,6,41,1,11
1413393913.605964422225952,38,2,35,0,11
1413393913.655964612960815,34,5,29,2,11
1413393913.705964565277100,35,1,29,3,11
1413393913.755967617034912,31,6,27,0,11
1413393913.805971384048462,31,2,21,2,11
1413393913.855972528457642,29,3,16,2,11
1413393913.905976057052612,23,6,13,2,11
1413393913.955979585647583,28,3,14,9,11
1413393914.005988597869873,30,13,20,8,11
1413393914.055995225906372,28,5,25,2,11
1413393914.105998992919922,27,2,25,0,11
1413393914.156005382537842,28,2,21,3,11
1413393914.206010580062866,30,4,24,4,11
1413393914.256015300750732,26,0,24,1,11
1413393914.306019544601440,27,1,24,3,11
1413393914.356025695800781,36,4,25,11,11
1413393914.406023979187012,34,2,34,0,11
1413393914.456022500991821,42,4,32,9,11
1413393914.506019353866577,40,7,39,0,11
1413393914.556019067764282,37,1,34,1,11
1413393914.606021881103516,44,2,34,7,11
1413393914.656021356582642,46,1,38,6,11
1413393914.706023216247559,45,1,42,1,11
1413393914.756024837493896,44,6,42,2,11
1413393914.806022405624390,48,5,43,4,11
1413393914.856022357940674,48,4,41,2,11
1413393914.906022310256958,46,3,43,2,11
1413393914.956018447875977,45,5,45,0,11
1413393915.006016016006470,49,5,42,5,11
1413393915.056016206741333,48,1,46,0,11
1413393915.106017589569092,46,2,45,1,11
1413393915.156016588211060,47,7,45,1,11
1413393915.206019878387451,47,0,46,0,11
1413393915.256022691726685,46,5,46,0,11
1413393915.306025743484497,46,4,46,0,11
1413393915.356030225753784,49,8,44,4,11
1413393915.406033515930176,50,5,48,1,11
1413393915.456034421920776,48,9,47,0,11
1413393915.506033897399902,49,1,46,2,11
1413393915.556031227111816,48,2,48,0,11
1413393915.606029748916626,50,6,48,2,11
1413393915.656028509140015,50,5,50,0,11
1413393915.706027507781982,50,3,50,0,11
1413393915.756026506423950,47,5,45,0,11
1413393915.806024551391602,49,4,44,3,11
1413393915.856023311614990,48,5,47,1,11
1413393915.906022787094116,48,0,48,0,11
1413393915.956022024154663,48,1,48,0,11
1413393916.006021738052368,50,3,48,2,11
1413393916.056021451950073,50,6,50,0,11
1413393916.106021404266357,49,2,49,0,11
1413393916.156021595001221,47,1,46,0,11
1413393916.206021547317505,47,2,45,1,11
1413393916.256020784378052,48,3,44,4,11
1413393916.306019544601440,49,11,47,2,11
1413393916.356017112731934,49,1,45,1,11
1413393916.406014442443848,46,5,40,1,11
1413393916.456012010574341,44,0,34,2,11
1413393916.506010532379150,40,2,29,1,11
1413393916.556009292602539,41,0,27,6,11
1413393916.606007814407349,38,2,32,3,11
1413393916.656006097793579,39,0,31,4,11
1413393916.706004619598389,41,1,30,3,11
1413393916.756004333496094,48,4,34,10,11
1413393916.806002616882324,48,4,44,4,11
1413393916.856000423431396,47,1,47,0,11
1413393916.905998945236206,48,5,45,3,11
1413393916.955998897552490,46,2,46,0,11
1413393917.005999803543091,47,0,44,3,11
1413393917.055999517440796,44,1,43,0,11
1413393917.105999469757080,46,0,42,2,11
1413393917.155997991561890,44,2,42,1,11
1413393917.205996274948120,45,4,40,2,11
1413393917.255991935729980,43,2,41,0,11
1413393917.305986642837524,40,0,40,0,11
1413393917.355983972549438,43,1,39,4,11
1413393917.405981779098511,48,1,40,6,11
1413393917.455977678298950,46,2,43,1,11
1413393917.505975961685181,46,0,42,2,11
1413393917.555975437164307,48,1,41,4,11
1413393917.605973482131958,48,1,41,1,11
1413393917.655972957611084,43,0,37,0,11
1413393917.705973148345947,36,0,32,0,11
1413393917.755975484848022,35,0,26,6,11
1413393917.805978059768677,33,0,28,0,11
1413393917.855979442596436,30,2,26,1,11
1413393917.905979871749878,27,0,23,1,11
1413393917.955980062484741,26,0,21,0,11
1413393918.005980491638184,23,2,20,0,11
1413393918.055980205535889,21,1,16,4,11
1413393918.105981111526489,20,0,20,0,11
1413393918.155979871749878,21,5,16,2,11
1413393918.205979824066162,21,0,18,0,11
1413393918.255981445312500,23,0,18,5,11
1413393918.305982828140259,25,0,21,2,11
1413393918.355984210968018,27,1,22,2,11
1413393918.405983686447144,28,1,24,3,11
1413393918.455983877182007,31,0,24,5,11
1413393918.505984783172607,31,4,22,8,11
1413393918.555984973907471,32,0,27,2,11
1413393918.605985879898071,27,0,23,1,11
1413393918.655985593795776,21,1,17,1,11
1413393918.705985069274902,17,3,10,5,11
1413393918.755985498428345,23,4,12,7,11
1413393918.805986166000366,22,2,17,1,11
1413393918.855986356735229,17,5,14,2,11
1413393918.905986309051514,15,1,10,4,11
1413393918.955984830856323,27,1,13,13,11
1413393919.005984306335449,20,5,17,1,11
1413393919.055981397628784,19,7,18,0,11
1413393919.105979204177856,15,3,14,1,11
1413393919.155976772308350,16,3,15,1,11
1413393919.205973386764526,18,5,11,5,11
1413393919.255972862243652,18,3,13,3,11
1413393919.305972099304199,14,6,12,2,11
1413393919.355971574783325,14,6,13,1,11
1413393919.405971050262451,14,3,11,3,11
1413393919.455971002578735,14,3,11,0,11
1413393919.505969047546387,17,3,10,5,11
1413393919.555968523025513,18,6,13,4,11
1413393919.605969429016113,21,1,14,7,11
1413393919.655970335006714,22,1,18,1,11
1413393919.705971240997314,24,2,17,5,11
1413393919.755971193313599,26,0,21,3,11
1413393919.805971622467041,26,4,23,2,11
1413393919.855971574783325,37,1,24,13,11
1413393919.905972480773926,42,2,34,6,11
1413393919.955971956253052,43,1,35,5,11
1413393920.005971193313599,41,2,37,3,11
1413393920.055970668792725,43,6,37,6,11
1413393920.105969190597534,40,2,40,0,11
1413393920.155968427658081,45,2,37,6,11
1413393920.205968618392944,50,2,42,5,11
1413393920.255967140197754,48,2,45,1,11
1413393920.305967092514038,50,2,46,3,11
1413393920.355968713760376,49,5,48,0,11
1413393920.405968666076660,48,1,45,0,11
1413393920.455968618392944,48,3,44,2,11
1413393920.505967617034912,50,0,45,4,11
1413393920.555967330932617,49,4,47,0,11
1413393920.605965852737427,48,5,46,1,11
1413393920.655965805053711,47,0,45,2,11
1413393920.705965280532837,49,6,45,3,11
1413393920.755963563919067,49,12,48,0,11
1413393920.805963039398193,49,1,46,1,11
1413393920.855962514877319,49,0,47,0,11
1413393920.905961751937866,46,2,45,1,11
1413393920.955961465835571,49,9,44,3,11
1413393921.005961418151855,49,2,46,0,11
1413393921.055960893630981,41,3,39,1,11
1413393921.105960369110107,40,2,39,1,11
1413393921.155958414077759,44,2,37,6,11
1413393921.205956935882568,44,0,38,4,11
1413393921.255954504013062,42,1,41,0,11
1413393921.305952787399292,49,5,40,8,11
1413393921.355951309204102,47,10,46,1,11
1413393921.405947923660278,46,1,46,0,11
1413393921.455943584442139,46,2,45,0,11
1413393921.505941867828369,46,5,45,0,11
1413393921.555939197540283,47,5,44,2,11
1413393921.605939149856567,45,2,44,0,11
1413393921.655941963195801,50,17,44,5,11
1413393921.705942392349243,49,0,49,0,11
1413393921.755942583084106,49,0,48,0,11
1413393921.805941104888916,48,2,48,0,11
1413393921.855940580368042,50,10,48,2,11
1413393921.905940055847168,50,4,49,0,11
1413393921.955939531326294,49,11,49,0,11
1413393922.005936384201050,50,9,49,1,11
1413393922.055934667587280,50,5,49,0,11
1413393922.105932712554932,49,4,49,0,11
1413393922.155930995941162,50,1,48,1,11
1413393922.205929040908813,50,6,49,0,11
1413393922.255926609039307,49,22,47,1,11
1413393922.305925846099854,47,2,44,0,11
1413393922.355925798416138,45,3,42,0,11
1413393922.405926465988159,41,2,38,0,11
1413393922.455927610397339,43,13,32,9,11
1413393922.505928993225098,43,1,41,2,11
1413393922.555932998657227,49,6,42,7,11
1413393922.605934619903564,48,6,47,1,11
1413393922.655934572219849,48,2,46,0,11
1413393922.705933570861816,48,3,46,0,11
1413393922.755932569503784,48,1,46,2,11
1413393922.805931091308594,47,8,47,0,11
1413393922.855929851531982,48,16,46,2,11
1413393922.905928373336792,48,1,48,0,11
1413393922.955925226211548,47,3,47,0,11
1413393923.005926609039307,50,10,45,3,11
1413393923.055924415588379,48,3,45,0,11
1413393923.105924606323242,46,4,45,0,11
1413393923.155924081802368,47,2,45,2,11
1413393923.205925464630127,50,11,46,3,11
1413393923.255925655364990,50,15,48,0,11
1413393923.305924415588379,49,7,47,0,11
1413393923.355921506881714,48,5,47,0,11
1413393923.405918121337891,45,4,44,0,11
1413393923.455914258956909,46,8,42,4,11
1413393923.505911350250244,42,7,39,0,11
1413393923.555905342102051,40,10,32,5,11
1413393923.605905055999756,38,9,34,3,11
1413393923.655907392501831,36,7,33,0,11
1413393923.705914020538330,33,14,31,0,11
1413393923.755931377410889,33,7,24,4,11
1413393923.805933952331543,32,10,28,0,11
1413393923.855934858322144,28,5,27,0,11
1413393923.905935287475586,25,6,24,0,11
1413393923.955937623977661,24,7,21,2,11
1413393924.005937576293945,24,1,22,1,11
1413393924.055937528610229,22,7,20,0,11
1413393924.105937480926514,22,7,16,4,11
1413393924.155938148498535,22,13,18,4,11
1413393924.205939531326294,27,10,22,5,11
1413393924.255940675735474,25,7,25,0,11
1413393924.305942296981812,25,6,22,1,11
1413393924.355943441390991,26,7,18,5,11
1413393924.405944824218750,22,5,18,0,11
1413393924.455945253372192,22,8,18,3,11
1413393924.505945920944214,21,5,20,0,11
1413393924.555947303771973,22,13,18,1,11
1413393924.605948686599731,22,7,16,2,11
1413393924.655951023101807,19,10,14,1,11
1413393924.705951213836670,20,7,14,4,11
1413393924.755952596664429,23,3,16,6,11
1413393924.805950641632080,19,3,16,0,11
1413393924.855950355529785,21,6,14,4,11
1413393924.905948638916016,18,7,13,2,11
1413393924.955947875976562,17,4,12,0,11
1413393925.005944967269897,20,7,12,5,11
1413393925.055943727493286,18,4,15,2,11
1413393925.105942487716675,14,6,10,1,11
1413393925.155941009521484,14,4,8,3,11
1413393925.205939292907715,14,3,8,2,11
1413393925.255938291549683,13,1,7,1,11
1413393925.305937528610229,14,5,4,4,11
1413393925.355935335159302,11,3,7,1,11
1413393925.405934333801270,8,8,7,1,11
1413393925.455933570861816,9,12,6,1,11
1413393925.505933046340942,10,2,7,1,11
1413393925.555931568145752,9,10,7,2,11
1413393925.605932235717773,10,5,5,1,11
1413393925.655931234359741,10,10,5,1,11
1413393925.705931425094604,9,4,6,2,11
1413393925.755932092666626,9,5,7,1,11
1413393925.805933713912964,7,10,6,0,11
1413393925.855938196182251,10,2,5,4,11
1413393925.905941486358643,18,6,5,9,11
1413393925.955942869186401,19,6,11,4,11
1413393926.005942344665527,16,2,13,1,11
1413393926.055941581726074,22,3,12,6,11
1413393926.105943202972412,22,2,11,3,11
1413393926.155943870544434,24,7,13,4,11
1413393926.205945968627930,21,0,14,3,11
1413393926.255950450897217,26,2,17,5,11
1413393926.305954217910767,24,4,22,2,11
1413393926.355955123901367,26,0,24,2,11
1413393926.405954599380493,28,7,25,2,11
1413393926.455954074859619,31,2,27,3,11
1413393926.505954265594482,30,0,30,0,11
1413393926.555955886840820,33,2,29,4,11
1413393926.605956315994263,32,3,29,2,11
1413393926.655958414077759,34,2,31,3,11
1413393926.705958604812622,31,1,31,0,11
1413393926.755960226058960,39,1,28,9,11
1413393926.805958747863770,41,1,34,3,11
1413393926.855956792831421,40,2,35,2,11
1413393926.905955553054810,39,1,32,4,11
1413393926.955956220626831,39,2,33,0,11
1413393927.005955934524536,38,0,29,3,11
1413393927.055955886840820,36,0,30,1,11
1413393927.105957269668579,40,0,31,7,11
1413393927.155959844589233,44,0,37,6,11
1413393927.205961942672729,43,2,40,2,11
1413393927.255963087081909,43,2,42,1,11
1413393927.305964231491089,46,2,40,5,11
1413393927.355965375900269,45,3,42,0,11
1413393927.405967473983765,49,5,42,5,11
1413393927.455966711044312,43,6,41,1,11
1413393927.505965709686279,40,5,36,3,11
1413393927.555967092514038,43,3,36,5,11
1413393927.605966806411743,37,1,33,1,11
1413393927.655966997146606,32,1,28,2,11
1413393927.705965518951416,38,5,28,9,11
1413393927.755966186523438,35,0,28,0,11
1413393927.805966615676880,31,3,26,0,11
1413393927.855967760086060,27,4,25,1,11
1413393927.905968189239502,26,3,26,0,11
1413393927.955967426300049,24,2,23,0,11
1413393928.005966901779175,23,5,22,0,11
1413393928.055965423583984,28,7,17,9,11
1413393928.105965375900269,26,1,24,1,11
1413393928.155965328216553,24,4,21,2,11
1413393928.205965518951416,24,2,22,0,11
1413393928.255964756011963,28,6,21,6,11
1413393928.305964708328247,27,6,26,0,11
1413393928.355965137481689,27,2,19,4,11
1413393928.405966997146606,23,6,18,3,11
1413393928.455970048904419,24,0,19,4,11
1413393928.505972862243652,27,2,21,3,11
1413393928.555972576141357,26,3,23,0,11
1413393928.605971813201904,23,3,18,1,11
1413393928.655972242355347,22,1,18,0,11
1413393928.705973386764526,19,1,14,3,11
1413393928.755978822708130,23,8,16,4,11
1413393928.805981874465942,20,0,19,0,11
1413393928.855982780456543,21,4,18,2,11
1413393928.905993223190308,28,4,20,7,11
1413393928.955995559692383,27,4,26,1,11
1413393929.005995750427246,28,3,26,1,11
1413393929.055996656417847,32,2,25,4,11
1413393929.105996847152710,32,0,25,1,11
1413393929.155996799468994,33,2,25,3,11
1413393929.205996513366699,30,1,26,2,11
1413393929.255996465682983,33,3,27,4,11
1413393929.305996894836426,34,2,30,3,11
1413393929.355996847152710,32,1,29,2,11
1413393929.405997514724731,34,3,29,2,11
1413393929.455997467041016,32,1,28,1,11
1413393929.505997657775879,35,0,25,6,11
1413393929.555998325347900,33,5,28,1,11
1413393929.605999231338501,34,1,26,3,11
1413393929.655999660491943,33,0,28,2,11
1413393929.705999851226807,32,2,27,0,11
1413393929.755999803543091,32,2,25,2,11
1413393929.806000471115112,31,1,26,3,11
1413393929.856001377105713,31,2,27,3,11
1413393929.906002283096313,28,2,27,0,11
1413393929.956002235412598,30,0,25,4,11
1413393930.006002664566040,30,2,28,0,11
1413393930.056002855300903,30,4,24,1,11
1413393930.106003284454346,29,4,22,0,11
1413393930.156003475189209,26,5,17,2,11
1413393930.206003427505493,25,4,19,2,11
1413393930.256002902984619,26,1,18,5,11
1413393930.306001901626587,27,0,22,1,11
1413393930.356000423431396,23,3,20,1,11
1413393930.406000614166260,23,3,20,2,11
1413393930.456000328063965,25,2,17,3,11
1413393930.505998373031616,25,5,19,2,11
1413393930.555997610092163,22,2,19,1,11
1413393930.605996131896973,24,0,19,4,11
1413393930.655994653701782,30,2,20,8,11
1413393930.705995082855225,34,4,27,5,11
1413393930.755994796752930,37,7,31,5,11
1413393930.805994272232056,41,5,33,7,11
1413393930.855994462966919,37,1,35,1,11
1413393930.905994653701782,38,1,35,1,11
1413393930.955994129180908,44,2,34,8,11
1413393931.005994081497192,44,5,40,2,11
1413393931.055993795394897,45,2,40,3,11
1413393931.105993032455444,48,2,41,4,11
1413393931.155991792678833,49,0,43,2,11
1413393931.205991029739380,46,3,43,2,11
1413393931.255990982055664,46,3,44,2,11
1413393931.305991649627686,45,1,44,0,11
1413393931.355991840362549,49,0,39,4,11
1413393931.405991792678833,49,0,40,1,11
1413393931.455991744995117,46,3,41,2,11
1413393931.505991220474243,43,2,42,0,11
1413393931.555990695953369,43,1,40,1,11
1413393931.605990648269653,43,0,39,2,11
1413393931.655990600585938,41,0,39,0,11
1413393931.705990552902222,46,3,37,6,11
1413393931.755990505218506,46,1,41,2,11
1413393931.805990219116211,47,6,41,4,11
1413393931.855990409851074,47,2,45,1,11
1413393931.905990362167358,45,3,42,3,11
1413393931.955990552902222,45,2,44,0,11
1413393932.005990266799927,42,1,40,1,11
1413393932.055990457534790,41,4,38,3,11
1413393932.105990648269653,42,2,40,1,11
1413393932.155990123748779,40,2,35,2,11
1413393932.205989837646484,44,1,36,5,11
1413393932.255989789962769,39,2,36,0,11
1413393932.305989742279053,45,4,33,6,11
1413393932.355988979339600,37,5,36,0,11
1413393932.405988216400146,36,1,35,1,11
1413393932.455987215042114,37,1,31,2,11
1413393932.505986213684082,42,3,33,6,11
1413393932.555985450744629,43,7,35,5,11
1413393932.605986356735229,39,3,33,0,11
1413393932.655987501144409,41,6,31,6,11
1413393932.705986499786377,44,0,33,8,11
1413393932.755987644195557,45,5,35,6,11
1413393932.805988073348999,42,2,32,3,11
1413393932.855989456176758,42,4,31,5,11
1413393932.905990600585938,39,0,34,3,11
1413393932.955992460250854,37,2,34,0,11
1413393933.005994081497192,38,2,32,3,11
1413393933.055994987487793,35,2,32,1,11
1413393933.105995893478394,35,5,30,4,11
1413393933.155996322631836,37,1,29,4,11
1413393933.205996036529541,35,1,31,0,11
1413393933.255997180938721,41,1,31,9,11
1413393933.305998086929321,41,0,40,1,11
1413393933.355999946594238,46,2,40,5,11
1413393933.406000852584839,47,2,43,2,11
1413393933.456003427505493,47,5,45,1,11
1413393933.506004333496094,46,1,45,1,11
1413393933.556005239486694,49,3,44,4,11
1413393933.606004714965820,44,3,41,0,11
1413393933.656001806259155,45,4,36,5,11
1413393933.706000566482544,45,4,37,4,11
1413393933.756000518798828,44,0,39,3,11
1413393933.806000232696533,45,1,37,4,11
1413393933.856000900268555,43,0,39,0,11
1413393933.906000852584839,39,5,38,1,11
1413393933.955999612808228,38,7,36,0,11
1413393934.005997419357300,35,2,33,0,11
1413393934.055993318557739,44,5,30,11,11
1413393934.105993032455444,43,0,40,0,11
1413393934.155993700027466,42,2,38,3,11
1413393934.205994606018066,43,2,39,3,11
1413393934.255995273590088,47,9,40,4,11
1413393934.305995702743530,48,2,44,2,11
1413393934.355996131896973,49,1,46,3,11
1413393934.405997037887573,50,7,48,1,11
1413393934.455996751785278,50,2,48,0,11
1413393934.505995750427246,48,10,47,0,11
1413393934.555994033813477,49,13,46,3,11
1413393934.605994701385498,49,0,48,0,11
1413393934.655994892120361,48,0,47,0,11
1413393934.705995559692383,47,1,46,0,11
1413393934.755995988845825,48,1,45,1,11
1413393934.805996656417847,48,9,45,1,11
1413393934.855996608734131,48,9,44,1,11
1413393934.905996561050415,48,3,43,2,11
1413393934.955995321273804,44,2,40,2,11
1413393935.005993127822876,42,2,35,4,11
1413393935.055991888046265,40,14,30,7,11
1413393935.105991125106812,37,6,33,1,11
1413393935.155990600585938,39,3,33,5,11
1413393935.205991029739380,39,5,36,1,11
1413393935.255991458892822,33,0,31,0,11
1413393935.305991649627686,32,2,29,2,11
1413393935.355991601943970,30,7,29,0,11
1413393935.405988931655884,30,2,23,4,11
1413393935.455983877182007,44,7,23,16,11
1413393935.505982875823975,43,7,34,3,11
1413393935.555981397628784,42,2,35,2,11
1413393935.605980396270752,47,9,35,10,11
1413393935.655978918075562,47,5,41,2,11
1413393935.705978393554688,43,3,41,0,11
1413393935.755977869033813,48,9,40,7,11
1413393935.805977821350098,48,1,47,0,11
1413393935.855976581573486,48,12,46,2,11
1413393935.905977725982666,48,1,48,0,11
1413393935.955978631973267,47,1,44,0,11
1413393936.005979061126709,45,2,41,1,11
1413393936.055979967117310,45,4,41,3,11
1413393936.105979204177856,44,2,39,1,11
1413393936.155978441238403,38,5,35,0,11
1413393936.205979108810425,42,8,29,8,11
1413393936.255975246429443,46,12,35,6,11
1413393936.305973291397095,42,0,36,2,11
1413393936.355971097946167,41,0,34,4,11
1413393936.405968189239502,37,2,35,2,11
1413393936.455965757369995,41,1,32,7,11
1413393936.505963802337646,36,2,35,0,11
1413393936.555962800979614,40,1,33,6,11
1413393936.605962038040161,37,2,34,0,11
1413393936.655961990356445,29,4,25,1,11
1413393936.705961465835571,20,1,18,0,11
1413393936.755959749221802,20,3,14,5,11
1413393936.805958986282349,18,3,18,0,11
1413393936.855957984924316,28,3,16,11,11
1413393936.905958414077759,26,0,24,0,11
1413393936.955960035324097,35,3,21,11,11
1413393937.005960702896118,31,4,28,0,11
1413393937.055961132049561,29,2,26,2,11
1413393937.105961799621582,29,2,27,2,11
1413393937.155962228775024,26,1,26,0,11
1413393937.205962181091309,24,8,24,0,11
1413393937.255964279174805,31,0,24,7,11
1413393937.305965185165405,33,0,28,2,11
1413393937.355966329574585,39,1,29,8,11
1413393937.405966758728027,38,1,36,2,11
1413393937.455966949462891,40,2,38,2,11
1413393937.505967617034912,40,2,39,1,11
1413393937.555968761444092,40,0,40,0,11
1413393937.605971097946167,45,2,40,5,11
1413393937.655973434448242,49,8,44,5,11
1413393937.705974102020264,48,4,47,1,11
1413393937.755974769592285,48,3,45,2,11
1413393937.805976629257202,47,1,44,2,11
1413393937.855978488922119,47,0,46,1,11
1413393937.905976295471191,50,5,47,3,11
1413393937.955975532531738,50,0,50,0,11
1413393938.005975484848022,50,0,50,0,11
1413393938.055975675582886,50,1,50,0,11
1413393938.105976343154907,49,0,49,0,11
1413393938.155976533889771,50,4,49,1,11
1413393938.205976486206055,50,3,50,0,11
1413393938.255975961685181,49,4,49,0,11
1413393938.305974245071411,50,8,49,1,11
1413393938.355974912643433,50,1,49,0,11
1413393938.405976057052612,50,1,47,0,11
1413393938.455977439880371,49,0,47,0,11
1413393938.505977392196655,48,4,44,3,11
1413393938.555978059768677,48,0,46,0,11
1413393938.605979204177856,47,0,45,0,11
1413393938.655980587005615,49,0,41,4,11
1413393938.705981016159058,48,0,45,0,11
1413393938.755981206893921,45,1,43,0,11
1413393938.805981636047363,46,3,42,3,11
1413393938.855983972549438,48,3,44,4,11
1413393938.905986309051514,49,3,47,2,11
1413393938.955987930297852,49,9,47,1,11
1413393939.005987644195557,47,1,46,0,11
1413393939.055987834930420,46,1,45,1,11
1413393939.105992078781128,48,1,42,3,11
1413393939.155994653701782,49,0,44,1,11
1413393939.205991744995117,44,3,42,0,11
1413393939.255989789962769,42,1,40,0,11
1413393939.305986881256104,42,0,39,1,11
1413393939.355985641479492,49,16,38,8,11
1413393939.405985832214355,47,5,44,1,11
1413393939.455987691879272,46,5,42,1,11
1413393939.505987167358398,43,0,39,1,11
1413393939.555983781814575,42,8,32,7,11
1413393939.605982065200806,40,2,36,0,11
1413393939.655978918075562,31,1,28,1,11
1413393939.705975055694580,32,2,28,2,11
1413393939.755971908569336,31,3,29,0,11
1413393939.805968999862671,32,1,29,2,11
1413393939.855965852737427,39,9,27,8,11
1413393939.905963897705078,36,8,31,0,11
1413393939.955964803695679,34,14,25,6,11
1413393940.005963087081909,33,10,26,1,11
1413393940.055961608886719,31,1,21,2,11
1413393940.105960130691528,31,1,23,4,11
1413393940.155960083007812,33,3,23,5,11
1413393940.205956697463989,27,1,21,0,11
1413393940.255951166152954,25,2,19,1,11
1413393940.305942058563232,21,0,16,1,11
1413393940.355931282043457,20,0,15,1,11
1413393940.405922412872314,18,1,11,0,11
1413393940.455878257751465,26,1,4,10,11
1413393940.505866289138794,23,4,11,2,11
1413393940.555846452713013,22,5,13,6,11
1413393940.605844259262085,23,3,17,1,11
1413393940.655842542648315,19,2,15,4,11
1413393940.705840587615967,15,0,13,1,11
1413393940.755837202072144,18,1,13,4,11
1413393940.805837631225586,20,1,17,3,11
1413393940.855835676193237,19,0,19,0,11
1413393940.905833482742310,20,1,18,1,11
1413393940.955831289291382,20,12,19,0,11
1413393941.005819559097290,29,8,18,11,11
1413393941.055814743041992,28,16,23,1,11
1413393941.105812072753906,28,9,23,2,11
1413393941.155811309814453,34,0,25,9,11
1413393941.205814838409424,33,7,29,1,11
1413393941.255822420120239,34,4,28,1,11
1413393941.305830955505371,35,3,30,4,11
1413393941.355842113494873,37,3,34,3,11
1413393941.405855655670166,39,3,35,2,11
1413393941.455867052078247,41,6,37,2,11
1413393941.505874633789062,44,3,38,4,11
1413393941.555877447128296,48,5,39,6,11
1413393941.605879068374634,48,13,42,2,11
1413393941.655875921249390,46,2,40,2,11
1413393941.705871820449829,48,0,42,3,11
1413393941.755867481231689,42,3,35,2,11
1413393941.805863857269287,42,3,34,1,11
1413393941.855859279632568,38,1,32,4,11
1413393941.905848979949951,41,3,35,4,11
1413393941.955839872360229,44,7,37,4,11
1413393942.005832910537720,43,17,33,3,11
1413393942.055827856063843,39,13,29,3,11
1413393942.105826616287231,32,3,26,0,11
1413393942.155826091766357,27,3,24,0,11
1413393942.205825090408325,34,4,22,9,11
1413393942.255819559097290,33,1,28,1,11
1413393942.305816173553467,32,0,27,2,11
1413393942.355813026428223,30,3,29,1,11
1413393942.405810356140137,30,2,29,0,11
1413393942.455807447433472,29,2,28,0,11
1413393942.505805253982544,28,4,28,0,11
1413393942.555800676345825,33,3,28,5,11
1413393942.605799674987793,39,0,31,7,11
1413393942.655798435211182,48,2,37,10,11
1413393942.705796718597412,49,4,46,2,11
1413393942.755793333053589,47,4,46,0,11
1413393942.805787801742554,46,2,43,3,11
1413393942.855782508850098,50,2,45,4,11
1413393942.905778884887695,50,3,48,0,11
1413393942.955774068832397,48,1,45,0,11
1413393943.005771636962891,45,1,44,0,11
1413393943.055769920349121,43,1,41,1,11
1413393943.105771541595459,45,11,42,2,11
1413393943.155768632888794,48,17,43,5,11
1413393943.205768108367920,49,5,47,1,11
1413393943.255765199661255,48,4,43,1,11
1413393943.305763244628906,48,1,42,3,11
1413393943.355760335922241,46,5,45,1,11
1413393943.405758380889893,47,2,45,1,11
1413393943.455758333206177,47,2,45,0,11
1413393943.505760431289673,46,2,45,0,11
1413393943.555760860443115,47,1,45,1,11
1413393943.605762004852295,48,1,46,2,11
1413393943.655762910842896,48,0,48,0,11
1413393943.705764055252075,49,2,48,1,11
1413393943.755766630172729,50,14,49,1,11
1413393943.805764913558960,50,4,50,0,11
1413393943.855763196945190,50,6,50,0,11
1413393943.905761718750000,50,3,48,0,11
1413393943.955758333206177,48,2,45,0,11
1413393944.005756378173828,48,2,45,2,11
1413393944.055754423141479,47,2,47,0,11
1413393944.105753421783447,47,3,46,1,11
1413393944.155755043029785,47,0,46,1,11
1413393944.205755949020386,50,4,46,3,11
1413393944.255756378173828,50,7,45,0,11
1413393944.305757284164429,49,0,44,1,11
1413393944.355758666992188,49,11,44,3,11
1413393944.405760526657104,44,1,41,0,11
1413393944.455762147903442,38,2,37,0,11
1413393944.505763053894043,38,0,33,3,11
1413393944.555764675140381,39,2,35,1,11
1413393944.605765342712402,39,0,34,1,11
1413393944.655765771865845,39,0,32,4,11
1413393944.705766677856445,38,0,36,1,11
1413393944.755768299102783,42,1,37,5,11
1413393944.805768489837646,47,3,40,6,11
1413393944.855767250061035,46,0,44,1,11
1413393944.905765056610107,43,1,42,0,11
1413393944.955762863159180,48,0,41,5,11
1413393945.005760192871094,47,1,46,1,11
1413393945.055756807327271,49,1,46,3,11
1413393945.105755567550659,48,6,44,0,11
1413393945.155754327774048,48,6,43,2,11
1413393945.205754041671753,45,1,40,3,11
1413393945.255751848220825,47,6,40,4,11
1413393945.305750846862793,47,2,42,4,11
1413393945.355751037597656,43,4,43,0,11
1413393945.405750036239624,39,2,39,0,11
1413393945.455749511718750,43,1,37,6,11
1413393945.505748033523560,40,0,40,0,11
1413393945.555746555328369,40,0,38,1,11
1413393945.605745315551758,37,4,37,0,11
1413393945.655744075775146,37,1,36,0,11
1413393945.705742597579956,38,1,34,3,11
1413393945.755742788314819,38,3,33,2,11
1413393945.805742979049683,38,0,33,3,11
1413393945.855744838714600,38,2,35,1,11
1413393945.905748367309570,37,0,35,1,11
1413393945.955754518508911,39,0,33,4,11
1413393946.005761384963989,38,1,33,1,11
1413393946.055767536163330,39,1,34,3,11
1413393946.105772733688354,40,0,35,3,11
1413393946.155775785446167,40,1,36,0,11
1413393946.205777645111084,34,3,32,1,11
1413393946.255778789520264,37,0,30,5,11
1413393946.305778026580811,37,0,33,2,11
1413393946.355777740478516,35,0,33,0,11
1413393946.405777215957642,33,0,30,0,11
1413393946.455775976181030,33,2,29,2,11
1413393946.505775451660156,32,0,26,0,11
1413393946.555775403976440,31,0,26,0,11
1413393946.605775117874146,28,0,22,3,11
1413393946.655775785446167,28,1,24,1,11
1413393946.705775499343872,27,1,22,2,11
1413393946.755774497985840,30,1,24,4,11
1413393946.805772066116333,32,0,25,3,11
1413393946.855768203735352,33,1,28,2,11
1413393946.905763864517212,32,1,25,1,11
1413393946.955759763717651,29,8,26,2,11
1413393947.005757093429565,27,1,25,1,11
1413393947.055754899978638,30,0,26,3,11
1413393947.105753898620605,36,3,27,9,11
1413393947.155755281448364,35,3,34,0,11
1413393947.205758094787598,34,0,33,1,11
1413393947.255760192871094,36,0,31,4,11
1413393947.305762290954590,33,3,32,0,11
1413393947.355763435363770,31,1,30,0,11
1413393947.405763626098633,30,1,29,0,11
1413393947.455763578414917,27,0,26,0,11
1413393947.505763769149780,28,2,26,1,11
1413393947.555763721466064,28,2,24,2,11
1413393947.605763912200928,28,2,21,0,11
1413393947.655763864517212,30,3,19,4,11
1413393947.705763101577759,28,1,19,3,11
1413393947.755763053894043,28,8,21,1,11
1413393947.805763006210327,20,4,17,2,11
1413393947.855762958526611,16,7,12,1,11
1413393947.905762910842896,14,3,10,1,11
1413393947.955763101577759,14,2,8,3,11
1413393948.005763292312622,10,5,10,0,11
1413393948.055763959884644,9,3,8,1,11
1413393948.105764865875244,12,4,8,3,11
1413393948.155764818191528,17,3,11,5,11
1413393948.205765247344971,23,5,16,7,11
1413393948.255765199661255,34,2,23,11,11
1413393948.305764913558960,34,9,34,0,11
1413393948.355762958526611,41,2,32,9,11
1413393948.405762195587158,38,3,36,2,11
1413393948.455761909484863,41,0,38,3,11
1413393948.505761384963989,46,3,38,7,11
1413393948.555760622024536,46,3,43,0,11
1413393948.605757713317871,50,8,43,5,11
1413393948.655756711959839,50,3,48,2,11
1413393948.705756425857544,50,4,49,0,11
1413393948.755756139755249,50,6,48,0,11
1413393948.805754423141479,49,13,46,0,11
1413393948.855754375457764,48,1,44,1,11
1413393948.905752182006836,45,1,43,0,11
1413393948.955747127532959,45,2,39,2,11
1413393949.005742788314819,47,0,41,3,11
1413393949.055741071701050,47,2,44,3,11
1413393949.105739831924438,49,1,47,2,11
1413393949.155738830566406,48,3,47,0,11
1413393949.205735206604004,49,13,46,1,11
1413393949.255734443664551,47,4,47,0,11
1413393949.305733203887939,46,3,46,0,11
1413393949.355732202529907,46,7,44,2,11
1413393949.405731678009033,48,4,44,3,11
1413393949.455731868743896,48,1,47,0,11
1413393949.505732774734497,45,0,42,0,11
1413393949.555733919143677,44,1,43,0,11
1413393949.605735301971436,44,0,41,3,11
1413393949.655737638473511,49,2,43,6,11
1413393949.705737829208374,49,1,46,0,11
1413393949.755738019943237,49,2,45,0,11
1413393949.805737733840942,48,6,45,2,11
1413393949.855738401412964,48,11,44,2,11
1413393949.905738353729248,48,0,45,1,11
1413393949.955739259719849,49,7,43,4,11
1413393950.005738258361816,50,4,42,1,11
1413393950.055737018585205,48,2,42,1,11
1413393950.105734348297119,43,5,36,3,11
1413393950.155732393264771,41,0,35,1,11
1413393950.205730915069580,40,3,35,3,11
1413393950.255729675292969,39,4,37,1,11
1413393950.305729866027832,39,1,36,1,11
1413393950.355730295181274,37,1,33,0,11
1413393950.405731439590454,43,11,32,9,11
1413393950.455730676651001,45,1,37,5,11
1413393950.505729436874390,42,2,37,0,11
1413393950.555728197097778,41,2,36,3,11
1413393950.605726957321167,44,3,38,5,11
1413393950.655725717544556,43,2,39,0,11
1413393950.705725669860840,42,3,36,2,11
1413393950.755727529525757,46,10,32,10,11
1413393950.805728673934937,45,2,40,1,11
1413393950.855729818344116,44,1,40,3,11
1413393950.905730485916138,41,5,40,0,11
1413393950.955730915069580,37,2,34,0,11
1413393951.005731821060181,35,5,29,6,11
1413393951.055732250213623,46,3,32,13,11
1413393951.105732679367065,46,0,44,1,11
1413393951.155732393264771,46,3,43,1,11
1413393951.205732107162476,43,0,41,0,11
1413393951.255731582641602,41,2,38,0,11
1413393951.305731058120728,48,1,38,9,11
1413393951.355730772018433,48,9,46,2,11
1413393951.405730724334717,48,5,47,1,11
1413393951.455730676651001,47,0,47,0,11
1413393951.505730628967285,50,10,46,3,11
1413393951.555730342864990,49,4,47,0,11
1413393951.605731487274170,49,7,45,2,11
1413393951.655732870101929,48,9,46,1,11
1413393951.705733776092529,47,1,42,1,11
1413393951.755734920501709,45,0,40,0,11
1413393951.805735826492310,44,0,39,3,11
1413393951.855736494064331,42,2,36,0,11
1413393951.905736684799194,39,0,34,1,11
1413393951.955736875534058,46,2,33,9,11
1413393952.005736351013184,45,2,42,1,11
1413393952.055735826492310,48,1,41,4,11
1413393952.105736255645752,49,7,46,2,11
1413393952.155736684799194,49,0,48,0,11
1413393952.205736637115479,50,3,45,2,11
1413393952.255736589431763,47,8,43,0,11
1413393952.305736303329468,43,1,41,1,11
1413393952.355736494064331,43,2,42,1,11
1413393952.405736684799194,43,0,39,3,11
1413393952.455736398696899,45,2,42,3,11
1413393952.505736589431763,44,4,42,1,11
1413393952.555736303329468,44,3,42,1,11
1413393952.605736970901489,43,1,40,2,11
1413393952.655737161636353,42,2,37,1,11
1413393952.705737352371216,46,3,35,5,11
1413393952.755737304687500,41,2,40,0,11
1413393952.805737733840942,47,4,38,8,11
1413393952.855738401412964,48,3,42,2,11
1413393952.905738592147827,48,3,41,2,11
1413393952.955738544464111,46,6,41,2,11
1413393953.005738496780396,45,2,43,2,11
1413393953.055738210678101,43,2,43,0,11
1413393953.105737686157227,44,1,43,1,11
1413393953.155737161636353,43,1,42,0,11
1413393953.205736637115479,43,2,41,0,11
1413393953.255736589431763,42,0,41,1,11
1413393953.305736303329468,43,5,42,1,11
1413393953.355735778808594,43,1,42,1,11
1413393953.405735015869141,48,4,42,5,11
1413393953.455734491348267,47,4,45,1,11
1413393953.505733728408813,50,1,46,4,11
1413393953.555732488632202,47,3,47,0,11
1413393953.605732679367065,47,1,46,1,11
1413393953.655733108520508,46,4,43,3,11
1413393953.705733537673950,46,1,45,0,11
1413393953.755733966827393,48,6,44,3,11
1413393953.805734395980835,46,0,46,0,11
1413393953.855734825134277,47,0,46,1,11
1413393953.905735254287720,49,2,47,2,11
1413393953.955734729766846,49,0,49,0,11
1413393954.005734443664551,50,2,48,1,11
1413393954.055734395980835,49,2,48,0,11
1413393954.105735063552856,49,3,47,1,11
1413393954.155735254287720,49,2,47,1,11
1413393954.205736160278320,49,4,48,1,11
1413393954.255736351013184,50,3,48,1,11
1413393954.305735826492310,50,4,47,0,11
1413393954.355735063552856,49,4,47,0,11
1413393954.405733346939087,47,0,44,1,11
1413393954.455732345581055,45,1,43,0,11
1413393954.505731582641602,46,1,42,4,11
1413393954.555730819702148,43,4,41,1,11
1413393954.605730772018433,43,0,42,0,11
1413393954.655730485916138,43,1,41,0,11
1413393954.705730676651001,47,0,41,6,11
1413393954.755730628967285,48,6,40,3,11
1413393954.805731058120728,46,4,39,1,11
1413393954.855731487274170,41,2,38,2,11
1413393954.905731678009033,43,3,38,3,11
1413393954.955731868743896,47,4,40,5,11
1413393955.005731821060181,45,4,43,1,11
1413393955.055731773376465,37,4,36,1,11
1413393955.105731964111328,40,2,33,4,11
1413393955.155731916427612,42,1,35,2,11
1413393955.205730676651001,40,4,35,2,11
1413393955.255729436874390,39,1,35,1,11
1413393955.305728435516357,46,3,35,9,11
1413393955.355727910995483,41,5,38,1,11
1413393955.405727386474609,42,5,33,7,11
1413393955.455726861953735,36,2,33,2,11
1413393955.505726814270020,32,2,31,0,11
1413393955.555726289749146,27,10,23,0,11
1413393955.605726003646851,28,3,22,2,11
1413393955.655725955963135,26,1,23,2,11
1413393955.705725908279419,26,0,25,1,11
1413393955.755725860595703,25,5,23,0,11
1413393955.805726051330566,27,4,22,2,11
1413393955.855726003646851,26,1,23,2,11
1413393955.905725002288818,28,5,24,2,11
1413393955.955724716186523,28,2,26,1,11
1413393956.005723714828491,29,0,26,3,11
1413393956.055721998214722,39,3,28,10,11
1413393956.105722188949585,40,2,35,4,11
1413393956.155723571777344,41,4,34,3,11
1413393956.205724477767944,42,0,33,1,11
1413393956.255725622177124,37,5,34,0,11
1413393956.305726289749146,39,2,31,6,11
1413393956.355727434158325,38,3,35,0,11
1413393956.405728101730347,39,1,32,5,11
1413393956.455728054046631,39,4,34,3,11
1413393956.505727767944336,34,2,34,0,11
1413393956.555727005004883,34,4,34,0,11
1413393956.605726718902588,34,2,34,0,11
1413393956.655725955963135,34,1,34,0,11
1413393956.705725908279419,32,1,32,0,11
1413393956.755726099014282,40,1,31,8,11
1413393956.805726051330566,40,0,39,0,11
1413393956.855726242065430,41,2,39,2,11
1413393956.905725717544556,38,4,34,2,11
1413393956.955724954605103,40,1,32,5,11
1413393957.005725145339966,45,2,36,8,11
1413393957.055725097656250,43,0,42,0,11
1413393957.105725765228271,45,6,40,3,11
1413393957.155725955963135,44,1,41,1,11
1413393957.205725669860840,43,1,37,5,11
1413393957.255725145339966,42,3,40,1,11
1413393957.305724859237671,42,3,39,0,11
1413393957.355725049972534,40,0,37,1,11
1413393957.405725002288818,39,0,32,1,11
1413393957.455724477767944,41,0,29,6,11
1413393957.505723953247070,44,3,34,8,11
1413393957.555724143981934,42,1,37,2,11
1413393957.605724573135376,43,1,37,2,11
1413393957.655724287033081,39,0,37,0,11
1413393957.705724477767944,46,4,38,8,11
1413393957.755724906921387,44,3,42,0,11
1413393957.805725097656250,39,5,36,0,11
1413393957.855726480484009,39,1,32,4,11
1413393957.905727148056030,39,1,30,5,11
1413393957.955727815628052,38,0,30,3,11
1413393958.005728483200073,41,0,28,8,11
1413393958.055728197097778,38,0,34,1,11
1413393958.105728149414062,39,0,32,4,11
1413393958.155727624893188,48,2,34,9,11
1413393958.205726385116577,46,2,42,1,11
1413393958.255724906921387,44,2,41,0,11
1413393958.305724143981934,45,0,37,4,11
1413393958.355723619461060,45,1,38,1,11
1413393958.405721426010132,47,0,37,5,11
1413393958.455720901489258,46,3,40,2,11
1413393958.505720615386963,46,1,41,2,11
1413393958.555720090866089,48,0,43,3,11
1413393958.605720043182373,47,2,45,2,11
1413393958.655719757080078,47,2,46,1,11
1413393958.705719709396362,50,5,47,3,11
1413393958.755720853805542,50,4,50,0,11
1413393958.805722236633301,49,0,49,0,11
1413393958.855723619461060,49,1,47,1,11
1413393958.905724525451660,48,6,44,1,11
1413393958.955724000930786,47,1,44,0,11
1413393959.005723237991333,43,2,39,1,11
1413393959.055722475051880,44,1,35,3,11
1413393959.105721950531006,41,1,33,3,11
1413393959.155722141265869,36,0,30,0,11
1413393959.205721378326416,42,2,27,9,11
1413393959.255719900131226,42,5,34,6,11
1413393959.305718183517456,46,2,36,6,11
1413393959.355717420578003,47,2,42,3,11
1413393959.405716419219971,42,1,41,1,11
1413393959.455716371536255,41,0,40,0,11
1413393959.505716085433960,41,1,39,0,11
1413393959.555716276168823,41,1,38,2,11
1413393959.605716228485107,41,0,39,2,11
1413393959.655715465545654,41,4,40,1,11
1413393959.705714702606201,40,2,38,2,11
1413393959.755714893341064,40,0,39,0,11
1413393959.805716514587402,41,1,38,2,11
1413393959.855717658996582,42,1,40,2,11
1413393959.905719041824341,42,3,41,0,11
1413393959.955719470977783,44,0,38,4,11
1413393960.005719423294067,41,1,38,0,11
1413393960.055719375610352,44,0,37,4,11
1413393960.105719089508057,43,0,40,1,11
1413393960.155718326568604,41,1,40,0,11
1413393960.205717802047729,40,0,37,2,11
1413393960.255717039108276,40,0,39,0,11
1413393960.305716276168823,44,1,39,5,11
1413393960.355715990066528,47,2,44,3,11
1413393960.405714988708496,50,0,47,3,11
1413393960.455715179443359,50,2,50,0,11
1413393960.505715370178223,50,4,50,0,11
1413393960.555715799331665,50,6,50,0,11
1413393960.605716705322266,49,0,49,0,11
1413393960.655718564987183,49,0,48,0,11
1413393960.705721616744995,49,9,46,1,11
1413393960.755722761154175,49,1,46,1,11
1413393960.805723905563354,49,2,43,1,11
1413393960.855725049972534,46,1,39,0,11
1413393960.905725479125977,45,5,34,4,11
1413393960.955725669860840,45,2,39,4,11
1413393961.005726099014282,37,2,35,2,11
1413393961.055727958679199,40,1,36,3,11
1413393961.105732440948486,43,1,36,4,11
1413393961.155737876892090,48,4,36,7,11
1413393961.205741882324219,49,4,23,3,11
1413393961.255746364593506,47,4,18,2,11
1413393961.305751800537109,42,6,15,15,11
1413393961.355753183364868,38,1,24,4,11
1413393961.405752658843994,35,1,20,5,11
1413393961.455750226974487,33,0,21,2,11
1413393961.505744934082031,29,0,21,3,11
1413393961.555739402770996,27,1,23,2,11
1413393961.605736970901489,27,0,16,1,11
1413393961.655735492706299,27,2,11,1,11
1413393961.705735921859741,26,6,10,8,11
1413393961.755736827850342,26,2,18,6,11
1413393961.805736303329468,26,1,23,2,11
1413393961.855736970901489,26,1,25,0,11
1413393961.905735969543457,34,0,24,9,11
1413393961.955735921859741,37,0,31,3,11
1413393962.005735635757446,40,1,34,4,11
1413393962.055736064910889,45,2,37,7,11
1413393962.105736732482910,49,0,39,4,11
1413393962.155736684799194,45,7,40,1,11
1413393962.205736637115479,45,3,40,3,11
1413393962.255736589431763,42,8,38,1,11
1413393962.305736064910889,39,5,33,2,11
1413393962.355737209320068,34,3,28,1,11
1413393962.405738592147827,38,5,25,10,11
1413393962.455739736557007,35,3,29,1,11
1413393962.505739927291870,34,3,28,3,11
1413393962.555739879608154,31,3,30,1,11
1413393962.605739116668701,28,3,27,0,11
1413393962.655737638473511,40,4,25,14,11
1413393962.705736160278320,39,7,37,1,11
1413393962.755735397338867,38,17,34,2,11
1413393962.805735349655151,27,5,25,0,11
1413393962.855736017227173,27,1,19,5,11
1413393962.905735969543457,24,6,18,3,11
1413393962.955735445022583,21,1,14,7,11
1413393963.005735158920288,20,4,20,0,11
1413393963.055734634399414,15,5,13,1,11
1413393963.105734586715698,12,8,11,1,11
1413393963.155734777450562,12,2,11,1,11
1413393963.205735206604004,13,5,10,3,11
1413393963.255735397338867,11,7,10,0,11
1413393963.305735588073730,19,2,10,8,11
1413393963.355736732482910,23,7,14,7,11
1413393963.405737161636353,25,4,21,2,11
1413393963.455737352371216,23,5,19,2,11
1413393963.505737543106079,29,3,19,6,11
1413393963.555736064910889,34,1,22,7,11
1413393963.605736017227173,36,3,24,4,11
1413393963.655735492706299,35,2,25,4,11
1413393963.705734968185425,33,3,28,3,11
1413393963.755734443664551,38,3,26,6,11
1413393963.805734157562256,44,3,31,7,11
1413393963.855734348297119,41,9,39,2,11
1413393963.905735015869141,42,6,33,4,11
1413393963.955735445022583,40,6,31,2,11
1413393964.005735635757446,35,2,25,5,11
1413393964.055735588073730,34,6,30,2,11
1413393964.105735301971436,34,3,29,3,11
1413393964.155734539031982,34,3,31,2,11
1413393964.205733299255371,33,3,32,1,11
1413393964.255732536315918,32,5,31,1,11
1413393964.305732250213623,32,10,29,2,11
1413393964.355732202529907,27,8,23,3,11
1413393964.405731916427612,25,1,22,1,11
1413393964.455731630325317,28,4,21,4,11
1413393964.505731344223022,32,2,23,7,11
1413393964.555731296539307,33,3,28,3,11
1413393964.605731487274170,31,5,29,0,11
1413393964.655731439590454,31,7,26,3,11
1413393964.705731153488159,34,2,25,6,11
1413393964.755731344223022,37,4,28,8,11
1413393964.805731534957886,35,4,33,0,11
1413393964.855732679367065,43,2,31,9,11
1413393964.905733585357666,43,5,36,3,11
1413393964.955734729766846,45,10,37,4,11
1413393965.005735158920288,35,2,34,1,11
1413393965.055735111236572,34,2,30,1,11
1413393965.105735540390015,39,4,27,6,11
1413393965.155735492706299,42,7,32,8,11
1413393965.205735206604004,33,2,31,0,11
1413393965.255735158920288,33,4,30,1,11
1413393965.305735111236572,40,0,30,9,11
1413393965.355735301971436,46,7,35,10,11
1413393965.405735492706299,44,3,43,0,11
1413393965.455734729766846,41,3,39,1,11
1413393965.505734682083130,34,7,30,0,11
1413393965.555737257003784,46,8,28,16,11
1413393965.605736970901489,45,7,36,1,11
1413393965.655737161636353,41,4,31,0,11
1413393965.705737590789795,38,5,29,1,11
1413393965.755739688873291,36,14,27,8,11
1413393965.805740356445312,36,3,34,1,11
1413393965.855739593505859,34,8,34,0,11
1413393965.905739068984985,34,4,33,0,11
1413393965.955738067626953,40,1,32,7,11
1413393966.005738019943237,38,2,35,0,11
1413393966.055737972259521,36,1,34,1,11
1413393966.105738162994385,35,0,30,0,11
1413393966.155738353729248,45,0,30,11,11
1413393966.205738067626953,41,1,39,1,11
1413393966.255738496780396,48,3,39,7,11
1413393966.305738687515259,49,2,44,2,11
1413393966.355738639831543,47,7,42,1,11
1413393966.405737400054932,48,9,38,3,11
1413393966.455735921859741,45,10,39,2,11
1413393966.505734920501709,41,10,38,2,11
1413393966.555734157562256,43,2,38,3,11
1413393966.605734348297119,41,5,37,1,11
1413393966.655734539031982,39,0,37,1,11
1413393966.705734729766846,36,7,34,0,11
1413393966.755734682083130,35,1,30,1,11
1413393966.805734395980835,34,0,30,0,11
1413393966.855734586715698,31,4,27,1,11
1413393966.905734300613403,31,3,28,1,11
1413393966.955733776092529,30,2,27,2,11
1413393967.005733728408813,39,3,30,9,11
1413393967.055733442306519,42,0,36,4,11
1413393967.105732917785645,40,4,38,1,11
1413393967.155732154846191,45,1,36,8,11
1413393967.205731868743896,43,3,40,1,11
1413393967.255732059478760,42,0,38,1,11
1413393967.305732488632202,41,3,37,1,11
1413393967.355732917785645,44,1,36,7,11
1413393967.405733346939087,40,0,40,0,11
1413393967.455733537673950,39,6,37,2,11
1413393967.505733489990234,41,1,38,3,11
1413393967.555733203887939,42,3,39,2,11
1413393967.605733156204224,46,4,41,5,11
1413393967.655732870101929,48,5,42,3,11
1413393967.705732583999634,48,2,43,0,11
1413393967.755732297897339,47,7,39,3,11
1413393967.805731773376465,48,2,44,3,11
1413393967.855730533599854,49,0,44,2,11
1413393967.905728578567505,48,4,43,1,11
1413393967.955726861953735,43,3,32,3,11
1413393968.005726099014282,45,0,35,3,11
1413393968.055726289749146,39,0,33,4,11
1413393968.105727195739746,40,1,35,3,11
1413393968.155727863311768,41,2,38,2,11
1413393968.205728054046631,42,1,39,3,11
1413393968.255728006362915,46,2,42,4,11
1413393968.305727958679199,46,0,46,0,11
1413393968.355727910995483,50,5,46,4,11
1413393968.405727863311768,50,2,50,0,11
1413393968.455728054046631,50,3,48,0,11
1413393968.505727052688599,50,9,49,0,11
1413393968.555727005004883,49,4,49,0,11
1413393968.605728149414062,50,17,48,1,11
1413393968.655728578567505,49,3,49,0,11
1413393968.705729246139526,48,0,48,0,11
1413393968.755729436874390,48,0,46,1,11
1413393968.805728912353516,49,2,47,1,11
1413393968.855728149414062,49,16,47,1,11
1413393968.905727624893188,47,2,46,0,11
1413393968.955727338790894,47,6,44,3,11
1413393969.005727291107178,49,3,46,2,11
1413393969.055727005004883,49,3,44,1,11
1413393969.105727434158325,49,11,44,2,11
1413393969.155726909637451,48,5,44,0,11
1413393969.205726146697998,47,8,41,2,11
1413393969.255725383758545,49,2,42,4,11
1413393969.305724859237671,48,0,45,1,11
1413393969.355724811553955,47,1,43,1,11
1413393969.405725002288818,46,3,44,0,11
1413393969.455725193023682,49,4,43,5,11
1413393969.505725145339966,49,6,44,1,11
1413393969.555725097656250,48,2,45,0,11
1413393969.605725288391113,44,0,42,0,11
1413393969.655725240707397,46,2,40,3,11
1413393969.705725193023682,47,4,42,4,11
1413393969.755724906921387,49,2,46,3,11
1413393969.805725097656250,50,12,48,1,11
1413393969.855724573135376,50,3,48,0,11
1413393969.905724287033081,49,1,48,0,11
1413393969.955724716186523,48,0,47,0,11
1413393970.005724668502808,50,2,47,2,11
1413393970.055725336074829,49,17,48,0,11
1413393970.105726480484009,49,3,47,1,11
1413393970.155727148056030,48,2,47,0,11
1413393970.205727338790894,49,1,46,1,11
1413393970.255727291107178,47,11,46,0,11
1413393970.305727243423462,47,2,45,2,11
1413393970.355727195739746,47,0,46,0,11
1413393970.405727148056030,49,8,43,2,11
1413393970.455727100372314,49,0,43,1,11
1413393970.505726814270020,46,1,42,0,11
1413393970.555726528167725,44,1,38,0,11
1413393970.605726957321167,42,1,34,0,11
1413393970.655727624893188,47,11,33,9,11
1413393970.705727815628052,47,6,42,4,11
1413393970.755727767944336,50,18,46,4,11
1413393970.805727243423462,49,3,49,0,11
1413393970.855726003646851,49,6,49,0,11
1413393970.905725002288818,49,0,46,1,11
1413393970.955724716186523,49,1,42,0,11
1413393971.005725860595703,50,6,41,3,11
1413393971.055727958679199,48,1,40,3,11
1413393971.105730295181274,48,0,43,1,11
1413393971.155734777450562,46,2,42,2,11
1413393971.205737829208374,48,3,44,2,11
1413393971.255739927291870,47,9,44,2,11
1413393971.305740594863892,41,6,40,0,11
1413393971.355741024017334,48,9,37,8,11
1413393971.405740737915039,44,1,41,0,11
1413393971.455740690231323,43,1,40,1,11
1413393971.505740404129028,39,0,38,0,11
1413393971.555740833282471,36,3,36,0,11
1413393971.605741739273071,40,4,34,5,11
1413393971.655741691589355,40,5,37,0,11
1413393971.705741405487061,39,2,33,3,11
1413393971.755740880966187,36,3,31,1,11
1413393971.805739879608154,44,2,29,10,11
1413393971.855739593505859,43,7,38,3,11
1413393971.905739068984985,42,1,41,1,11
1413393971.955738306045532,47,1,42,5,11
1413393972.005737781524658,47,0,47,0,11
1413393972.055737733840942,47,3,46,1,11
1413393972.105737447738647,48,1,46,1,11
1413393972.155738592147827,47,5,44,1,11
1413393972.205739259719849,50,3,45,4,11
1413393972.255738973617554,48,3,47,0,11
1413393972.305737257003784,50,19,46,2,11
1413393972.355736494064331,49,1,47,1,11
1413393972.405735731124878,50,2,47,2,11
1413393972.455735683441162,50,13,47,0,11
1413393972.505736112594604,50,2,45,1,11
1413393972.555736780166626,47,0,44,1,11
1413393972.605737209320068,46,0,44,2,11
1413393972.655737400054932,49,1,45,3,11
1413393972.705737829208374,50,2,48,1,11
1413393972.755738258361816,48,5,47,0,11
1413393972.805738925933838,49,0,45,2,11
1413393972.855741500854492,49,10,47,1,11
1413393972.905742645263672,48,14,47,0,11
1413393972.955742359161377,48,1,45,0,11
1413393973.005742549896240,48,0,45,1,11
1413393973.055742979049683,50,4,45,4,11
1413393973.105743408203125,50,1,48,0,11
1413393973.155743837356567,49,1,48,0,11
1413393973.205744028091431,49,18,47,1,11
1413393973.255743980407715,48,0,46,0,11
1413393973.305743932723999,48,0,46,1,11
1413393973.355744600296021,48,1,47,1,11
1413393973.405744314193726,48,0,47,0,11
1413393973.455744504928589,49,11,44,2,11
1413393973.505744934082031,48,16,44,2,11
1413393973.555745124816895,44,0,44,0,11
1413393973.605745553970337,43,0,42,0,11
1413393973.655746221542358,46,1,38,4,11
1413393973.705746889114380,44,0,37,2,11
1413393973.755747318267822,41,1,40,1,11
1413393973.805748224258423,44,2,39,3,11
1413393973.855748176574707,38,2,31,0,11
1413393973.905747890472412,34,3,28,0,11
1413393973.955747365951538,31,0,23,2,11
1413393974.005747556686401,26,2,18,0,11
1413393974.055747509002686,33,6,13,16,11
1413393974.105748414993286,40,3,18,15,11
1413393974.155749320983887,33,1,22,0,11
1413393974.205750465393066,25,1,18,1,11
1413393974.255751848220825,18,3,16,1,11
1413393974.305753707885742,16,3,15,0,11
1413393974.355755090713501,15,2,12,0,11
1413393974.405757427215576,17,1,11,3,11
1413393974.455764055252075,26,5,12,12,11
1413393974.505764484405518,23,6,19,0,11
1413393974.555764436721802,22,4,15,1,11
1413393974.605766057968140,25,5,16,6,11
1413393974.655766963958740,33,4,19,12,11
1413393974.705767154693604,32,10,25,1,11
1413393974.755768060684204,29,8,24,1,11
1413393974.805768489837646,27,7,22,3,11
1413393974.855769157409668,26,3,20,2,11
1413393974.905768632888794,19,4,16,0,11
1413393974.955768585205078,15,2,14,0,11
1413393975.005767822265625,14,2,11,1,11
1413393975.055768251419067,17,4,11,5,11
1413393975.105769157409668,17,6,15,1,11
1413393975.155769109725952,20,1,14,5,11
1413393975.205769538879395,21,2,19,2,11
1413393975.255770683288574,29,3,21,8,11
1413393975.305770874023438,32,0,29,3,11
1413393975.355771780014038,42,2,32,10,11
1413393975.405771732330322,42,7,41,0,11
1413393975.455771684646606,45,7,38,5,11
1413393975.505771636962891,44,2,40,0,11
1413393975.555771350860596,47,1,36,4,11
1413393975.605771780014038,44,1,37,1,11
1413393975.655771732330322,42,4,35,3,11
1413393975.705771684646606,40,2,36,3,11
1413393975.755771398544312,39,2,37,0,11
1413393975.805771112442017,40,1,34,3,11
1413393975.855771303176880,38,3,34,1,11
1413393975.905771017074585,38,2,35,1,11
1413393975.955771207809448,42,2,34,6,11
1413393976.005770921707153,41,3,39,0,11
1413393976.055770874023438,46,1,38,6,11
1413393976.105771064758301,44,4,41,0,11
1413393976.155770778656006,42,2,39,1,11
1413393976.205770492553711,45,1,40,4,11
1413393976.255770206451416,46,0,44,2,11
1413393976.305769920349121,48,1,44,2,11
1413393976.355770111083984,48,4,44,1,11
1413393976.405770063400269,43,2,40,2,11
1413393976.455769777297974,42,3,37,3,11
1413393976.505769968032837,41,1,40,0,11
1413393976.555770158767700,42,0,40,2,11
1413393976.605770826339722,45,1,41,3,11
1413393976.655770778656006,43,0,41,1,11
1413393976.705770730972290,50,4,42,7,11
1413393976.755770683288574,50,0,47,1,11
1413393976.805770874023438,48,4,46,0,11
1413393976.855771541595459,46,0,44,0,11
1413393976.905771970748901,47,1,43,2,11
1413393976.955772161483765,44,4,43,0,11
1413393977.005772113800049,46,1,43,2,11
1413393977.055771589279175,46,2,44,2,11
1413393977.105771064758301,46,0,46,0,11
1413393977.155770540237427,46,0,45,0,11
1413393977.205769300460815,45,1,44,0,11
1413393977.255768060684204,44,0,43,0,11
1413393977.305767059326172,48,2,43,4,11
1413393977.355767011642456,47,0,45,1,11
1413393977.405766963958740,48,2,46,1,11
1413393977.455767631530762,47,0,46,0,11
1413393977.505768060684204,49,1,46,2,11
1413393977.555768966674805,48,5,46,1,11
1413393977.605769872665405,48,0,47,0,11
1413393977.655769824981689,49,6,46,2,11
1413393977.705770015716553,48,0,47,0,11
1413393977.755769729614258,46,0,45,1,11
1413393977.805769681930542,48,0,45,2,11
1413393977.855769872665405,48,0,46,1,11
1413393977.905769586563110,48,1,45,2,11
1413393977.955769538879395,50,0,46,2,11
1413393978.005769252777100,49,3,48,1,11
1413393978.055769443511963,50,1,48,1,11
1413393978.105769634246826,50,2,47,0,11
1413393978.155769824981689,50,5,47,1,11
1413393978.205770015716553,50,10,47,2,11
1413393978.255770206451416,50,2,48,0,11
1413393978.305770158767700,48,0,46,0,11
1413393978.355770826339722,48,0,45,2,11
1413393978.405770778656006,47,1,47,0,11
1413393978.455770969390869,46,0,45,0,11
1413393978.505770921707153,46,0,42,0,11
1413393978.555770874023438,44,2,40,1,11
1413393978.605770826339722,40,2,37,3,11
1413393978.655770301818848,42,0,36,4,11
1413393978.705769538879395,41,2,36,1,11
1413393978.755768775939941,40,0,36,2,11
1413393978.805768489837646,43,0,36,7,11
1413393978.855768442153931,43,0,43,0,11
1413393978.905768871307373,40,0,38,0,11
1413393978.955769062042236,38,0,36,0,11
1413393979.005769252777100,44,1,35,9,11
1413393979.055769205093384,41,1,41,0,11
1413393979.105769395828247,43,0,39,3,11
1413393979.155769348144531,40,0,37,0,11
1413393979.205769300460815,39,1,31,4,11
1413393979.255769252777100,37,0,33,0,11
1413393979.305769205093384,39,0,31,4,11
1413393979.355769157409668,39,1,31,2,11
1413393979.405769109725952,36,1,32,1,11
1413393979.455768823623657,37,0,29,5,11
1413393979.505768537521362,35,2,31,0,11
1413393979.555768251419067,33,0,28,1,11
1413393979.605768203735352,31,1,29,0,11
1413393979.655767917633057,29,0,24,3,11
1413393979.705767631530762,39,1,24,11,11
1413393979.755767583847046,37,0,31,1,11
1413393979.805767536163330,37,0,29,3,11
1413393979.855767488479614,32,3,26,4,11
1413393979.905767679214478,29,1,24,1,11
1413393979.955767631530762,37,0,26,9,11
1413393980.005768060684204,37,0,35,2,11
1413393980.055768728256226,45,5,36,8,11
1413393980.105769395828247,48,9,41,4,11
1413393980.155769586563110,46,4,43,1,11
1413393980.205769777297974,45,0,41,1,11
1413393980.255769729614258,48,6,40,5,11
1413393980.305769681930542,44,1,39,2,11
1413393980.355769395828247,40,3,39,0,11
1413393980.405769109725952,38,0,37,0,11
1413393980.455768346786499,44,0,37,7,11
1413393980.505767345428467,41,3,41,0,11
1413393980.555766582489014,41,6,38,2,11
1413393980.605766296386719,40,4,39,0,11
1413393980.655766010284424,40,2,38,0,11
1413393980.705765962600708,47,15,37,9,11
1413393980.755766630172729,42,3,42,0,11
1413393980.805767059326172,40,2,39,0,11
1413393980.855767726898193,49,4,38,10,11
1413393980.905767679214478,48,2,48,0,11
1413393980.955767631530762,48,2,46,0,11
1413393981.005768060684204,47,3,43,0,11
1413393981.055768728256226,44,1,41,0,11
1413393981.105770111083984,42,6,40,0,11
1413393981.155771732330322,48,3,39,9,11
1413393981.205772876739502,48,1,47,0,11
1413393981.255773544311523,47,0,45,0,11
1413393981.305774450302124,48,14,44,3,11
1413393981.355774879455566,48,4,47,1,11
1413393981.405774593353271,48,2,47,0,11
1413393981.455774784088135,49,2,47,1,11
1413393981.505775213241577,49,7,46,2,11
1413393981.555775165557861,47,2,46,0,11
1413393981.605775356292725,48,5,45,3,11
1413393981.655775308609009,46,4,44,1,11
1413393981.705775499343872,45,1,45,0,11
1413393981.755775690078735,48,7,44,4,11
1413393981.805775880813599,46,3,42,0,11
1413393981.855776309967041,45,2,41,0,11
1413393981.905776262283325,48,6,41,6,11
1413393981.955776453018188,48,2,47,1,11
1413393982.005776405334473,48,4,45,0,11
1413393982.055776596069336,49,6,44,2,11
1413393982.105776548385620,48,3,44,3,11
1413393982.155776739120483,47,2,45,0,11
1413393982.205776453018188,48,2,43,3,11
1413393982.255775928497314,46,11,42,2,11
1413393982.305776119232178,44,5,42,1,11
1413393982.355776309967041,44,0,40,0,11
1413393982.405776500701904,41,2,39,0,11
1413393982.455776453018188,42,1,38,2,11
1413393982.505776643753052,42,0,39,1,11
1413393982.555776596069336,41,2,39,0,11
1413393982.605776786804199,42,6,29,7,11
1413393982.655776977539062,37,2,33,2,11
1413393982.705777168273926,32,4,29,2,11
1413393982.755777120590210,31,6,29,0,11
1413393982.805777549743652,30,1,27,1,11
1413393982.855777978897095,34,9,24,7,11
1413393982.905778169631958,36,5,26,6,11
1413393982.955778121948242,40,7,31,7,11
1413393983.005777835845947,39,1,31,2,11
1413393983.055777788162231,36,2,27,1,11
1413393983.105777978897095,37,6,25,7,11
1413393983.155777931213379,34,2,30,2,11
1413393983.205777883529663,37,5,32,4,11
1413393983.255777835845947,33,0,32,0,11
1413393983.305777549743652,35,1,25,6,11
1413393983.355777740478516,31,3,27,1,11
1413393983.405777692794800,26,2,25,0,11
1413393983.455777645111084,32,1,23,7,11
1413393983.505778074264526,31,1,25,5,11
1413393983.555778264999390,25,1,25,0,11
1413393983.605778455734253,27,3,22,4,11
1413393983.655778408050537,35,2,24,10,11
1413393983.705778360366821,35,2,31,1,11
1413393983.755778312683105,32,5,27,1,11
1413393983.805778264999390,34,5,27,6,11
1413393983.855778455734253,30,1,29,0,11
1413393983.905778408050537,29,3,24,5,11
1413393983.955778121948242,24,2,24,0,11
1413393984.005777835845947,28,0,22,4,11
1413393984.055777788162231,32,1,24,6,11
1413393984.105777740478516,32,0,28,4,11
1413393984.155777692794800,29,1,28,1,11
1413393984.205777645111084,30,2,27,3,11
1413393984.255777359008789,30,1,26,3,11
1413393984.305777311325073,37,2,27,8,11
1413393984.355777502059937,37,3,33,4,11
1413393984.405777215957642,38,1,33,3,11
1413393984.455777168273926,35,0,33,0,11
1413393984.505777120590210,29,0,28,0,11
1413393984.555777072906494,40,4,26,12,11
1413393984.605777263641357,32,4,31,0,11
1413393984.655777215957642,28,7,26,0,11
1413393984.705777168273926,24,2,22,0,11
1413393984.755777359008789,26,4,21,4,11
1413393984.805777549743652,23,4,21,1,11
1413393984.855777740478516,23,6,20,3,11
1413393984.905777692794800,23,6,21,2,11
1413393984.955778360366821,24,1,19,4,11
1413393985.005778551101685,25,3,20,4,11
1413393985.055778741836548,28,7,23,3,11
1413393985.105778932571411,27,6,25,0,11
1413393985.155779123306274,25,6,21,1,11
1413393985.205778837203979,25,8,22,1,11
1413393985.255778789520264,24,0,23,1,11
1413393985.305778980255127,25,2,24,1,11
1413393985.355779170989990,26,10,24,1,11
1413393985.405779123306274,30,3,25,4,11
1413393985.455779075622559,30,3,26,3,11
1413393985.505779266357422,30,3,28,1,11
1413393985.555779457092285,32,1,27,3,11
1413393985.605780124664307,29,5,25,2,11
1413393985.655780553817749,31,5,23,4,11
1413393985.705780982971191,30,4,25,1,11
1413393985.755781412124634,28,6,24,1,11
1413393985.805782079696655,29,5,22,3,11
1413393985.855782270431519,29,0,23,2,11
1413393985.905782222747803,30,3,23,4,11
1413393985.955781936645508,27,5,21,2,11
1413393986.005780935287476,35,1,21,9,11
1413393986.055779457092285,36,2,28,4,11
1413393986.105778694152832,35,2,28,1,11
1413393986.155777454376221,35,2,18,4,11
1413393986.205776453018188,30,6,13,2,11
1413393986.255773782730103,31,3,12,10,11
1413393986.305773019790649,26,2,15,3,11
1413393986.355772733688354,24,4,17,2,11
1413393986.405772209167480,24,2,16,4,11
1413393986.455771684646606,26,2,14,3,11
1413393986.505771398544312,26,7,15,3,11
1413393986.555771112442017,26,0,12,5,11
1413393986.605771780014038,24,3,14,3,11
1413393986.655772447586060,23,0,14,5,11
1413393986.705772399902344,21,0,17,1,11
1413393986.755772590637207,20,0,9,1,11
1413393986.805772304534912,24,0,8,6,11
1413393986.855773210525513,25,3,14,10,11
1413393986.905774116516113,26,0,23,2,11
1413393986.955775737762451,29,0,22,7,11
1413393987.005777120590210,33,1,29,4,11
1413393987.055778503417969,33,0,31,1,11
1413393987.105779886245728,36,0,32,3,11
1413393987.155780792236328,38,0,34,4,11
1413393987.205781698226929,44,2,37,7,11
1413393987.255781888961792,46,2,41,3,11
1413393987.305781841278076,49,17,44,3,11
1413393987.355782032012939,47,0,46,0,11
1413393987.405782222747803,48,10,43,3,11
1413393987.455782413482666,48,5,45,1,11
1413393987.505782842636108,47,3,44,2,11
1413393987.555783510208130,47,3,42,3,11
1413393987.605783939361572,46,0,41,0,11
1413393987.655784130096436,44,1,40,1,11
1413393987.705784320831299,42,2,39,1,11
1413393987.755784511566162,43,3,38,1,11
1413393987.805784702301025,42,1,37,2,11
1413393987.855784893035889,43,1,37,3,11
1413393987.905784130096436,45,9,39,4,11
1413393987.955784082412720,40,0,37,0,11
1413393988.005783557891846,48,3,34,9,11
1413393988.055783510208130,46,5,43,2,11
1413393988.105783939361572,45,4,44,1,11
1413393988.155784130096436,46,6,44,2,11
1413393988.205784082412720,45,1,44,0,11
1413393988.255784034729004,50,5,40,5,11
1413393988.305783748626709,47,4,42,0,11
1413393988.355783700942993,43,1,40,1,11
1413393988.405783414840698,43,3,40,3,11
1413393988.455783128738403,42,4,41,1,11
1413393988.505782604217529,47,9,40,6,11
1413393988.555782079696655,46,0,44,1,11
1413393988.605782270431519,44,2,43,1,11
1413393988.655782222747803,44,2,42,2,11
1413393988.705782651901245,44,1,44,0,11
1413393988.755782604217529,47,5,41,4,11
1413393988.805783033370972,49,3,41,2,11
1413393988.855783224105835,44,5,38,2,11
1413393988.905784130096436,43,3,36,5,11
1413393988.955784559249878,44,3,39,1,11
1413393989.005784749984741,41,3,37,3,11
1413393989.055785894393921,39,1,37,1,11
1413393989.105787038803101,43,3,38,4,11
1413393989.155787706375122,41,1,39,1,11
1413393989.205787658691406,41,2,36,3,11
1413393989.255787849426270,42,1,35,3,11
1413393989.305787086486816,35,3,30,2,11
1413393989.355787515640259,31,6,30,0,11
1413393989.405786037445068,39,4,28,10,11
1413393989.455785751342773,34,8,32,0,11
1413393989.505785703659058,36,7,30,4,11
1413393989.555786132812500,32,3,29,2,11
1413393989.605786561965942,36,3,31,5,11
1413393989.655786514282227,35,2,33,0,11
1413393989.705786943435669,32,2,29,1,11
1413393989.755786418914795,36,0,30,6,11
1413393989.805786132812500,35,0,32,0,11
1413393989.855786323547363,33,1,28,0,11
1413393989.905786275863647,33,1,27,3,11
1413393989.955785751342773,39,1,28,9,11
1413393990.005785465240479,38,2,32,4,11
1413393990.055785179138184,41,2,33,6,11
1413393990.105785608291626,45,8,37,6,11
1413393990.155785560607910,44,0,39,1,11
1413393990.205785274505615,48,2,37,5,11
1413393990.255785226821899,45,1,37,2,11
1413393990.305785179138184,40,2,33,3,11
1413393990.355785369873047,32,0,28,0,11
1413393990.405785322189331,30,0,27,1,11
1413393990.455785751342773,29,1,28,0,11
1413393990.505785942077637,27,2,27,0,11
1413393990.555785655975342,28,1,26,1,11
1413393990.605786085128784,31,0,24,4,11
1413393990.655785560607910,32,2,23,3,11
1413393990.705784797668457,33,2,22,4,11
1413393990.755784034729004,29,5,21,4,11
1413393990.805783748626709,25,2,23,1,11
1413393990.855784654617310,25,2,20,3,11
1413393990.905785322189331,29,1,24,4,11
1413393990.955787181854248,31,4,26,3,11
1413393991.005789041519165,28,1,24,1,11
1413393991.055789470672607,29,1,24,2,11
1413393991.105790138244629,39,1,24,14,11
1413393991.155789136886597,35,8,30,0,11
1413393991.205788612365723,32,7,27,1,11
1413393991.255788803100586,27,3,23,0,11
1413393991.305790185928345,24,2,20,0,11
1413393991.355792045593262,25,6,18,3,11
1413393991.405791282653809,20,2,18,0,11
1413393991.455793142318726,18,2,18,0,11
1413393991.505795240402222,18,1,18,0,11
1413393991.555798053741455,18,1,18,0,11
1413393991.605800867080688,18,2,17,0,11
1413393991.655802726745605,18,0,17,0,11
1413393991.705802917480469,20,0,17,3,11
1413393991.755803346633911,23,0,20,3,11
1413393991.805803298950195,24,0,23,1,11
1413393991.855803489685059,27,0,24,3,11
1413393991.905802726745605,25,1,24,0,11
1413393991.955801248550415,25,1,22,0,11
1413393992.005800962448120,22,4,22,0,11
1413393992.055800914764404,27,7,21,5,11
1413393992.105800151824951,35,3,26,9,11
1413393992.155798435211182,34,0,34,0,11
1413393992.205797195434570,38,1,34,4,11
1413393992.255795001983643,40,0,38,2,11
1413393992.305792331695557,41,0,40,1,11
1413393992.355792522430420,40,0,40,0,11
1413393992.405792713165283,40,0,40,0,11
1413393992.455792903900146,41,0,40,1,11
1413393992.505795240402222,46,2,41,5,11
1413393992.555795192718506,47,2,46,1,11
1413393992.605796813964844,48,0,47,1,11
1413393992.655797481536865,48,3,47,0,11
1413393992.705797910690308,48,0,47,0,11
1413393992.755797147750854,46,4,45,0,11
1413393992.805795431137085,48,5,46,2,11
1413393992.855793952941895,47,4,43,0,11
1413393992.905792713165283,47,8,41,3,11
1413393992.955791950225830,44,0,43,1,11
1413393993.005791187286377,44,0,44,0,11
1413393993.055791139602661,43,0,43,0,11
1413393993.105791568756104,44,0,43,1,11
1413393993.155790567398071,45,0,43,2,11
1413393993.205789089202881,49,1,44,4,11
1413393993.255788326263428,49,1,46,1,11
1413393993.305788040161133,48,0,47,1,11
1413393993.355787515640259,41,0,40,1,11
1413393993.405787229537964,39,0,37,1,11
1413393993.455787420272827,39,0,36,1,11
1413393993.505785703659058,41,1,36,5,11
1413393993.555784702301025,39,2,38,0,11
1413393993.605783462524414,39,11,37,0,11
1413393993.655782222747803,37,5,36,1,11
1413393993.705780744552612,41,6,35,6,11
1413393993.755780935287476,37,2,30,0,11
1413393993.805781364440918,34,6,27,0,11
1413393993.855782032012939,25,4,17,5,11
1413393993.905782938003540,21,2,19,0,11
1413393993.955783605575562,18,1,17,0,11
1413393994.005784273147583,18,1,14,2,11
1413393994.055784940719604,14,1,13,0,11
1413393994.105785608291626,12,1,11,0,11
1413393994.155786275863647,11,1,11,0,11
1413393994.205787181854248,11,0,10,0,11
1413393994.255789041519165,12,0,10,1,11
1413393994.305790901184082,10,3,10,0,11
1413393994.355793237686157,16,3,10,6,11
1413393994.405795097351074,18,5,13,2,11
1413393994.455796718597412,17,4,14,0,11
1413393994.505797386169434,13,0,10,2,11
1413393994.555797815322876,13,1,8,1,11
1413393994.605798482894897,14,5,10,1,11
1413393994.655798435211182,12,5,9,2,11
1413393994.705798387527466,11,5,10,0,11
1413393994.755797624588013,9,3,7,1,11
1413393994.805797100067139,9,3,7,0,11
1413393994.855796575546265,9,0,7,1,11
1413393994.905792713165283,21,1,7,13,11
1413393994.955792427062988,22,1,20,1,11
1413393995.005792617797852,23,1,20,2,11
1413393995.055789709091187,36,1,22,14,11
1413393995.105789661407471,39,3,36,3,11
1413393995.155788421630859,48,10,39,9,11
1413393995.205788850784302,45,2,45,0,11
1413393995.255789041519165,46,1,45,1,11
1413393995.305788755416870,49,3,45,3,11
1413393995.355788469314575,50,4,47,1,11
1413393995.405787706375122,49,1,47,0,11
1413393995.455786943435669,49,4,47,1,11
1413393995.505786418914795,47,6,46,0,11
1413393995.555785894393921,46,14,42,1,11
1413393995.605785608291626,44,0,41,1,11
1413393995.655785560607910,43,2,39,1,11
1413393995.705785036087036,42,1,35,1,11
1413393995.755784749984741,40,2,32,4,11
1413393995.805784225463867,34,1,28,1,11
1413393995.855784177780151,34,3,28,2,11
1413393995.905784130096436,34,0,26,4,11
1413393995.955784082412720,34,1,25,3,11
1413393996.005784034729004,34,1,26,2,11
1413393996.055784225463867,41,1,28,11,11
1413393996.105784654617310,43,5,36,7,11
1413393996.155784130096436,47,4,37,6,11
1413393996.205784320831299,47,0,41,0,11
1413393996.255784749984741,42,1,40,0,11
1413393996.305785179138184,47,1,40,7,11
1413393996.355785608291626,46,0,42,0,11
1413393996.405785560607910,46,2,40,2,11
1413393996.455785989761353,48,7,39,5,11
1413393996.505786180496216,46,0,43,1,11
1413393996.555786371231079,43,0,41,0,11
1413393996.605786800384521,48,5,39,7,11
1413393996.655786991119385,45,2,45,0,11
1413393996.705787897109985,46,2,44,1,11
1413393996.755788326263428,46,3,41,3,11
1413393996.805788993835449,45,3,41,1,11
1413393996.855789661407471,44,0,41,0,11
1413393996.905789613723755,44,6,41,2,11
1413393996.955789566040039,43,1,41,0,11
1413393997.005789995193481,46,0,40,4,11
1413393997.055790185928345,45,20,42,3,11
1413393997.105790376663208,43,0,43,0,11
1413393997.155790567398071,42,4,42,0,11
1413393997.205790519714355,47,1,42,5,11
1413393997.255790710449219,47,1,47,0,11
1413393997.305790662765503,49,0,45,2,11
1413393997.355790853500366,49,18,47,0,11
1413393997.405790805816650,49,1,46,2,11
1413393997.455791234970093,47,3,46,0,11
1413393997.505791425704956,47,8,46,1,11
1413393997.555791378021240,47,3,46,0,11
1413393997.605791807174683,47,2,45,0,11
1413393997.655792236328125,50,32,45,4,11
1413393997.705792188644409,49,0,48,0,11
1413393997.755792140960693,48,1,46,0,11
1413393997.805792093276978,47,0,45,1,11
1413393997.855792284011841,46,3,44,1,11
1413393997.905792474746704,46,1,45,0,11
1413393997.955792427062988,47,9,44,2,11
1413393998.005792379379272,47,0,46,0,11
1413393998.055792331695557,45,2,44,0,11
1413393998.105792522430420,46,4,42,2,11
1413393998.155792474746704,47,1,44,2,11
1413393998.205792427062988,46,1,45,1,11
1413393998.255792379379272,46,15,42,3,11
1413393998.305792570114136,46,6,44,2,11
1413393998.355792760848999,45,1,44,0,11
1413393998.405792951583862,45,1,44,0,11
1413393998.455792665481567,43,0,42,0,11
1413393998.505792617797852,43,0,41,0,11
1413393998.555792331695557,43,0,40,2,11
1413393998.605792522430420,42,0,42,0,11
1413393998.655791997909546,45,11,42,3,11
1413393998.705791711807251,47,3,44,2,11
1413393998.755791664123535,47,0,43,0,11
1413393998.805791616439819,46,0,43,0,11
1413393998.855792045593262,45,2,41,3,11
1413393998.905791997909546,46,0,43,1,11
1413393998.955791711807251,45,1,44,0,11
1413393999.005791664123535,45,0,41,1,11
1413393999.055791616439819,43,0,41,0,11
1413393999.105791330337524,42,1,41,1,11
1413393999.155790805816650,41,1,40,0,11
1413393999.205790281295776,40,2,40,0,11
1413393999.255789041519165,36,1,31,2,11
1413393999.305788993835449,35,1,31,0,11
1413393999.355789184570312,33,1,27,1,11
1413393999.405789375305176,30,0,25,0,11
1413393999.455789804458618,40,3,22,16,11
1413393999.505790472030640,38,1,37,0,11
1413393999.555791139602661,39,2,36,3,11
1413393999.605791807174683,39,0,38,0,11
1413393999.655791997909546,38,0,27,0,11
1413393999.705791950225830,38,1,23,0,11
1413393999.755792140960693,26,0,20,0,11
1413393999.805792093276978,21,0,17,0,11
1413393999.855792284011841,17,1,12,1,11
1413393999.905792236328125,13,1,11,1,11
1413393999.955792188644409,10,2,9,0,11
1413394000.005792140960693,10,1,5,3,11
1413394000.055792093276978,9,5,8,1,11
1413394000.105792522430420,6,0,5,0,11
1413394000.155792474746704,6,2,5,0,11
1413394000.205792188644409,4,3,4,0,11
1413394000.255791902542114,4,0,4,0,11
1413394000.305792093276978,4,4,3,0,11
1413394000.355792284011841,3,1,2,0,11
1413394000.405792236328125,1,2,1,0,11
1413394000.455792188644409,1,0,1,0,11
1413394000.505792140960693,1,0,1,0,11
1413394000.555792093276978,1,0,1,0,11
1413394000.605792045593262,2,0,1,1,11
1413394000.655791997909546,2,0,1,0,11
1413394000.705791950225830,5,0,1,3,11
1413394000.755791902542114,6,0,4,2,11
1413394000.805792093276978,5,0,5,0,11
1413394000.855792284011841,5,0,5,0,11
1413394000.905792236328125,5,0,4,0,11
1413394000.955792188644409,5,0,4,0,11
1413394001.005792140960693,5,0,4,1,11
1413394001.055792093276978,6,0,5,1,11
1413394001.105792522430420,6,0,6,0,11
1413394001.155792474746704,6,0,6,0,11
1413394001.205792427062988,6,0,6,0,11
1413394001.255792379379272,6,0,6,0,11
1413394001.305792331695557,6,0,6,0,11
1413394001.355792522430420,6,0,6,0,11
1413394001.405792474746704,6,0,6,0,11
1413394001.455792427062988,7,0,6,1,11
1413394001.505792379379272,9,0,7,2,11
1413394001.555792331695557,9,0,9,0,11
1413394001.605792522430420,11,0,9,2,11
1413394001.655792474746704,12,0,11,1,11
1413394001.705792427062988,12,0,12,0,11
1413394001.755792379379272,12,0,12,0,11
1413394001.805792331695557,12,0,12,0,11
1413394001.855792522430420,12,0,12,0,11
1413394001.905792474746704,12,0,12,0,11
1413394001.955792427062988,12,0,12,0,11
1413394002.005792379379272,12,0,12,0,11
1413394002.055792331695557,12,0,12,0,11
1413394002.105792522430420,12,0,12,0,11
1413394002.155792474746704,12,0,12,0,11
1413394002.205792427062988,12,0,12,0,11
1413394002.255792379379272,12,0,12,0,11
1413394002.305792331695557,12,0,12,0,11
1413394002.355792522430420,12,0,12,0,11
1413394002.405792474746704,12,0,12,0,11
1413394002.455792427062988,12,0,12,0,11
1413394002.505792379379272,12,0,12,0,11
1413394002.555792331695557,12,0,12,0,11
1413394002.605792522430420,12,0,12,0,11
1413394002.655792474746704,12,0,12,0,11
1413394002.705792427062988,12,0,12,0,11
1413394002.755792379379272,12,0,12,0,11
1413394002.805792331695557,12,0,12,0,11
1413394002.855792522430420,12,0,12,0,11
1413394002.905792474746704,12,0,12,0,11
1413394002.955792427062988,12,0,12,0,11
1413394003.005792379379272,12,0,12,0,11
1413394003.055792331695557,12,0,12,0,11
1413394003.105792522430420,12,1,12,0,11
1413394003.155792474746704,12,0,12,0,11
1413394003.205792427062988,12,0,12,0,11
1413394003.255792379379272,12,0,12,0,11
1413394003.305792331695557,12,0,12,0,11
1413394003.355792522430420,12,1,12,0,11
