# timestamp (sec),slam_feats_in_state,msckf_feats_used,slam_feats_updated,slam_feats_delayed_init,clones
1403715893.790439128875732,0,15,0,0,5
1403715893.835592269897461,13,15,0,13,6
1403715893.885768890380859,13,0,13,0,7
1403715893.936051845550537,13,0,13,0,8
1403715893.986223697662354,13,0,12,0,9
1403715894.036524295806885,12,0,12,0,10
1403715894.087712526321411,12,0,12,0,11
1403715894.138911008834839,12,0,11,0,11
1403715894.190364599227905,17,0,10,6,11
1403715894.240983009338379,19,0,16,3,11
1403715894.291169881820679,25,0,19,6,11
1403715894.340868949890137,24,0,22,0,11
1403715894.390229701995850,27,2,22,3,11
1403715894.438544988632202,43,24,26,17,11
1403715894.486978530883789,46,0,41,4,11
1403715894.536928653717041,46,0,17,0,11
1403715894.586441278457642,47,0,31,3,11
1403715894.636274337768555,42,0,34,8,11
1403715894.686023235321045,43,0,42,1,11
1403715894.735401153564453,43,0,39,0,11
1403715894.784667968750000,43,0,36,0,11
1403715894.833684921264648,46,1,36,8,11
1403715894.883437156677246,48,0,43,4,11
1403715894.933382987976074,50,3,47,2,11
1403715894.983559131622314,49,3,43,0,11
1403715895.033229589462280,47,24,46,0,11
1403715895.083400249481201,46,0,39,1,11
1403715895.133712530136108,43,0,39,2,11
1403715895.183832883834839,43,0,40,1,11
1403715895.233852863311768,42,2,40,1,11
1403715895.283847332000732,41,1,40,1,11
1403715895.333879709243774,38,2,37,0,11
1403715895.383919715881348,38,0,36,0,11
1403715895.433918952941895,42,1,36,5,11
1403715895.483944416046143,42,0,39,1,11
1403715895.533932924270630,45,10,38,5,11
1403715895.583983659744263,49,0,41,6,11
1403715895.633989572525024,48,21,44,0,11
1403715895.683990240097046,48,0,43,2,11
1403715895.734014749526978,49,0,41,4,11
1403715895.783987045288086,46,0,43,1,11
1403715895.834044456481934,43,1,40,0,11
1403715895.884037494659424,42,1,39,1,11
1403715895.934014797210693,42,1,40,2,11
1403715895.984015464782715,41,1,40,0,11
1403715896.033988952636719,39,0,37,0,11
1403715896.083984136581421,38,0,35,1,11
1403715896.133804082870483,44,6,36,7,11
1403715896.183828115463257,44,0,41,1,11
1403715896.233751296997070,45,15,41,1,11
1403715896.283716917037964,43,0,42,1,11
1403715896.333918094635010,47,12,33,6,11
1403715896.383970499038696,48,0,33,2,11
1403715896.434062719345093,44,0,26,5,11
1403715896.484202623367310,42,0,22,2,11
1403715896.534309625625610,36,1,23,5,11
1403715896.584358930587769,31,0,23,3,11
1403715896.634434461593628,30,0,24,0,11
1403715896.684538125991821,25,0,22,1,11
1403715896.734714269638062,29,2,20,5,11
1403715896.784723997116089,29,0,24,1,11
1403715896.834999084472656,37,1,22,10,11
1403715896.885034799575806,37,0,31,3,11
1403715896.935027360916138,46,0,33,11,11
1403715896.985012292861938,46,0,43,1,11
1403715897.035011529922485,47,1,41,3,11
1403715897.085160255432129,47,10,44,2,11
1403715897.135340929031372,49,3,42,4,11
1403715897.185549497604370,49,5,44,1,11
1403715897.235636949539185,48,0,43,2,11
1403715897.285729885101318,49,2,44,2,11
1403715897.335700035095215,49,2,36,0,11
1403715897.385752677917480,44,1,31,1,11
1403715897.435797214508057,42,4,30,5,11
1403715897.485838413238525,41,2,31,4,11
1403715897.535793304443359,41,4,34,2,11
1403715897.585684299468994,40,2,36,3,11
1403715897.635554075241089,40,3,37,1,11
1403715897.685416936874390,43,2,29,4,11
1403715897.735265970230103,45,0,36,3,11
1403715897.785166740417480,45,3,36,7,11
1403715897.835112094879150,44,2,39,0,11
1403715897.885030269622803,46,5,36,4,11
1403715897.934961318969727,45,6,33,3,11
1403715897.984964370727539,40,0,27,1,11
1403715898.034929513931274,38,6,22,4,11
1403715898.084748744964600,39,8,19,7,11
1403715898.134757757186890,35,12,19,3,11
1403715898.184796810150146,29,1,19,4,11
1403715898.234843969345093,25,2,14,4,11
1403715898.284935712814331,25,3,15,2,11
1403715898.334997415542603,25,2,17,5,11
1403715898.385041952133179,24,1,16,2,11
1403715898.435078620910645,24,5,17,0,11
1403715898.485232353210449,27,3,16,9,11
1403715898.535288810729980,27,4,23,1,11
1403715898.585283756256104,25,1,22,0,11
1403715898.635251522064209,24,2,21,1,11
1403715898.685173749923706,26,6,19,3,11
1403715898.735124349594116,24,5,20,0,11
1403715898.785105943679810,18,4,15,3,11
1403715898.835084915161133,19,0,17,1,11
1403715898.885086059570312,19,4,16,0,11
1403715898.935066461563110,22,0,13,6,11
1403715898.985072135925293,19,2,17,1,11
1403715899.035101413726807,22,4,17,5,11
1403715899.085146903991699,24,0,21,2,11
1403715899.135182857513428,23,6,21,0,11
1403715899.185221672058105,26,8,20,4,11
1403715899.235236406326294,23,2,21,0,11
1403715899.285237073898315,20,8,20,0,11
1403715899.335230588912964,22,5,17,5,11
1403715899.385205984115601,23,4,21,2,11
1403715899.435209751129150,31,3,21,9,11
1403715899.485238313674927,31,4,30,0,11
1403715899.535261392593384,33,2,28,3,11
1403715899.585275411605835,32,4,24,0,11
1403715899.635285377502441,38,2,18,8,11
1403715899.685276031494141,34,3,15,2,11
1403715899.735281229019165,33,4,1,5,11
1403715899.785287141799927,27,2,5,5,11
1403715899.835354566574097,27,0,9,16,11
1403715899.885364770889282,29,3,18,3,11
1403715899.935347080230713,29,1,21,1,11
1403715899.985308647155762,25,3,20,4,11
1403715900.035272836685181,25,5,24,1,11
1403715900.085247993469238,25,1,25,0,11
1403715900.135230302810669,26,2,25,1,11
1403715900.185213327407837,23,1,23,0,11
1403715900.235208034515381,23,0,23,0,11
1403715900.285195827484131,25,4,22,2,11
1403715900.335166454315186,30,4,24,5,11
1403715900.385145187377930,40,3,28,12,11
1403715900.435155630111694,45,4,38,7,11
1403715900.485150814056396,46,6,40,5,11
1403715900.535161495208740,40,4,39,1,11
1403715900.585175991058350,37,6,34,0,11
1403715900.635167598724365,42,0,31,6,11
1403715900.685174465179443,34,2,28,1,11
1403715900.735174894332886,32,4,25,2,11
1403715900.785158395767212,30,3,23,2,11
1403715900.835144996643066,27,2,22,1,11
1403715900.885139703750610,25,2,18,2,11
1403715900.935137271881104,22,3,18,1,11
1403715900.985143899917603,23,2,17,4,11
1403715901.035140275955200,20,5,17,1,11
1403715901.085155248641968,20,3,16,2,11
1403715901.135165214538574,15,2,13,0,11
1403715901.185170173645020,15,1,12,3,11
1403715901.235181570053101,14,2,12,0,11
1403715901.285189151763916,15,4,12,1,11
1403715901.335193157196045,16,0,13,3,11
1403715901.385200262069702,19,0,15,3,11
1403715901.435165166854858,22,2,17,3,11
1403715901.485163927078247,21,1,20,1,11
1403715901.535129308700562,27,1,21,6,11
1403715901.585078239440918,29,2,27,2,11
1403715901.635040760040283,29,4,28,0,11
1403715901.684979677200317,30,3,28,1,11
1403715901.734958648681641,29,0,27,1,11
1403715901.784934520721436,31,2,27,2,11
1403715901.834917783737183,32,0,27,2,11
1403715901.884891510009766,31,3,28,2,11
1403715901.934871912002563,32,2,28,3,11
1403715901.984834909439087,33,1,31,1,11
1403715902.034807205200195,35,1,31,3,11
1403715902.084774494171143,41,1,34,6,11
1403715902.134759187698364,43,0,37,3,11
1403715902.184751272201538,47,5,37,4,11
1403715902.234761953353882,47,2,41,3,11
1403715902.284792661666870,47,0,44,3,11
1403715902.334808349609375,47,7,41,1,11
1403715902.384819269180298,47,3,41,0,11
1403715902.434819459915161,46,2,39,4,11
1403715902.484835147857666,48,9,42,4,11
1403715902.534820079803467,50,3,45,3,11
1403715902.584806680679321,49,1,47,0,11
1403715902.634792327880859,47,7,43,1,11
1403715902.684787034988403,47,3,44,1,11
1403715902.734786033630371,46,4,45,0,11
1403715902.784783363342285,45,6,42,2,11
1403715902.834792613983154,50,1,42,5,11
1403715902.884778976440430,47,2,45,0,11
1403715902.934748411178589,45,4,44,0,11
1403715902.984714508056641,42,2,40,0,11
1403715903.034677982330322,45,3,32,6,11
1403715903.084641933441162,46,3,38,4,11
1403715903.134619712829590,41,3,32,3,11
1403715903.184629201889038,37,2,30,1,11
1403715903.234645128250122,41,4,30,9,11
1403715903.284648180007935,42,0,38,3,11
1403715903.334649085998535,39,1,39,0,11
1403715903.384652614593506,46,1,37,8,11
1403715903.434643507003784,49,7,44,3,11
1403715903.484654188156128,44,1,41,1,11
1403715903.534662723541260,39,2,38,0,11
1403715903.584675788879395,44,2,34,8,11
1403715903.634686946868896,38,1,34,1,11
1403715903.684705018997192,38,2,34,0,11
1403715903.734742403030396,42,6,29,11,11
1403715903.784760236740112,34,7,29,0,11
1403715903.834764719009399,26,6,20,0,11
1403715903.884774446487427,25,7,15,5,11
1403715903.934763431549072,23,4,16,5,11
1403715903.984751462936401,14,5,14,0,11
1403715904.034738779067993,14,4,13,0,11
1403715904.084732532501221,15,4,11,3,11
1403715904.134731769561768,14,3,13,0,11
1403715904.184731721878052,14,5,13,0,11
1403715904.234745502471924,19,1,13,6,11
1403715904.284741401672363,19,4,19,0,11
1403715904.334719657897949,26,3,18,7,11
1403715904.384713411331177,26,6,24,0,11
1403715904.434712409973145,26,1,24,1,11
1403715904.484697580337524,28,2,24,3,11
1403715904.534676313400269,30,1,26,2,11
1403715904.584709644317627,27,3,24,3,11
1403715904.634708642959595,25,0,25,0,11
1403715904.684728622436523,25,3,23,2,11
1403715904.734753131866455,23,5,22,1,11
1403715904.784763097763062,24,2,20,3,11
1403715904.834769487380981,25,0,17,2,11
1403715904.884763956069946,26,4,18,3,11
1403715904.934757471084595,28,2,19,8,11
1403715904.984739303588867,30,0,20,8,11
1403715905.034743309020996,26,5,21,0,11
1403715905.084736585617065,23,0,19,0,11
1403715905.134730100631714,28,1,15,8,11
1403715905.184746742248535,29,13,19,2,11
1403715905.234738349914551,24,1,22,0,11
1403715905.284727096557617,23,2,20,0,11
1403715905.334714174270630,22,2,19,1,11
1403715905.384696483612061,29,4,18,9,11
1403715905.434681653976440,29,1,26,1,11
1403715905.484668970108032,31,3,27,3,11
1403715905.534673929214478,28,3,26,0,11
1403715905.584670305252075,36,0,25,8,11
1403715905.634704351425171,33,7,29,2,11
1403715905.684772968292236,34,5,28,3,11
1403715905.734828948974609,32,2,28,1,11
1403715905.784876585006714,40,4,26,11,11
1403715905.834909677505493,43,2,33,5,11
1403715905.884891510009766,39,1,34,0,11
1403715905.934869050979614,35,1,33,1,11
1403715905.984884977340698,39,2,32,4,11
1403715906.034904956817627,41,2,33,5,11
1403715906.084923982620239,35,3,32,1,11
1403715906.134915828704834,33,2,27,1,11
1403715906.184887409210205,36,0,24,5,11
1403715906.234888553619385,31,1,22,2,11
1403715906.284877777099609,31,0,20,5,11
1403715906.334879636764526,29,1,26,1,11
1403715906.384860038757324,27,1,25,0,11
1403715906.434849739074707,28,1,23,4,11
1403715906.484846830368042,27,3,25,1,11
1403715906.534847259521484,28,0,20,3,11
1403715906.584834814071655,28,2,20,1,11
1403715906.634813070297241,25,3,18,3,11
1403715906.684792280197144,25,2,16,3,11
1403715906.734761476516724,22,6,15,1,11
1403715906.784754514694214,20,1,12,1,11
1403715906.834750890731812,18,4,11,5,11
1403715906.884746551513672,13,3,11,1,11
1403715906.934741258621216,11,1,11,0,11
1403715906.984733581542969,13,1,9,3,11
1403715907.034733533859253,18,4,12,6,11
1403715907.084738969802856,18,1,18,0,11
1403715907.134743452072144,14,2,13,0,11
1403715907.184745788574219,14,0,11,0,11
1403715907.234734058380127,24,1,11,11,11
1403715907.284731864929199,22,0,22,0,11
1403715907.334723234176636,19,0,15,3,11
1403715907.384727478027344,21,0,17,3,11
1403715907.434717655181885,23,0,19,4,11
1403715907.484715461730957,28,1,22,6,11
1403715907.534703254699707,31,0,26,5,11
1403715907.584702730178833,30,2,28,2,11
1403715907.634699106216431,31,2,28,3,11
1403715907.684697866439819,29,3,28,1,11
1403715907.734702587127686,33,3,26,6,11
1403715907.784705400466919,28,2,26,0,11
1403715907.834701061248779,23,5,19,3,11
1403715907.884696722030640,29,2,20,8,11
1403715907.934690713882446,33,1,28,5,11
1403715907.984688520431519,31,2,31,0,11
1403715908.034687280654907,38,2,29,7,11
1403715908.084689140319824,49,6,34,11,11
1403715908.134695529937744,44,1,40,0,11
1403715908.184701919555664,39,3,35,0,11
1403715908.234705686569214,35,0,33,0,11
1403715908.284704923629761,44,0,28,14,11
1403715908.334704399108887,39,1,36,0,11
1403715908.384706974029541,35,1,34,0,11
1403715908.434707880020142,32,0,32,0,11
1403715908.484708786010742,29,1,29,0,11
1403715908.534695148468018,37,1,28,9,11
1403715908.584681749343872,36,1,34,0,11
1403715908.634665966033936,35,1,29,4,11
1403715908.684640407562256,36,0,30,3,11
1403715908.734623193740845,41,1,31,8,11
1403715908.784621953964233,33,0,32,1,11
1403715908.834635019302368,30,1,29,0,11
1403715908.884650468826294,41,0,26,13,11
1403715908.934659004211426,39,0,35,0,11
1403715908.984665393829346,39,0,34,1,11
1403715909.034685850143433,45,1,30,11,11
1403715909.084687232971191,42,0,39,0,11
1403715909.134693861007690,41,0,38,2,11
1403715909.184684514999390,40,2,34,5,11
1403715909.234685897827148,46,7,35,10,11
1403715909.284675359725952,44,1,44,0,11
1403715909.334672451019287,45,0,43,1,11
1403715909.384673595428467,44,0,43,0,11
1403715909.434667110443115,48,12,41,6,11
1403715909.484668493270874,41,1,38,1,11
1403715909.534672975540161,40,0,37,1,11
1403715909.584673166275024,38,4,36,0,11
1403715909.634669065475464,45,2,33,8,11
1403715909.684668540954590,41,0,38,0,11
1403715909.734660148620605,45,10,37,8,11
1403715909.784660577774048,43,1,39,0,11
1403715909.834655761718750,40,5,27,6,11
1403715909.884655237197876,35,4,29,0,11
1403715909.934658288955688,30,2,26,1,11
1403715909.984658956527710,24,6,19,0,11
1403715910.034661054611206,28,2,18,7,11
1403715910.084657430648804,25,6,16,5,11
1403715910.134657621383667,19,7,16,2,11
1403715910.184666633605957,15,0,14,0,11
1403715910.234693288803101,16,2,11,5,11
1403715910.284703016281128,12,7,10,0,11
1403715910.334703683853149,3,2,1,0,11
1403715910.384697437286377,1,1,0,1,11
1403715910.434695005416870,1,6,1,0,11
1403715910.484689474105835,4,4,1,3,11
1403715910.534682750701904,9,7,2,5,11
1403715910.584677219390869,22,4,5,13,11
1403715910.634684801101685,20,5,18,0,11
1403715910.684688091278076,22,8,16,5,11
1403715910.734691143035889,24,4,17,2,11
1403715910.784691095352173,31,0,16,9,11
1403715910.834684371948242,34,3,24,6,11
1403715910.884672880172729,43,2,30,12,11
1403715910.934683799743652,45,5,38,5,11
1403715910.984677076339722,39,6,35,0,11
1403715911.034663677215576,38,4,34,1,11
1403715911.084650754928589,35,7,33,0,11
1403715911.134647369384766,37,4,33,3,11
1403715911.184649467468262,35,8,33,0,11
1403715911.234645366668701,38,7,31,3,11
1403715911.284645318984985,37,2,32,4,11
1403715911.334626436233521,35,0,30,1,11
1403715911.384620904922485,33,3,29,0,11
1403715911.434599637985229,24,1,16,6,11
1403715911.484584808349609,30,5,21,6,11
1403715911.534569263458252,33,1,23,6,11
1403715911.584560155868530,31,2,26,3,11
1403715911.634561538696289,30,2,26,4,11
1403715911.684558629989624,27,0,27,0,11
1403715911.734553813934326,28,5,27,1,11
1403715911.784550666809082,28,5,23,3,11
1403715911.834549188613892,35,1,25,8,11
1403715911.884549379348755,34,0,32,1,11
1403715911.934547424316406,37,4,33,4,11
1403715911.984547376632690,35,5,33,0,11
1403715912.034545421600342,37,2,31,4,11
1403715912.084551572799683,37,6,34,3,11
1403715912.134544372558594,36,3,36,0,11
1403715912.184550523757935,36,2,33,2,11
1403715912.234532117843628,41,1,31,5,11
1403715912.284507989883423,43,2,27,3,11
1403715912.334499120712280,41,1,17,6,11
1403715912.384498119354248,38,4,16,4,11
1403715912.434491395950317,34,3,15,7,11
1403715912.484471559524536,34,4,20,7,11
1403715912.534463644027710,33,2,24,6,11
1403715912.584461450576782,32,3,26,1,11
1403715912.634456634521484,32,0,24,5,11
1403715912.684454679489136,29,7,26,0,11
1403715912.734434127807617,31,5,20,7,11
1403715912.784432411193848,32,4,25,2,11
1403715912.834424257278442,27,13,21,2,11
1403715912.884426116943359,25,6,19,0,11
1403715912.934428453445435,23,5,18,3,11
1403715912.984430789947510,21,2,12,2,11
1403715913.034433126449585,11,4,6,0,11
1403715913.084452152252197,17,0,4,10,11
1403715913.134453773498535,14,5,6,1,11
1403715913.184462308883667,26,1,6,15,11
1403715913.234457254409790,20,1,18,0,11
1403715913.284454822540283,18,3,16,0,11
1403715913.334453821182251,18,4,16,2,11
1403715913.384452581405640,20,3,17,2,11
1403715913.434451103210449,19,7,15,2,11
1403715913.484441518783569,22,4,17,4,11
1403715913.534424304962158,29,4,19,7,11
1403715913.584415674209595,31,2,26,4,11
1403715913.634405851364136,31,1,29,1,11
1403715913.684410333633423,33,1,29,2,11
1403715913.734404802322388,36,1,30,4,11
1403715913.784385204315186,45,2,31,10,11
1403715913.834368705749512,47,3,40,3,11
1403715913.884365558624268,46,1,43,1,11
1403715913.934373855590820,44,1,42,2,11
1403715913.984371423721313,47,6,41,6,11
1403715914.034384727478027,46,5,44,2,11
1403715914.084389686584473,45,1,43,0,11
1403715914.134393692016602,48,4,42,4,11
1403715914.184393644332886,46,1,46,0,11
1403715914.234391689300537,44,4,44,0,11
1403715914.284398078918457,46,5,42,2,11
1403715914.334397792816162,49,2,43,3,11
1403715914.384399890899658,47,3,44,1,11
1403715914.434400558471680,50,6,45,4,11
1403715914.484400510787964,48,6,46,0,11
1403715914.534390926361084,48,1,44,0,11
1403715914.584386348724365,45,2,44,1,11
1403715914.634387254714966,48,10,44,4,11
1403715914.684384107589722,47,1,42,0,11
1403715914.734378814697266,47,2,37,2,11
1403715914.784355163574219,47,5,38,4,11
1403715914.834350824356079,45,1,28,4,11
1403715914.884357690811157,45,0,30,2,11
1403715914.934332609176636,38,4,27,7,11
1403715914.984320640563965,38,4,33,1,11
1403715915.034317731857300,40,0,34,4,11
1403715915.084325551986694,45,0,38,7,11
1403715915.134316682815552,47,1,44,2,11
1403715915.184293270111084,46,4,45,0,11
1403715915.234255790710449,49,6,45,4,11
1403715915.284244775772095,49,7,49,0,11
1403715915.334229469299316,48,8,48,0,11
1403715915.384209871292114,48,9,47,0,11
1403715915.434191226959229,48,2,46,0,11
1403715915.484156131744385,48,0,45,1,11
1403715915.534080266952515,49,12,45,3,11
1403715915.584038734436035,50,2,48,1,11
1403715915.634019136428833,49,2,47,0,11
1403715915.683984041213989,47,2,44,0,11
1403715915.733950376510620,46,3,42,1,11
1403715915.783925294876099,48,10,41,5,11
1403715915.833914279937744,50,6,44,4,11
1403715915.883912801742554,49,5,48,0,11
1403715915.933918476104736,46,2,46,0,11
1403715915.983929157257080,48,3,46,2,11
1403715916.033953905105591,46,2,45,0,11
1403715916.083974838256836,46,2,44,0,11
1403715916.134012937545776,49,5,41,4,11
1403715916.184022665023804,49,1,45,1,11
1403715916.234040021896362,48,0,42,4,11
1403715916.284035205841064,48,4,44,1,11
1403715916.334033250808716,47,3,42,3,11
1403715916.384029150009155,48,1,46,2,11
1403715916.434006929397583,47,2,44,0,11
1403715916.483996152877808,42,0,39,0,11
1403715916.533976793289185,48,3,35,8,11
1403715916.583972930908203,46,0,40,2,11
1403715916.633968591690063,45,1,41,1,11
1403715916.683976650238037,43,0,36,1,11
1403715916.733974218368530,39,5,30,2,11
1403715916.783966541290283,37,0,28,3,11
1403715916.833976984024048,44,3,30,10,11
1403715916.883978128433228,43,3,37,4,11
1403715916.933980226516724,41,1,38,1,11
1403715916.983979463577271,39,1,38,1,11
1403715917.033979654312134,44,3,38,6,11
1403715917.083975076675415,44,3,39,1,11
1403715917.133974790573120,36,10,30,0,11
1403715917.183966875076294,30,9,22,1,11
1403715917.233967304229736,25,1,21,0,11
1403715917.283966302871704,25,0,20,3,11
1403715917.333965301513672,25,1,22,1,11
1403715917.383963584899902,22,1,21,0,11
1403715917.433966398239136,21,0,21,0,11
1403715917.483963251113892,25,0,21,4,11
1403715917.533964157104492,25,2,24,0,11
1403715917.583965063095093,28,1,25,3,11
1403715917.633961677551270,29,4,27,1,11
1403715917.683943986892700,31,0,25,2,11
1403715917.733924388885498,32,1,23,2,11
1403715917.783906221389771,35,0,12,8,11
1403715917.833878278732300,40,0,12,8,11
1403715917.883865594863892,37,3,12,11,11
1403715917.933845758438110,38,0,16,8,11
1403715917.983849287033081,37,2,18,7,11
1403715918.033854722976685,35,0,12,4,11
1403715918.083862304687500,32,0,16,3,11
1403715918.133864879608154,30,1,16,11,11
1403715918.183855533599854,30,0,25,0,11
1403715918.233854532241821,31,1,24,4,11
1403715918.283850908279419,29,2,27,1,11
1403715918.333865404129028,28,2,28,0,11
1403715918.383870124816895,29,3,28,1,11
1403715918.433876514434814,27,3,26,0,11
1403715918.483880996704102,29,2,25,3,11
1403715918.533879518508911,31,2,25,5,11
1403715918.583879947662354,30,2,29,0,11
1403715918.633875608444214,37,4,29,7,11
1403715918.683870792388916,36,0,33,1,11
1403715918.733865499496460,36,3,29,3,11
1403715918.783857345581055,35,3,25,4,11
1403715918.833849668502808,33,2,23,1,11
1403715918.883844375610352,31,1,21,2,11
1403715918.933831453323364,35,4,21,12,11
1403715918.983819484710693,35,2,29,3,11
1403715919.033816337585449,38,1,32,3,11
1403715919.083801031112671,42,1,32,7,11
1403715919.133796691894531,43,2,37,3,11
1403715919.183789253234863,42,1,39,0,11
1403715919.233793020248413,44,4,38,5,11
1403715919.283793687820435,45,2,42,1,11
1403715919.333802223205566,47,10,44,3,11
1403715919.383802890777588,49,1,45,2,11
1403715919.433792114257812,49,2,45,1,11
1403715919.483764171600342,47,3,40,0,11
1403715919.533716917037964,46,5,40,1,11
1403715919.583686828613281,46,0,38,5,11
1403715919.633664846420288,46,0,45,1,11
1403715919.683599710464478,49,16,46,3,11
1403715919.733586788177490,47,3,46,0,11
1403715919.783576726913452,46,0,45,0,11
1403715919.833560228347778,48,6,44,3,11
1403715919.883563280105591,48,2,46,0,11
1403715919.933563470840454,48,10,46,1,11
1403715919.983568668365479,49,17,46,2,11
1403715920.033570289611816,48,0,47,0,11
1403715920.083576917648315,47,0,46,1,11
1403715920.133597612380981,48,9,46,1,11
1403715920.183616161346436,49,0,46,1,11
1403715920.233633756637573,49,0,47,1,11
1403715920.283642530441284,49,15,48,1,11
1403715920.333654642105103,50,1,49,1,11
1403715920.383653879165649,49,0,45,0,11
1403715920.433658361434937,49,6,43,0,11
1403715920.483661413192749,47,1,40,2,11
1403715920.533674240112305,46,12,40,2,11
1403715920.583684682846069,48,9,42,4,11
1403715920.633694648742676,48,1,45,2,11
1403715920.683700084686279,46,6,42,0,11
1403715920.733710050582886,47,2,39,3,11
1403715920.783717393875122,43,9,39,0,11
1403715920.833723783493042,43,2,38,3,11
1403715920.883728981018066,46,1,39,5,11
1403715920.933727979660034,45,5,43,0,11
1403715920.983725547790527,44,2,41,0,11
1403715921.033725738525391,45,4,34,5,11
1403715921.083726167678833,44,0,37,1,11
1403715921.133729219436646,45,7,37,5,11
1403715921.183721065521240,46,7,35,6,11
1403715921.233720779418945,45,6,37,0,11
1403715921.283721208572388,42,1,37,1,11
1403715921.333717107772827,40,2,36,2,11
1403715921.383712768554688,38,2,35,1,11
1403715921.433713674545288,42,2,36,6,11
1403715921.483707427978516,42,4,42,0,11
1403715921.533709049224854,42,7,41,1,11
1403715921.583710193634033,44,1,42,2,11
1403715921.633712053298950,43,10,40,1,11
1403715921.683709383010864,42,4,36,0,11
1403715921.733712911605835,35,2,29,2,11
1403715921.783718347549438,35,5,26,5,11
1403715921.833723783493042,38,6,29,5,11
1403715921.883728504180908,36,1,32,2,11
1403715921.933730363845825,40,3,32,5,11
1403715921.983732461929321,44,3,34,5,11
1403715922.033734798431396,41,0,34,1,11
1403715922.083732366561890,38,4,32,2,11
1403715922.133732318878174,33,0,29,1,11
1403715922.183731079101562,27,2,24,1,11
1403715922.233729124069214,26,2,23,1,11
1403715922.283730745315552,30,2,20,7,11
1403715922.333731412887573,29,3,25,1,11
1403715922.383732557296753,30,2,21,8,11
1403715922.433732271194458,31,9,29,2,11
1403715922.483733892440796,33,1,30,2,11
1403715922.533735036849976,31,4,29,0,11
1403715922.583736896514893,27,1,25,0,11
1403715922.633737325668335,26,7,25,1,11
1403715922.683734178543091,27,3,25,2,11
1403715922.733728885650635,30,3,24,5,11
1403715922.783725976943970,29,2,27,0,11
1403715922.833722114562988,29,3,26,1,11
1403715922.883719205856323,32,1,26,5,11
1403715922.933717250823975,29,1,26,0,11
1403715922.983721256256104,30,1,23,2,11
1403715923.033723354339600,30,0,23,4,11
1403715923.083724975585938,31,1,24,2,11
1403715923.133729219436646,30,2,22,2,11
1403715923.183733940124512,29,2,24,3,11
1403715923.233736038208008,30,1,25,3,11
1403715923.283739805221558,38,2,27,10,11
1403715923.333743095397949,43,1,35,6,11
1403715923.383742570877075,42,4,34,1,11
1403715923.433743238449097,38,3,30,0,11
1403715923.483744859695435,35,3,28,2,11
1403715923.533745527267456,32,2,29,1,11
1403715923.583745479583740,34,1,29,3,11
1403715923.633745193481445,35,1,31,3,11
1403715923.683754205703735,36,0,32,2,11
1403715923.733759164810181,35,0,24,0,11
1403715923.783764839172363,36,1,25,5,11
1403715923.833763837814331,34,1,30,4,11
1403715923.883760929107666,33,0,31,1,11
1403715923.933763504028320,35,2,29,3,11
1403715923.983765125274658,37,2,28,4,11
1403715924.033768415451050,39,1,28,6,11
1403715924.083771467208862,38,2,30,3,11
1403715924.133770227432251,40,1,32,4,11
1403715924.183770179748535,35,3,31,1,11
1403715924.233767509460449,38,4,31,4,11
1403715924.283767461776733,35,1,33,1,11
1403715924.333766698837280,34,3,32,0,11
1403715924.383764743804932,36,3,30,4,11
1403715924.433765649795532,36,1,30,2,11
1403715924.483766078948975,33,4,27,1,11
1403715924.533766746520996,26,8,24,0,11
1403715924.583770036697388,23,3,14,0,11
1403715924.633774757385254,19,1,14,2,11
1403715924.683777570724487,17,6,15,1,11
1403715924.733781337738037,15,6,13,0,11
1403715924.783782482147217,13,5,10,1,11
1403715924.833783864974976,14,2,8,4,11
1403715924.883783578872681,15,13,9,2,11
1403715924.933786630630493,11,8,10,0,11
1403715924.983796596527100,13,7,8,4,11
1403715925.033794164657593,19,4,11,7,11
1403715925.083795070648193,17,7,16,0,11
1403715925.133799791336060,15,8,8,4,11
1403715925.183798551559448,14,7,9,0,11
1403715925.233798265457153,15,4,7,3,11
1403715925.283800601959229,18,6,10,6,11
1403715925.333797216415405,19,1,16,3,11
1403715925.383791446685791,19,2,18,0,11
1403715925.433777332305908,18,6,14,4,11
1403715925.483766794204712,21,2,16,3,11
1403715925.533751726150513,33,6,17,12,11
1403715925.583749055862427,34,7,24,6,11
1403715925.633750200271606,34,1,29,2,11
1403715925.683755397796631,31,3,29,1,11
1403715925.733752965927124,30,4,27,2,11
1403715925.783748388290405,32,4,28,3,11
1403715925.833741426467896,30,4,28,1,11
1403715925.883742809295654,27,9,25,0,11
1403715925.933739662170410,27,5,23,2,11
1403715925.983735799789429,29,11,25,4,11
1403715926.033737897872925,27,4,24,2,11
1403715926.083738088607788,32,9,23,6,11
1403715926.133734941482544,34,5,27,4,11
1403715926.183736085891724,29,5,23,3,11
1403715926.233738899230957,29,10,22,2,11
1403715926.283741235733032,29,3,20,2,11
1403715926.333744525909424,29,3,18,6,11
1403715926.383749723434448,22,3,18,2,11
1403715926.433749914169312,21,2,17,1,11
1403715926.483750104904175,20,3,14,2,11
1403715926.533756017684937,21,6,16,4,11
1403715926.583759069442749,23,1,20,3,11
1403715926.633757352828979,25,3,21,3,11
1403715926.683756589889526,25,11,23,2,11
1403715926.733755826950073,26,0,24,2,11
1403715926.783758163452148,27,6,23,3,11
1403715926.833757400512695,29,3,26,2,11
1403715926.883758068084717,28,4,25,2,11
1403715926.933757305145264,33,4,26,5,11
1403715926.983757019042969,35,1,31,3,11
1403715927.033758401870728,36,1,32,3,11
1403715927.083759784698486,37,5,35,2,11
1403715927.133755445480347,40,1,37,3,11
1403715927.183758974075317,44,2,39,5,11
1403715927.233759403228760,42,2,35,5,11
1403715927.283759832382202,44,3,40,3,11
1403715927.333763122558594,45,2,36,6,11
1403715927.383764743804932,44,6,38,4,11
1403715927.433768033981323,43,3,40,1,11
1403715927.483765840530396,48,4,39,7,11
1403715927.533761024475098,44,1,42,1,11
1403715927.583756923675537,43,0,42,0,11
1403715927.633753299713135,41,0,40,0,11
1403715927.683739423751831,48,5,37,9,11
1403715927.733736038208008,44,2,44,0,11
1403715927.783736944198608,42,1,41,0,11
1403715927.833740234375000,43,0,42,1,11
1403715927.883741140365601,42,2,42,0,11
1403715927.933742046356201,49,13,42,7,11
1403715927.983743190765381,50,4,48,1,11
1403715928.033743858337402,49,4,49,0,11
1403715928.083743810653687,50,7,48,1,11
1403715928.133749246597290,48,7,47,0,11
1403715928.183750391006470,41,2,40,0,11
1403715928.233758449554443,40,0,39,0,11
1403715928.283765077590942,36,4,32,2,11
1403715928.333769083023071,30,3,24,0,11
1403715928.383769273757935,30,1,19,7,11
1403715928.433770656585693,27,5,20,0,11
1403715928.483770847320557,23,2,15,1,11
1403715928.533769607543945,16,7,11,4,11
1403715928.583765506744385,12,9,12,0,11
1403715928.633765220642090,12,0,12,0,11
1403715928.683755874633789,22,8,9,12,11
1403715928.733751773834229,22,13,18,1,11
1403715928.783749580383301,22,6,17,1,11
1403715928.833750247955322,18,4,16,0,11
1403715928.883749008178711,19,2,13,5,11
1403715928.933748483657837,21,11,18,2,11
1403715928.983751058578491,28,3,20,8,11
1403715929.033755064010620,26,0,26,0,11
1403715929.083760976791382,28,1,23,4,11
1403715929.133775472640991,33,0,26,5,11
1403715929.183777332305908,33,1,30,1,11
1403715929.233793020248413,42,2,29,10,11
1403715929.283795833587646,41,7,36,1,11
1403715929.333791732788086,43,9,31,6,11
1403715929.383797645568848,39,10,32,2,11
1403715929.433795213699341,37,1,33,0,11
1403715929.483788251876831,36,4,27,5,11
1403715929.533790349960327,32,9,30,0,11
1403715929.583798170089722,31,6,29,0,11
1403715929.633802413940430,28,6,25,0,11
1403715929.683815002441406,35,0,27,7,11
1403715929.733822584152222,38,1,34,4,11
1403715929.783827543258667,37,0,37,0,11
1403715929.833817481994629,38,3,35,2,11
1403715929.883811712265015,38,2,35,0,11
1403715929.933807849884033,36,4,31,3,11
1403715929.983806133270264,43,7,33,8,11
1403715930.033802986145020,43,3,39,1,11
1403715930.083796977996826,49,2,37,7,11
1403715930.133802652359009,48,12,44,2,11
1403715930.183801651000977,47,2,44,3,11
1403715930.233802080154419,47,0,46,1,11
1403715930.283805608749390,47,1,45,0,11
1403715930.333810329437256,48,8,43,2,11
1403715930.383812665939331,47,0,44,2,11
1403715930.433813810348511,48,3,45,2,11
1403715930.483811616897583,46,1,45,0,11
1403715930.533811569213867,45,1,44,1,11
1403715930.583806753158569,49,14,45,4,11
1403715930.633811712265015,49,1,49,0,11
1403715930.683821439743042,50,0,49,1,11
1403715930.733827590942383,50,12,50,0,11
1403715930.783828020095825,50,9,50,0,11
1403715930.833827495574951,50,0,50,0,11
1403715930.883825063705444,50,0,50,0,11
1403715930.933824777603149,50,6,50,0,11
1403715930.983825922012329,49,1,48,0,11
1403715931.033828020095825,49,2,45,0,11
1403715931.083831548690796,47,0,40,0,11
1403715931.133834362030029,45,2,40,1,11
1403715931.183835506439209,46,9,41,5,11
1403715931.233828783035278,47,2,46,1,11
1403715931.283822774887085,47,1,46,0,11
1403715931.333815574645996,49,21,45,3,11
1403715931.383814573287964,49,13,46,2,11
1403715931.433814048767090,47,3,44,0,11
1403715931.483813524246216,44,6,41,0,11
1403715931.533812999725342,44,3,37,4,11
1403715931.583814144134521,42,6,35,3,11
1403715931.633818864822388,41,3,38,0,11
1403715931.683822631835938,41,6,35,3,11
1403715931.733826637268066,40,4,34,0,11
1403715931.783828020095825,33,7,27,1,11
1403715931.833829879760742,31,7,27,2,11
1403715931.883829355239868,23,7,22,0,11
1403715931.933831930160522,30,9,17,9,11
1403715931.983831405639648,31,5,23,7,11
1403715932.033832550048828,29,4,27,1,11
1403715932.083832740783691,26,6,24,0,11
1403715932.133833169937134,25,7,23,2,11
1403715932.183833360671997,27,6,24,2,11
1403715932.233833789825439,23,6,19,0,11
1403715932.283834695816040,21,5,16,0,11
1403715932.333834648132324,19,3,13,3,11
1403715932.383834838867188,17,5,11,1,11
1403715932.433834791183472,15,3,12,0,11
1403715932.483842849731445,24,2,12,12,11
1403715932.533841848373413,26,1,23,2,11
1403715932.583842754364014,26,5,23,1,11
1403715932.633844375610352,26,1,23,2,11
1403715932.683844327926636,22,0,20,0,11
1403715932.733844757080078,20,1,18,1,11
1403715932.783843994140625,19,1,17,1,11
1403715932.833842039108276,20,0,17,2,11
1403715932.883832931518555,23,1,19,3,11
1403715932.933820247650146,27,10,18,6,11
1403715932.983808755874634,27,5,21,0,11
1403715933.033806324005127,27,1,18,3,11
1403715933.083804130554199,24,4,15,2,11
1403715933.133803606033325,26,1,11,4,11
1403715933.183808803558350,23,2,12,3,11
1403715933.233813047409058,19,3,13,3,11
1403715933.283818006515503,13,6,11,0,11
1403715933.333825349807739,12,2,11,0,11
1403715933.383828878402710,10,4,9,0,11
1403715933.433831930160522,9,7,8,0,11
1403715933.483834743499756,9,6,8,1,11
1403715933.533829212188721,10,5,8,1,11
1403715933.583825111389160,10,5,7,1,11
1403715933.633811950683594,11,3,4,6,11
1403715933.683800697326660,20,2,9,9,11
1403715933.733798027038574,24,0,18,5,11
1403715933.783788681030273,28,0,23,5,11
1403715933.833784580230713,30,1,28,2,11
1403715933.883776664733887,32,3,28,3,11
1403715933.933777093887329,41,6,23,10,11
1403715933.983777999877930,46,24,30,8,11
1403715934.033782958984375,39,9,29,3,11
1403715934.083783149719238,29,11,16,1,11
1403715934.133782625198364,15,11,7,0,11
1403715934.183782577514648,12,5,3,2,11
1403715934.233783245086670,6,4,2,2,11
1403715934.283784151077271,2,5,1,0,11
1403715934.333783626556396,1,0,1,0,11
1403715934.383783817291260,0,6,0,0,11
1403715934.433785676956177,0,5,0,0,11
1403715934.483786344528198,0,3,0,0,11
1403715934.533798217773438,0,3,0,0,11
1403715934.583811044692993,2,0,0,2,11
1403715934.633811712265015,2,1,2,0,11
1403715934.683818578720093,3,2,2,1,11
1403715934.733841419219971,6,2,2,4,11
1403715934.783834218978882,7,3,6,1,11
1403715934.833827972412109,7,3,7,0,11
1403715934.883800268173218,19,1,7,12,11
1403715934.933788776397705,24,6,16,7,11
1403715934.983786821365356,24,10,20,1,11
1403715935.033788204193115,26,3,19,2,11
1403715935.083782434463501,25,12,17,5,11
1403715935.133783102035522,16,3,13,0,11
1403715935.183785200119019,13,1,11,0,11
1403715935.233786344528198,9,2,7,1,11
1403715935.283790111541748,9,2,8,0,11
1403715935.333791494369507,7,1,7,0,11
1403715935.383795499801636,8,2,7,1,11
1403715935.433792114257812,6,8,6,0,11
1403715935.483780622482300,9,6,6,3,11
1403715935.533782720565796,12,0,6,4,11
1403715935.583775281906128,14,5,10,2,11
1403715935.633759975433350,14,4,11,3,11
1403715935.683755159378052,14,1,10,2,11
1403715935.733747005462646,22,3,12,9,11
1403715935.783743858337402,28,2,19,7,11
1403715935.833741188049316,35,1,25,10,11
1403715935.883738756179810,39,1,33,5,11
1403715935.933734178543091,45,1,38,6,11
1403715935.983733177185059,50,4,44,6,11
1403715936.033742666244507,50,30,50,0,11
1403715936.083751916885376,48,12,46,0,11
1403715936.133750677108765,46,4,43,0,11
1403715936.183750391006470,44,4,42,0,11
1403715936.233749151229858,41,11,36,3,11
1403715936.283746242523193,40,5,31,0,11
1403715936.333739757537842,35,7,25,1,11
1403715936.383735179901123,33,1,24,4,11
1403715936.433728694915771,30,6,26,0,11
1403715936.483726501464844,28,1,24,1,11
1403715936.533721446990967,27,2,24,1,11
1403715936.583722352981567,26,2,25,0,11
1403715936.633724212646484,29,4,25,4,11
1403715936.683721542358398,29,3,29,0,11
1403715936.733723640441895,38,0,28,10,11
1403715936.783725261688232,38,0,38,0,11
1403715936.833726406097412,46,0,38,8,11
1403715936.883728504180908,46,0,46,0,11
1403715936.933730602264404,47,5,46,1,11
1403715936.983731746673584,49,3,46,3,11
1403715937.033732891082764,49,0,47,0,11
1403715937.083733797073364,47,1,44,0,11
1403715937.133733749389648,48,1,44,3,11
1403715937.183733224868774,49,3,46,2,11
1403715937.233730554580688,49,4,47,1,11
1403715937.283731460571289,48,0,46,0,11
1403715937.333731889724731,48,0,45,0,11
1403715937.383733749389648,47,0,45,1,11
1403715937.433734893798828,47,9,44,3,11
1403715937.483733654022217,42,2,41,0,11
1403715937.533731698989868,42,2,40,1,11
1403715937.583731651306152,43,0,39,2,11
1403715937.633731603622437,41,10,35,3,11
1403715937.683730840682983,32,3,30,0,11
1403715937.733729600906372,37,3,29,6,11
1403715937.783729076385498,37,0,33,2,11
1403715937.833727121353149,35,6,29,3,11
1403715937.883727550506592,44,2,31,10,11
1403715937.933729410171509,47,12,38,6,11
1403715937.983728170394897,47,3,42,2,11
1403715938.033728122711182,45,5,40,4,11
1403715938.083726882934570,42,2,40,0,11
1403715938.133725881576538,45,15,36,7,11
1403715938.183725595474243,45,3,43,1,11
1403715938.233723878860474,44,4,42,1,11
1403715938.283724784851074,40,2,35,1,11
1403715938.333724021911621,46,14,35,9,11
1403715938.383724689483643,44,1,41,0,11
1403715938.433725118637085,41,0,39,0,11
1403715938.483725786209106,37,2,37,0,11
1403715938.533725738525391,38,4,29,6,11
1403715938.583725929260254,38,4,35,0,11
1403715938.633725643157959,37,0,33,2,11
1403715938.683725833892822,48,3,35,11,11
1403715938.733722686767578,46,3,44,2,11
1403715938.783722877502441,45,3,45,0,11
1403715938.833724021911621,46,6,44,1,11
1403715938.883724927902222,45,2,44,0,11
1403715938.933725118637085,46,2,42,3,11
1403715938.983723163604736,48,7,43,3,11
1403715939.033720493316650,47,2,46,0,11
1403715939.083718538284302,48,6,45,3,11
1403715939.133709907531738,48,12,47,1,11
1403715939.183703184127808,44,8,43,0,11
1403715939.233698129653931,43,6,41,2,11
1403715939.283695220947266,41,8,40,0,11
1403715939.333692550659180,38,3,36,1,11
1403715939.383690595626831,39,7,32,2,11
1403715939.433691501617432,36,4,21,2,11
1403715939.483692646026611,32,1,17,1,11
1403715939.533692359924316,28,0,15,7,11
1403715939.583694696426392,25,1,21,3,11
1403715939.633694648742676,25,4,23,0,11
1403715939.683695554733276,22,8,19,1,11
1403715939.733701229095459,25,1,19,4,11
1403715939.783702850341797,24,1,22,1,11
1403715939.833707571029663,25,0,23,2,11
1403715939.883710145950317,24,2,23,1,11
1403715939.933719635009766,38,1,24,14,11
1403715939.983721494674683,38,0,38,0,11
1403715940.033730030059814,40,0,38,2,11
1403715940.083738088607788,41,2,40,1,11
1403715940.133739233016968,45,4,40,5,11
1403715940.183738946914673,49,13,42,4,11
1403715940.233736991882324,49,4,44,0,11
1403715940.283738136291504,49,3,44,3,11
1403715940.333740472793579,49,4,40,3,11
1403715940.383738756179810,39,7,29,1,11
1403715940.433739662170410,34,4,23,2,11
1403715940.483741044998169,33,1,24,5,11
1403715940.533742904663086,31,1,25,4,11
1403715940.583744049072266,29,4,25,2,11
1403715940.633744239807129,27,3,24,1,11
1403715940.683745145797729,17,0,16,0,11
1403715940.733750343322754,21,2,13,6,11
1403715940.783752918243408,22,0,19,3,11
1403715940.833756685256958,25,0,20,5,11
1403715940.883759975433350,25,1,22,1,11
1403715940.933763980865479,36,4,19,12,11
1403715940.983767509460449,39,18,26,5,11
1403715941.033767223358154,37,16,31,1,11
1403715941.083770036697388,35,14,20,7,11
1403715941.133772373199463,17,5,11,0,11
1403715941.183771610260010,15,3,3,2,11
1403715941.233771085739136,4,5,1,1,11
1403715941.283770799636841,4,6,1,0,11
1403715941.333772182464600,2,14,1,0,11
1403715941.383772850036621,1,3,1,0,11
1403715941.433772325515747,0,5,0,0,11
1403715941.483771800994873,0,2,0,0,11
1403715941.533773422241211,0,3,0,0,11
1403715941.583770275115967,6,2,0,6,11
1403715941.633764982223511,10,4,6,4,11
1403715941.683754205703735,15,2,9,6,11
1403715941.733749151229858,17,3,13,3,11
1403715941.783745288848877,21,3,13,7,11
1403715941.833744525909424,17,0,16,1,11
1403715941.883743524551392,20,1,17,3,11
1403715941.933741807937622,33,2,20,13,11
1403715941.983744144439697,38,1,32,5,11
1403715942.033746004104614,41,0,36,3,11
1403715942.083750486373901,43,3,35,5,11
1403715942.133750438690186,41,7,37,0,11
1403715942.183747053146362,43,6,31,6,11
1403715942.233746767044067,35,3,28,3,11
1403715942.283747434616089,32,3,19,4,11
1403715942.333745002746582,32,2,20,4,11
1403715942.383742809295654,31,2,23,6,11
1403715942.433741807937622,17,2,14,0,11
1403715942.483741760253906,11,0,9,0,11
1403715942.533741712570190,9,0,8,0,11
1403715942.583742380142212,2,5,2,0,11
1403715942.633744001388550,9,0,1,8,11
1403715942.683743000030518,10,3,4,3,11
1403715942.733742237091064,2,9,2,0,11
1403715942.783741474151611,7,2,2,5,11
1403715942.833740949630737,10,11,6,4,11
1403715942.883744716644287,18,0,9,9,11
1403715942.933747768402100,19,4,17,2,11
1403715942.983751773834229,28,3,19,9,11
1403715943.033755540847778,35,2,28,7,11
1403715943.083760023117065,41,0,35,6,11
1403715943.133767127990723,50,8,41,9,11
1403715943.183766603469849,48,11,47,0,11
1403715943.233763933181763,50,13,44,2,11
1403715943.283760786056519,47,19,44,0,11
1403715943.333760261535645,45,1,39,1,11
1403715943.383759975433350,44,5,34,2,11
1403715943.433763742446899,38,10,26,3,11
1403715943.483764886856079,33,2,21,2,11
1403715943.533763885498047,26,0,16,2,11
1403715943.583763599395752,24,0,17,2,11
1403715943.633764743804932,23,1,19,3,11
1403715943.683764457702637,21,3,20,0,11
1403715943.733764171600342,21,2,20,0,11
1403715943.783765792846680,20,1,19,0,11
1403715943.833775281906128,24,1,19,4,11
1403715943.883778333663940,27,2,20,6,11
1403715943.933780908584595,25,1,25,0,11
1403715943.983792543411255,35,3,24,11,11
1403715944.033802032470703,42,0,34,7,11
1403715944.083808183670044,45,4,38,4,11
1403715944.133812189102173,46,0,40,3,11
1403715944.183814525604248,42,8,33,1,11
1403715944.233815908432007,40,2,28,1,11
1403715944.283818006515503,31,3,26,1,11
1403715944.333818912506104,28,1,25,1,11
1403715944.383819341659546,25,1,24,0,11
1403715944.433819532394409,21,2,19,1,11
1403715944.483820915222168,18,1,15,1,11
1403715944.533821582794189,12,1,11,0,11
1403715944.583822965621948,12,1,11,0,11
1403715944.633828639984131,12,2,11,1,11
1403715944.683844804763794,19,3,10,8,11
1403715944.733851671218872,20,1,15,1,11
1403715944.783861875534058,26,3,12,7,11
1403715944.833876609802246,33,3,17,10,11
1403715944.883892297744751,43,5,21,14,11
1403715944.933896780014038,44,12,35,3,11
1403715944.983897924423218,46,9,35,5,11
1403715945.033896684646606,40,12,33,3,11
1403715945.083893060684204,32,4,28,0,11
1403715945.133892536163330,23,2,18,0,11
1403715945.183887481689453,24,2,12,8,11
1403715945.233885765075684,20,4,14,2,11
1403715945.283884286880493,12,6,8,1,11
1403715945.333882570266724,10,8,9,0,11
1403715945.383881092071533,6,5,6,0,11
1403715945.433880090713501,6,3,6,0,11
1403715945.483876705169678,5,6,5,0,11
1403715945.533864498138428,8,2,5,3,11
1403715945.583857536315918,8,1,7,0,11
1403715945.633832693099976,17,4,7,9,11
1403715945.683812141418457,25,1,15,9,11
1403715945.733794689178467,35,6,24,11,11
1403715945.783789157867432,40,8,33,5,11
1403715945.833785772323608,41,0,35,2,11
1403715945.883787393569946,39,2,36,0,11
1403715945.933787584304810,36,1,32,1,11
1403715945.983787536621094,30,1,29,0,11
1403715946.033785343170166,21,3,19,0,11
1403715946.083781719207764,19,0,17,0,11
1403715946.133779525756836,17,1,16,0,11
1403715946.183776140213013,15,1,14,0,11
1403715946.233772277832031,16,2,13,2,11
1403715946.283764600753784,21,0,13,5,11
1403715946.333751678466797,24,0,16,4,11
1403715946.383732318878174,28,3,19,8,11
1403715946.433725833892822,26,5,22,0,11
1403715946.483717918395996,38,11,19,12,11
1403715946.533715248107910,35,9,28,2,11
1403715946.583712339401245,34,6,26,5,11
1403715946.633711576461792,31,7,21,6,11
1403715946.683712959289551,26,5,19,0,11
1403715946.733713150024414,18,7,14,0,11
1403715946.783714294433594,15,3,11,2,11
1403715946.833717584609985,13,4,11,0,11
1403715946.883721351623535,12,6,11,0,11
1403715946.933723211288452,11,4,8,1,11
1403715946.983725070953369,9,4,7,2,11
1403715947.033727169036865,11,4,9,2,11
1403715947.083743572235107,18,0,10,8,11
1403715947.133744001388550,14,4,14,0,11
1403715947.183744907379150,15,0,12,1,11
1403715947.233745336532593,15,0,12,0,11
1403715947.283749341964722,14,1,12,1,11
1403715947.333752632141113,15,1,12,2,11
1403715947.383762121200562,21,2,13,6,11
1403715947.433765649795532,21,3,17,2,11
1403715947.483768701553345,25,3,19,5,11
1403715947.533772706985474,24,6,23,1,11
1403715947.583774805068970,26,7,21,3,11
1403715947.633778095245361,21,6,16,3,11
1403715947.683779716491699,18,2,16,1,11
1403715947.733780860900879,21,1,16,4,11
1403715947.783778667449951,22,1,18,2,11
1403715947.833778619766235,18,5,15,0,11
1403715947.883780241012573,14,3,12,0,11
1403715947.933780431747437,7,4,6,0,11
1403715947.983780384063721,5,5,5,0,11
1403715948.033780336380005,9,0,5,4,11
1403715948.083781242370605,9,2,8,1,11
1403715948.133787155151367,15,1,9,6,11
1403715948.183790922164917,25,4,11,10,11
1403715948.233803510665894,34,3,18,11,11
1403715948.283819198608398,36,0,28,6,11
1403715948.333844900131226,44,2,31,10,11
1403715948.383856296539307,44,5,39,1,11
1403715948.433867692947388,49,9,40,7,11
1403715948.483871459960938,49,18,47,1,11
1403715948.533874750137329,48,11,46,1,11
1403715948.583874940872192,43,1,39,0,11
1403715948.633873701095581,38,2,34,0,11
1403715948.683874130249023,33,3,30,1,11
1403715948.733877182006836,34,2,27,4,11
1403715948.783879756927490,33,1,27,1,11
1403715948.833884716033936,26,1,22,0,11
1403715948.883893489837646,24,2,18,3,11
1403715948.933899164199829,23,0,21,1,11
1403715948.983904600143433,21,3,16,0,11
1403715949.033910036087036,22,0,13,3,11
1403715949.083920001983643,26,2,12,9,11
1403715949.133923292160034,26,1,20,2,11
1403715949.183930158615112,30,3,22,8,11
1403715949.233933448791504,32,4,28,2,11
1403715949.283936023712158,32,2,27,1,11
1403715949.333938121795654,31,1,19,4,11
1403715949.383938789367676,32,2,16,4,11
1403715949.433939456939697,26,4,19,1,11
1403715949.483940124511719,15,5,12,1,11
1403715949.533940315246582,15,2,12,1,11
1403715949.583939790725708,15,1,12,1,11
1403715949.633938074111938,14,4,11,0,11
1403715949.683937072753906,12,1,11,0,11
1403715949.733936071395874,12,1,11,1,11
1403715949.783939123153687,12,1,9,1,11
1403715949.833940744400024,14,1,9,2,11
1403715949.883941173553467,24,0,11,12,11
1403715949.933940649032593,23,2,23,0,11
1403715949.983940601348877,27,5,22,4,11
1403715950.033939361572266,36,10,23,9,11
1403715950.083937406539917,38,3,33,3,11
1403715950.133935928344727,42,6,28,8,11
1403715950.183934926986694,40,5,28,4,11
1403715950.233935594558716,34,1,22,8,11
1403715950.283936977386475,25,5,22,0,11
1403715950.333938360214233,22,3,19,1,11
1403715950.383938789367676,17,1,14,0,11
1403715950.433938741683960,15,0,11,1,11
1403715950.483938217163086,13,7,8,4,11
1403715950.533936977386475,12,5,7,1,11
1403715950.583936214447021,12,2,7,1,11
1403715950.633935689926147,13,5,7,5,11
1403715950.683933019638062,14,5,8,4,11
1403715950.733928442001343,14,4,11,2,11
1403715950.783927917480469,17,10,12,3,11
1403715950.833929777145386,21,3,12,7,11
1403715950.883929729461670,21,0,19,0,11
1403715950.933929204940796,21,3,16,4,11
1403715950.983927726745605,19,1,18,1,11
1403715951.033924818038940,19,3,17,0,11
1403715951.083922863006592,17,1,13,0,11
1403715951.133922338485718,18,0,9,1,11
1403715951.183923721313477,15,7,7,2,11
1403715951.233922481536865,14,4,10,2,11
1403715951.283921957015991,13,0,12,1,11
1403715951.333920240402222,13,5,11,1,11
1403715951.383920192718506,5,4,5,0,11
1403715951.433919668197632,5,2,4,0,11
1403715951.483919382095337,5,1,4,0,11
1403715951.533919095993042,5,4,3,2,11
1403715951.583915233612061,8,1,5,3,11
1403715951.633907079696655,15,2,6,8,11
1403715951.683906316757202,22,2,12,7,11
1403715951.733906269073486,29,1,17,8,11
1403715951.783905029296875,43,3,25,16,11
1403715951.833904743194580,45,17,36,7,11
1403715951.883904457092285,43,10,39,0,11
1403715951.933903217315674,46,16,37,7,11
1403715951.983900785446167,45,11,37,1,11
1403715952.033902168273926,48,5,32,5,11
1403715952.083901643753052,38,5,26,1,11
1403715952.133901119232178,30,3,22,0,11
1403715952.183899402618408,25,8,13,3,11
1403715952.233895301818848,20,4,11,0,11
1403715952.283893346786499,12,2,8,2,11
1403715952.333891630172729,7,1,7,0,11
1403715952.383890390396118,6,1,5,0,11
1403715952.433891057968140,6,4,4,1,11
1403715952.483889818191528,8,0,5,2,11
1403715952.533897638320923,11,2,4,4,11
1403715952.583897829055786,9,2,7,0,11
1403715952.633901119232178,9,1,5,2,11
1403715952.683900833129883,8,2,6,1,11
1403715952.733895063400269,11,0,6,5,11
1403715952.783895254135132,12,2,8,1,11
1403715952.833894968032837,15,5,9,3,11
1403715952.883893013000488,12,4,10,2,11
1403715952.933890819549561,12,3,10,0,11
1403715952.983893632888794,14,2,9,3,11
1403715953.033893346786499,14,15,6,3,11
1403715953.083892345428467,12,2,7,0,11
1403715953.133891582489014,11,0,6,3,11
1403715953.183892011642456,7,5,6,1,11
1403715953.233892917633057,7,3,7,0,11
1403715953.283893823623657,7,3,7,0,11
1403715953.333894491195679,7,2,7,0,11
1403715953.383894681930542,3,2,3,0,11
1403715953.433894634246826,4,2,3,1,11
1403715953.483895063400269,9,2,4,5,11
1403715953.533895015716553,11,1,9,2,11
1403715953.583896875381470,15,7,11,4,11
1403715953.633897304534912,15,1,14,0,11
1403715953.683898210525513,20,3,14,5,11
1403715953.733901739120483,34,7,19,15,11
1403715953.783902406692505,45,3,28,13,11
1403715953.833901166915894,45,1,39,3,11
1403715953.883898258209229,44,4,39,5,11
1403715953.933895111083984,50,8,41,6,11
1403715953.983893632888794,47,11,39,0,11
1403715954.033893346786499,43,11,38,0,11
1403715954.083893299102783,35,7,30,1,11
1403715954.133892297744751,30,8,20,0,11
1403715954.183892488479614,26,1,13,3,11
1403715954.233892917633057,20,7,15,2,11
1403715954.283894538879395,18,3,17,1,11
1403715954.333897352218628,15,3,15,0,11
1403715954.383898258209229,14,7,12,1,11
1403715954.433899164199829,14,4,13,0,11
1403715954.483902454376221,14,5,11,2,11
1403715954.533902645111084,11,14,10,0,11
1403715954.583903789520264,9,9,7,0,11
1403715954.633907794952393,15,1,4,7,11
1403715954.683911800384521,17,4,6,4,11
1403715954.733913660049438,16,2,11,1,11
1403715954.783915996551514,15,2,11,4,11
1403715954.833919525146484,19,1,14,5,11
1403715954.883921384811401,19,1,18,1,11
1403715954.933922052383423,19,5,16,2,11
1403715954.983921766281128,19,5,16,1,11
1403715955.033922195434570,18,8,16,0,11
1403715955.083921432495117,21,1,16,4,11
1403715955.133921861648560,21,5,19,2,11
1403715955.183920621871948,20,10,16,3,11
1403715955.233918666839600,18,2,16,1,11
1403715955.283917903900146,17,4,15,2,11
1403715955.333917140960693,18,2,16,1,11
1403715955.383916378021240,15,3,14,0,11
1403715955.433916091918945,12,5,10,0,11
1403715955.483915567398071,12,3,10,0,11
1403715955.533915281295776,13,3,8,4,11
1403715955.583914995193481,18,3,11,5,11
1403715955.633916854858398,18,2,14,3,11
1403715955.683918476104736,23,4,16,6,11
1403715955.733918428421021,25,1,21,3,11
1403715955.783919095993042,25,1,24,1,11
1403715955.833920001983643,33,12,23,8,11
1403715955.883921146392822,36,6,25,4,11
1403715955.933920145034790,37,4,24,4,11
1403715955.983918905258179,28,5,19,2,11
1403715956.033917188644409,22,5,14,1,11
1403715956.083915472030640,20,3,11,5,11
1403715956.133914947509766,18,0,9,2,11
1403715956.183914899826050,18,2,10,2,11
1403715956.233914852142334,16,2,11,3,11
1403715956.283914804458618,16,3,11,1,11
1403715956.333914041519165,15,5,11,0,11
1403715956.383912324905396,11,2,10,1,11
1403715956.433911561965942,11,4,6,2,11
1403715956.483912467956543,7,8,5,0,11
1403715956.533901453018188,13,2,5,7,11
1403715956.583899021148682,18,1,10,6,11
1403715956.633895874023438,22,1,15,4,11
1403715956.683894157409668,23,1,19,3,11
1403715956.733890056610107,24,0,21,2,11
1403715956.783889293670654,28,1,22,4,11
1403715956.833887100219727,29,0,25,3,11
1403715956.883884429931641,30,4,28,2,11
1403715956.933881521224976,42,2,29,12,11
1403715956.983880519866943,47,2,37,6,11
1403715957.033878326416016,46,2,39,2,11
1403715957.083874464035034,43,4,36,5,11
1403715957.133870363235474,46,0,37,5,11
1403715957.183868408203125,39,2,33,1,11
1403715957.233866453170776,37,1,29,5,11
1403715957.283866167068481,30,3,28,1,11
1403715957.333865642547607,29,2,28,1,11
1403715957.383864641189575,29,3,26,3,11
1403715957.433863639831543,29,2,28,0,11
1403715957.483862876892090,33,1,25,7,11
1403715957.533862352371216,27,4,25,0,11
1403715957.583860635757446,26,2,22,3,11
1403715957.633857727050781,23,4,22,0,11
1403715957.683852910995483,28,2,20,6,11
1403715957.733845710754395,27,1,24,1,11
1403715957.783837080001831,27,16,25,1,11
1403715957.833832263946533,28,1,20,1,11
1403715957.883828401565552,29,6,19,2,11
1403715957.933827400207520,22,1,13,3,11
1403715957.983824968338013,22,3,10,2,11
1403715958.033825397491455,16,2,9,0,11
1403715958.083825588226318,12,5,6,0,11
1403715958.133826255798340,9,1,4,0,11
1403715958.183826923370361,6,3,2,1,11
1403715958.233829975128174,5,2,3,1,11
1403715958.283830881118774,4,1,3,0,11
1403715958.333836555480957,7,3,3,3,11
1403715958.383843421936035,6,5,3,1,11
1403715958.433856248855591,8,9,3,3,11
1403715958.483865976333618,14,3,4,8,11
1403715958.533868074417114,16,3,11,2,11
1403715958.583873748779297,20,1,11,6,11
1403715958.633876800537109,20,0,18,1,11
1403715958.683881521224976,22,1,15,6,11
1403715958.733882665634155,24,2,19,3,11
1403715958.783883810043335,24,1,21,1,11
1403715958.833882570266724,24,6,21,2,11
1403715958.883879661560059,26,7,23,2,11
1403715958.933879613876343,26,1,24,1,11
1403715958.983880519866943,26,1,22,2,11
1403715959.033880710601807,27,6,23,1,11
1403715959.083882570266724,29,1,23,4,11
1403715959.133883237838745,27,4,26,1,11
1403715959.183883428573608,27,0,27,0,11
1403715959.233884572982788,30,4,26,3,11
1403715959.283888101577759,35,2,29,5,11
1403715959.333889245986938,32,4,28,2,11
1403715959.383889198303223,30,3,22,3,11
1403715959.433889150619507,25,4,21,1,11
1403715959.483890295028687,28,1,17,9,11
1403715959.533892154693604,28,3,23,0,11
1403715959.583894491195679,32,1,23,6,11
1403715959.633899211883545,29,0,24,4,11
1403715959.683905601501465,32,3,28,4,11
1403715959.733914852142334,30,10,23,0,11
1403715959.783920049667358,29,7,14,0,11
1403715959.833924055099487,28,8,9,7,11
1403715959.883927106857300,22,3,16,3,11
1403715959.933928728103638,21,8,13,2,11
1403715959.983926057815552,21,4,14,2,11
1403715960.033925533294678,18,0,16,1,11
1403715960.083924055099487,19,13,15,2,11
1403715960.133924484252930,17,3,12,0,11
1403715960.183924674987793,18,2,12,4,11
1403715960.233924388885498,16,20,11,1,11
1403715960.283923864364624,14,3,10,0,11
1403715960.333923578262329,13,1,8,3,11
1403715960.383921623229980,11,7,6,4,11
1403715960.433920383453369,10,0,6,1,11
1403715960.483917236328125,10,1,6,2,11
1403715960.533909320831299,11,0,7,3,11
1403715960.583905220031738,11,0,9,0,11
1403715960.633897304534912,11,1,10,1,11
1403715960.683893203735352,12,1,7,1,11
1403715960.733891487121582,11,1,8,0,11
1403715960.783888578414917,9,8,7,1,11
1403715960.833883523941040,14,5,8,5,11
1403715960.883883476257324,13,1,12,0,11
1403715960.933882713317871,11,3,10,0,11
1403715960.983878850936890,19,1,9,9,11
1403715961.033878803253174,20,4,18,2,11
1403715961.083878040313721,13,3,12,0,11
1403715961.133877038955688,11,2,9,1,11
1403715961.183876752853394,11,3,10,0,11
1403715961.233875989913940,12,0,9,3,11
1403715961.283873796463013,14,1,11,2,11
1403715961.333871841430664,20,3,13,6,11
1403715961.383874416351318,23,2,17,3,11
1403715961.433879613876343,26,13,19,5,11
1403715961.483882188796997,25,13,22,3,11
1403715961.533883571624756,29,10,23,5,11
1403715961.583884477615356,28,3,22,1,11
1403715961.633885383605957,25,1,19,1,11
1403715961.683885097503662,20,1,18,0,11
1403715961.733886003494263,17,11,12,1,11
1403715961.783886671066284,16,3,9,0,11
1403715961.833888053894043,12,5,5,2,11
1403715961.883889198303223,5,10,3,0,11
1403715961.933891057968140,6,3,2,2,11
1403715961.983889102935791,8,5,2,3,11
1403715962.033889770507812,6,2,1,1,11
1403715962.083893060684204,8,1,0,4,11
1403715962.133893251419067,6,3,2,1,11
1403715962.183893442153931,4,0,2,0,11
1403715962.233895540237427,4,0,2,1,11
1403715962.283896207809448,3,0,1,0,11
1403715962.333898305892944,3,4,0,0,11
1403715962.383898496627808,1,4,0,0,11
1403715962.433902978897095,2,0,0,2,11
1403715962.483909130096436,3,0,1,1,11
1403715962.533909559249878,3,1,1,0,11
1403715962.583922147750854,4,5,0,3,11
1403715962.633923530578613,4,3,0,1,11
1403715962.683927059173584,4,1,1,2,11
1403715962.733931779861450,5,1,1,2,11
1403715962.783932209014893,5,0,1,1,11
1403715962.833932399749756,3,1,1,0,11
1403715962.883932352066040,2,2,1,0,11
1403715962.933932781219482,3,9,0,2,11
1403715962.983932733535767,3,4,1,0,11
1403715963.033932924270630,3,6,0,2,11
1403715963.083932638168335,5,4,0,5,11
1403715963.133931636810303,9,7,3,5,11
1403715963.183929681777954,10,5,3,3,11
1403715963.233928203582764,11,12,3,4,11
1403715963.283927917480469,17,6,6,9,11
1403715963.333928823471069,21,11,9,7,11
1403715963.383930921554565,20,6,13,1,11
1403715963.433937788009644,18,19,13,4,11
1403715963.483941078186035,16,4,11,0,11
1403715963.533943176269531,15,11,11,1,11
1403715963.583944320678711,16,14,12,3,11
1403715963.633947610855103,21,9,14,7,11
1403715963.683947086334229,22,19,15,2,11
1403715963.733947515487671,20,8,16,0,11
1403715963.783950805664062,25,4,15,10,11
1403715963.833951950073242,26,2,24,2,11
1403715963.883953094482422,25,1,24,0,11
1403715963.933955430984497,29,1,24,4,11
1403715963.983955860137939,30,0,27,2,11
1403715964.033956289291382,38,3,29,8,11
1403715964.083956241607666,33,3,31,0,11
1403715964.133955955505371,44,3,30,11,11
1403715964.183958053588867,45,3,35,5,11
1403715964.233964204788208,48,2,35,3,11
1403715964.283977508544922,45,19,37,3,11
1403715964.333982944488525,43,0,38,2,11
1403715964.383990287780762,47,4,38,5,11
1403715964.433991670608521,46,2,40,1,11
1403715964.483992099761963,45,4,40,1,11
1403715964.533991336822510,44,1,40,2,11
1403715964.583990335464478,44,3,41,1,11
1403715964.633989572525024,45,3,42,2,11
1403715964.683990240097046,49,11,44,5,11
1403715964.733989000320435,46,4,45,0,11
1403715964.783989667892456,46,1,44,1,11
1403715964.833990335464478,47,8,40,5,11
1403715964.883991479873657,46,16,41,3,11
1403715964.933990955352783,45,2,41,2,11
1403715964.983991146087646,44,2,42,1,11
1403715965.033991575241089,42,0,39,1,11
1403715965.083991050720215,39,2,36,0,11
1403715965.133991718292236,33,2,31,1,11
1403715965.183992624282837,31,0,31,0,11
1403715965.233996629714966,48,4,31,17,11
1403715965.283999919891357,48,2,47,0,11
1403715965.334002256393433,48,5,45,0,11
1403715965.384000778198242,48,5,42,2,11
1403715965.434000015258789,49,3,41,3,11
1403715965.483997583389282,46,10,40,3,11
1403715965.533994913101196,44,0,42,1,11
1403715965.583989620208740,44,0,43,1,11
1403715965.633979558944702,44,1,44,0,11
1403715965.683972120285034,44,12,42,0,11
1403715965.733965873718262,45,13,40,1,11
1403715965.783963441848755,44,5,38,1,11
1403715965.833964109420776,38,14,34,1,11
1403715965.883962631225586,36,4,33,2,11
1403715965.933961153030396,33,4,27,2,11
1403715965.983960866928101,30,1,22,1,11
1403715966.033959627151489,30,3,19,3,11
1403715966.083961963653564,29,4,15,6,11
1403715966.133962869644165,20,0,13,2,11
1403715966.183964252471924,18,0,14,0,11
1403715966.233966350555420,16,1,14,1,11
1403715966.283968687057495,16,0,15,1,11
1403715966.333967685699463,19,2,15,4,11
1403715966.383968591690063,23,0,19,4,11
1403715966.433968305587769,27,1,19,4,11
1403715966.483967304229736,29,3,18,2,11
1403715966.533967494964600,34,6,18,9,11
1403715966.583967924118042,29,3,25,3,11
1403715966.633968830108643,27,0,26,0,11
1403715966.683969736099243,25,0,25,0,11
1403715966.733970880508423,24,1,23,1,11
1403715966.783971071243286,28,2,23,5,11
1403715966.833972930908203,27,2,26,0,11
1403715966.883975028991699,26,0,25,0,11
1403715966.933979988098145,28,3,20,3,11
1403715966.983981132507324,29,10,22,3,11
1403715967.033984899520874,32,10,24,6,11
1403715967.083984613418579,32,10,28,2,11
1403715967.133984565734863,37,8,29,6,11
1403715967.183987140655518,37,4,30,3,11
1403715967.233988046646118,31,3,20,0,11
1403715967.283988714218140,24,4,11,0,11
1403715967.333988189697266,17,4,4,2,11
1403715967.383987903594971,13,1,4,3,11
1403715967.433990001678467,11,1,6,3,11
1403715967.483989953994751,9,0,7,1,11
1403715967.533990383148193,9,0,8,0,11
1403715967.583995342254639,16,1,8,8,11
1403715967.633994579315186,18,3,13,2,11
1403715967.683993101119995,19,1,15,1,11
1403715967.733993768692017,19,3,13,4,11
1403715967.783994197845459,20,7,13,2,11
1403715967.833994150161743,22,1,12,3,11
1403715967.883994579315186,20,0,10,4,11
1403715967.933995485305786,21,1,14,4,11
1403715967.983996152877808,21,1,16,4,11
1403715968.033997297286987,21,2,18,0,11
1403715968.083998203277588,20,5,16,1,11
1403715968.133998394012451,19,2,17,1,11
1403715968.183998823165894,20,2,18,2,11
1403715968.234001398086548,21,2,19,2,11
1403715968.284000873565674,30,0,21,9,11
1403715968.333998441696167,32,1,30,2,11
1403715968.383995771408081,40,5,32,8,11
1403715968.433993339538574,47,9,40,7,11
1403715968.483991622924805,49,9,47,2,11
1403715968.533990621566772,48,4,47,0,11
1403715968.583989858627319,49,3,46,1,11
1403715968.633987188339233,49,14,47,1,11
1403715968.683987140655518,48,3,45,2,11
1403715968.733988523483276,46,1,43,0,11
1403715968.783989906311035,46,0,42,1,11
1403715968.833991289138794,44,1,42,0,11
1403715968.883993625640869,40,1,39,0,11
1403715968.933995485305786,40,0,37,1,11
1403715968.983990192413330,45,1,37,6,11
1403715969.033984661102295,47,8,40,4,11
1403715969.083982706069946,48,1,37,3,11
1403715969.133980512619019,46,6,26,0,11
1403715969.183979272842407,43,3,20,6,11
1403715969.233977556228638,34,4,19,8,11
1403715969.283976078033447,28,6,22,1,11
1403715969.333974599838257,24,6,18,0,11
1403715969.383972406387329,20,2,14,2,11
1403715969.433970689773560,15,0,11,0,11
1403715969.483969688415527,10,4,7,0,11
1403715969.533969402313232,6,4,3,0,11
1403715969.583968639373779,3,1,3,0,11
1403715969.633967399597168,4,7,3,1,11
1403715969.683959245681763,11,2,3,7,11
1403715969.733956336975098,11,5,9,0,11
1403715969.783940076828003,32,9,7,21,11
1403715969.833937168121338,36,7,22,7,11
1403715969.883931875228882,47,15,26,13,11
1403715969.933931112289429,45,15,32,5,11
1403715969.983932256698608,43,5,30,5,11
1403715970.033932447433472,37,0,26,5,11
1403715970.083932161331177,33,4,26,1,11
1403715970.133930444717407,32,3,26,5,11
1403715970.183930397033691,32,4,28,1,11
1403715970.233930110931396,20,0,19,0,11
1403715970.283930301666260,15,3,13,0,11
1403715970.333930969238281,13,1,12,0,11
1403715970.383931875228882,12,1,11,0,11
1403715970.433935403823853,20,0,9,9,11
1403715970.483937740325928,20,2,17,1,11
1403715970.533943176269531,33,1,17,15,11
1403715970.583938837051392,34,2,26,4,11
1403715970.633935689926147,35,0,19,1,11
1403715970.683930397033691,42,4,17,13,11
1403715970.733928203582764,42,0,23,9,11
1403715970.783926963806152,34,5,26,1,11
1403715970.833925962448120,28,1,24,1,11
1403715970.883925914764404,25,2,22,3,11
1403715970.933926582336426,22,2,20,0,11
1403715970.983927965164185,20,3,11,4,11
1403715971.033928155899048,11,5,9,0,11
1403715971.083928108215332,8,2,6,1,11
1403715971.133928537368774,11,1,7,4,11
1403715971.183929204940796,10,1,10,0,11
1403715971.233929872512817,20,2,8,11,11
1403715971.283933401107788,33,8,17,14,11
1403715971.333934068679810,31,9,27,2,11
1403715971.383936882019043,46,10,28,16,11
1403715971.433938503265381,46,5,42,1,11
1403715971.483941078186035,45,16,38,4,11
1403715971.533942461013794,39,4,33,1,11
1403715971.583941936492920,36,8,28,2,11
1403715971.633941650390625,39,4,28,8,11
1403715971.683941364288330,31,5,23,1,11
1403715971.733940362930298,32,8,21,3,11
1403715971.783940553665161,22,1,19,2,11
1403715971.833940982818604,11,2,10,0,11
1403715971.883939981460571,11,4,9,0,11
1403715971.933939456939697,13,3,9,3,11
1403715971.983934640884399,20,6,11,8,11
1403715972.033934593200684,19,4,19,0,11
1403715972.083932161331177,27,1,19,8,11
1403715972.133930683135986,32,1,26,6,11
1403715972.183929681777954,35,1,27,3,11
1403715972.233928680419922,35,2,26,0,11
1403715972.283928632736206,42,3,22,15,11
1403715972.333928108215332,38,3,35,2,11
1403715972.383929729461670,40,2,36,2,11
1403715972.433930397033691,43,0,36,6,11
1403715972.483935117721558,49,4,39,8,11
1403715972.533938646316528,48,1,45,0,11
1403715972.583944559097290,50,6,45,4,11
1403715972.633946418762207,48,2,35,0,11
1403715972.683947563171387,50,6,26,2,11
1403715972.733947753906250,48,0,23,11,11
1403715972.783948183059692,45,3,33,6,11
1403715972.833945751190186,48,0,37,8,11
1403715972.883941411972046,49,1,40,2,11
1403715972.933936357498169,49,2,41,2,11
1403715972.983932018280029,48,3,43,4,11
1403715973.033930301666260,47,0,47,0,11
1403715973.083929538726807,48,1,46,1,11
1403715973.133929014205933,48,1,47,0,11
1403715973.183928728103638,49,0,47,2,11
1403715973.233928918838501,50,9,49,1,11
1403715973.283928632736206,50,7,50,0,11
1403715973.333927869796753,50,6,50,0,11
1403715973.383926630020142,50,12,50,0,11
1403715973.433925151824951,50,2,50,0,11
1403715973.483923912048340,50,2,50,0,11
1403715973.533923625946045,50,2,50,0,11
1403715973.583922863006592,50,5,49,0,11
1403715973.633922576904297,50,1,49,0,11
1403715973.683922290802002,43,4,42,0,11
1403715973.733922243118286,40,0,39,0,11
1403715973.783922195434570,41,1,39,1,11
1403715973.833922147750854,47,1,39,8,11
1403715973.883922338485718,47,0,46,1,11
1403715973.933922529220581,48,2,46,2,11
1403715973.983923196792603,50,8,48,2,11
1403715974.033924102783203,50,2,50,0,11
1403715974.083925008773804,50,1,50,0,11
1403715974.133924961090088,50,2,50,0,11
1403715974.183925151824951,50,34,50,0,11
1403715974.233925342559814,50,1,50,0,11
1403715974.283925533294678,50,2,50,0,11
1403715974.333925485610962,48,0,48,0,11
1403715974.383925676345825,48,0,48,0,11
1403715974.433925628662109,49,0,48,1,11
1403715974.483925580978394,50,1,49,1,11
1403715974.533926010131836,49,2,49,0,11
1403715974.583925962448120,50,7,49,1,11
1403715974.633925676345825,50,2,50,0,11
1403715974.683925867080688,50,2,50,0,11
1403715974.733925819396973,50,3,50,0,11
1403715974.783925533294678,50,31,50,0,11
1403715974.833925485610962,50,1,50,0,11
1403715974.883925437927246,50,2,50,0,11
1403715974.933925151824951,50,0,50,0,11
1403715974.983924865722656,50,1,50,0,11
1403715975.033925294876099,50,1,50,0,11
1403715975.083925247192383,50,1,50,0,11
1403715975.133925199508667,50,2,50,0,11
1403715975.183925151824951,50,8,50,0,11
1403715975.233925104141235,50,3,50,0,11
1403715975.283925294876099,50,2,50,0,11
1403715975.333925008773804,50,7,50,0,11
1403715975.383924722671509,50,26,49,0,11
1403715975.433924674987793,50,5,49,0,11
1403715975.483924865722656,49,2,48,1,11
1403715975.533925056457520,48,0,48,0,11
1403715975.583925008773804,48,1,48,0,11
1403715975.633924961090088,48,0,48,0,11
1403715975.683925151824951,50,14,48,2,11
1403715975.733925104141235,50,2,50,0,11
1403715975.783925533294678,50,6,50,0,11
1403715975.833925724029541,50,31,50,0,11
1403715975.883926153182983,50,1,50,0,11
1403715975.933925867080688,50,3,50,0,11
1403715975.983926534652710,50,23,50,0,11
1403715976.033926725387573,50,1,50,0,11
1403715976.083927154541016,50,2,50,0,11
1403715976.133928060531616,50,0,50,0,11
1403715976.183928012847900,50,1,50,0,11
1403715976.233927965164185,50,0,50,0,11
1403715976.283928155899048,46,10,45,0,11
1403715976.333928108215332,48,2,45,2,11
1403715976.383928298950195,49,6,47,2,11
1403715976.433928012847900,50,21,49,1,11
1403715976.483927488327026,50,1,50,0,11
1403715976.533927679061890,50,2,49,0,11
1403715976.583928108215332,50,16,49,0,11
1403715976.633928060531616,49,1,49,0,11
1403715976.683927774429321,50,1,49,1,11
1403715976.733927726745605,50,0,50,0,11
1403715976.783928155899048,50,2,50,0,11
1403715976.833928108215332,50,1,50,0,11
1403715976.883928298950195,50,7,50,0,11
1403715976.933928251266479,50,2,50,0,11
1403715976.983928203582764,50,4,50,0,11
1403715977.033928394317627,50,11,50,0,11
1403715977.083928346633911,50,1,50,0,11
1403715977.133928537368774,50,0,50,0,11
1403715977.183928966522217,50,14,50,0,11
1403715977.233928918838501,50,3,50,0,11
1403715977.283929347991943,49,4,48,0,11
1403715977.333929300308228,49,2,48,0,11
1403715977.383929252624512,49,5,48,1,11
1403715977.433929443359375,48,2,48,0,11
1403715977.483929395675659,50,0,47,2,11
1403715977.533929586410522,50,4,46,0,11
1403715977.583929538726807,49,7,46,0,11
1403715977.633929491043091,49,7,41,3,11
1403715977.683929443359375,49,1,42,1,11
1403715977.733929157257080,46,5,40,3,11
1403715977.783929347991943,40,7,37,1,11
1403715977.833929061889648,42,1,37,3,11
1403715977.883929014205933,41,0,36,2,11
1403715977.933928966522217,40,3,37,0,11
1403715977.983928680419922,40,3,32,3,11
1403715978.033928632736206,38,3,31,0,11
1403715978.083928585052490,36,3,29,2,11
1403715978.133928537368774,37,1,30,5,11
1403715978.183928489685059,46,3,30,12,11
1403715978.233928442001343,45,2,39,1,11
1403715978.283928394317627,41,0,35,2,11
1403715978.333928346633911,46,0,32,8,11
1403715978.383928298950195,45,4,37,4,11
1403715978.433928489685059,40,2,39,0,11
1403715978.483928442001343,35,4,33,0,11
1403715978.533928632736206,32,6,29,3,11
1403715978.583928346633911,27,4,26,0,11
1403715978.633928060531616,24,2,21,0,11
1403715978.683927536010742,27,2,17,6,11
1403715978.733927011489868,25,3,21,1,11
1403715978.783926486968994,20,1,16,2,11
1403715978.833926200866699,15,6,14,0,11
1403715978.883926153182983,9,0,6,2,11
1403715978.933926105499268,8,1,7,0,11
1403715978.983925819396973,13,7,6,7,11
1403715979.033925771713257,17,1,13,4,11
1403715979.083925962448120,22,6,17,5,11
1403715979.133925914764404,22,5,21,0,11
1403715979.183925867080688,28,2,21,6,11
1403715979.233924865722656,25,4,24,0,11
1403715979.283923625946045,31,5,22,8,11
1403715979.333923578262329,30,4,21,3,11
1403715979.383924484252930,28,0,21,2,11
1403715979.433925628662109,23,4,22,1,11
1403715979.483926534652710,24,0,22,1,11
1403715979.533927440643311,25,0,21,2,11
1403715979.583928346633911,24,2,20,3,11
1403715979.633929014205933,25,1,16,3,11
1403715979.683929443359375,23,4,16,0,11
1403715979.733929395675659,22,3,10,8,11
1403715979.783929586410522,20,4,13,3,11
1403715979.833929300308228,12,2,5,1,11
1403715979.883929252624512,17,4,3,6,11
1403715979.933927774429321,18,0,5,7,11
1403715979.983927488327026,14,6,5,0,11
1403715980.033926010131836,18,5,5,7,11
1403715980.083925724029541,11,2,5,2,11
1403715980.133925437927246,12,9,4,1,11
1403715980.183925390243530,14,5,3,6,11
1403715980.233925580978394,13,8,7,3,11
1403715980.283926248550415,11,1,9,1,11
1403715980.333926439285278,11,4,9,1,11
1403715980.383926391601562,10,4,9,0,11
1403715980.433926582336426,8,4,7,0,11
1403715980.483926534652710,9,3,6,2,11
1403715980.533926963806152,13,2,7,4,11
1403715980.583927154541016,14,5,8,3,11
1403715980.633927345275879,14,0,8,1,11
1403715980.683927297592163,10,6,6,1,11
1403715980.733927249908447,4,2,2,1,11
1403715980.783927202224731,11,2,3,7,11
1403715980.833926916122437,15,2,8,5,11
1403715980.883926868438721,20,5,13,5,11
1403715980.933926820755005,22,3,18,4,11
1403715980.983927249908447,22,5,20,2,11
1403715981.033926963806152,19,5,8,6,11
1403715981.083927392959595,21,4,9,2,11
1403715981.133927345275879,18,4,9,2,11
1403715981.183927774429321,18,4,5,9,11
1403715981.233927726745605,20,5,6,5,11
1403715981.283927917480469,18,0,9,3,11
1403715981.333928108215332,14,0,11,1,11
1403715981.383928060531616,13,0,12,0,11
1403715981.433928489685059,16,1,10,6,11
1403715981.483928442001343,21,6,14,6,11
1403715981.533928394317627,22,0,17,1,11
1403715981.583928108215332,23,2,16,5,11
1403715981.633928060531616,23,0,17,2,11
1403715981.683928012847900,25,1,17,4,11
1403715981.733928442001343,21,1,20,1,11
1403715981.783928394317627,22,2,21,1,11
1403715981.833927869796753,26,1,21,4,11
1403715981.883927583694458,29,1,23,3,11
1403715981.933926582336426,25,1,20,3,11
1403715981.983926296234131,24,0,20,3,11
1403715982.033927202224731,24,4,21,1,11
1403715982.083927154541016,24,1,21,1,11
1403715982.133927822113037,24,1,20,3,11
1403715982.183928012847900,21,2,19,0,11
1403715982.233928203582764,13,4,13,0,11
1403715982.283928871154785,17,2,13,4,11
1403715982.333928346633911,24,1,16,7,11
1403715982.383928060531616,27,0,20,4,11
1403715982.433928251266479,32,1,23,7,11
1403715982.483928442001343,34,2,26,7,11
1403715982.533928871154785,38,2,29,7,11
1403715982.583929538726807,41,1,25,9,11
1403715982.633929252624512,38,2,29,0,11
1403715982.683927774429321,36,0,28,5,11
1403715982.733926773071289,37,0,24,7,11
1403715982.783926248550415,37,2,26,2,11
1403715982.833926200866699,33,5,26,3,11
1403715982.883926153182983,32,4,25,5,11
1403715982.933926105499268,30,2,29,1,11
1403715982.983925819396973,30,3,26,3,11
1403715983.033926010131836,19,2,18,0,11
1403715983.083925962448120,19,2,14,2,11
1403715983.133925914764404,14,4,12,0,11
1403715983.183926105499268,18,6,9,8,11
1403715983.233926057815552,18,4,14,0,11
1403715983.283926248550415,15,3,12,1,11
1403715983.333926200866699,18,2,11,7,11
1403715983.383926391601562,21,4,15,5,11
1403715983.433926582336426,23,6,17,3,11
1403715983.483926773071289,28,6,15,8,11
1403715983.533926963806152,34,7,18,9,11
1403715983.583927154541016,18,8,13,0,11
1403715983.633927106857300,24,4,11,9,11
1403715983.683927059173584,23,0,17,1,11
1403715983.733927011489868,26,4,14,5,11
1403715983.783927202224731,27,10,14,4,11
1403715983.833927154541016,31,8,16,9,11
1403715983.883927106857300,24,3,19,1,11
1403715983.933927059173584,23,5,18,1,11
1403715983.983926773071289,23,2,14,3,11
1403715984.033926963806152,18,9,12,1,11
1403715984.083926200866699,21,4,10,7,11
1403715984.133926153182983,15,3,13,0,11
1403715984.183925867080688,14,4,12,1,11
1403715984.233925819396973,14,4,12,1,11
1403715984.283926248550415,8,5,8,0,11
1403715984.333926200866699,8,2,8,0,11
1403715984.383925914764404,9,9,8,1,11
1403715984.433926105499268,8,6,8,0,11
1403715984.483926057815552,10,3,8,2,11
1403715984.533926486968994,10,7,9,1,11
1403715984.583925724029541,13,3,6,6,11
1403715984.633925437927246,8,3,7,0,11
1403715984.683924198150635,12,10,5,5,11
1403715984.733924150466919,12,1,8,1,11
1403715984.783924579620361,5,5,2,0,11
1403715984.833924770355225,7,5,0,5,11
1403715984.883924722671509,6,3,1,1,11
1403715984.933924674987793,6,1,2,0,11
1403715984.983924627304077,5,9,2,3,11
1403715985.033926010131836,10,2,5,5,11
1403715985.083925962448120,8,8,8,0,11
1403715985.133925676345825,8,5,6,1,11
1403715985.183924913406372,14,1,5,6,11
1403715985.233924865722656,19,1,9,6,11
1403715985.283924818038940,17,1,14,1,11
1403715985.333924770355225,19,1,15,4,11
1403715985.383924722671509,20,0,17,2,11
1403715985.433924674987793,19,4,19,0,11
1403715985.483924865722656,25,5,16,7,11
1403715985.533925533294678,25,1,21,1,11
1403715985.583925962448120,22,7,20,0,11
1403715985.633926391601562,21,4,17,0,11
1403715985.683926820755005,17,4,12,0,11
1403715985.733926534652710,18,9,11,4,11
1403715985.783926248550415,16,2,14,0,11
1403715985.833925008773804,19,2,14,4,11
1403715985.883922338485718,30,1,16,12,11
1403715985.933919191360474,31,3,26,2,11
1403715985.983917713165283,30,2,28,0,11
1403715986.033916711807251,28,2,27,1,11
1403715986.083915710449219,35,3,28,7,11
1403715986.133915424346924,36,1,34,2,11
1403715986.183914661407471,43,6,36,7,11
1403715986.233914852142334,47,1,43,4,11
1403715986.283915042877197,50,6,47,3,11
1403715986.333915472030640,50,15,49,0,11
1403715986.383915662765503,48,15,47,0,11
1403715986.433915853500366,48,0,47,1,11
1403715986.483915328979492,49,5,46,1,11
1403715986.533914327621460,47,2,43,0,11
1403715986.583911895751953,46,5,39,0,11
1403715986.633910417556763,44,9,39,1,11
1403715986.683908939361572,40,5,38,2,11
1403715986.733908891677856,41,2,37,3,11
1403715986.783910036087036,41,3,39,1,11
1403715986.833911657333374,41,2,41,0,11
1403715986.883913040161133,42,2,41,1,11
1403715986.933914899826050,49,2,42,7,11
1403715986.983916997909546,50,10,48,1,11
1403715987.033918619155884,50,2,48,0,11
1403715987.083918809890747,47,5,47,0,11
1403715987.133919000625610,47,4,47,0,11
1403715987.183919191360474,49,13,47,2,11
1403715987.233918905258179,48,9,44,1,11
1403715987.283919095993042,48,5,45,2,11
1403715987.333919525146484,46,6,44,1,11
1403715987.383919715881348,46,0,44,1,11
1403715987.433919429779053,45,1,43,0,11
1403715987.483919620513916,45,0,42,0,11
1403715987.533920049667358,41,0,41,0,11
1403715987.583920717239380,49,0,41,8,11
1403715987.633921146392822,50,5,48,1,11
1403715987.683921337127686,50,6,49,0,11
1403715987.733921527862549,49,0,49,0,11
1403715987.783921480178833,49,8,48,0,11
1403715987.833921909332275,47,8,44,1,11
1403715987.883921861648560,48,1,42,3,11
1403715987.933922052383423,44,5,40,2,11
1403715987.983921527862549,42,1,42,0,11
1403715988.033921480178833,49,9,40,8,11
1403715988.083920717239380,45,0,43,0,11
1403715988.133919715881348,47,7,41,5,11
1403715988.183919906616211,46,1,45,0,11
1403715988.233920335769653,49,3,45,3,11
1403715988.283920764923096,49,2,48,1,11
1403715988.333920717239380,50,0,49,1,11
1403715988.383920907974243,49,14,47,0,11
1403715988.433921098709106,49,2,46,1,11
1403715988.483922004699707,48,0,46,1,11
1403715988.533922195434570,47,2,45,0,11
1403715988.583922624588013,47,8,45,2,11
1403715988.633922576904297,47,0,47,0,11
1403715988.683922529220581,47,0,47,0,11
1403715988.733923196792603,48,3,46,1,11
1403715988.783924102783203,48,3,48,0,11
1403715988.833924293518066,48,2,47,0,11
1403715988.883924245834351,49,3,47,1,11
1403715988.933924198150635,47,1,47,0,11
1403715988.983923912048340,48,3,46,1,11
1403715989.033923864364624,48,0,47,0,11
1403715989.083923816680908,47,0,46,0,11
1403715989.133923768997192,48,1,46,1,11
1403715989.183923482894897,47,4,47,0,11
1403715989.233923435211182,47,0,47,0,11
1403715989.283923387527466,47,0,45,0,11
1403715989.333923339843750,46,1,42,1,11
1403715989.383923292160034,45,0,43,2,11
1403715989.433923244476318,49,5,44,4,11
1403715989.483923196792603,48,2,47,0,11
1403715989.533923387527466,48,0,46,0,11
1403715989.583923816680908,47,6,46,0,11
1403715989.633924484252930,47,0,46,0,11
1403715989.683924436569214,46,3,45,0,11
1403715989.733924627304077,48,1,45,2,11
1403715989.783924818038940,49,2,47,2,11
1403715989.833925008773804,50,0,49,1,11
1403715989.883925199508667,49,4,49,0,11
1403715989.933924913406372,49,0,49,0,11
1403715989.983925104141235,48,0,48,0,11
1403715990.033925294876099,49,2,47,1,11
1403715990.083925247192383,49,4,47,1,11
1403715990.133925199508667,48,1,46,0,11
1403715990.183925390243530,48,6,46,0,11
1403715990.233925342559814,47,5,45,0,11
1403715990.283925533294678,44,1,44,0,11
1403715990.333925485610962,44,3,43,0,11
1403715990.383925199508667,43,5,42,1,11
1403715990.433924913406372,41,5,41,0,11
1403715990.483924865722656,45,2,38,4,11
1403715990.533925056457520,41,2,35,0,11
1403715990.583925008773804,38,0,34,1,11
1403715990.633924961090088,35,0,30,2,11
1403715990.683925151824951,35,2,28,3,11
1403715990.733925104141235,29,2,25,1,11
1403715990.783925056457520,26,5,23,0,11
1403715990.833924770355225,24,5,19,3,11
1403715990.883924722671509,24,1,19,2,11
1403715990.933924674987793,21,1,18,2,11
1403715990.983924388885498,20,5,18,0,11
1403715991.033924341201782,18,11,16,0,11
1403715991.083924293518066,17,9,16,1,11
1403715991.133924245834351,18,6,17,1,11
1403715991.183924198150635,17,1,17,0,11
1403715991.233924388885498,21,0,16,4,11
1403715991.283924579620361,20,0,18,0,11
1403715991.333924531936646,19,0,19,0,11
1403715991.383924007415771,15,2,13,0,11
1403715991.433923959732056,15,0,10,0,11
1403715991.483923435211182,14,0,8,2,11
1403715991.533923864364624,13,0,8,2,11
1403715991.583923339843750,15,0,7,3,11
1403715991.633923053741455,13,0,8,1,11
1403715991.683923244476318,12,0,7,1,11
1403715991.733922958374023,12,0,8,2,11
1403715991.783923149108887,11,0,10,1,11
1403715991.833922863006592,13,0,9,2,11
1403715991.883922815322876,13,0,10,0,11
1403715991.933922767639160,12,0,10,0,11
1403715991.983922719955444,10,0,10,0,11
1403715992.033922672271729,11,0,10,1,11
1403715992.083922624588013,11,0,10,0,11
1403715992.133922576904297,11,0,10,0,11
1403715992.183922290802002,12,0,10,2,11
1403715992.233922243118286,12,0,10,0,11
1403715992.283922433853149,12,0,10,0,11
1403715992.333922147750854,14,0,10,4,11
1403715992.383922100067139,14,0,13,0,11
1403715992.433922052383423,14,0,13,0,11
1403715992.483922004699707,15,0,12,2,11
1403715992.533922195434570,15,0,14,0,11
1403715992.583922147750854,15,0,13,1,11
1403715992.633922100067139,15,0,14,0,11
1403715992.683922052383423,15,0,14,1,11
1403715992.733922004699707,15,0,15,0,11
1403715992.783922195434570,15,0,14,0,11
1403715992.833922147750854,15,0,14,0,11
1403715992.883922100067139,15,0,14,1,11
1403715992.933922052383423,15,0,15,0,11
1403715992.983922004699707,15,0,15,0,11
1403715993.033922195434570,15,0,15,0,11
1403715993.083922147750854,15,0,14,0,11
1403715993.133922100067139,15,0,15,0,11
1403715993.183922052383423,15,0,15,0,11
1403715993.233922004699707,15,0,15,0,11
1403715993.283922195434570,15,0,15,0,11
1403715993.333922147750854,15,0,15,0,11
1403715993.383922100067139,15,0,15,0,11
1403715993.433922052383423,15,0,15,0,11
1403715993.483922004699707,15,0,15,0,11
1403715993.533922195434570,15,0,14,0,11
1403715993.583922147750854,15,0,14,1,11
1403715993.633922100067139,15,0,14,0,11
1403715993.683922052383423,15,0,14,0,11
1403715993.733922004699707,14,0,14,0,11
1403715993.783922195434570,14,0,14,0,11
1403715993.833922147750854,14,0,14,0,11
1403715993.883922100067139,14,0,14,0,11
1403715993.933922052383423,14,0,14,0,11
1403715993.983922004699707,14,0,14,0,11
