# timestamp (sec),slam_feats_in_state,msckf_feats_used,slam_feats_updated,slam_feats_delayed_init,clones
1403715893.790062189102173,0,15,0,0,5
1403715893.835355758666992,13,14,0,13,6
1403715893.884747982025146,13,0,13,0,7
1403715893.934312105178833,13,0,13,0,8
1403715893.984248399734497,13,0,12,0,9
1403715894.034369945526123,12,0,12,0,10
1403715894.084488868713379,12,1,12,0,11
1403715894.133886098861694,12,0,12,0,11
1403715894.183650493621826,17,0,11,6,11
1403715894.233518362045288,19,2,17,2,11
1403715894.283424615859985,24,0,19,5,11
1403715894.333423137664795,23,0,22,0,11
1403715894.383517742156982,26,3,22,3,11
1403715894.433035373687744,42,22,25,17,11
1403715894.482628583908081,45,0,41,4,11
1403715894.532424211502075,45,0,45,0,11
1403715894.582387447357178,48,0,45,3,11
1403715894.632413864135742,48,0,47,0,11
1403715894.682447433471680,48,0,48,0,11
1403715894.732492685317993,47,0,46,0,11
1403715894.782474279403687,47,0,46,1,11
1403715894.832429409027100,50,3,47,3,11
1403715894.882419347763062,50,2,50,0,11
1403715894.932348728179932,49,5,48,0,11
1403715894.982344865798950,49,2,47,1,11
1403715895.032348632812500,46,22,45,1,11
1403715895.082376241683960,45,0,45,0,11
1403715895.132407426834106,44,0,44,0,11
1403715895.182378768920898,48,0,44,4,11
1403715895.232396125793457,47,1,46,0,11
1403715895.282378435134888,46,2,43,0,11
1403715895.332368373870850,43,2,40,1,11
1403715895.382369041442871,43,1,41,1,11
1403715895.432332277297974,44,1,40,2,11
1403715895.482340097427368,45,0,42,1,11
1403715895.532389640808105,45,1,40,4,11
1403715895.582388401031494,47,2,43,2,11
1403715895.632373571395874,45,20,39,2,11
1403715895.682382106781006,45,0,39,1,11
1403715895.732471227645874,48,9,36,7,11
1403715895.782453536987305,47,11,41,3,11
1403715895.832516670227051,46,0,40,0,11
1403715895.882519960403442,44,4,37,3,11
1403715895.932498693466187,42,0,32,2,11
1403715895.982516050338745,41,0,24,1,11
1403715896.032525300979614,37,1,5,2,11
1403715896.082504987716675,32,2,4,5,11
1403715896.132518529891968,25,0,7,13,11
1403715896.182474374771118,24,1,20,2,11
1403715896.232397317886353,26,1,14,4,11
1403715896.282310009002686,26,0,17,0,11
1403715896.332183361053467,25,0,17,7,11
1403715896.382201671600342,25,0,24,1,11
1403715896.432092905044556,25,0,23,0,11
1403715896.481988430023193,25,0,22,0,11
1403715896.531931638717651,25,0,21,2,11
1403715896.581887245178223,26,2,23,2,11
1403715896.631816387176514,29,1,24,5,11
1403715896.681780815124512,31,0,27,3,11
1403715896.731771230697632,38,2,30,7,11
1403715896.781665563583374,39,0,35,1,11
1403715896.831632375717163,41,22,34,3,11
1403715896.881619453430176,39,0,36,0,11
1403715896.931643009185791,41,0,35,4,11
1403715896.981626033782959,48,2,38,9,11
1403715897.031565189361572,48,0,44,0,11
1403715897.081627845764160,49,11,44,2,11
1403715897.131896495819092,48,0,45,3,11
1403715897.182168960571289,48,0,46,0,11
1403715897.232284307479858,48,0,44,0,11
1403715897.282399415969849,45,2,43,1,11
1403715897.332466602325439,43,3,39,1,11
1403715897.382466793060303,43,4,39,0,11
1403715897.432579994201660,42,23,37,2,11
1403715897.482503890991211,40,2,35,1,11
1403715897.532453775405884,39,1,36,1,11
1403715897.582470655441284,42,0,34,4,11
1403715897.632481813430786,39,1,35,0,11
1403715897.682554960250854,45,1,32,10,11
1403715897.732588529586792,43,0,37,0,11
1403715897.782601118087769,41,1,37,0,11
1403715897.832586050033569,40,0,38,2,11
1403715897.882548093795776,43,11,35,7,11
1403715897.932540893554688,43,3,37,0,11
1403715897.982597827911377,43,2,32,1,11
1403715898.032645940780640,41,14,26,6,11
1403715898.082624197006226,36,7,29,1,11
1403715898.132642030715942,37,8,26,7,11
1403715898.182689428329468,31,4,28,0,11
1403715898.232786893844604,28,3,25,0,11
1403715898.282933950424194,27,1,22,3,11
1403715898.333026647567749,27,4,26,0,11
1403715898.383141994476318,26,2,25,0,11
1403715898.433228254318237,26,11,24,1,11
1403715898.483437538146973,36,7,24,11,11
1403715898.533453941345215,36,5,34,0,11
1403715898.583458900451660,36,4,32,1,11
1403715898.633476972579956,41,4,31,6,11
1403715898.683511734008789,40,3,35,3,11
1403715898.733513593673706,36,5,29,2,11
1403715898.783510208129883,25,5,22,0,11
1403715898.833515882492065,22,3,20,0,11
1403715898.883501052856445,22,3,18,2,11
1403715898.933514833450317,27,7,18,5,11
1403715898.983498096466064,25,4,21,1,11
1403715899.033460855484009,30,0,19,7,11
1403715899.083389520645142,29,4,25,0,11
1403715899.133330821990967,29,3,23,4,11
1403715899.183303594589233,33,4,25,7,11
1403715899.233261346817017,39,2,31,7,11
1403715899.283271789550781,37,5,33,1,11
1403715899.333279609680176,31,3,27,0,11
1403715899.383254289627075,35,7,27,7,11
1403715899.433262109756470,32,1,30,0,11
1403715899.483330488204956,35,4,29,5,11
1403715899.533409118652344,36,3,33,1,11
1403715899.583438634872437,39,3,27,5,11
1403715899.633510112762451,38,5,27,1,11
1403715899.683502435684204,47,8,25,15,11
1403715899.733509540557861,43,1,3,1,11
1403715899.783533573150635,45,5,3,4,11
1403715899.833531379699707,32,2,5,24,11
1403715899.883541584014893,36,4,28,5,11
1403715899.933531284332275,34,1,31,1,11
1403715899.983515501022339,33,3,32,0,11
1403715900.033505916595459,32,0,30,1,11
1403715900.083498001098633,33,4,29,1,11
1403715900.133519887924194,31,5,29,0,11
1403715900.183527946472168,27,6,26,0,11
1403715900.233523368835449,26,0,25,0,11
1403715900.283562421798706,30,1,25,4,11
1403715900.333553552627563,32,4,28,4,11
1403715900.383551120758057,35,4,31,3,11
1403715900.433581352233887,45,4,31,14,11
1403715900.483603954315186,44,7,40,4,11
1403715900.533639907836914,40,4,35,5,11
1403715900.583634853363037,38,6,35,3,11
1403715900.633606195449829,36,1,33,0,11
1403715900.683604717254639,35,2,28,4,11
1403715900.733592271804810,31,3,27,1,11
1403715900.783574581146240,32,3,23,2,11
1403715900.833577871322632,32,2,22,5,11
1403715900.883573770523071,31,0,26,3,11
1403715900.933591127395630,31,1,27,3,11
1403715900.983593225479126,30,0,26,0,11
1403715901.033591747283936,29,4,23,2,11
1403715901.083592414855957,27,0,23,2,11
1403715901.133589982986450,26,2,21,1,11
1403715901.183563232421875,25,2,18,5,11
1403715901.233560085296631,22,4,16,1,11
1403715901.283562421798706,23,3,16,3,11
1403715901.333573341369629,21,0,17,2,11
1403715901.383606433868408,23,0,15,2,11
1403715901.433621644973755,21,3,16,0,11
1403715901.483621358871460,18,0,14,1,11
1403715901.533590316772461,18,2,14,1,11
1403715901.583556890487671,17,0,13,1,11
1403715901.633540630340576,17,2,11,1,11
1403715901.683486223220825,21,0,11,6,11
1403715901.733464479446411,23,1,14,5,11
1403715901.783459901809692,25,3,18,3,11
1403715901.833471298217773,26,0,19,4,11
1403715901.883466482162476,25,3,23,0,11
1403715901.933441638946533,25,1,22,2,11
1403715901.983427286148071,27,1,24,2,11
1403715902.033417701721191,27,2,23,2,11
1403715902.083419084548950,35,1,26,8,11
1403715902.133432388305664,38,0,34,4,11
1403715902.183439016342163,45,3,37,7,11
1403715902.233449220657349,45,2,43,1,11
1403715902.283483505249023,45,3,44,1,11
1403715902.333513259887695,47,5,38,4,11
1403715902.383533716201782,44,4,40,0,11
1403715902.433547019958496,42,3,40,2,11
1403715902.483582496643066,43,6,39,1,11
1403715902.533607721328735,44,3,40,1,11
1403715902.583607435226440,42,3,41,1,11
1403715902.633579254150391,42,0,42,0,11
1403715902.683584213256836,44,3,39,3,11
1403715902.733575582504272,48,1,41,4,11
1403715902.783588409423828,48,6,43,2,11
1403715902.833596229553223,47,2,42,0,11
1403715902.883566617965698,44,2,39,2,11
1403715902.933539628982544,44,3,40,2,11
1403715902.983516931533813,41,1,41,0,11
1403715903.033495664596558,45,7,37,7,11
1403715903.083472728729248,41,3,39,0,11
1403715903.133458852767944,33,2,33,0,11
1403715903.183473110198975,32,1,31,0,11
1403715903.233492612838745,32,5,30,1,11
1403715903.283524990081787,35,2,30,5,11
1403715903.333539009094238,34,4,34,0,11
1403715903.383572816848755,37,5,32,5,11
1403715903.433569908142090,41,2,34,5,11
1403715903.483547687530518,36,1,34,0,11
1403715903.533522605895996,38,1,26,6,11
1403715903.583494901657104,33,2,29,1,11
1403715903.633451461791992,41,6,27,12,11
1403715903.683450460433960,40,2,38,0,11
1403715903.733463764190674,44,7,34,8,11
1403715903.783488273620605,40,5,38,0,11
1403715903.833505392074585,32,8,26,3,11
1403715903.883515119552612,26,2,23,1,11
1403715903.933501005172729,22,2,20,0,11
1403715903.983480215072632,12,3,12,0,11
1403715904.033452272415161,16,2,12,4,11
1403715904.083422183990479,16,5,15,0,11
1403715904.133401393890381,16,7,14,0,11
1403715904.183377504348755,15,6,13,0,11
1403715904.233341932296753,22,3,13,8,11
1403715904.283328533172607,22,1,21,1,11
1403715904.333305358886719,30,3,22,8,11
1403715904.383292675018311,31,4,29,1,11
1403715904.433280229568481,31,2,29,0,11
1403715904.483251333236694,32,8,29,2,11
1403715904.533248662948608,32,0,31,1,11
1403715904.583270072937012,30,5,26,3,11
1403715904.633276939392090,30,0,27,0,11
1403715904.683282375335693,28,0,23,2,11
1403715904.733275175094604,29,6,19,6,11
1403715904.783269405364990,29,1,23,2,11
1403715904.833276748657227,33,1,23,8,11
1403715904.883279323577881,34,5,28,3,11
1403715904.933274984359741,31,1,24,1,11
1403715904.983283519744873,26,3,23,1,11
1403715905.033297777175903,25,3,15,6,11
1403715905.083296775817871,23,1,19,0,11
1403715905.133290052413940,21,0,17,2,11
1403715905.183289766311646,21,7,17,0,11
1403715905.233288764953613,21,0,19,2,11
1403715905.283304452896118,22,1,19,1,11
1403715905.333304643630981,21,2,19,0,11
1403715905.383315324783325,21,2,18,2,11
1403715905.433317661285400,24,2,20,3,11
1403715905.483310461044312,23,7,22,1,11
1403715905.533306360244751,23,2,20,3,11
1403715905.583316564559937,30,2,22,8,11
1403715905.633317947387695,29,7,24,3,11
1403715905.683333396911621,26,3,25,0,11
1403715905.733351469039917,27,3,24,3,11
1403715905.783375024795532,35,4,23,10,11
1403715905.833374023437500,35,3,27,3,11
1403715905.883385181427002,30,5,25,0,11
1403715905.933389663696289,29,8,25,3,11
1403715905.983394622802734,34,2,26,7,11
1403715906.033380746841431,33,0,30,0,11
1403715906.083355903625488,28,5,20,2,11
1403715906.133309602737427,27,7,20,4,11
1403715906.183253765106201,31,3,20,8,11
1403715906.233248472213745,28,1,22,1,11
1403715906.283247470855713,27,0,21,3,11
1403715906.333236932754517,24,2,23,0,11
1403715906.383251190185547,27,2,19,5,11
1403715906.433254718780518,25,2,22,0,11
1403715906.483265161514282,29,2,20,5,11
1403715906.533266782760620,27,2,24,0,11
1403715906.583279848098755,29,3,23,4,11
1403715906.633287668228149,27,2,25,1,11
1403715906.683286190032959,27,2,25,0,11
1403715906.733298063278198,27,8,24,1,11
1403715906.783307790756226,26,1,19,1,11
1403715906.833317995071411,24,4,17,1,11
1403715906.883335828781128,18,2,8,2,11
1403715906.933345079421997,16,1,6,1,11
1403715906.983346939086914,9,0,5,1,11
1403715907.033357858657837,6,2,4,2,11
1403715907.083363533020020,7,1,5,1,11
1403715907.133369445800781,4,3,2,0,11
1403715907.183369636535645,4,0,2,0,11
1403715907.233370304107666,10,0,1,9,11
1403715907.283367395401001,15,0,9,5,11
1403715907.333369493484497,16,1,13,1,11
1403715907.383379697799683,19,1,14,5,11
1403715907.433370590209961,20,1,18,2,11
1403715907.483373165130615,24,0,18,4,11
1403715907.533364534378052,25,0,19,4,11
1403715907.583363533020020,20,0,20,0,11
1403715907.633357524871826,25,0,19,6,11
1403715907.683359384536743,23,3,22,1,11
1403715907.733367681503296,30,0,21,9,11
1403715907.783372879028320,28,2,26,0,11
1403715907.833370208740234,27,4,21,6,11
1403715907.883364915847778,26,3,26,0,11
1403715907.933357715606689,25,1,24,1,11
1403715907.983354091644287,25,2,25,0,11
1403715908.033353805541992,35,2,23,12,11
1403715908.083348751068115,49,1,32,14,11
1403715908.133347034454346,45,1,41,0,11
1403715908.183339357376099,39,2,34,2,11
1403715908.233337879180908,36,0,33,0,11
1403715908.283316373825073,44,2,30,14,11
1403715908.333310365676880,40,0,40,0,11
1403715908.383322954177856,38,0,37,0,11
1403715908.433324337005615,41,0,35,4,11
1403715908.483338356018066,37,3,36,0,11
1403715908.533345937728882,42,6,33,7,11
1403715908.583348989486694,40,0,37,0,11
1403715908.633346557617188,39,0,32,4,11
1403715908.683337450027466,33,0,33,0,11
1403715908.733330249786377,32,0,31,0,11
1403715908.783316135406494,35,0,22,10,11
1403715908.833331584930420,31,0,27,1,11
1403715908.883349657058716,30,0,27,1,11
1403715908.933372020721436,40,2,26,12,11
1403715908.983385324478149,39,0,38,0,11
1403715909.033396244049072,47,6,37,10,11
1403715909.083403110504150,48,11,45,3,11
1403715909.133408069610596,46,1,46,0,11
1403715909.183408260345459,39,1,37,0,11
1403715909.233410835266113,39,0,37,1,11
1403715909.283434152603149,49,8,36,12,11
1403715909.333435535430908,49,0,46,0,11
1403715909.383436441421509,46,0,43,1,11
1403715909.433456897735596,48,2,41,5,11
1403715909.483459711074829,43,1,39,1,11
1403715909.533460855484009,44,0,39,2,11
1403715909.583460092544556,40,4,36,0,11
1403715909.633466243743896,48,16,31,10,11
1403715909.683470010757446,45,6,39,2,11
1403715909.733472108840942,42,0,38,1,11
1403715909.783476829528809,39,1,36,0,11
1403715909.833485126495361,34,2,30,1,11
1403715909.883486270904541,39,5,25,8,11
1403715909.933489322662354,34,5,32,0,11
1403715909.983497381210327,29,8,25,0,11
1403715910.033497571945190,27,5,20,1,11
1403715910.083500862121582,23,9,19,3,11
1403715910.133501052856445,18,8,16,0,11
1403715910.183511972427368,14,7,12,0,11
1403715910.233518600463867,10,2,10,0,11
1403715910.283524513244629,10,6,4,3,11
1403715910.333528757095337,3,9,2,0,11
1403715910.383531332015991,2,5,1,0,11
1403715910.433532238006592,3,6,1,2,11
1403715910.483533620834351,4,2,3,1,11
1403715910.533539772033691,8,3,4,4,11
1403715910.583556413650513,17,2,8,9,11
1403715910.633559703826904,15,2,14,0,11
1403715910.683561086654663,15,6,13,1,11
1403715910.733556270599365,20,6,9,7,11
1403715910.783555030822754,33,0,16,13,11
1403715910.833552360534668,37,1,26,8,11
1403715910.883542060852051,47,2,34,10,11
1403715910.933564424514771,42,9,39,1,11
1403715910.983558416366577,37,5,37,0,11
1403715911.033552646636963,40,4,37,3,11
1403715911.083538293838501,40,1,40,0,11
1403715911.133534908294678,46,2,36,7,11
1403715911.183533430099487,43,2,35,0,11
1403715911.233531713485718,41,7,33,5,11
1403715911.283529758453369,39,1,35,2,11
1403715911.333527803421021,40,3,34,4,11
1403715911.383525609970093,38,4,35,1,11
1403715911.433519124984741,25,4,23,0,11
1403715911.483516693115234,24,7,22,0,11
1403715911.533521175384521,31,2,20,9,11
1403715911.583513975143433,28,1,26,0,11
1403715911.633517265319824,25,3,22,2,11
1403715911.683515787124634,21,1,21,0,11
1403715911.733528614044189,24,2,20,3,11
1403715911.783550262451172,24,6,20,3,11
1403715911.833559513092041,30,2,23,7,11
1403715911.883562564849854,38,4,30,8,11
1403715911.933574676513672,42,3,38,4,11
1403715911.983581542968750,42,5,41,1,11
1403715912.033585309982300,46,1,39,4,11
1403715912.083585977554321,45,12,40,1,11
1403715912.133586645126343,49,5,41,6,11
1403715912.183582544326782,48,0,44,1,11
1403715912.233577728271484,46,12,42,1,11
1403715912.283568620681763,49,6,43,4,11
1403715912.333560228347778,47,5,45,1,11
1403715912.383564949035645,46,4,42,0,11
1403715912.433560848236084,47,4,40,2,11
1403715912.483556509017944,44,0,40,1,11
1403715912.533557653427124,40,4,37,1,11
1403715912.583560466766357,37,5,34,0,11
1403715912.633561849594116,39,4,31,4,11
1403715912.683563470840454,37,1,32,0,11
1403715912.733565807342529,40,2,28,7,11
1403715912.783565044403076,39,4,35,1,11
1403715912.833567857742310,42,6,32,8,11
1403715912.883570194244385,38,3,28,0,11
1403715912.933568954467773,30,1,22,1,11
1403715912.983567237854004,22,0,17,1,11
1403715913.033565998077393,13,2,9,1,11
1403715913.083573341369629,17,0,10,6,11
1403715913.133572101593018,26,5,9,16,11
1403715913.183579206466675,26,1,24,0,11
1403715913.233589410781860,26,1,24,1,11
1403715913.283595800399780,22,4,22,0,11
1403715913.333602905273438,26,3,19,4,11
1403715913.383608341217041,31,3,23,6,11
1403715913.433614730834961,28,4,26,2,11
1403715913.483620882034302,30,3,27,3,11
1403715913.533624172210693,32,1,28,3,11
1403715913.583628654479980,33,1,24,3,11
1403715913.633625030517578,36,2,26,4,11
1403715913.683628082275391,38,0,28,7,11
1403715913.733625411987305,41,2,35,5,11
1403715913.783612012863159,46,3,40,6,11
1403715913.833600044250488,49,5,44,3,11
1403715913.883596658706665,49,4,47,0,11
1403715913.933588981628418,45,4,45,0,11
1403715913.983580112457275,48,0,41,4,11
1403715914.033566713333130,48,4,45,1,11
1403715914.083549499511719,49,3,44,3,11
1403715914.133539438247681,50,2,46,1,11
1403715914.183548212051392,46,7,45,0,11
1403715914.233550071716309,42,1,41,0,11
1403715914.283550262451172,45,7,40,3,11
1403715914.333548307418823,45,1,40,2,11
1403715914.383537054061890,46,3,40,3,11
1403715914.433527469635010,47,4,40,4,11
1403715914.483527421951294,47,9,40,3,11
1403715914.533538818359375,46,0,43,2,11
1403715914.583539724349976,48,9,43,4,11
1403715914.633545160293579,47,4,47,0,11
1403715914.683549880981445,46,0,43,2,11
1403715914.733554840087891,49,3,44,4,11
1403715914.783555984497070,46,8,44,1,11
1403715914.833559274673462,46,5,37,0,11
1403715914.883574247360229,46,13,38,2,11
1403715914.933573007583618,40,11,34,1,11
1403715914.983569383621216,39,2,36,1,11
1403715915.033576488494873,38,0,37,1,11
1403715915.083579540252686,49,1,37,11,11
1403715915.133568286895752,50,14,47,2,11
1403715915.183560848236084,47,7,46,0,11
1403715915.233565568923950,45,4,45,0,11
1403715915.283583402633667,47,5,45,2,11
1403715915.333595514297485,49,2,46,2,11
1403715915.383604049682617,48,5,46,1,11
1403715915.433603763580322,48,8,45,2,11
1403715915.483590602874756,49,11,45,1,11
1403715915.533571958541870,48,4,46,1,11
1403715915.583554744720459,49,0,46,2,11
1403715915.633533954620361,49,2,44,1,11
1403715915.683503150939941,48,5,43,1,11
1403715915.733471393585205,47,9,43,3,11
1403715915.783426046371460,46,5,42,3,11
1403715915.833424329757690,47,1,44,1,11
1403715915.883418560028076,47,6,45,1,11
1403715915.933425188064575,50,2,46,4,11
1403715915.983439922332764,50,1,49,0,11
1403715916.033452033996582,50,6,49,0,11
1403715916.083457708358765,48,8,48,0,11
1403715916.133471965789795,50,4,48,2,11
1403715916.183476924896240,49,1,48,0,11
1403715916.233479022979736,47,0,45,0,11
1403715916.283491134643555,45,0,40,0,11
1403715916.333494186401367,46,4,37,3,11
1403715916.383504152297974,47,2,31,6,11
1403715916.433537244796753,45,8,29,4,11
1403715916.483550071716309,38,4,29,2,11
1403715916.533571004867554,39,0,28,5,11
1403715916.583579301834106,37,6,25,4,11
1403715916.633586645126343,38,0,25,4,11
1403715916.683593750000000,40,1,22,8,11
1403715916.733598232269287,38,4,29,3,11
1403715916.783601760864258,34,0,28,1,11
1403715916.833606004714966,34,1,26,4,11
1403715916.883605003356934,32,2,26,2,11
1403715916.933586359024048,33,3,22,8,11
1403715916.983588218688965,33,0,26,2,11
1403715917.033583641052246,35,4,28,4,11
1403715917.083570241928101,33,4,23,5,11
1403715917.133562088012695,29,12,19,1,11
1403715917.183541297912598,27,6,15,5,11
1403715917.233538866043091,23,4,16,3,11
1403715917.283537387847900,24,0,15,1,11
1403715917.333544492721558,21,4,10,3,11
1403715917.383557796478271,18,2,13,2,11
1403715917.433582782745361,19,1,15,4,11
1403715917.483602523803711,22,5,19,3,11
1403715917.533610582351685,22,1,22,0,11
1403715917.583631753921509,24,1,21,2,11
1403715917.633634567260742,26,3,22,3,11
1403715917.683623552322388,27,3,24,2,11
1403715917.733618497848511,28,2,25,1,11
1403715917.783591032028198,31,1,22,6,11
1403715917.833580017089844,33,2,25,4,11
1403715917.883560895919800,38,0,29,7,11
1403715917.933571577072144,43,3,34,8,11
1403715917.983591079711914,44,4,40,1,11
1403715918.033601999282837,46,2,38,3,11
1403715918.083606481552124,47,0,40,3,11
1403715918.133605003356934,47,6,42,3,11
1403715918.183612346649170,49,1,40,4,11
1403715918.233626604080200,47,0,42,1,11
1403715918.283643245697021,46,1,40,2,11
1403715918.333627939224243,45,2,41,1,11
1403715918.383614778518677,44,2,27,3,11
1403715918.433604478836060,41,4,24,0,11
1403715918.483602285385132,38,2,19,10,11
1403715918.533596277236938,41,3,23,10,11
1403715918.583597898483276,41,1,31,5,11
1403715918.633597612380981,41,3,36,3,11
1403715918.683606624603271,40,1,38,2,11
1403715918.733604669570923,39,0,36,3,11
1403715918.783607959747314,39,4,35,3,11
1403715918.833602905273438,38,0,32,0,11
1403715918.883600473403931,37,5,30,1,11
1403715918.933598041534424,33,4,30,2,11
1403715918.983591556549072,34,3,29,3,11
1403715919.033587932586670,37,1,31,3,11
1403715919.083585500717163,44,1,34,9,11
1403715919.133587837219238,45,12,43,2,11
1403715919.183590650558472,44,0,43,0,11
1403715919.233592271804810,44,2,43,0,11
1403715919.283596515655518,44,0,41,1,11
1403715919.333608627319336,47,12,41,4,11
1403715919.383605003356934,45,0,45,0,11
1403715919.433598041534424,45,1,44,0,11
1403715919.483576059341431,44,1,43,0,11
1403715919.533554077148438,46,0,43,3,11
1403715919.583530187606812,47,0,46,1,11
1403715919.633507251739502,48,0,47,1,11
1403715919.683477640151978,49,0,47,1,11
1403715919.733428955078125,49,27,48,1,11
1403715919.783423900604248,50,2,49,1,11
1403715919.833420991897583,50,1,49,0,11
1403715919.883423805236816,50,1,47,0,11
1403715919.933422803878784,49,15,47,1,11
1403715919.983426570892334,49,0,48,1,11
1403715920.033426284790039,49,0,49,0,11
1403715920.083430290222168,49,0,47,0,11
1403715920.133436679840088,49,0,48,0,11
1403715920.183442115783691,49,0,48,1,11
1403715920.233445167541504,49,0,49,0,11
1403715920.283465862274170,49,0,46,0,11
1403715920.333528280258179,50,28,48,2,11
1403715920.383543014526367,50,2,46,0,11
1403715920.433544397354126,48,0,39,0,11
1403715920.483538627624512,44,1,31,1,11
1403715920.533538341522217,43,12,29,5,11
1403715920.583534240722656,39,0,22,3,11
1403715920.633526802062988,37,5,23,0,11
1403715920.683523654937744,31,4,21,7,11
1403715920.733515024185181,29,4,27,1,11
1403715920.783507108688354,28,6,27,0,11
1403715920.833501577377319,29,2,27,2,11
1403715920.883493900299072,28,4,26,0,11
1403715920.933478116989136,39,1,26,11,11
1403715920.983476877212524,37,1,32,3,11
1403715921.033478021621704,49,3,34,13,11
1403715921.083478927612305,47,11,44,1,11
1403715921.133482694625854,47,8,44,2,11
1403715921.183484554290771,47,7,41,2,11
1403715921.233482599258423,47,4,42,1,11
1403715921.283484458923340,48,10,41,4,11
1403715921.333485364913940,49,2,42,4,11
1403715921.383486509323120,48,7,46,0,11
1403715921.433485507965088,44,0,43,0,11
1403715921.483485937118530,43,3,43,0,11
1403715921.533487319946289,41,1,38,1,11
1403715921.583484411239624,43,3,38,3,11
1403715921.633482456207275,39,1,33,1,11
1403715921.683464527130127,46,9,30,8,11
1403715921.733464956283569,42,2,27,4,11
1403715921.783468961715698,37,4,28,1,11
1403715921.833468675613403,36,1,19,8,11
1403715921.883470535278320,37,4,20,3,11
1403715921.933471679687500,34,0,21,4,11
1403715921.983474969863892,33,2,22,7,11
1403715922.033476591110229,30,0,25,0,11
1403715922.083473920822144,28,5,21,1,11
1403715922.133473634719849,26,3,19,2,11
1403715922.183472633361816,20,6,17,0,11
1403715922.233469724655151,18,10,16,2,11
1403715922.283470392227173,26,5,16,9,11
1403715922.333473682403564,26,8,22,1,11
1403715922.383474588394165,27,7,18,5,11
1403715922.433475732803345,27,7,21,2,11
1403715922.483481168746948,26,3,20,2,11
1403715922.533483743667603,25,4,19,3,11
1403715922.583482742309570,22,4,17,1,11
1403715922.633484363555908,23,1,17,5,11
1403715922.683486700057983,21,6,20,0,11
1403715922.733488321304321,22,6,18,4,11
1403715922.783488750457764,24,3,22,2,11
1403715922.833489418029785,23,3,23,0,11
1403715922.883488655090332,24,1,23,1,11
1403715922.933488607406616,26,1,23,2,11
1403715922.983490467071533,29,1,25,3,11
1403715923.033490896224976,30,1,27,2,11
1403715923.083491802215576,34,0,27,4,11
1403715923.133492946624756,34,0,30,2,11
1403715923.183495283126831,34,1,32,2,11
1403715923.233494043350220,37,4,30,5,11
1403715923.283497333526611,37,4,31,1,11
1403715923.333500862121582,38,7,28,3,11
1403715923.383501291275024,32,4,25,1,11
1403715923.433501005172729,28,0,23,0,11
1403715923.483500719070435,30,0,23,5,11
1403715923.533499717712402,27,2,27,0,11
1403715923.583499670028687,27,1,24,0,11
1403715923.633499860763550,27,0,23,1,11
1403715923.683502197265625,30,0,22,5,11
1403715923.733504295349121,31,0,27,2,11
1403715923.783505678176880,31,0,28,1,11
1403715923.833503723144531,31,0,30,1,11
1403715923.883502006530762,33,0,31,2,11
1403715923.933504581451416,35,4,31,2,11
1403715923.983515024185181,41,11,28,11,11
1403715924.033514976501465,38,4,34,0,11
1403715924.083513736724854,37,2,33,1,11
1403715924.133516788482666,36,0,32,0,11
1403715924.183516979217529,35,1,30,4,11
1403715924.233519315719604,34,4,32,0,11
1403715924.283521413803101,34,2,30,1,11
1403715924.333523511886597,33,3,28,2,11
1403715924.383524656295776,31,4,28,0,11
1403715924.433524370193481,30,6,25,1,11
1403715924.483525753021240,28,2,24,2,11
1403715924.533525705337524,26,1,22,2,11
1403715924.583525419235229,28,4,19,5,11
1403715924.633526563644409,23,3,20,0,11
1403715924.683527469635010,21,2,20,0,11
1403715924.733527660369873,20,5,17,2,11
1403715924.783526659011841,21,9,19,1,11
1403715924.833526611328125,23,3,18,4,11
1403715924.883526802062988,22,3,18,0,11
1403715924.933529376983643,17,4,14,1,11
1403715924.983523368835449,18,6,10,8,11
1403715925.033527851104736,22,7,15,4,11
1403715925.083527803421021,23,6,17,4,11
1403715925.133527994155884,14,3,11,0,11
1403715925.183526039123535,19,2,10,5,11
1403715925.233521699905396,19,2,14,4,11
1403715925.283517122268677,23,3,14,7,11
1403715925.333508729934692,23,1,18,1,11
1403715925.383504390716553,23,8,20,0,11
1403715925.433496952056885,21,10,15,2,11
1403715925.483492374420166,23,1,15,3,11
1403715925.533484458923340,21,2,15,4,11
1403715925.583477497100830,24,7,15,7,11
1403715925.633476972579956,32,1,21,9,11
1403715925.683478355407715,35,5,28,6,11
1403715925.733486413955688,34,2,31,1,11
1403715925.783488512039185,33,2,31,2,11
1403715925.833488941192627,34,9,32,1,11
1403715925.883490800857544,29,3,26,1,11
1403715925.933491468429565,27,2,25,1,11
1403715925.983494281768799,26,8,23,2,11
1403715926.033495664596558,30,4,23,7,11
1403715926.083497762680054,39,7,27,10,11
1403715926.133494615554810,40,4,28,4,11
1403715926.183495759963989,40,2,30,4,11
1403715926.233500957489014,34,3,26,3,11
1403715926.283504962921143,31,3,22,1,11
1403715926.333505630493164,25,3,15,0,11
1403715926.383510589599609,19,6,11,2,11
1403715926.433510541915894,19,3,11,3,11
1403715926.483512878417969,16,5,9,4,11
1403715926.533525228500366,19,3,12,5,11
1403715926.583532810211182,18,1,17,0,11
1403715926.633548974990845,22,5,16,5,11
1403715926.683562278747559,24,13,19,3,11
1403715926.733566761016846,25,1,22,1,11
1403715926.783574104309082,31,7,23,8,11
1403715926.833574533462524,32,2,29,1,11
1403715926.883569478988647,36,4,27,6,11
1403715926.933561325073242,41,1,32,7,11
1403715926.983558416366577,40,1,37,2,11
1403715927.033548355102539,40,4,38,2,11
1403715927.083541154861450,39,4,39,0,11
1403715927.133537530899048,38,2,36,0,11
1403715927.183542966842651,43,3,36,5,11
1403715927.233543872833252,46,6,36,9,11
1403715927.283551692962646,47,9,42,4,11
1403715927.333557844161987,46,1,39,3,11
1403715927.383560180664062,43,4,36,4,11
1403715927.433564662933350,44,2,40,3,11
1403715927.483563661575317,44,7,37,6,11
1403715927.533560514450073,42,2,41,0,11
1403715927.583556175231934,41,0,39,0,11
1403715927.633552551269531,48,1,36,9,11
1403715927.683546066284180,45,1,40,1,11
1403715927.733544588088989,41,0,40,0,11
1403715927.783549547195435,40,1,38,1,11
1403715927.833556175231934,40,0,38,0,11
1403715927.883563041687012,47,11,36,8,11
1403715927.933566093444824,46,2,43,0,11
1403715927.983565568923950,45,5,40,3,11
1403715928.033567190170288,43,2,41,0,11
1403715928.083567619323730,49,8,42,7,11
1403715928.133575916290283,46,14,43,1,11
1403715928.183577775955200,39,3,38,0,11
1403715928.233598470687866,39,3,38,0,11
1403715928.283609628677368,36,1,35,0,11
1403715928.333618164062500,32,5,27,0,11
1403715928.383621215820312,24,1,22,0,11
1403715928.433624029159546,23,4,21,0,11
1403715928.483628749847412,31,5,17,12,11
1403715928.533620595932007,26,11,25,0,11
1403715928.583613157272339,22,6,18,0,11
1403715928.633610486984253,22,0,17,0,11
1403715928.683599710464478,19,5,12,6,11
1403715928.733582973480225,28,5,14,10,11
1403715928.783577680587769,28,5,18,0,11
1403715928.833566427230835,31,2,14,11,11
1403715928.883564949035645,26,3,20,3,11
1403715928.933562517166138,28,7,22,4,11
1403715928.983564138412476,27,3,25,2,11
1403715929.033575534820557,40,1,27,13,11
1403715929.083577632904053,35,1,33,0,11
1403715929.133586883544922,39,0,32,5,11
1403715929.183591127395630,36,2,34,1,11
1403715929.233604669570923,44,2,32,10,11
1403715929.283606767654419,43,1,38,1,11
1403715929.333606004714966,45,14,36,3,11
1403715929.383611679077148,41,5,33,3,11
1403715929.433609962463379,41,4,34,3,11
1403715929.483594179153442,44,24,31,9,11
1403715929.533593177795410,42,5,37,2,11
1403715929.583591222763062,37,6,34,1,11
1403715929.633590221405029,33,1,31,0,11
1403715929.683584451675415,33,3,31,1,11
1403715929.733581542968750,34,0,32,2,11
1403715929.783583402633667,34,2,34,0,11
1403715929.833580493927002,34,5,32,1,11
1403715929.883578062057495,35,3,31,1,11
1403715929.933574676513672,37,6,30,4,11
1403715929.983587741851807,46,6,33,12,11
1403715930.033587217330933,43,0,41,1,11
1403715930.083595991134644,49,15,41,7,11
1403715930.133598804473877,48,1,47,0,11
1403715930.183602333068848,49,2,46,1,11
1403715930.233610153198242,50,7,45,1,11
1403715930.283614635467529,50,1,45,2,11
1403715930.333619832992554,48,3,47,0,11
1403715930.383623600006104,47,0,47,0,11
1403715930.433615446090698,50,5,47,3,11
1403715930.483613729476929,50,2,50,0,11
1403715930.533612966537476,50,2,50,0,11
1403715930.583613634109497,48,3,48,0,11
1403715930.633616924285889,49,13,48,1,11
1403715930.683624505996704,50,10,48,1,11
1403715930.733628749847412,50,2,49,0,11
1403715930.783630609512329,49,0,49,0,11
1403715930.833630561828613,50,1,49,1,11
1403715930.883627653121948,50,0,50,0,11
1403715930.933625221252441,50,2,50,0,11
1403715930.983638763427734,50,15,48,0,11
1403715931.033642530441284,50,8,47,0,11
1403715931.083647251129150,49,4,42,1,11
1403715931.133651971817017,47,3,42,0,11
1403715931.183654546737671,48,1,42,6,11
1403715931.233648777008057,49,7,47,1,11
1403715931.283637762069702,49,10,45,1,11
1403715931.333632230758667,49,5,46,1,11
1403715931.383628129959106,48,11,43,2,11
1403715931.433625459671021,46,8,41,0,11
1403715931.483623743057251,43,5,40,1,11
1403715931.533622741699219,41,2,36,2,11
1403715931.583623409271240,44,6,37,5,11
1403715931.633629083633423,47,3,39,5,11
1403715931.683632373809814,45,5,35,0,11
1403715931.733634948730469,41,9,30,4,11
1403715931.783633708953857,35,3,27,4,11
1403715931.833634138107300,31,6,24,1,11
1403715931.883637189865112,31,5,21,8,11
1403715931.933640241622925,28,3,26,0,11
1403715931.983640670776367,25,3,22,0,11
1403715932.033643484115601,26,8,22,3,11
1403715932.083644390106201,25,4,23,1,11
1403715932.133649110794067,27,6,22,3,11
1403715932.183651685714722,26,1,22,0,11
1403715932.233653306961060,21,5,14,1,11
1403715932.283655405044556,21,5,13,3,11
1403715932.333657264709473,19,6,12,4,11
1403715932.383659839630127,18,3,14,1,11
1403715932.433661460876465,16,4,15,0,11
1403715932.483666896820068,18,5,14,4,11
1403715932.533668994903564,18,2,18,0,11
1403715932.583670377731323,17,3,14,1,11
1403715932.633670568466187,18,3,14,1,11
1403715932.683670520782471,19,3,15,3,11
1403715932.733671665191650,17,2,14,2,11
1403715932.783671855926514,19,2,15,3,11
1403715932.833671569824219,21,1,18,3,11
1403715932.883668899536133,21,1,21,0,11
1403715932.933657646179199,27,8,19,7,11
1403715932.983647108078003,28,9,24,1,11
1403715933.033639907836914,32,1,22,4,11
1403715933.083640098571777,32,5,23,4,11
1403715933.133641958236694,30,2,19,3,11
1403715933.183647871017456,27,3,17,2,11
1403715933.233649969100952,22,2,13,3,11
1403715933.283651590347290,16,5,14,0,11
1403715933.333654642105103,15,3,13,0,11
1403715933.383658170700073,13,6,11,0,11
1403715933.433662652969360,8,4,8,0,11
1403715933.483664512634277,7,15,7,0,11
1403715933.533665418624878,9,6,7,2,11
1403715933.583662748336792,9,4,8,1,11
1403715933.633657693862915,6,4,3,3,11
1403715933.683629751205444,17,1,6,11,11
1403715933.733626842498779,18,0,16,1,11
1403715933.783618211746216,24,1,17,6,11
1403715933.833606243133545,27,2,23,4,11
1403715933.883595228195190,31,5,24,5,11
1403715933.933591842651367,35,17,21,4,11
1403715933.983585357666016,44,24,23,15,11
1403715934.033591270446777,39,10,30,4,11
1403715934.083589553833008,32,6,19,1,11
1403715934.133589982986450,21,9,7,1,11
1403715934.183589696884155,11,4,5,2,11
1403715934.233591794967651,6,6,2,1,11
1403715934.283588409423828,3,3,2,0,11
1403715934.333589792251587,1,2,1,0,11
1403715934.383590459823608,1,4,1,0,11
1403715934.433590888977051,1,8,1,0,11
1403715934.483595609664917,0,4,0,0,11
1403715934.533599615097046,0,6,0,0,11
1403715934.583611488342285,2,0,0,2,11
1403715934.633621931076050,3,2,1,2,11
1403715934.683625221252441,4,0,2,1,11
1403715934.733643293380737,8,2,4,4,11
1403715934.783631563186646,10,2,8,2,11
1403715934.833619356155396,12,1,10,2,11
1403715934.883592367172241,21,1,12,9,11
1403715934.933581590652466,22,4,18,2,11
1403715934.983577013015747,26,14,17,5,11
1403715935.033572912216187,32,3,17,10,11
1403715935.083575487136841,29,8,21,3,11
1403715935.133576869964600,17,6,13,1,11
1403715935.183577775955200,14,3,10,1,11
1403715935.233578443527222,13,0,10,0,11
1403715935.283580541610718,12,2,9,1,11
1403715935.333582878112793,12,3,10,1,11
1403715935.383585929870605,11,1,10,0,11
1403715935.433589458465576,11,7,10,0,11
1403715935.483591318130493,12,9,8,4,11
1403715935.533591747283936,15,3,11,4,11
1403715935.583592176437378,14,1,11,1,11
1403715935.633593320846558,16,2,10,3,11
1403715935.683591127395630,16,2,13,2,11
1403715935.733597517013550,22,3,13,9,11
1403715935.783600091934204,33,2,21,11,11
1403715935.833598613739014,36,1,30,6,11
1403715935.883604288101196,43,1,31,9,11
1403715935.933609962463379,47,3,40,5,11
1403715935.983618021011353,45,0,45,0,11
1403715936.033656358718872,50,13,45,5,11
1403715936.083672761917114,50,4,46,0,11
1403715936.133679866790771,50,4,46,0,11
1403715936.183682918548584,48,7,43,1,11
1403715936.233680725097656,47,12,35,3,11
1403715936.283679008483887,40,3,29,2,11
1403715936.333675384521484,34,3,28,0,11
1403715936.383675575256348,30,0,26,1,11
1403715936.433676242828369,30,6,22,2,11
1403715936.483680486679077,29,2,22,1,11
1403715936.533681631088257,26,0,23,1,11
1403715936.583684206008911,26,1,24,2,11
1403715936.633681058883667,26,4,26,0,11
1403715936.683672189712524,33,1,25,7,11
1403715936.733671188354492,33,1,31,1,11
1403715936.783673286437988,36,0,31,3,11
1403715936.833679914474487,46,0,34,11,11
1403715936.883681535720825,44,1,43,0,11
1403715936.933682918548584,45,2,43,1,11
1403715936.983682870864868,45,3,44,1,11
1403715937.033683061599731,45,0,44,0,11
1403715937.083683252334595,45,1,43,0,11
1403715937.133681535720825,46,5,43,2,11
1403715937.183680295944214,48,1,44,3,11
1403715937.233676433563232,48,7,44,1,11
1403715937.283675909042358,48,0,45,1,11
1403715937.333674192428589,47,0,45,1,11
1403715937.383673906326294,50,0,44,3,11
1403715937.433674573898315,49,5,47,0,11
1403715937.483675479888916,45,6,43,2,11
1403715937.533676862716675,44,0,43,0,11
1403715937.583678722381592,47,1,42,3,11
1403715937.633679389953613,45,0,37,3,11
1403715937.683681249618530,41,6,31,2,11
1403715937.733681678771973,42,11,30,9,11
1403715937.783680200576782,41,5,38,1,11
1403715937.833681344985962,43,5,37,4,11
1403715937.883680582046509,43,0,40,1,11
1403715937.933680057525635,43,2,40,1,11
1403715937.983678340911865,41,2,36,0,11
1403715938.033677816390991,47,6,35,9,11
1403715938.083677768707275,44,20,39,4,11
1403715938.133677721023560,44,3,41,1,11
1403715938.183677911758423,42,3,40,0,11
1403715938.233677148818970,41,4,39,1,11
1403715938.283675432205200,46,15,33,8,11
1403715938.333679676055908,46,1,41,3,11
1403715938.383679389953613,43,4,39,0,11
1403715938.433680295944214,42,3,40,0,11
1403715938.483680963516235,39,4,39,0,11
1403715938.533682584762573,36,4,35,0,11
1403715938.583682775497437,36,3,35,0,11
1403715938.633686065673828,45,7,33,12,11
1403715938.683687925338745,49,10,45,4,11
1403715938.733688592910767,48,1,48,0,11
1403715938.783690929412842,45,2,43,0,11
1403715938.833693027496338,44,6,41,0,11
1403715938.883694410324097,46,4,41,4,11
1403715938.933695077896118,46,3,44,1,11
1403715938.983695030212402,45,2,43,0,11
1403715939.033691406250000,48,2,42,5,11
1403715939.083689928054810,47,2,45,0,11
1403715939.133682966232300,48,5,45,3,11
1403715939.183678388595581,41,6,40,0,11
1403715939.233673095703125,45,6,40,5,11
1403715939.283668041229248,47,6,42,5,11
1403715939.333667039871216,45,2,44,0,11
1403715939.383665561676025,45,7,40,0,11
1403715939.433664321899414,47,8,29,5,11
1403715939.483664512634277,42,2,24,2,11
1403715939.533664941787720,36,2,23,5,11
1403715939.583666801452637,31,3,24,5,11
1403715939.633666515350342,30,4,27,1,11
1403715939.683665037155151,26,3,24,1,11
1403715939.733664751052856,25,6,22,1,11
1403715939.783667087554932,24,0,23,0,11
1403715939.833672046661377,25,0,22,2,11
1403715939.883672475814819,30,1,22,7,11
1403715939.933680534362793,43,1,29,14,11
1403715939.983684062957764,43,1,43,0,11
1403715940.033699274063110,45,3,43,2,11
1403715940.083712816238403,46,2,45,1,11
1403715940.133720159530640,49,8,46,3,11
1403715940.183720350265503,49,12,47,0,11
1403715940.233720064163208,49,8,46,1,11
1403715940.283720016479492,50,1,45,3,11
1403715940.333722352981567,48,3,43,0,11
1403715940.383724451065063,40,9,32,0,11
1403715940.433728694915771,38,5,26,4,11
1403715940.483731031417847,35,2,26,2,11
1403715940.533732175827026,31,2,20,2,11
1403715940.583734035491943,26,0,18,2,11
1403715940.633734464645386,21,2,19,1,11
1403715940.683738470077515,17,0,12,4,11
1403715940.733742713928223,21,1,14,5,11
1403715940.783744573593140,19,0,17,0,11
1403715940.833746433258057,18,1,17,0,11
1403715940.883743524551392,23,0,16,6,11
1403715940.933751344680786,26,2,17,4,11
1403715940.983753681182861,28,19,20,5,11
1403715941.033754587173462,30,14,23,5,11
1403715941.083752632141113,27,21,15,2,11
1403715941.133753299713135,17,6,6,1,11
1403715941.183751344680786,8,6,2,1,11
1403715941.233753204345703,3,6,3,0,11
1403715941.283754825592041,2,5,2,0,11
1403715941.333755254745483,1,7,1,0,11
1403715941.383755683898926,0,6,0,0,11
1403715941.433757543563843,0,7,0,0,11
1403715941.483757257461548,0,1,0,0,11
1403715941.533758401870728,1,5,0,1,11
1403715941.583753585815430,3,5,1,2,11
1403715941.633747816085815,4,5,3,1,11
1403715941.683729171752930,9,4,4,5,11
1403715941.733725070953369,16,6,8,8,11
1403715941.783718824386597,18,2,12,5,11
1403715941.833715438842773,17,1,15,2,11
1403715941.883710861206055,18,5,16,1,11
1403715941.933702945709229,27,1,18,9,11
1403715941.983701229095459,36,1,26,9,11
1403715942.033700227737427,39,0,33,4,11
1403715942.083701848983765,39,5,35,2,11
1403715942.133703231811523,42,4,34,4,11
1403715942.183702707290649,41,0,34,3,11
1403715942.233703136444092,31,5,23,0,11
1403715942.283704280853271,27,6,17,2,11
1403715942.333702802658081,20,3,18,1,11
1403715942.383700132369995,23,4,16,5,11
1403715942.433699846267700,15,2,12,0,11
1403715942.483700037002563,12,0,9,1,11
1403715942.533700466156006,12,1,10,1,11
1403715942.583701372146606,6,2,5,0,11
1403715942.633706092834473,10,3,3,7,11
1403715942.683709859848022,9,2,3,4,11
1403715942.733711004257202,6,4,2,4,11
1403715942.783706665039062,13,5,6,7,11
1403715942.833704948425293,15,2,12,2,11
1403715942.883706092834473,24,1,12,10,11
1403715942.933706521987915,22,1,21,0,11
1403715942.983706474304199,29,1,21,8,11
1403715943.033708333969116,37,1,29,8,11
1403715943.083710193634033,41,1,37,4,11
1403715943.133713722229004,50,7,41,9,11
1403715943.183710098266602,48,14,48,0,11
1403715943.233706235885620,50,18,45,2,11
1403715943.283705234527588,47,17,41,0,11
1403715943.333704948425293,45,0,34,2,11
1403715943.383704185485840,40,6,33,0,11
1403715943.433705329895020,35,7,28,3,11
1403715943.483706474304199,30,2,24,0,11
1403715943.533703565597534,26,3,16,2,11
1403715943.583702325820923,22,1,16,1,11
1403715943.633700847625732,19,0,18,1,11
1403715943.683698892593384,18,2,18,0,11
1403715943.733696222305298,18,3,18,0,11
1403715943.783696174621582,19,1,16,2,11
1403715943.833697557449341,23,0,17,4,11
1403715943.883699655532837,22,1,16,4,11
1403715943.933701753616333,21,1,19,1,11
1403715943.983715295791626,30,1,20,10,11
1403715944.033727645874023,34,0,28,4,11
1403715944.083740949630737,41,0,30,7,11
1403715944.133751630783081,40,0,32,4,11
1403715944.183757305145264,36,4,26,3,11
1403715944.233758211135864,36,2,25,4,11
1403715944.283758878707886,30,0,21,2,11
1403715944.333764314651489,28,2,22,1,11
1403715944.383763551712036,24,2,21,3,11
1403715944.433767318725586,20,2,18,2,11
1403715944.483768224716187,18,1,18,0,11
1403715944.533769369125366,15,1,14,0,11
1403715944.583772182464600,14,1,14,0,11
1403715944.633777141571045,17,2,12,3,11
1403715944.683798074722290,23,2,13,6,11
1403715944.733803033828735,23,1,11,2,11
1403715944.783813238143921,31,1,11,10,11
1403715944.833833217620850,37,3,19,14,11
1403715944.883844614028931,43,3,27,9,11
1403715944.933846712112427,44,7,33,4,11
1403715944.983844518661499,45,13,34,5,11
1403715945.033843994140625,41,8,34,4,11
1403715945.083843708038330,33,0,27,0,11
1403715945.133844614028931,26,5,17,0,11
1403715945.183844804763794,22,3,12,6,11
1403715945.233844757080078,15,4,13,1,11
1403715945.283839464187622,11,5,8,2,11
1403715945.333838701248169,12,3,9,1,11
1403715945.383839607238770,7,8,6,0,11
1403715945.433838367462158,7,3,6,1,11
1403715945.483835697174072,6,8,6,0,11
1403715945.533825397491455,9,2,5,4,11
1403715945.583816051483154,10,1,8,1,11
1403715945.633799552917480,19,0,9,9,11
1403715945.683786630630493,24,2,18,6,11
1403715945.733777761459351,32,4,23,9,11
1403715945.783775091171265,34,8,32,2,11
1403715945.833771705627441,38,1,33,4,11
1403715945.883769750595093,36,2,35,0,11
1403715945.933767080307007,36,0,31,3,11
1403715945.983766317367554,31,0,30,0,11
1403715946.033764123916626,23,2,21,0,11
1403715946.083760976791382,22,1,19,1,11
1403715946.133759737014771,19,2,19,0,11
1403715946.183757543563843,16,1,16,0,11
1403715946.233754634857178,17,1,15,2,11
1403715946.283751249313354,18,2,16,1,11
1403715946.333743333816528,23,0,16,6,11
1403715946.383731603622437,32,0,20,10,11
1403715946.433728694915771,33,2,28,1,11
1403715946.483727216720581,44,9,27,13,11
1403715946.533725023269653,42,11,36,1,11
1403715946.583722829818726,35,5,30,2,11
1403715946.633723735809326,29,7,25,1,11
1403715946.683725595474243,24,15,19,0,11
1403715946.733725786209106,19,6,17,0,11
1403715946.783725738525391,16,2,14,1,11
1403715946.833725929260254,18,5,15,3,11
1403715946.883727550506592,19,7,18,1,11
1403715946.933727502822876,17,1,14,0,11
1403715946.983726739883423,14,1,12,0,11
1403715947.033728122711182,14,6,10,2,11
1403715947.083728313446045,14,0,11,1,11
1403715947.133733510971069,14,5,6,6,11
1403715947.183733701705933,17,3,9,4,11
1403715947.233732938766479,16,3,14,0,11
1403715947.283731460571289,13,1,13,0,11
1403715947.333732604980469,17,0,13,4,11
1403715947.383733510971069,18,1,17,1,11
1403715947.433730363845825,19,1,15,2,11
1403715947.483729600906372,20,1,16,1,11
1403715947.533727645874023,25,5,16,7,11
1403715947.583728551864624,28,4,19,4,11
1403715947.633730888366699,17,5,14,0,11
1403715947.683732271194458,17,2,13,2,11
1403715947.733733892440796,18,2,14,2,11
1403715947.783735275268555,18,1,13,2,11
1403715947.833737850189209,18,6,14,3,11
1403715947.883739948272705,16,3,13,1,11
1403715947.933742046356201,10,6,9,0,11
1403715947.983742713928223,8,5,5,0,11
1403715948.033743619918823,6,1,4,0,11
1403715948.083745002746582,11,2,3,7,11
1403715948.133750915527344,16,3,10,6,11
1403715948.183753252029419,22,1,15,6,11
1403715948.233757495880127,36,3,21,14,11
1403715948.283759355545044,39,0,35,4,11
1403715948.333761453628540,49,3,39,10,11
1403715948.383759498596191,49,3,49,0,11
1403715948.433758735656738,50,15,49,1,11
1403715948.483759641647339,50,21,49,0,11
1403715948.533758878707886,50,7,49,0,11
1403715948.583761453628540,48,9,45,0,11
1403715948.633764505386353,47,4,39,1,11
1403715948.683768033981323,42,4,33,1,11
1403715948.733771085739136,37,3,29,1,11
1403715948.783772230148315,33,3,30,1,11
1403715948.833772420883179,26,2,26,0,11
1403715948.883773088455200,25,0,25,0,11
1403715948.933773040771484,23,0,22,0,11
1403715948.983774185180664,21,3,20,0,11
1403715949.033775568008423,24,0,19,5,11
1403715949.083780765533447,24,2,22,1,11
1403715949.133786439895630,29,1,23,5,11
1403715949.183794021606445,32,2,26,5,11
1403715949.233801603317261,33,5,30,2,11
1403715949.283807516098022,31,3,27,1,11
1403715949.333813428878784,32,4,18,5,11
1403715949.383815288543701,30,0,18,2,11
1403715949.433816671371460,26,6,17,3,11
1403715949.483815908432007,17,1,11,1,11
1403715949.533815383911133,15,2,10,1,11
1403715949.583814859390259,12,0,8,1,11
1403715949.633812427520752,11,3,9,1,11
1403715949.683808326721191,11,2,9,1,11
1403715949.733801603317261,13,1,9,2,11
1403715949.783799409866333,13,2,8,1,11
1403715949.833791971206665,16,5,5,4,11
1403715949.883784294128418,17,1,7,4,11
1403715949.933771371841431,21,3,10,9,11
1403715949.983766794204712,22,10,19,2,11
1403715950.033765554428101,27,7,21,6,11
1403715950.083764791488647,33,5,26,7,11
1403715950.133760929107666,40,10,24,9,11
1403715950.183760881423950,39,7,27,4,11
1403715950.233760833740234,33,7,20,9,11
1403715950.283761024475098,29,8,25,3,11
1403715950.333761453628540,24,2,22,0,11
1403715950.383761167526245,18,3,18,0,11
1403715950.433760166168213,17,4,17,0,11
1403715950.483760595321655,18,5,16,2,11
1403715950.533759593963623,16,3,15,0,11
1403715950.583757877349854,16,3,14,0,11
1403715950.633756637573242,15,7,10,2,11
1403715950.683755159378052,14,2,10,2,11
1403715950.733752489089966,15,4,11,3,11
1403715950.783749818801880,20,6,12,6,11
1403715950.833748817443848,21,1,16,2,11
1403715950.883747577667236,23,1,18,3,11
1403715950.933746099472046,21,2,19,1,11
1403715950.983744859695435,23,3,19,3,11
1403715951.033742904663086,22,4,17,0,11
1403715951.083742618560791,19,2,11,1,11
1403715951.133741855621338,18,2,12,3,11
1403715951.183742761611938,15,6,14,0,11
1403715951.233740329742432,19,6,12,4,11
1403715951.283739566802979,18,1,12,1,11
1403715951.333738088607788,16,4,11,1,11
1403715951.383737325668335,10,3,9,0,11
1403715951.433733224868774,13,1,9,3,11
1403715951.483732223510742,12,2,10,0,11
1403715951.533731460571289,12,4,9,0,11
1403715951.583727359771729,12,1,9,2,11
1403715951.633723020553589,20,1,10,9,11
1403715951.683720827102661,25,2,17,5,11
1403715951.733718633651733,34,0,20,10,11
1403715951.783716201782227,44,6,27,13,11
1403715951.833716392517090,47,5,39,7,11
1403715951.883717060089111,44,5,42,0,11
1403715951.933717727661133,49,10,41,5,11
1403715951.983717918395996,47,13,36,2,11
1403715952.033719062805176,49,4,35,4,11
1403715952.083718776702881,42,5,28,4,11
1403715952.133718490600586,37,7,25,1,11
1403715952.183716773986816,29,1,20,3,11
1403715952.233716249465942,21,5,17,1,11
1403715952.283715963363647,14,2,11,0,11
1403715952.333715915679932,10,3,6,0,11
1403715952.383717298507690,8,4,5,1,11
1403715952.433719873428345,6,2,5,1,11
1403715952.483731508255005,11,0,5,5,11
1403715952.533732175827026,12,4,9,1,11
1403715952.583731889724731,11,1,8,2,11
1403715952.633737087249756,10,2,7,2,11
1403715952.683736562728882,9,1,8,0,11
1403715952.733733177185059,11,6,6,5,11
1403715952.783733129501343,9,1,8,0,11
1403715952.833732843399048,9,2,5,2,11
1403715952.883731365203857,9,2,7,1,11
1403715952.933728694915771,8,3,6,1,11
1403715952.983730077743530,11,1,8,3,11
1403715953.033721923828125,14,16,5,3,11
1403715953.083720684051514,9,3,6,0,11
1403715953.133719682693481,7,0,4,2,11
1403715953.183718204498291,8,5,4,4,11
1403715953.233718633651733,7,2,6,0,11
1403715953.283718824386597,6,4,2,0,11
1403715953.333719253540039,2,5,2,0,11
1403715953.383718490600586,2,2,1,1,11
1403715953.433718919754028,3,2,2,1,11
1403715953.483720064163208,4,4,3,1,11
1403715953.533721208572388,4,6,4,0,11
1403715953.583724021911621,8,9,4,4,11
1403715953.633725404739380,10,4,8,2,11
1403715953.683725595474243,19,4,10,9,11
1403715953.733726024627686,25,3,16,7,11
1403715953.783726930618286,30,8,21,7,11
1403715953.833724021911621,34,1,27,6,11
1403715953.883720874786377,43,7,32,11,11
1403715953.933717966079712,43,14,41,1,11
1403715953.983715772628784,46,16,38,4,11
1403715954.033716917037964,44,7,38,0,11
1403715954.083716869354248,36,4,30,2,11
1403715954.133716821670532,32,5,24,0,11
1403715954.183717012405396,26,3,20,1,11
1403715954.233717918395996,23,4,17,2,11
1403715954.283718824386597,19,2,15,1,11
1403715954.333720207214355,17,5,9,5,11
1403715954.383721590042114,13,1,9,0,11
1403715954.433721303939819,10,2,7,0,11
1403715954.483722209930420,10,8,6,1,11
1403715954.533722162246704,8,12,6,1,11
1403715954.583718538284302,8,1,3,3,11
1403715954.633719921112061,10,1,5,2,11
1403715954.683717489242554,10,7,5,2,11
1403715954.733717441558838,11,1,6,2,11
1403715954.783716201782227,11,0,7,2,11
1403715954.833709001541138,18,1,9,8,11
1403715954.883707046508789,20,1,17,3,11
1403715954.933704376220703,21,4,20,1,11
1403715954.983702659606934,25,4,20,4,11
1403715955.033701181411743,27,7,21,5,11
1403715955.083700656890869,25,5,25,0,11
1403715955.133700370788574,19,8,19,0,11
1403715955.183699369430542,18,7,15,3,11
1403715955.233698368072510,18,2,16,2,11
1403715955.283697366714478,18,2,17,1,11
1403715955.333697795867920,18,4,16,1,11
1403715955.383697509765625,15,4,13,0,11
1403715955.433696508407593,11,2,8,2,11
1403715955.483696460723877,12,5,9,1,11
1403715955.533696174621582,13,4,10,2,11
1403715955.583695650100708,14,4,10,4,11
1403715955.633696556091309,13,1,11,2,11
1403715955.683696269989014,17,1,13,4,11
1403715955.733696222305298,21,1,16,4,11
1403715955.783696413040161,21,4,20,0,11
1403715955.833696842193604,30,17,19,10,11
1403715955.883694648742676,36,5,25,7,11
1403715955.933692693710327,35,7,23,1,11
1403715955.983691930770874,27,3,17,0,11
1403715956.033691167831421,19,7,15,1,11
1403715956.083690166473389,13,4,12,0,11
1403715956.133692264556885,13,2,10,1,11
1403715956.183695077896118,11,3,9,0,11
1403715956.233696937561035,11,2,8,1,11
1403715956.283698558807373,11,0,9,1,11
1403715956.333700656890869,10,6,9,1,11
1403715956.383699893951416,13,3,8,4,11
1403715956.433703422546387,12,7,11,0,11
1403715956.483704328536987,10,5,8,1,11
1403715956.533701896667480,15,1,8,5,11
1403715956.583699941635132,17,0,13,3,11
1403715956.633697271347046,24,1,16,8,11
1403715956.683696031570435,28,0,23,4,11
1403715956.733697891235352,30,0,26,2,11
1403715956.783699989318848,29,1,27,1,11
1403715956.833699941635132,29,0,27,2,11
1403715956.883700609207153,34,4,29,5,11
1403715956.933700799942017,44,0,32,10,11
1403715956.983700990676880,48,3,37,4,11
1403715957.033699035644531,46,10,37,3,11
1403715957.083697319030762,46,0,41,5,11
1403715957.133692979812622,48,3,45,3,11
1403715957.183692932128906,38,1,36,1,11
1403715957.233692407608032,35,2,34,0,11
1403715957.283692359924316,29,4,29,0,11
1403715957.333692312240601,29,1,29,0,11
1403715957.383692741394043,28,6,27,0,11
1403715957.433693647384644,28,2,27,0,11
1403715957.483695507049561,34,4,24,9,11
1403715957.533696174621582,30,4,28,0,11
1403715957.583695650100708,26,3,25,0,11
1403715957.633693218231201,26,8,22,3,11
1403715957.683691501617432,25,0,23,0,11
1403715957.733688831329346,27,0,21,5,11
1403715957.783684253692627,25,24,24,0,11
1403715957.833686113357544,24,2,19,2,11
1403715957.883685111999512,24,2,19,2,11
1403715957.933686017990112,22,1,18,0,11
1403715957.983684301376343,22,2,16,3,11
1403715958.033684968948364,20,0,16,0,11
1403715958.083687543869019,19,1,15,1,11
1403715958.133689880371094,15,2,13,0,11
1403715958.183692693710327,15,2,13,0,11
1403715958.233695983886719,13,3,12,0,11
1403715958.283697366714478,13,3,10,0,11
1403715958.333697795867920,11,3,9,0,11
1403715958.383708715438843,11,6,7,3,11
1403715958.433715105056763,16,11,6,6,11
1403715958.483714818954468,16,3,10,2,11
1403715958.533714056015015,15,0,10,2,11
1403715958.583719253540039,23,1,10,9,11
1403715958.633719205856323,21,0,19,0,11
1403715958.683720588684082,19,2,16,2,11
1403715958.733721971511841,19,1,16,2,11
1403715958.783723831176758,19,3,18,0,11
1403715958.833721637725830,17,6,17,0,11
1403715958.883719682693481,19,5,17,2,11
1403715958.933719873428345,20,1,19,1,11
1403715958.983722925186157,26,2,20,6,11
1403715959.033723115921021,29,12,26,3,11
1403715959.083724021911621,30,0,28,1,11
1403715959.133725643157959,34,2,28,6,11
1403715959.183726310729980,36,0,32,2,11
1403715959.233727455139160,37,0,34,1,11
1403715959.283729553222656,38,2,34,3,11
1403715959.333730697631836,35,5,29,1,11
1403715959.383730888366699,29,0,25,1,11
1403715959.433730840682983,28,2,21,3,11
1403715959.483731985092163,33,2,20,8,11
1403715959.533734798431396,30,3,24,1,11
1403715959.583737373352051,25,1,19,2,11
1403715959.633744001388550,23,0,16,5,11
1403715959.683749675750732,23,0,16,2,11
1403715959.733753204345703,23,19,7,1,11
1403715959.783756494522095,19,10,6,0,11
1403715959.833761692047119,14,6,4,6,11
1403715959.883768558502197,15,2,8,4,11
1403715959.933769702911377,13,5,8,1,11
1403715959.983768701553345,13,4,8,1,11
1403715960.033769845962524,11,2,9,1,11
1403715960.083767890930176,12,7,8,2,11
1403715960.133767366409302,12,0,8,2,11
1403715960.183767080307007,10,2,7,2,11
1403715960.233763456344604,11,18,5,3,11
1403715960.283762693405151,11,2,6,0,11
1403715960.333762168884277,7,3,6,0,11
1403715960.383762121200562,9,9,4,5,11
1403715960.433760643005371,10,3,6,2,11
1403715960.483759164810181,10,0,8,0,11
1403715960.533753633499146,12,0,8,4,11
1403715960.583751678466797,12,1,12,0,11
1403715960.633749961853027,12,0,12,0,11
1403715960.683748245239258,13,3,12,1,11
1403715960.733748197555542,13,5,13,0,11
1403715960.783745765686035,17,5,11,4,11
1403715960.833745241165161,16,5,14,0,11
1403715960.883745908737183,17,1,12,3,11
1403715960.933744907379150,18,3,12,1,11
1403715960.983740329742432,23,1,12,7,11
1403715961.033737182617188,22,3,18,3,11
1403715961.083734750747681,16,2,14,0,11
1403715961.133732795715332,13,0,12,0,11
1403715961.183731317520142,12,0,8,2,11
1403715961.233728408813477,14,1,10,2,11
1403715961.283718585968018,15,1,10,3,11
1403715961.333707094192505,20,1,13,5,11
1403715961.383701324462891,20,5,16,2,11
1403715961.433699131011963,22,14,17,4,11
1403715961.483696937561035,30,13,18,9,11
1403715961.533695936203003,35,8,26,5,11
1403715961.583695650100708,32,4,26,3,11
1403715961.633697509765625,29,3,24,3,11
1403715961.683698177337646,26,2,24,0,11
1403715961.733700513839722,22,10,18,1,11
1403715961.783702135086060,21,3,14,1,11
1403715961.833703279495239,16,4,9,1,11
1403715961.883703708648682,7,11,4,0,11
1403715961.933704853057861,4,4,3,0,11
1403715961.983705520629883,5,9,3,1,11
1403715962.033705234527588,8,4,2,4,11
1403715962.083706140518188,11,3,3,5,11
1403715962.133706808090210,10,3,6,0,11
1403715962.183707237243652,7,0,3,1,11
1403715962.233707904815674,5,0,3,1,11
1403715962.283708333969116,4,1,3,0,11
1403715962.333710908889771,4,3,2,1,11
1403715962.383705615997314,2,4,0,1,11
1403715962.433717250823975,6,1,1,4,11
1403715962.483731508255005,15,1,2,11,11
1403715962.533732891082764,17,2,10,2,11
1403715962.583733320236206,19,2,10,3,11
1403715962.633733749389648,15,8,7,2,11
1403715962.683734893798828,15,0,8,3,11
1403715962.733735561370850,13,1,8,1,11
1403715962.783736228942871,12,3,8,0,11
1403715962.833736181259155,10,2,6,1,11
1403715962.883735895156860,9,1,7,0,11
1403715962.933735609054565,7,2,5,1,11
1403715962.983735322952271,5,4,3,1,11
1403715963.033735513687134,4,7,3,1,11
1403715963.083737611770630,5,3,2,2,11
1403715963.133738040924072,8,14,4,3,11
1403715963.183738231658936,10,10,5,4,11
1403715963.233738422393799,11,12,7,3,11
1403715963.283738374710083,18,3,8,8,11
1403715963.333739280700684,20,4,11,7,11
1403715963.383738756179810,19,2,15,1,11
1403715963.433743238449097,21,9,17,4,11
1403715963.483746528625488,19,5,18,0,11
1403715963.533748149871826,19,13,14,1,11
1403715963.583747625350952,21,13,13,3,11
1403715963.633750915527344,31,3,16,13,11
1403715963.683749914169312,31,11,18,5,11
1403715963.733752489089966,35,4,19,7,11
1403715963.783752918243408,28,2,24,2,11
1403715963.833753585815430,27,6,24,2,11
1403715963.883753776550293,26,3,25,1,11
1403715963.933753490447998,26,3,24,1,11
1403715963.983757257461548,32,1,25,6,11
1403715964.033758401870728,32,2,31,1,11
1403715964.083758831024170,31,5,29,0,11
1403715964.133757352828979,41,11,26,10,11
1403715964.183761119842529,39,6,32,1,11
1403715964.233771800994873,48,1,27,9,11
1403715964.283784151077271,42,4,35,2,11
1403715964.333799839019775,45,3,37,6,11
1403715964.383804321289062,44,1,38,1,11
1403715964.433806180953979,45,1,37,1,11
1403715964.483806610107422,45,3,37,5,11
1403715964.533805608749390,45,2,42,3,11
1403715964.583806753158569,49,4,44,4,11
1403715964.633806467056274,50,2,49,1,11
1403715964.683808326721191,49,13,49,0,11
1403715964.733806848526001,48,3,47,0,11
1403715964.783806562423706,50,7,47,3,11
1403715964.833806991577148,49,4,48,0,11
1403715964.883807182312012,47,9,45,1,11
1403715964.933807611465454,46,1,44,2,11
1403715964.983808040618896,44,4,40,3,11
1403715965.033809661865234,43,2,42,0,11
1403715965.083810329437256,38,1,38,0,11
1403715965.133812189102173,37,1,36,0,11
1403715965.183819293975830,47,2,35,11,11
1403715965.233826637268066,43,2,40,1,11
1403715965.283835649490356,46,1,40,3,11
1403715965.333840608596802,45,5,42,2,11
1403715965.383843421936035,49,11,41,6,11
1403715965.433842897415161,48,1,45,0,11
1403715965.483840227127075,47,5,41,2,11
1403715965.533837318420410,48,3,40,3,11
1403715965.583830833435059,47,1,39,2,11
1403715965.633818864822388,46,3,42,2,11
1403715965.683809757232666,46,5,41,2,11
1403715965.733800411224365,48,9,40,2,11
1403715965.783796310424805,45,8,36,0,11
1403715965.833792924880981,42,10,31,4,11
1403715965.883790969848633,35,7,31,0,11
1403715965.933789491653442,33,3,24,2,11
1403715965.983789443969727,30,0,21,1,11
1403715966.033788681030273,26,1,19,5,11
1403715966.083789587020874,19,2,19,0,11
1403715966.133789300918579,18,3,14,1,11
1403715966.183790445327759,17,1,12,0,11
1403715966.233794212341309,17,3,12,3,11
1403715966.283800363540649,17,1,15,2,11
1403715966.333806276321411,19,2,15,3,11
1403715966.383810997009277,20,0,12,2,11
1403715966.433811902999878,21,0,11,2,11
1403715966.483817338943481,23,5,12,7,11
1403715966.533817768096924,24,4,18,4,11
1403715966.583819150924683,25,1,18,5,11
1403715966.633819103240967,26,1,21,3,11
1403715966.683816432952881,24,0,22,0,11
1403715966.733812808990479,25,1,21,2,11
1403715966.783809185028076,21,1,19,2,11
1403715966.833807229995728,21,0,19,0,11
1403715966.883806228637695,22,1,21,1,11
1403715966.933805942535400,25,4,22,3,11
1403715966.983806610107422,31,7,25,6,11
1403715967.033806800842285,38,5,28,8,11
1403715967.083806037902832,42,15,34,5,11
1403715967.133806228637695,48,8,33,8,11
1403715967.183807611465454,45,1,30,3,11
1403715967.233808517456055,35,3,22,3,11
1403715967.283811092376709,30,5,15,3,11
1403715967.333812236785889,21,3,10,1,11
1403715967.383814096450806,17,1,9,2,11
1403715967.433816432952881,13,3,10,2,11
1403715967.483817577362061,13,0,12,0,11
1403715967.533818721771240,13,0,12,1,11
1403715967.583821058273315,15,2,12,2,11
1403715967.633819818496704,14,4,13,0,11
1403715967.683820009231567,16,3,10,4,11
1403715967.733818531036377,19,8,12,4,11
1403715967.783818960189819,18,3,10,1,11
1403715967.833818674087524,19,3,11,2,11
1403715967.883818387985229,18,0,13,5,11
1403715967.933819293975830,22,0,18,4,11
1403715967.983819961547852,21,1,20,0,11
1403715968.033821582794189,20,1,17,0,11
1403715968.083822727203369,18,6,14,2,11
1403715968.133823156356812,15,0,13,1,11
1403715968.183824300765991,18,1,14,3,11
1403715968.233825922012329,19,2,15,4,11
1403715968.283828020095825,27,0,19,8,11
1403715968.333827733993530,30,1,27,3,11
1403715968.383826255798340,38,2,30,8,11
1403715968.433823585510254,44,7,37,6,11
1403715968.483823060989380,50,9,43,6,11
1403715968.533824920654297,49,11,46,1,11
1403715968.583825826644897,50,4,46,1,11
1403715968.633827924728394,49,11,47,1,11
1403715968.683829069137573,48,1,46,0,11
1403715968.733830690383911,49,1,45,2,11
1403715968.783831357955933,47,0,47,0,11
1403715968.833831787109375,48,0,47,1,11
1403715968.883831977844238,45,0,45,0,11
1403715968.933831930160522,44,0,43,0,11
1403715968.983829975128174,49,1,43,5,11
1403715969.033827066421509,47,14,44,1,11
1403715969.083824872970581,50,1,34,3,11
1403715969.133823871612549,50,12,25,2,11
1403715969.183823585510254,39,9,22,0,11
1403715969.233823776245117,31,2,21,5,11
1403715969.283823966979980,24,6,19,0,11
1403715969.333823680877686,20,8,15,0,11
1403715969.383824110031128,17,4,13,1,11
1403715969.433825016021729,13,2,11,0,11
1403715969.483826160430908,9,5,9,0,11
1403715969.533826828002930,7,2,7,0,11
1403715969.583827495574951,7,4,6,0,11
1403715969.633827924728394,7,6,6,0,11
1403715969.683828353881836,6,1,5,0,11
1403715969.733828306198120,23,0,5,17,11
1403715969.783829689025879,36,4,20,14,11
1403715969.833829164505005,49,13,32,14,11
1403715969.883827447891235,48,27,46,1,11
1403715969.933825731277466,48,14,42,1,11
1403715969.983826160430908,47,13,39,0,11
1403715970.033825874328613,44,8,34,4,11
1403715970.083826303482056,42,4,33,1,11
1403715970.133826732635498,37,5,29,1,11
1403715970.183827400207520,31,5,26,0,11
1403715970.233827352523804,20,1,18,1,11
1403715970.283828735351562,16,3,13,1,11
1403715970.333828687667847,15,2,13,0,11
1403715970.383829593658447,14,2,11,0,11
1403715970.433836221694946,22,0,6,11,11
1403715970.483837842941284,22,2,15,1,11
1403715970.533848285675049,27,2,14,9,11
1403715970.583850145339966,27,2,21,4,11
1403715970.633852243423462,39,3,23,13,11
1403715970.683852195739746,45,5,30,10,11
1403715970.733851194381714,48,0,35,4,11
1403715970.783850908279419,40,4,29,1,11
1403715970.833851099014282,31,0,23,4,11
1403715970.883851051330566,26,3,21,2,11
1403715970.933850049972534,22,4,16,0,11
1403715970.983849287033081,14,2,10,0,11
1403715971.033845186233521,12,11,7,2,11
1403715971.083843946456909,9,3,6,0,11
1403715971.133842706680298,9,0,7,1,11
1403715971.183844804763794,12,1,7,5,11
1403715971.233843564987183,17,3,10,5,11
1403715971.283843755722046,25,6,13,9,11
1403715971.333843469619751,23,9,19,0,11
1403715971.383839130401611,38,10,20,17,11
1403715971.433839797973633,39,8,34,3,11
1403715971.483841180801392,43,8,31,7,11
1403715971.533841848373413,36,9,29,2,11
1403715971.583840847015381,32,4,21,5,11
1403715971.633840084075928,33,6,24,2,11
1403715971.683839321136475,28,4,21,2,11
1403715971.733838796615601,23,10,18,1,11
1403715971.783838510513306,15,0,15,0,11
1403715971.833838701248169,8,2,8,0,11
1403715971.883838176727295,9,3,8,1,11
1403715971.933836698532104,19,1,7,10,11
1403715971.983835697174072,18,1,15,0,11
1403715972.033831834793091,26,1,15,11,11
1403715972.083831310272217,26,0,25,0,11
1403715972.133831024169922,27,2,24,3,11
1403715972.183830976486206,32,0,27,5,11
1403715972.233830928802490,39,1,29,7,11
1403715972.283831834793091,45,2,34,7,11
1403715972.333832025527954,41,0,36,2,11
1403715972.383831262588501,49,2,38,9,11
1403715972.433831453323364,47,5,45,2,11
1403715972.483832120895386,47,0,47,0,11
1403715972.533833265304565,47,1,47,0,11
1403715972.583835601806641,50,9,47,3,11
1403715972.633837938308716,50,11,47,0,11
1403715972.683837890625000,50,1,35,0,11
1403715972.733837842941284,48,0,29,1,11
1403715972.783837795257568,47,3,22,12,11
1403715972.833837032318115,46,0,33,4,11
1403715972.883835792541504,43,1,33,5,11
1403715972.933833599090576,42,0,38,0,11
1403715972.983830690383911,45,4,38,7,11
1403715973.033831357955933,46,0,44,1,11
1403715973.083831548690796,46,1,45,0,11
1403715973.133831739425659,45,1,45,0,11
1403715973.183831930160522,48,1,45,3,11
1403715973.233828067779541,50,15,48,2,11
1403715973.283827304840088,50,0,50,0,11
1403715973.333825588226318,50,2,50,0,11
1403715973.383824110031128,50,5,49,0,11
1403715973.433823108673096,50,1,49,0,11
1403715973.483821153640747,50,2,49,1,11
1403715973.533820867538452,50,1,50,0,11
1403715973.583819389343262,50,7,49,0,11
1403715973.633819103240967,50,3,48,0,11
1403715973.683819055557251,42,2,42,0,11
1403715973.733818769454956,41,0,40,1,11
1403715973.783818721771240,44,0,40,3,11
1403715973.833817958831787,50,10,43,6,11
1403715973.883817672729492,48,0,47,0,11
1403715973.933817386627197,49,0,46,2,11
1403715973.983817100524902,48,5,47,1,11
1403715974.033816814422607,49,0,47,1,11
1403715974.083813667297363,50,37,48,1,11
1403715974.133813619613647,50,1,49,1,11
1403715974.183814525604248,50,3,50,0,11
1403715974.233815431594849,50,0,50,0,11
1403715974.283816576004028,50,0,50,0,11
1403715974.333817481994629,49,2,49,0,11
1403715974.383819818496704,49,0,49,0,11
1403715974.433821439743042,50,7,49,1,11
1403715974.483821630477905,50,1,50,0,11
1403715974.533822059631348,50,0,50,0,11
1403715974.583822488784790,50,3,50,0,11
1403715974.633822441101074,49,1,49,0,11
1403715974.683823585510254,50,36,49,1,11
1403715974.733823299407959,50,1,50,0,11
1403715974.783823251724243,50,4,50,0,11
1403715974.833822727203369,50,0,50,0,11
1403715974.883822917938232,50,0,50,0,11
1403715974.933822393417358,50,0,50,0,11
1403715974.983822107315063,50,1,50,0,11
1403715975.033822298049927,48,8,48,0,11
1403715975.083822011947632,49,0,48,1,11
1403715975.133821964263916,49,0,48,0,11
1403715975.183821916580200,50,2,48,1,11
1403715975.233821868896484,49,2,49,0,11
1403715975.283822298049927,50,32,49,1,11
1403715975.333822011947632,50,1,50,0,11
1403715975.383821964263916,50,4,50,0,11
1403715975.433821916580200,50,0,50,0,11
1403715975.483821868896484,49,1,49,0,11
1403715975.533822536468506,49,20,48,1,11
1403715975.583822488784790,49,0,49,0,11
1403715975.633822441101074,50,7,49,1,11
1403715975.683822393417358,50,0,50,0,11
1403715975.733822107315063,50,0,50,0,11
1403715975.783822298049927,50,2,50,0,11
1403715975.833822250366211,49,0,49,0,11
1403715975.883822441101074,50,26,49,1,11
1403715975.933822154998779,50,0,50,0,11
1403715975.983822345733643,50,4,50,0,11
1403715976.033822536468506,50,0,50,0,11
1403715976.083822727203369,50,0,50,0,11
1403715976.133822679519653,50,13,50,0,11
1403715976.183822393417358,50,1,50,0,11
1403715976.233822345733643,50,6,50,0,11
1403715976.283822298049927,47,0,45,0,11
1403715976.333822488784790,46,2,44,0,11
1403715976.383822202682495,46,1,44,2,11
1403715976.433822393417358,46,0,46,0,11
1403715976.483822584152222,50,16,46,4,11
1403715976.533822774887085,50,0,49,0,11
1403715976.583822965621948,50,5,50,0,11
1403715976.633822917938232,50,0,50,0,11
1403715976.683823108673096,50,0,50,0,11
1403715976.733823299407959,50,12,50,0,11
1403715976.783823966979980,50,19,50,0,11
1403715976.833823919296265,50,6,50,0,11
1403715976.883823871612549,50,0,50,0,11
1403715976.933823585510254,49,0,49,0,11
1403715976.983823537826538,50,1,49,1,11
1403715977.033823728561401,50,1,50,0,11
1403715977.083823442459106,50,8,50,0,11
1403715977.133823394775391,50,0,50,0,11
1403715977.183823823928833,50,0,49,0,11
1403715977.233824014663696,50,1,48,0,11
1403715977.283824443817139,50,0,48,1,11
1403715977.333824634552002,49,10,48,0,11
1403715977.383824825286865,50,11,47,1,11
1403715977.433825492858887,49,6,48,1,11
1403715977.483825922012329,48,4,48,0,11
1403715977.533826351165771,49,10,46,1,11
1403715977.583826303482056,49,5,44,0,11
1403715977.633826255798340,48,1,44,1,11
1403715977.683826208114624,49,7,43,2,11
1403715977.733826160430908,46,5,41,1,11
1403715977.783826589584351,45,4,38,3,11
1403715977.833826541900635,45,0,39,2,11
1403715977.883826732635498,45,0,37,2,11
1403715977.933827161788940,47,1,36,4,11
1403715977.983826875686646,43,1,38,4,11
1403715978.033827066421509,45,2,36,3,11
1403715978.083826780319214,41,4,33,1,11
1403715978.133826732635498,39,11,30,6,11
1403715978.183826446533203,37,1,33,2,11
1403715978.233826160430908,35,1,30,1,11
1403715978.283825874328613,34,2,28,4,11
1403715978.333825111389160,41,0,29,9,11
1403715978.383824586868286,34,0,30,1,11
1403715978.433824300765991,32,4,27,0,11
1403715978.483824014663696,26,0,23,0,11
1403715978.533823966979980,21,1,20,1,11
1403715978.583823680877686,21,3,14,5,11
1403715978.633823633193970,17,2,15,0,11
1403715978.683823585510254,15,3,13,1,11
1403715978.733823776245117,21,6,9,10,11
1403715978.783822536468506,22,3,14,6,11
1403715978.833822488784790,17,3,16,0,11
1403715978.883822202682495,10,4,9,0,11
1403715978.933822154998779,10,1,9,0,11
1403715978.983821392059326,13,4,8,5,11
1403715979.033821105957031,19,4,13,6,11
1403715979.083821058273315,21,2,19,2,11
1403715979.133821487426758,28,6,21,7,11
1403715979.183821201324463,28,2,27,1,11
1403715979.233820676803589,28,3,25,3,11
1403715979.283819913864136,31,2,25,6,11
1403715979.333819389343262,28,3,21,3,11
1403715979.383820056915283,26,1,22,2,11
1403715979.433821439743042,24,5,23,1,11
1403715979.483822345733643,24,0,22,1,11
1403715979.533823251724243,25,1,20,2,11
1403715979.583823919296265,24,0,18,3,11
1403715979.633824348449707,23,4,14,2,11
1403715979.683824539184570,19,2,13,1,11
1403715979.733825683593750,20,1,9,9,11
1403715979.783825874328613,15,6,12,0,11
1403715979.833825826644897,13,3,7,1,11
1403715979.883826017379761,15,7,5,5,11
1403715979.933825254440308,20,2,8,7,11
1403715979.983824968338013,17,4,11,2,11
1403715980.033824920654297,23,8,11,11,11
1403715980.083824634552002,17,4,13,0,11
1403715980.133824586868286,15,6,12,0,11
1403715980.183824777603149,14,4,5,2,11
1403715980.233824968338013,14,6,9,0,11
1403715980.283825397491455,14,2,6,5,11
1403715980.333825349807739,13,2,8,2,11
1403715980.383825302124023,11,3,8,1,11
1403715980.433825254440308,8,2,8,0,11
1403715980.483824968338013,7,6,7,0,11
1403715980.533826351165771,13,5,7,6,11
1403715980.583826303482056,14,3,8,1,11
1403715980.633826255798340,14,0,7,2,11
1403715980.683826446533203,12,7,4,5,11
1403715980.733826398849487,12,5,6,3,11
1403715980.783826828002930,14,3,9,4,11
1403715980.833826541900635,17,0,10,5,11
1403715980.883826732635498,19,4,14,4,11
1403715980.933826684951782,21,3,18,3,11
1403715980.983826875686646,20,2,18,1,11
1403715981.033827066421509,14,5,8,5,11
1403715981.083827018737793,15,3,7,2,11
1403715981.133827209472656,14,5,8,1,11
1403715981.183826923370361,17,5,5,9,11
1403715981.233826637268066,19,6,9,4,11
1403715981.283826828002930,18,2,10,2,11
1403715981.333826780319214,15,0,11,1,11
1403715981.383826494216919,13,1,11,0,11
1403715981.433826684951782,16,4,9,6,11
1403715981.483827114105225,23,2,11,8,11
1403715981.533827304840088,23,1,18,1,11
1403715981.583827257156372,19,3,18,1,11
1403715981.633827447891235,18,1,14,0,11
1403715981.683827400207520,24,3,14,7,11
1403715981.733826637268066,20,0,19,0,11
1403715981.783825874328613,21,1,19,1,11
1403715981.833824634552002,24,1,18,5,11
1403715981.883824110031128,26,0,19,3,11
1403715981.933822870254517,26,1,14,4,11
1403715981.983823060989380,21,1,14,2,11
1403715982.033823490142822,21,1,13,6,11
1403715982.083824157714844,20,0,19,0,11
1403715982.133825063705444,26,2,19,7,11
1403715982.183825492858887,25,1,23,0,11
1403715982.233825922012329,16,1,16,0,11
1403715982.283826112747192,17,1,16,1,11
1403715982.333825826644897,22,1,17,5,11
1403715982.383825540542603,23,0,18,2,11
1403715982.433825016021729,27,1,20,5,11
1403715982.483825206756592,34,3,23,11,11
1403715982.533825397491455,38,3,30,6,11
1403715982.583825588226318,38,2,31,4,11
1403715982.633825540542603,37,2,32,3,11
1403715982.683825254440308,40,1,33,6,11
1403715982.733824968338013,42,1,33,8,11
1403715982.783824682235718,41,1,39,1,11
1403715982.833824396133423,41,3,36,4,11
1403715982.883824586868286,37,5,29,5,11
1403715982.933824539184570,38,2,30,5,11
1403715982.983824014663696,35,2,29,3,11
1403715983.033823728561401,23,2,21,0,11
1403715983.083823680877686,23,2,19,3,11
1403715983.133823633193970,25,1,17,5,11
1403715983.183823347091675,23,7,17,4,11
1403715983.233823299407959,22,3,16,3,11
1403715983.283823490142822,21,2,18,1,11
1403715983.333823442459106,22,2,15,6,11
1403715983.383823394775391,25,1,17,7,11
1403715983.433823347091675,26,1,19,4,11
1403715983.483823537826538,29,2,18,5,11
1403715983.533823728561401,29,3,16,5,11
1403715983.583824157714844,26,8,10,10,11
1403715983.633824348449707,22,6,19,1,11
1403715983.683824300765991,24,1,18,4,11
1403715983.733824491500854,25,2,17,3,11
1403715983.783824682235718,26,8,13,4,11
1403715983.833824872970581,27,3,16,5,11
1403715983.883824825286865,24,1,18,5,11
1403715983.933825254440308,22,5,21,0,11
1403715983.983825206756592,21,1,18,0,11
1403715984.033825159072876,20,3,17,1,11
1403715984.083825111389160,17,8,14,0,11
1403715984.133824825286865,15,8,8,3,11
1403715984.183824777603149,14,5,11,2,11
1403715984.233824729919434,13,6,12,1,11
1403715984.283824443817139,10,5,10,0,11
1403715984.333824396133423,10,4,9,0,11
1403715984.383823871612549,13,11,9,4,11
1403715984.433823585510254,12,0,12,0,11
1403715984.483823299407959,12,1,12,0,11
1403715984.533823490142822,12,8,12,0,11
1403715984.583822250366211,14,3,10,4,11
1403715984.633822202682495,10,1,7,1,11
1403715984.683823347091675,12,17,6,4,11
1403715984.733823299407959,12,4,7,2,11
1403715984.783823251724243,7,1,3,2,11
1403715984.833823442459106,5,6,2,0,11
1403715984.883823871612549,6,1,2,2,11
1403715984.933824062347412,5,1,3,1,11
1403715984.983824014663696,6,5,4,2,11
1403715985.033824443817139,7,3,6,1,11
1403715985.083823919296265,8,4,5,3,11
1403715985.133823394775391,7,4,5,1,11
1403715985.183822870254517,10,2,5,3,11
1403715985.233822345733643,16,4,5,7,11
1403715985.283821582794189,22,1,11,9,11
1403715985.333821296691895,21,0,20,1,11
1403715985.383820772171021,27,4,20,7,11
1403715985.433820724487305,28,0,26,2,11
1403715985.483820438385010,28,2,25,1,11
1403715985.533820629119873,29,1,23,2,11
1403715985.583820819854736,29,6,21,4,11
1403715985.633821010589600,26,3,21,0,11
1403715985.683821439743042,25,2,20,1,11
1403715985.733821392059326,23,5,19,1,11
1403715985.783821344375610,23,4,19,1,11
1403715985.833820581436157,24,2,18,4,11
1403715985.883819341659546,28,1,22,5,11
1403715985.933818101882935,28,2,22,2,11
1403715985.983816623687744,37,1,28,9,11
1403715986.033816576004028,39,2,37,2,11
1403715986.083816528320312,40,2,38,1,11
1403715986.133816003799438,44,0,39,4,11
1403715986.183815479278564,48,3,42,5,11
1403715986.233814239501953,47,12,46,0,11
1403715986.283813476562500,49,3,44,3,11
1403715986.333811998367310,50,9,46,2,11
1403715986.383811950683594,50,1,48,1,11
1403715986.433810949325562,50,10,49,1,11
1403715986.483809709548950,49,1,47,0,11
1403715986.533807992935181,48,4,44,0,11
1403715986.583804368972778,47,6,41,2,11
1403715986.633802890777588,46,2,39,0,11
1403715986.683802127838135,44,5,32,1,11
1403715986.733802318572998,40,0,31,2,11
1403715986.783803224563599,40,1,33,7,11
1403715986.833803892135620,46,0,37,7,11
1403715986.883804321289062,47,1,44,1,11
1403715986.933805227279663,49,6,45,4,11
1403715986.983806610107422,48,2,48,0,11
1403715987.033808946609497,50,8,46,2,11
1403715987.083809137344360,48,3,46,0,11
1403715987.133808851242065,48,3,46,2,11
1403715987.183808565139771,48,7,48,0,11
1403715987.233808279037476,48,0,45,0,11
1403715987.283808231353760,48,8,44,1,11
1403715987.333808898925781,48,2,43,3,11
1403715987.383809089660645,47,4,44,2,11
1403715987.433809280395508,49,11,44,3,11
1403715987.483809232711792,49,1,47,0,11
1403715987.533809900283813,48,0,46,2,11
1403715987.583810329437256,48,1,48,0,11
1403715987.633810520172119,48,5,46,2,11
1403715987.683810710906982,48,1,46,0,11
1403715987.733810424804688,47,0,44,1,11
1403715987.783811330795288,47,4,43,2,11
1403715987.833811759948730,47,2,44,0,11
1403715987.883812189102173,45,8,43,1,11
1403715987.933812141418457,40,0,37,2,11
1403715987.983811378479004,43,1,39,3,11
1403715988.033810615539551,43,3,38,3,11
1403715988.083809137344360,43,4,41,0,11
1403715988.133808135986328,44,0,38,5,11
1403715988.183807373046875,48,8,42,5,11
1403715988.233806848526001,49,2,46,2,11
1403715988.283807039260864,49,1,48,0,11
1403715988.333806753158569,49,0,48,1,11
1403715988.383806943893433,49,2,49,0,11
1403715988.433806896209717,49,1,47,0,11
1403715988.483806610107422,50,10,47,2,11
1403715988.533806800842285,47,0,47,0,11
1403715988.583806753158569,47,0,46,0,11
1403715988.633806705474854,48,10,47,1,11
1403715988.683806657791138,48,0,48,0,11
1403715988.733806610107422,48,0,47,0,11
1403715988.783807039260864,48,3,47,0,11
1403715988.833806753158569,48,0,46,1,11
1403715988.883806705474854,47,2,45,0,11
1403715988.933806657791138,48,5,45,2,11
1403715988.983806848526001,48,1,46,1,11
1403715989.033807039260864,46,0,44,0,11
1403715989.083806991577148,49,5,43,4,11
1403715989.133806943893433,48,1,47,0,11
1403715989.183806896209717,48,0,44,0,11
1403715989.233806848526001,46,6,44,0,11
1403715989.283807039260864,44,0,43,0,11
1403715989.333806991577148,45,0,42,1,11
1403715989.383806943893433,45,0,41,1,11
1403715989.433807134628296,48,5,42,4,11
1403715989.483807086944580,47,0,45,1,11
1403715989.533807277679443,46,3,45,0,11
1403715989.583807945251465,46,0,44,1,11
1403715989.633809089660645,44,0,43,0,11
1403715989.683809280395508,48,1,41,5,11
1403715989.733808040618896,49,5,44,1,11
1403715989.783808231353760,47,1,38,1,11
1403715989.833807706832886,45,5,38,1,11
1403715989.883806467056274,41,0,35,2,11
1403715989.933805465698242,42,0,34,2,11
1403715989.983805179595947,40,0,33,2,11
1403715990.033804655075073,41,0,34,4,11
1403715990.083804130554199,42,2,38,3,11
1403715990.133804082870483,41,0,39,0,11
1403715990.183803319931030,42,3,38,3,11
1403715990.233803272247314,42,3,40,0,11
1403715990.283803701400757,40,0,38,1,11
1403715990.333803415298462,40,0,38,2,11
1403715990.383803367614746,38,1,37,0,11
1403715990.433803319931030,43,1,36,5,11
1403715990.483803510665894,41,2,36,0,11
1403715990.533803701400757,38,2,32,0,11
1403715990.583803653717041,33,1,30,0,11
1403715990.633803606033325,29,5,23,3,11
1403715990.683803796768188,29,5,21,2,11
1403715990.733803749084473,27,1,18,1,11
1403715990.783803939819336,26,2,13,3,11
1403715990.833803892135620,20,2,11,4,11
1403715990.883803606033325,15,2,9,1,11
1403715990.933803558349609,11,1,8,1,11
1403715990.983803033828735,14,2,9,5,11
1403715991.033802509307861,15,0,8,4,11
1403715991.083801984786987,14,0,4,1,11
1403715991.133801698684692,12,0,1,1,11
1403715991.183800935745239,10,1,0,4,11
1403715991.233800888061523,7,0,1,1,11
1403715991.283801078796387,6,0,2,1,11
1403715991.333801031112671,3,0,3,0,11
1403715991.383800983428955,4,0,3,1,11
1403715991.433800935745239,4,0,3,0,11
1403715991.483800888061523,4,0,3,0,11
1403715991.533801317214966,5,0,3,2,11
1403715991.583801269531250,5,0,5,0,11
1403715991.633801221847534,5,0,5,0,11
1403715991.683801412582397,6,0,5,1,11
1403715991.733801364898682,9,0,6,3,11
1403715991.783801794052124,9,0,9,0,11
1403715991.833801746368408,9,0,9,0,11
1403715991.883801698684692,9,0,9,0,11
1403715991.933801651000977,10,0,9,1,11
1403715991.983801841735840,11,0,10,1,11
1403715992.033802032470703,11,0,11,0,11
1403715992.083801984786987,11,0,11,0,11
1403715992.133801937103271,11,0,11,0,11
1403715992.183801889419556,11,0,11,0,11
1403715992.233801841735840,11,0,11,0,11
1403715992.283802032470703,11,0,11,0,11
1403715992.333801984786987,12,0,11,1,11
1403715992.383801937103271,12,0,12,0,11
1403715992.433801889419556,12,0,12,0,11
1403715992.483801841735840,12,0,12,0,11
1403715992.533802032470703,12,0,12,0,11
1403715992.583801984786987,12,0,12,0,11
1403715992.633801937103271,12,0,12,0,11
1403715992.683801889419556,12,0,12,0,11
1403715992.733801841735840,12,0,12,0,11
1403715992.783802032470703,12,0,12,0,11
1403715992.833801984786987,12,0,12,0,11
1403715992.883801937103271,12,0,12,0,11
1403715992.933801889419556,12,0,12,0,11
1403715992.983801841735840,12,0,12,0,11
1403715993.033802032470703,12,0,12,0,11
1403715993.083801984786987,12,0,12,0,11
1403715993.133801937103271,12,0,12,0,11
1403715993.183801889419556,12,0,12,0,11
1403715993.233801841735840,12,0,12,0,11
1403715993.283802032470703,12,0,12,0,11
1403715993.333801984786987,12,0,12,0,11
1403715993.383801937103271,12,0,12,0,11
1403715993.433801889419556,12,0,12,0,11
1403715993.483801841735840,12,0,12,0,11
1403715993.533802032470703,12,0,12,0,11
1403715993.583801984786987,12,0,12,0,11
1403715993.633801937103271,12,0,12,0,11
1403715993.683801889419556,12,0,12,0,11
1403715993.733801841735840,12,0,12,0,11
1403715993.783802032470703,12,0,12,0,11
1403715993.833801984786987,12,0,11,0,11
1403715993.883801937103271,12,0,12,0,11
1403715993.933801889419556,12,0,12,0,11
1403715993.983801841735840,12,0,12,0,11
