# timestamp (sec),slam_feats_in_state,msckf_feats_used,slam_feats_updated,slam_feats_delayed_init,clones
1403715893.789571285247803,0,15,0,0,5
1403715893.834399223327637,18,15,0,18,6
1403715893.881560087203979,18,0,18,0,7
1403715893.930212497711182,18,0,18,0,8
1403715893.980320215225220,18,1,17,0,9
1403715894.029430150985718,17,1,16,0,10
1403715894.078758955001831,17,0,17,0,11
1403715894.128990650177002,17,1,17,0,11
1403715894.179279804229736,22,1,16,6,11
1403715894.228315591812134,24,0,21,2,11
1403715894.278353929519653,30,0,23,6,11
1403715894.328513860702515,28,1,28,0,11
1403715894.379071474075317,33,4,28,5,11
1403715894.429729223251343,45,24,33,12,11
1403715894.480205297470093,48,0,44,4,11
1403715894.529686689376831,48,0,45,0,11
1403715894.579967498779297,50,1,46,2,11
1403715894.629849910736084,50,0,48,0,11
1403715894.679763793945312,50,0,48,2,11
1403715894.729652166366577,49,0,48,0,11
1403715894.779576778411865,48,0,48,0,11
1403715894.829452753067017,50,5,47,2,11
1403715894.879422664642334,50,3,49,0,11
1403715894.929438829421997,49,6,48,1,11
1403715894.979439020156860,50,0,49,1,11
1403715895.029416322708130,47,22,47,0,11
1403715895.079336881637573,46,0,45,0,11
1403715895.129296779632568,45,0,42,0,11
1403715895.179095506668091,48,2,41,6,11
1403715895.228775739669800,47,1,46,0,11
1403715895.278627634048462,46,2,44,1,11
1403715895.328597545623779,43,2,41,0,11
1403715895.378587961196899,42,2,39,0,11
1403715895.428562641143799,46,1,39,5,11
1403715895.478560924530029,46,0,43,3,11
1403715895.528571128845215,47,2,43,2,11
1403715895.578541278839111,47,2,42,0,11
1403715895.628492832183838,44,20,40,3,11
1403715895.678474187850952,44,0,42,1,11
1403715895.728469610214233,42,1,39,0,11
1403715895.778401136398315,48,10,37,7,11
1403715895.828447580337524,47,0,42,2,11
1403715895.878464937210083,47,5,44,1,11
1403715895.928428411483765,46,1,43,2,11
1403715895.978435277938843,46,1,44,0,11
1403715896.028435707092285,46,1,43,1,11
1403715896.078406333923340,45,1,40,1,11
1403715896.128397226333618,45,0,41,0,11
1403715896.178438425064087,44,0,41,3,11
1403715896.228468894958496,45,26,43,1,11
1403715896.278660297393799,49,1,43,4,11
1403715896.328679323196411,48,1,46,1,11
1403715896.378715038299561,48,5,44,2,11
1403715896.428734540939331,47,0,44,0,11
1403715896.478718280792236,47,1,42,1,11
1403715896.528695583343506,47,1,41,3,11
1403715896.578667879104614,45,0,43,0,11
1403715896.628623247146606,43,1,40,1,11
1403715896.678655862808228,41,1,38,1,11
1403715896.728650331497192,41,1,35,0,11
1403715896.778688907623291,42,0,34,4,11
1403715896.828752279281616,43,17,36,3,11
1403715896.878764867782593,43,0,39,2,11
1403715896.928796052932739,43,0,39,1,11
1403715896.978839635848999,45,0,39,4,11
1403715897.028926372528076,45,0,40,1,11
1403715897.079007625579834,46,16,41,3,11
1403715897.129037857055664,45,0,43,1,11
1403715897.179060935974121,46,0,43,2,11
1403715897.229083776473999,44,0,39,0,11
1403715897.279185533523560,44,0,38,1,11
1403715897.329325199127197,42,4,35,3,11
1403715897.379374980926514,41,2,36,1,11
1403715897.429533004760742,42,17,36,4,11
1403715897.479606151580811,41,1,37,0,11
1403715897.529685497283936,41,2,36,1,11
1403715897.579787492752075,40,4,33,2,11
1403715897.629895925521851,40,1,34,1,11
1403715897.680079936981201,41,8,30,7,11
1403715897.730158805847168,40,3,36,0,11
1403715897.780188798904419,39,1,37,0,11
1403715897.830184459686279,37,2,35,1,11
1403715897.880204916000366,37,6,35,0,11
1403715897.930233478546143,36,3,33,0,11
1403715897.980302810668945,43,5,30,8,11
1403715898.030384540557861,40,13,33,3,11
1403715898.080402374267578,39,6,32,0,11
1403715898.130433797836304,36,1,24,2,11
1403715898.180454730987549,34,3,24,7,11
1403715898.230546712875366,30,6,25,1,11
1403715898.280658483505249,31,2,23,3,11
1403715898.330743312835693,30,2,24,2,11
1403715898.380800962448120,29,0,26,2,11
1403715898.430938482284546,35,12,24,7,11
1403715898.480968952178955,33,3,26,1,11
1403715898.530983209609985,32,5,26,1,11
1403715898.580983638763428,29,7,25,2,11
1403715898.631014108657837,33,5,25,4,11
1403715898.681050777435303,33,0,27,1,11
1403715898.731067180633545,30,5,25,1,11
1403715898.781073808670044,22,10,19,1,11
1403715898.831076383590698,24,1,17,5,11
1403715898.881074905395508,26,1,21,3,11
1403715898.931071519851685,23,4,20,0,11
1403715898.981065273284912,28,2,17,7,11
1403715899.031080007553101,28,13,24,3,11
1403715899.081079244613647,28,6,22,3,11
1403715899.131064653396606,25,3,23,0,11
1403715899.181053638458252,31,3,20,11,11
1403715899.231056451797485,28,6,28,0,11
1403715899.281072139739990,30,6,26,3,11
1403715899.331089019775391,38,3,24,11,11
1403715899.381164073944092,41,5,34,5,11
1403715899.431220769882202,41,3,37,4,11
1403715899.481287717819214,43,4,40,2,11
1403715899.531365633010864,48,8,41,5,11
1403715899.581392288208008,47,4,45,1,11
1403715899.631426811218262,49,8,46,3,11
1403715899.681418657302856,49,6,47,1,11
1403715899.731433391571045,49,6,46,0,11
1403715899.781435489654541,48,3,45,0,11
1403715899.831448078155518,45,10,41,2,11
1403715899.881459474563599,45,9,41,3,11
1403715899.931483030319214,47,5,42,4,11
1403715899.981546401977539,46,7,45,0,11
1403715900.031611680984497,44,2,42,0,11
1403715900.081670761108398,44,2,42,0,11
1403715900.131716728210449,45,8,40,3,11
1403715900.181752681732178,41,2,39,0,11
1403715900.231770753860474,47,1,39,6,11
1403715900.281807661056519,48,6,45,3,11
1403715900.331811189651489,47,2,47,0,11
1403715900.381816625595093,45,5,44,1,11
1403715900.431859493255615,47,4,41,5,11
1403715900.481864213943481,44,6,41,2,11
1403715900.531903982162476,40,5,35,4,11
1403715900.581942796707153,39,3,37,2,11
1403715900.631994724273682,41,1,35,3,11
1403715900.682038545608521,38,5,31,0,11
1403715900.732082605361938,43,1,25,8,11
1403715900.782099246978760,40,1,24,2,11
1403715900.832103967666626,30,1,18,3,11
1403715900.882098436355591,22,1,19,3,11
1403715900.932090759277344,22,0,21,0,11
1403715900.982092142105103,21,1,20,0,11
1403715901.032085418701172,19,1,19,0,11
1403715901.082079410552979,19,3,16,1,11
1403715901.132076740264893,18,3,13,0,11
1403715901.182077646255493,17,1,10,4,11
1403715901.232075452804565,16,2,11,2,11
1403715901.282073736190796,17,2,13,1,11
1403715901.332094192504883,18,1,12,4,11
1403715901.382124423980713,19,0,12,1,11
1403715901.432183980941772,21,1,12,4,11
1403715901.482201337814331,22,2,13,5,11
1403715901.532190322875977,22,1,16,1,11
1403715901.582165241241455,20,2,18,1,11
1403715901.632146596908569,20,3,16,1,11
1403715901.682143211364746,21,2,15,2,11
1403715901.732138872146606,19,0,16,1,11
1403715901.782149076461792,21,3,11,3,11
1403715901.832159996032715,24,2,11,5,11
1403715901.882157325744629,25,2,15,6,11
1403715901.932165622711182,26,2,20,5,11
1403715901.982176065444946,27,1,23,3,11
1403715902.032191514968872,27,2,26,1,11
1403715902.082216024398804,29,3,26,2,11
1403715902.132249116897583,35,1,26,6,11
1403715902.182273864746094,42,3,33,9,11
1403715902.232276916503906,41,0,39,0,11
1403715902.282281875610352,40,1,39,0,11
1403715902.332296609878540,43,2,33,7,11
1403715902.382296800613403,40,2,39,0,11
1403715902.432298898696899,41,1,38,2,11
1403715902.482314109802246,45,4,38,5,11
1403715902.532315969467163,43,1,43,0,11
1403715902.582312583923340,47,1,42,4,11
1403715902.632323741912842,47,1,44,1,11
1403715902.682320356369019,47,9,43,1,11
1403715902.732318162918091,49,4,43,2,11
1403715902.782316923141479,44,5,43,1,11
1403715902.832314252853394,48,2,41,4,11
1403715902.882313966751099,44,2,41,0,11
1403715902.932322502136230,41,2,39,1,11
1403715902.982330083847046,41,0,37,2,11
1403715903.032332181930542,40,1,37,0,11
1403715903.082341670989990,37,2,35,1,11
1403715903.132343769073486,32,3,30,0,11
1403715903.182343721389771,34,4,28,3,11
1403715903.232341051101685,31,1,28,1,11
1403715903.282339096069336,35,6,26,6,11
1403715903.332346439361572,36,5,31,3,11
1403715903.382349014282227,36,2,32,4,11
1403715903.432349443435669,38,2,33,4,11
1403715903.482352495193481,33,1,30,0,11
1403715903.532361268997192,43,2,27,12,11
1403715903.582363843917847,46,4,37,8,11
1403715903.632360458374023,46,5,43,0,11
1403715903.682381391525269,48,9,41,3,11
1403715903.732410192489624,40,9,37,0,11
1403715903.782419681549072,34,2,31,0,11
1403715903.832428932189941,25,6,22,0,11
1403715903.882457971572876,25,4,19,3,11
1403715903.932454347610474,14,6,13,0,11
1403715903.982446432113647,13,6,6,7,11
1403715904.032448053359985,13,3,11,0,11
1403715904.082461595535278,13,5,11,0,11
1403715904.132490873336792,19,3,11,8,11
1403715904.182507991790771,19,4,18,0,11
1403715904.232510566711426,19,1,18,0,11
1403715904.282517194747925,19,6,17,1,11
1403715904.332521200180054,25,1,16,8,11
1403715904.382520437240601,23,2,23,0,11
1403715904.432523727416992,26,4,22,3,11
1403715904.482526540756226,26,2,22,3,11
1403715904.532527685165405,27,0,25,1,11
1403715904.582552671432495,24,6,22,2,11
1403715904.632558107376099,23,0,23,0,11
1403715904.682567596435547,23,2,20,3,11
1403715904.732588529586792,27,1,20,5,11
1403715904.782594203948975,25,1,19,1,11
1403715904.832595348358154,22,0,17,1,11
1403715904.882600307464600,22,4,17,3,11
1403715904.932601928710938,19,4,13,2,11
1403715904.982602357864380,17,2,15,0,11
1403715905.032612800598145,20,2,12,6,11
1403715905.082622528076172,19,3,14,0,11
1403715905.132631540298462,17,0,14,0,11
1403715905.182665348052979,17,7,13,3,11
1403715905.232670068740845,17,2,16,0,11
1403715905.282692193984985,21,1,16,5,11
1403715905.332720279693604,22,2,20,2,11
1403715905.382737874984741,24,1,22,2,11
1403715905.432745456695557,23,1,22,1,11
1403715905.482715606689453,26,4,21,4,11
1403715905.532718420028687,26,6,24,1,11
1403715905.582739114761353,26,0,23,2,11
1403715905.632762193679810,27,6,22,3,11
1403715905.682783842086792,25,5,21,1,11
1403715905.732813596725464,25,0,21,1,11
1403715905.782854318618774,32,2,20,11,11
1403715905.832867145538330,36,3,28,5,11
1403715905.882869720458984,30,1,26,0,11
1403715905.932863712310791,31,1,27,3,11
1403715905.982875347137451,29,1,27,1,11
1403715906.032891750335693,31,1,24,5,11
1403715906.082895517349243,29,5,24,0,11
1403715906.132899761199951,28,2,20,2,11
1403715906.182898759841919,22,1,15,2,11
1403715906.232907533645630,25,2,13,7,11
1403715906.282907962799072,23,2,15,4,11
1403715906.332897424697876,27,1,17,7,11
1403715906.382894277572632,26,0,22,0,11
1403715906.432892799377441,28,1,22,4,11
1403715906.482889652252197,23,3,19,1,11
1403715906.532890558242798,23,0,19,0,11
1403715906.582890987396240,23,2,15,4,11
1403715906.632890939712524,21,3,17,2,11
1403715906.682890176773071,24,4,17,6,11
1403715906.732893228530884,24,3,21,1,11
1403715906.782890319824219,21,1,19,0,11
1403715906.832911252975464,22,4,16,5,11
1403715906.882916212081909,19,3,17,2,11
1403715906.932919025421143,20,4,19,1,11
1403715906.982927322387695,22,1,19,3,11
1403715907.032939434051514,22,4,17,5,11
1403715907.082940340042114,24,1,22,2,11
1403715907.132953643798828,20,0,18,1,11
1403715907.182955265045166,21,0,19,1,11
1403715907.232953548431396,30,1,18,11,11
1403715907.282950878143311,29,0,27,0,11
1403715907.332944869995117,24,0,20,2,11
1403715907.382946491241455,25,0,22,3,11
1403715907.432946205139160,28,0,24,4,11
1403715907.482955694198608,27,0,24,2,11
1403715907.532950401306152,27,0,23,4,11
1403715907.582952499389648,25,1,23,2,11
1403715907.632954359054565,26,0,22,4,11
1403715907.682957410812378,24,0,23,1,11
1403715907.732962846755981,31,0,23,8,11
1403715907.782970666885376,33,1,26,6,11
1403715907.832974672317505,29,4,26,3,11
1403715907.882972717285156,28,2,27,0,11
1403715907.932974576950073,27,1,25,1,11
1403715907.982976675033569,26,2,25,0,11
1403715908.032980918884277,33,2,22,8,11
1403715908.082992076873779,37,0,29,5,11
1403715908.133002042770386,38,1,30,5,11
1403715908.183009862899780,38,3,30,3,11
1403715908.233014583587646,34,1,29,1,11
1403715908.283029317855835,43,0,28,14,11
1403715908.333030700683594,37,1,36,0,11
1403715908.383029222488403,34,0,33,0,11
1403715908.433029651641846,34,0,31,1,11
1403715908.483030319213867,29,1,28,0,11
1403715908.533026933670044,38,2,28,9,11
1403715908.583021640777588,35,1,32,0,11
1403715908.633016109466553,35,1,30,4,11
1403715908.683006286621094,33,0,33,0,11
1403715908.732995033264160,38,1,28,8,11
1403715908.782994747161865,32,0,30,0,11
1403715908.833006620407104,29,0,28,1,11
1403715908.883023738861084,41,0,28,13,11
1403715908.933033227920532,40,0,39,0,11
1403715908.983036756515503,39,0,37,0,11
1403715909.033040285110474,43,1,35,7,11
1403715909.083041667938232,46,6,39,7,11
1403715909.133045911788940,46,2,43,1,11
1403715909.183050632476807,38,1,35,0,11
1403715909.233049869537354,47,1,35,10,11
1403715909.283076524734497,48,18,44,3,11
1403715909.333081007003784,49,0,46,1,11
1403715909.383085250854492,46,0,46,0,11
1403715909.433107852935791,46,3,44,0,11
1403715909.483116626739502,42,3,39,2,11
1403715909.533137559890747,49,4,37,9,11
1403715909.583141088485718,49,2,41,0,11
1403715909.633137702941895,45,0,39,0,11
1403715909.683143615722656,43,1,37,4,11
1403715909.733144283294678,49,9,41,7,11
1403715909.783148765563965,44,1,39,0,11
1403715909.833156585693359,37,3,29,0,11
1403715909.883162736892700,40,6,21,12,11
1403715909.933167934417725,34,4,29,1,11
1403715909.983178377151489,27,6,22,0,11
1403715910.033179283142090,23,3,19,0,11
1403715910.083181142807007,21,3,16,4,11
1403715910.133183479309082,19,6,14,4,11
1403715910.183186769485474,17,7,16,0,11
1403715910.233190536499023,15,5,15,0,11
1403715910.283192873001099,11,5,6,0,11
1403715910.333198547363281,2,13,1,1,11
1403715910.383200645446777,0,2,0,0,11
1403715910.433194875717163,5,2,0,5,11
1403715910.483191251754761,3,1,3,0,11
1403715910.533190488815308,7,5,2,4,11
1403715910.583195686340332,17,2,5,10,11
1403715910.633208751678467,21,3,13,5,11
1403715910.683222532272339,20,5,15,2,11
1403715910.733232021331787,23,5,17,4,11
1403715910.783247232437134,34,0,20,13,11
1403715910.833257675170898,40,2,32,6,11
1403715910.883275508880615,48,8,35,9,11
1403715910.933276414871216,45,8,38,3,11
1403715910.983281135559082,38,8,34,1,11
1403715911.033288717269897,40,3,35,4,11
1403715911.083297729492188,40,1,37,1,11
1403715911.133308887481689,45,3,35,6,11
1403715911.183315038681030,43,5,35,0,11
1403715911.233312129974365,42,9,34,4,11
1403715911.283310413360596,38,1,34,2,11
1403715911.333310127258301,35,3,30,1,11
1403715911.383308887481689,31,3,27,1,11
1403715911.433314085006714,21,4,15,4,11
1403715911.483308553695679,23,4,17,3,11
1403715911.533307790756226,23,2,20,2,11
1403715911.583306312561035,20,1,18,1,11
1403715911.633316516876221,16,3,14,2,11
1403715911.683311700820923,14,1,14,0,11
1403715911.733315706253052,16,2,12,3,11
1403715911.783314943313599,17,5,12,4,11
1403715911.833298444747925,16,7,15,0,11
1403715911.883288860321045,31,3,14,15,11
1403715911.933282613754272,34,1,28,4,11
1403715911.983273267745972,33,2,32,1,11
1403715912.033271312713623,34,1,30,2,11
1403715912.083267211914062,32,10,31,0,11
1403715912.133269309997559,36,2,29,5,11
1403715912.183268070220947,38,1,33,3,11
1403715912.233256340026855,43,3,34,9,11
1403715912.283247709274292,44,0,42,2,11
1403715912.333240747451782,43,1,41,0,11
1403715912.383241653442383,44,2,37,1,11
1403715912.433234214782715,42,3,35,0,11
1403715912.483221769332886,45,5,34,6,11
1403715912.533220052719116,40,2,34,1,11
1403715912.583218336105347,37,4,33,0,11
1403715912.633219718933105,39,1,28,5,11
1403715912.683219671249390,38,0,25,0,11
1403715912.733222484588623,38,4,23,7,11
1403715912.783219337463379,34,4,28,4,11
1403715912.833218574523926,34,8,30,1,11
1403715912.883210897445679,32,1,21,6,11
1403715912.933203935623169,29,1,20,0,11
1403715912.983199596405029,20,2,12,0,11
1403715913.033195018768311,16,3,5,2,11
1403715913.083189964294434,13,1,7,2,11
1403715913.133189916610718,7,4,3,2,11
1403715913.183181047439575,21,1,5,14,11
1403715913.233189105987549,20,1,11,2,11
1403715913.283193349838257,18,1,12,0,11
1403715913.333199977874756,19,2,11,7,11
1403715913.383202314376831,24,5,18,5,11
1403715913.433201789855957,22,8,22,0,11
1403715913.483211517333984,28,2,22,6,11
1403715913.533207654953003,32,2,27,5,11
1403715913.583209037780762,33,0,28,3,11
1403715913.633202552795410,33,1,28,2,11
1403715913.683202981948853,34,0,30,3,11
1403715913.733206033706665,35,2,30,2,11
1403715913.783212423324585,37,3,30,3,11
1403715913.833224058151245,42,0,31,9,11
1403715913.883234739303589,43,2,37,2,11
1403715913.933217048645020,49,2,35,9,11
1403715913.983215332031250,47,3,34,1,11
1403715914.033189058303833,48,11,40,4,11
1403715914.083149909973145,46,4,43,3,11
1403715914.133117914199829,47,7,42,3,11
1403715914.183113813400269,43,1,42,0,11
1403715914.233121156692505,44,2,42,2,11
1403715914.283141851425171,44,8,42,0,11
1403715914.333151340484619,47,5,41,4,11
1403715914.383159875869751,46,2,43,0,11
1403715914.433160066604614,46,5,40,3,11
1403715914.483154535293579,47,5,40,3,11
1403715914.533146858215332,47,3,42,3,11
1403715914.583138942718506,45,1,45,0,11
1403715914.633148431777954,50,4,43,5,11
1403715914.683152437210083,49,1,46,0,11
1403715914.733154535293579,45,4,40,0,11
1403715914.783148050308228,46,3,35,4,11
1403715914.833146333694458,42,3,28,0,11
1403715914.883156061172485,44,0,27,8,11
1403715914.933145523071289,42,10,33,9,11
1403715914.983145952224731,42,0,42,0,11
1403715915.033152103424072,43,0,41,2,11
1403715915.083160161972046,48,4,43,5,11
1403715915.133160829544067,47,0,45,1,11
1403715915.183148145675659,50,16,46,3,11
1403715915.233158826828003,49,5,47,0,11
1403715915.283168315887451,49,2,46,1,11
1403715915.333181619644165,47,3,46,0,11
1403715915.383187055587769,47,3,46,0,11
1403715915.433188199996948,48,2,45,2,11
1403715915.483180046081543,50,2,47,2,11
1403715915.533150434494019,49,12,48,0,11
1403715915.583138942718506,48,0,46,0,11
1403715915.633130311965942,47,0,45,0,11
1403715915.683108806610107,47,7,44,2,11
1403715915.733086585998535,44,4,42,1,11
1403715915.783068418502808,47,8,41,5,11
1403715915.833064317703247,48,2,45,3,11
1403715915.883066415786743,48,7,48,0,11
1403715915.933076381683350,49,7,48,1,11
1403715915.983085155487061,49,4,48,0,11
1403715916.033096790313721,50,2,48,1,11
1403715916.083110570907593,49,2,49,0,11
1403715916.133132219314575,50,9,49,1,11
1403715916.183142900466919,49,0,47,0,11
1403715916.233154296875000,48,1,46,0,11
1403715916.283150196075439,47,2,42,2,11
1403715916.333150148391724,46,3,41,1,11
1403715916.383148670196533,45,0,37,2,11
1403715916.433164119720459,42,5,31,2,11
1403715916.483176708221436,36,2,28,2,11
1403715916.533195257186890,37,3,23,4,11
1403715916.583202123641968,34,6,18,4,11
1403715916.633212089538574,33,3,21,5,11
1403715916.683213710784912,31,0,22,4,11
1403715916.733227968215942,33,1,21,5,11
1403715916.783237695693970,30,1,22,2,11
1403715916.833255529403687,31,4,23,6,11
1403715916.883251428604126,32,3,27,3,11
1403715916.933242321014404,29,1,25,1,11
1403715916.983241081237793,29,0,24,3,11
1403715917.033225297927856,31,5,24,5,11
1403715917.083216905593872,36,2,26,7,11
1403715917.133227348327637,32,12,22,7,11
1403715917.183234691619873,34,6,21,4,11
1403715917.233232736587524,31,0,20,0,11
1403715917.283238887786865,26,0,18,2,11
1403715917.333246469497681,26,2,14,4,11
1403715917.383269548416138,25,1,16,2,11
1403715917.433290958404541,25,0,17,6,11
1403715917.483319282531738,27,0,23,3,11
1403715917.533334255218506,26,0,25,0,11
1403715917.583346605300903,26,0,25,0,11
1403715917.633345365524292,28,5,24,4,11
1403715917.683331012725830,30,0,28,2,11
1403715917.733337879180908,33,1,30,3,11
1403715917.783324956893921,34,2,30,1,11
1403715917.833320379257202,40,3,30,6,11
1403715917.883314132690430,40,3,34,5,11
1403715917.933314561843872,46,2,37,8,11
1403715917.983330965042114,50,2,45,4,11
1403715918.033355951309204,48,2,45,0,11
1403715918.083370208740234,48,2,47,1,11
1403715918.133371353149414,49,4,48,1,11
1403715918.183381795883179,48,5,43,0,11
1403715918.233392715454102,46,1,38,0,11
1403715918.283406734466553,45,0,36,5,11
1403715918.333395242691040,45,3,35,4,11
1403715918.383378982543945,45,0,32,1,11
1403715918.433375835418701,44,3,34,5,11
1403715918.483381032943726,43,2,33,3,11
1403715918.533384799957275,40,1,31,2,11
1403715918.583386182785034,37,1,28,5,11
1403715918.633383274078369,37,3,30,3,11
1403715918.683385133743286,40,1,32,6,11
1403715918.733376979827881,41,2,35,4,11
1403715918.783380270004272,43,2,38,3,11
1403715918.833377361297607,39,4,37,0,11
1403715918.883379697799683,41,0,34,2,11
1403715918.933385372161865,39,3,35,1,11
1403715918.983384609222412,39,2,34,5,11
1403715919.033386468887329,39,5,39,0,11
1403715919.083389997482300,47,3,39,8,11
1403715919.133395910263062,49,6,47,2,11
1403715919.183404684066772,49,4,46,1,11
1403715919.233411073684692,50,7,46,1,11
1403715919.283416509628296,49,3,45,1,11
1403715919.333419561386108,49,2,46,1,11
1403715919.383419275283813,47,0,46,0,11
1403715919.433411121368408,48,13,46,1,11
1403715919.483394145965576,47,0,46,0,11
1403715919.533371686935425,47,0,46,0,11
1403715919.583341836929321,47,0,46,1,11
1403715919.633308887481689,47,1,47,0,11
1403715919.683239698410034,48,19,42,1,11
1403715919.733220100402832,49,6,41,1,11
1403715919.783206224441528,47,0,39,5,11
1403715919.833199024200439,49,5,43,4,11
1403715919.883204936981201,49,0,47,1,11
1403715919.933203935623169,48,0,47,0,11
1403715919.983213424682617,50,0,46,2,11
1403715920.033215045928955,49,12,48,0,11
1403715920.083219289779663,50,0,47,2,11
1403715920.133230924606323,50,0,49,0,11
1403715920.183243036270142,50,1,48,1,11
1403715920.233253955841064,49,0,49,0,11
1403715920.283277273178101,49,20,49,0,11
1403715920.333312749862671,49,6,47,0,11
1403715920.383325815200806,49,2,43,1,11
1403715920.433326482772827,48,4,34,1,11
1403715920.483318805694580,46,2,33,1,11
1403715920.533318996429443,42,5,33,6,11
1403715920.583313465118408,41,0,39,1,11
1403715920.633304119110107,44,8,39,4,11
1403715920.683302640914917,43,0,41,0,11
1403715920.733296632766724,42,4,38,2,11
1403715920.783296108245850,40,7,37,1,11
1403715920.833297967910767,40,3,38,0,11
1403715920.883305788040161,45,7,35,7,11
1403715920.933309316635132,47,1,41,4,11
1403715920.983319520950317,43,1,41,0,11
1403715921.033327102661133,47,8,40,6,11
1403715921.083328485488892,48,4,45,2,11
1403715921.133333206176758,49,6,47,2,11
1403715921.183337926864624,50,3,48,1,11
1403715921.233339786529541,47,4,47,0,11
1403715921.283342838287354,49,3,47,2,11
1403715921.333345890045166,49,0,48,0,11
1403715921.383347511291504,48,16,46,0,11
1403715921.433347940444946,46,0,45,0,11
1403715921.483352899551392,46,4,45,1,11
1403715921.533355474472046,45,1,44,0,11
1403715921.583355188369751,46,2,43,2,11
1403715921.633354663848877,48,5,42,3,11
1403715921.683344602584839,49,2,42,2,11
1403715921.733344316482544,46,5,37,3,11
1403715921.783349275588989,43,9,34,1,11
1403715921.833349227905273,42,8,29,4,11
1403715921.883352518081665,39,3,29,2,11
1403715921.933354854583740,33,1,26,2,11
1403715921.983359575271606,41,2,25,10,11
1403715922.033360958099365,38,0,28,3,11
1403715922.083358526229858,33,3,26,1,11
1403715922.133358955383301,26,5,23,0,11
1403715922.183357238769531,22,2,19,0,11
1403715922.233354806900024,25,5,15,4,11
1403715922.283355474472046,22,3,17,1,11
1403715922.333358049392700,27,4,16,9,11
1403715922.383359193801880,28,2,19,4,11
1403715922.433360576629639,28,4,18,1,11
1403715922.483366250991821,26,2,17,2,11
1403715922.533368110656738,23,2,18,2,11
1403715922.583367347717285,16,3,12,2,11
1403715922.633368015289307,17,3,14,3,11
1403715922.683369874954224,17,2,12,4,11
1403715922.733369588851929,15,2,13,1,11
1403715922.783371448516846,20,1,14,5,11
1403715922.833371400833130,20,2,18,1,11
1403715922.883369922637939,21,2,18,2,11
1403715922.933369874954224,23,0,18,3,11
1403715922.983371973037720,24,0,21,1,11
1403715923.033372879028320,24,0,23,1,11
1403715923.083373785018921,25,1,21,2,11
1403715923.133381843566895,30,1,22,7,11
1403715923.183383226394653,32,2,29,3,11
1403715923.233383417129517,32,1,31,0,11
1403715923.283387184143066,38,6,29,6,11
1403715923.333391666412354,36,1,35,0,11
1403715923.383394241333008,35,2,29,3,11
1403715923.433396816253662,34,3,28,1,11
1403715923.483399391174316,34,3,27,1,11
1403715923.533400297164917,34,1,27,5,11
1403715923.583401918411255,39,1,28,7,11
1403715923.633403778076172,39,1,30,4,11
1403715923.683411836624146,37,1,31,3,11
1403715923.733418703079224,39,1,34,2,11
1403715923.783424854278564,37,0,36,1,11
1403715923.833424329757690,37,0,37,0,11
1403715923.883426189422607,42,0,35,5,11
1403715923.933426856994629,45,1,37,4,11
1403715923.983430862426758,47,16,40,4,11
1403715924.033431291580200,44,3,42,0,11
1403715924.083433151245117,48,6,42,4,11
1403715924.133435487747192,46,4,44,0,11
1403715924.183432817459106,47,4,39,1,11
1403715924.233428239822388,47,5,39,2,11
1403715924.283427476882935,44,0,36,4,11
1403715924.333425283432007,39,1,35,0,11
1403715924.383423089981079,36,2,32,0,11
1403715924.433424949645996,35,3,26,4,11
1403715924.483425617218018,31,11,27,2,11
1403715924.533425092697144,25,3,23,0,11
1403715924.583429098129272,27,2,18,5,11
1403715924.633429288864136,26,2,20,4,11
1403715924.683424234390259,24,4,22,1,11
1403715924.733415365219116,22,5,20,0,11
1403715924.783412933349609,20,2,14,0,11
1403715924.833408594131470,19,3,7,2,11
1403715924.883404016494751,14,7,8,1,11
1403715924.933399438858032,8,3,7,0,11
1403715924.983387470245361,12,8,6,4,11
1403715925.033379793167114,17,4,10,6,11
1403715925.083374261856079,20,5,14,5,11
1403715925.133373498916626,14,9,9,1,11
1403715925.183371782302856,18,6,9,5,11
1403715925.233371734619141,16,2,13,1,11
1403715925.283372640609741,16,3,14,0,11
1403715925.333377838134766,18,3,13,4,11
1403715925.383383512496948,19,2,13,1,11
1403715925.433386325836182,18,10,11,2,11
1403715925.483391761779785,15,3,12,1,11
1403715925.533384561538696,21,6,10,7,11
1403715925.583382368087769,23,2,14,7,11
1403715925.633381605148315,23,3,19,3,11
1403715925.683386325836182,20,4,13,0,11
1403715925.733397245407104,20,3,15,3,11
1403715925.783404350280762,21,3,18,2,11
1403715925.833410739898682,21,6,18,3,11
1403715925.883411169052124,19,6,19,0,11
1403715925.933424472808838,28,8,16,11,11
1403715925.983428239822388,30,8,24,5,11
1403715926.033433198928833,32,7,25,5,11
1403715926.083437681198120,37,7,29,6,11
1403715926.133437633514404,35,6,34,1,11
1403715926.183438777923584,38,4,31,4,11
1403715926.233441591262817,36,5,29,2,11
1403715926.283442974090576,34,5,23,0,11
1403715926.333444595336914,32,5,18,5,11
1403715926.383447885513306,21,0,17,1,11
1403715926.433448314666748,21,1,15,3,11
1403715926.483449935913086,23,4,14,5,11
1403715926.533454895019531,22,3,16,1,11
1403715926.583457231521606,22,0,17,4,11
1403715926.633460760116577,25,6,21,4,11
1403715926.683463335037231,25,10,22,3,11
1403715926.733464241027832,30,0,25,5,11
1403715926.783470869064331,32,5,29,2,11
1403715926.833470821380615,34,4,31,2,11
1403715926.883469104766846,33,5,31,1,11
1403715926.933465719223022,40,3,31,7,11
1403715926.983463048934937,40,0,37,1,11
1403715927.033456802368164,39,3,38,1,11
1403715927.083456993103027,43,4,37,6,11
1403715927.133455753326416,48,1,43,5,11
1403715927.183464765548706,49,2,45,2,11
1403715927.233469963073730,43,4,39,1,11
1403715927.283474445343018,46,3,38,6,11
1403715927.333480596542358,43,5,37,5,11
1403715927.383485317230225,44,2,35,7,11
1403715927.433489799499512,44,1,40,1,11
1403715927.483489513397217,46,5,39,5,11
1403715927.533486843109131,43,2,42,0,11
1403715927.583483695983887,42,0,41,1,11
1403715927.633483886718750,41,2,41,0,11
1403715927.683481454849243,40,3,38,0,11
1403715927.733488559722900,47,3,36,9,11
1403715927.783495664596558,46,1,44,1,11
1403715927.833508491516113,48,0,44,2,11
1403715927.883514881134033,49,9,45,1,11
1403715927.933519840240479,48,5,45,1,11
1403715927.983520746231079,48,0,44,2,11
1403715928.033522129058838,45,1,44,0,11
1403715928.083523750305176,50,4,45,5,11
1403715928.133527994155884,47,9,46,0,11
1403715928.183528900146484,41,2,40,0,11
1403715928.233542680740356,40,4,40,0,11
1403715928.283551454544067,36,2,35,0,11
1403715928.333561897277832,32,4,28,0,11
1403715928.383563041687012,25,2,21,0,11
1403715928.433565139770508,24,3,18,2,11
1403715928.483565568923950,28,4,16,7,11
1403715928.533563613891602,22,9,20,1,11
1403715928.583562374114990,18,5,17,0,11
1403715928.633560657501221,16,6,12,0,11
1403715928.683563232421875,22,3,8,11,11
1403715928.733563423156738,18,5,13,0,11
1403715928.783560514450073,16,6,10,2,11
1403715928.833553314208984,21,4,10,10,11
1403715928.883551597595215,21,8,18,1,11
1403715928.933550596237183,20,3,15,4,11
1403715928.983553647994995,21,5,17,4,11
1403715929.033557415008545,27,1,21,6,11
1403715929.083561420440674,27,0,27,0,11
1403715929.133571147918701,32,1,25,5,11
1403715929.183580160140991,38,0,27,7,11
1403715929.233585596084595,36,0,32,0,11
1403715929.283580303192139,40,5,28,9,11
1403715929.333583831787109,39,6,33,2,11
1403715929.383579254150391,43,5,30,7,11
1403715929.433578252792358,45,8,36,7,11
1403715929.483571052551270,46,11,37,5,11
1403715929.533571958541870,44,14,38,0,11
1403715929.583580732345581,44,10,36,4,11
1403715929.633581638336182,39,1,37,1,11
1403715929.683575868606567,37,2,35,0,11
1403715929.733569383621216,37,3,35,1,11
1403715929.783561468124390,36,1,36,0,11
1403715929.833560228347778,35,5,34,0,11
1403715929.883565187454224,38,2,32,5,11
1403715929.933572053909302,38,4,35,2,11
1403715929.983565807342529,38,4,36,1,11
1403715930.033572435379028,50,4,37,13,11
1403715930.083570480346680,47,10,45,0,11
1403715930.133576631546021,48,9,42,2,11
1403715930.183575391769409,45,0,43,1,11
1403715930.233580350875854,45,1,43,0,11
1403715930.283573865890503,49,7,39,6,11
1403715930.333573579788208,49,1,43,2,11
1403715930.383572340011597,48,0,45,1,11
1403715930.433572530746460,46,0,45,0,11
1403715930.483571052551270,45,3,42,0,11
1403715930.533568143844604,44,1,43,0,11
1403715930.583564281463623,48,5,43,5,11
1403715930.633566379547119,47,0,46,1,11
1403715930.683566570281982,47,9,46,1,11
1403715930.733564376831055,47,7,46,0,11
1403715930.783558845520020,49,0,47,2,11
1403715930.833547353744507,49,0,49,0,11
1403715930.883541345596313,50,8,49,1,11
1403715930.933537244796753,50,2,47,0,11
1403715930.983542680740356,49,4,46,0,11
1403715931.033548593521118,47,3,44,1,11
1403715931.083554506301880,46,1,41,0,11
1403715931.133559703826904,45,1,38,1,11
1403715931.183562278747559,46,2,39,5,11
1403715931.233551025390625,48,3,40,5,11
1403715931.283541679382324,46,14,37,2,11
1403715931.333532333374023,45,10,37,2,11
1403715931.383530378341675,40,2,36,3,11
1403715931.433532238006592,37,9,35,0,11
1403715931.483530998229980,42,4,32,6,11
1403715931.533531904220581,38,5,34,2,11
1403715931.583533287048340,39,6,33,3,11
1403715931.633542537689209,42,2,35,3,11
1403715931.683548450469971,45,9,35,8,11
1403715931.733558654785156,44,5,39,1,11
1403715931.783561944961548,39,5,33,2,11
1403715931.833563327789307,35,8,31,1,11
1403715931.883563041687012,34,9,29,2,11
1403715931.933563709259033,30,10,25,2,11
1403715931.983563661575317,25,5,23,0,11
1403715932.033562898635864,26,6,19,4,11
1403715932.083562135696411,25,3,22,2,11
1403715932.133561849594116,26,8,18,4,11
1403715932.183562040328979,24,2,18,0,11
1403715932.233561277389526,19,6,13,1,11
1403715932.283563375473022,19,1,14,3,11
1403715932.333562135696411,17,4,12,3,11
1403715932.383562564849854,15,2,11,0,11
1403715932.433561801910400,13,3,10,0,11
1403715932.483563184738159,16,3,10,6,11
1403715932.533563375473022,17,1,12,1,11
1403715932.583563089370728,18,4,12,1,11
1403715932.633562326431274,19,4,13,5,11
1403715932.683561086654663,19,2,16,3,11
1403715932.733558654785156,17,3,17,0,11
1403715932.783557415008545,19,2,16,2,11
1403715932.833554506301880,18,2,16,0,11
1403715932.883546829223633,23,1,16,6,11
1403715932.933533430099487,29,5,21,7,11
1403715932.983520507812500,38,6,24,10,11
1403715933.033520698547363,38,2,26,2,11
1403715933.083520889282227,33,5,23,2,11
1403715933.133521318435669,32,2,16,3,11
1403715933.183524847030640,26,2,18,0,11
1403715933.233522891998291,21,1,16,3,11
1403715933.283524513244629,11,3,10,0,11
1403715933.333528757095337,9,1,9,0,11
1403715933.383533000946045,7,4,6,0,11
1403715933.433536291122437,6,8,6,0,11
1403715933.483536720275879,6,8,6,0,11
1403715933.533536911010742,7,6,5,2,11
1403715933.583535671234131,7,5,6,1,11
1403715933.633531093597412,6,2,3,3,11
1403715933.683505535125732,14,1,6,8,11
1403715933.733499526977539,17,0,13,3,11
1403715933.783487796783447,21,0,16,4,11
1403715933.833474636077881,21,1,20,1,11
1403715933.883462667465210,24,2,20,3,11
1403715933.933459997177124,31,10,18,7,11
1403715933.983459234237671,37,19,20,12,11
1403715934.033463001251221,33,9,26,3,11
1403715934.083463668823242,26,9,16,1,11
1403715934.133461952209473,17,5,8,0,11
1403715934.183460474014282,9,6,2,1,11
1403715934.233460426330566,4,1,0,0,11
1403715934.283460140228271,1,5,0,0,11
1403715934.333460569381714,0,1,0,0,11
1403715934.383464336395264,0,10,0,0,11
1403715934.433463811874390,0,6,0,0,11
1403715934.483469963073730,0,4,0,0,11
1403715934.533477544784546,0,8,0,0,11
1403715934.583482027053833,1,2,0,1,11
1403715934.633481979370117,1,1,1,0,11
1403715934.683493375778198,2,1,1,1,11
1403715934.733508110046387,7,1,1,5,11
1403715934.783499717712402,7,2,6,0,11
1403715934.833478450775146,9,1,6,2,11
1403715934.883450746536255,13,1,8,5,11
1403715934.933419942855835,24,4,10,11,11
1403715934.983414173126221,26,9,20,3,11
1403715935.033408403396606,34,3,17,12,11
1403715935.083409309387207,32,8,24,2,11
1403715935.133408784866333,18,8,13,2,11
1403715935.183410167694092,16,2,12,1,11
1403715935.233413457870483,14,1,9,1,11
1403715935.283415794372559,13,1,7,1,11
1403715935.333417654037476,9,1,7,0,11
1403715935.383418321609497,8,0,7,1,11
1403715935.433421373367310,8,7,8,0,11
1403715935.483427762985229,9,6,6,3,11
1403715935.533427000045776,8,8,7,1,11
1403715935.583433866500854,16,4,8,8,11
1403715935.633435010910034,17,4,15,1,11
1403715935.683433771133423,20,3,17,3,11
1403715935.733434200286865,25,5,17,8,11
1403715935.783439636230469,34,3,23,11,11
1403715935.833439588546753,35,1,29,6,11
1403715935.883445739746094,38,1,35,3,11
1403715935.933457136154175,46,0,37,9,11
1403715935.983473300933838,50,1,44,4,11
1403715936.033514022827148,50,20,46,0,11
1403715936.083533048629761,49,5,44,1,11
1403715936.133542299270630,46,6,41,0,11
1403715936.183550357818604,50,12,42,5,11
1403715936.233550548553467,44,5,36,2,11
1403715936.283547878265381,43,7,34,0,11
1403715936.333540201187134,35,2,30,2,11
1403715936.383535385131836,33,2,29,1,11
1403715936.433538198471069,31,1,24,1,11
1403715936.483539342880249,27,1,22,0,11
1403715936.533538103103638,25,2,21,3,11
1403715936.583537817001343,24,2,23,0,11
1403715936.633536100387573,25,4,23,1,11
1403715936.683535814285278,24,2,24,0,11
1403715936.733538150787354,26,0,24,2,11
1403715936.783545494079590,37,0,26,11,11
1403715936.833541393280029,48,0,37,11,11
1403715936.883542060852051,50,1,48,2,11
1403715936.933543205261230,50,2,50,0,11
1403715936.983543395996094,50,4,50,0,11
1403715937.033544063568115,50,1,49,0,11
1403715937.083544492721558,49,2,45,0,11
1403715937.133544683456421,49,1,45,1,11
1403715937.183544158935547,48,2,42,2,11
1403715937.233541250228882,50,4,41,2,11
1403715937.283540248870850,47,2,43,1,11
1403715937.333538055419922,44,0,43,0,11
1403715937.383538007736206,45,1,43,1,11
1403715937.433537960052490,48,0,42,4,11
1403715937.483536005020142,45,7,41,2,11
1403715937.533536434173584,44,4,42,1,11
1403715937.583537340164185,47,0,40,6,11
1403715937.633535861968994,46,13,41,2,11
1403715937.683536529541016,40,2,36,2,11
1403715937.733536720275879,38,2,35,0,11
1403715937.783536434173584,41,4,34,3,11
1403715937.833537817001343,38,6,32,4,11
1403715937.883538484573364,40,0,31,4,11
1403715937.933537244796753,40,0,33,2,11
1403715937.983535766601562,36,2,33,1,11
1403715938.033535480499268,35,1,32,2,11
1403715938.083532094955444,44,10,32,11,11
1403715938.133530855178833,41,2,38,1,11
1403715938.183531045913696,40,2,38,0,11
1403715938.233530282974243,44,1,36,7,11
1403715938.283521652221680,43,12,36,5,11
1403715938.333522558212280,42,1,41,1,11
1403715938.383518934249878,42,4,39,1,11
1403715938.433519601821899,41,4,36,0,11
1403715938.483520030975342,38,2,36,0,11
1403715938.533523559570312,34,3,32,2,11
1403715938.583526849746704,48,7,32,15,11
1403715938.633529424667358,48,1,47,0,11
1403715938.683530569076538,49,4,46,2,11
1403715938.733530998229980,49,0,47,0,11
1403715938.783535003662109,48,3,46,1,11
1403715938.833539485931396,47,4,44,0,11
1403715938.883543729782104,46,11,40,2,11
1403715938.933545112609863,43,2,41,1,11
1403715938.983543395996094,48,1,41,5,11
1403715939.033538103103638,46,3,42,1,11
1403715939.083534479141235,48,2,41,2,11
1403715939.133523464202881,45,5,43,1,11
1403715939.183513164520264,43,17,38,5,11
1403715939.233506441116333,43,8,42,0,11
1403715939.283501625061035,40,4,39,0,11
1403715939.333499193191528,38,3,33,0,11
1403715939.383496761322021,35,7,27,0,11
1403715939.433497428894043,32,6,19,3,11
1403715939.483499765396118,28,2,11,5,11
1403715939.533500194549561,29,4,13,8,11
1403715939.583501577377319,22,1,18,1,11
1403715939.633501768112183,21,3,17,2,11
1403715939.683503627777100,20,8,18,1,11
1403715939.733505725860596,19,3,17,0,11
1403715939.783510446548462,19,0,18,1,11
1403715939.833515405654907,19,0,18,1,11
1403715939.883520603179932,20,2,16,4,11
1403715939.933522939682007,30,1,19,10,11
1403715939.983524084091187,30,0,30,0,11
1403715940.033529043197632,31,0,30,1,11
1403715940.083537101745605,40,2,31,9,11
1403715940.133537054061890,41,6,40,1,11
1403715940.183538436889648,48,10,39,8,11
1403715940.233539104461670,47,1,44,0,11
1403715940.283541440963745,48,1,40,2,11
1403715940.333543539047241,49,3,38,3,11
1403715940.383544206619263,34,3,24,3,11
1403715940.433547735214233,31,4,22,2,11
1403715940.483549118041992,26,1,19,3,11
1403715940.533550500869751,23,3,19,0,11
1403715940.583552837371826,22,4,17,2,11
1403715940.633552551269531,21,1,16,1,11
1403715940.683560132980347,16,1,9,5,11
1403715940.733565092086792,20,1,10,8,11
1403715940.783572196960449,24,0,16,7,11
1403715940.833577871322632,22,0,18,1,11
1403715940.883581399917603,28,0,19,6,11
1403715940.933583259582520,24,2,22,0,11
1403715940.983595371246338,31,16,19,9,11
1403715941.033601999282837,35,12,25,6,11
1403715941.083604812622070,34,19,21,3,11
1403715941.133606195449829,19,5,10,1,11
1403715941.183605670928955,14,12,6,0,11
1403715941.233605623245239,3,8,1,0,11
1403715941.283606529235840,1,7,1,0,11
1403715941.333606481552124,0,7,0,0,11
1403715941.383606195449829,0,2,0,0,11
1403715941.433608531951904,0,10,0,0,11
1403715941.483608007431030,0,3,0,0,11
1403715941.533602237701416,1,5,0,1,11
1403715941.583592414855957,7,3,0,6,11
1403715941.633588552474976,9,2,5,2,11
1403715941.683576345443726,11,2,7,3,11
1403715941.733571529388428,15,2,9,5,11
1403715941.783568859100342,17,6,12,5,11
1403715941.833567142486572,18,2,14,4,11
1403715941.883564233779907,19,3,18,1,11
1403715941.933558225631714,34,0,19,15,11
1403715941.983557701110840,37,2,32,3,11
1403715942.033560037612915,41,2,34,4,11
1403715942.083563327789307,41,6,37,4,11
1403715942.133563756942749,42,4,37,2,11
1403715942.183563709259033,42,1,36,2,11
1403715942.233563423156738,36,3,30,3,11
1403715942.283563137054443,32,5,18,2,11
1403715942.333562374114990,28,2,19,1,11
1403715942.383562564849854,27,2,19,7,11
1403715942.433562994003296,15,2,13,0,11
1403715942.483563184738159,11,1,9,0,11
1403715942.533563375473022,7,1,6,0,11
1403715942.583564043045044,2,4,2,0,11
1403715942.633563041687012,10,1,1,9,11
1403715942.683562755584717,8,1,3,3,11
1403715942.733563184738159,5,7,2,3,11
1403715942.783564090728760,9,3,5,4,11
1403715942.833563089370728,13,4,9,4,11
1403715942.883570194244385,22,3,9,12,11
1403715942.933572530746460,21,2,19,0,11
1403715942.983576774597168,31,4,19,11,11
1403715943.033580303192139,39,1,29,10,11
1403715943.083582878112793,44,1,39,5,11
1403715943.133588075637817,49,14,43,6,11
1403715943.183587551116943,47,12,46,1,11
1403715943.233584880828857,50,12,45,3,11
1403715943.283583641052246,50,18,42,0,11
1403715943.333583593368530,44,5,34,0,11
1403715943.383583784103394,39,7,30,3,11
1403715943.433586359024048,33,9,26,1,11
1403715943.483587026596069,30,5,22,0,11
1403715943.533586025238037,24,1,15,2,11
1403715943.583586454391479,21,1,15,1,11
1403715943.633585453033447,19,0,16,2,11
1403715943.683587551116943,18,2,16,0,11
1403715943.733589410781860,16,2,16,0,11
1403715943.783593416213989,15,1,14,0,11
1403715943.833597660064697,21,0,12,6,11
1403715943.883600950241089,19,2,15,3,11
1403715943.933603763580322,19,0,16,2,11
1403715943.983623266220093,28,1,16,10,11
1403715944.033643245697021,35,1,23,9,11
1403715944.083660364151001,38,5,25,7,11
1403715944.133670568466187,39,0,28,5,11
1403715944.183674812316895,33,12,27,1,11
1403715944.233680486679077,30,5,20,5,11
1403715944.283681631088257,25,1,20,0,11
1403715944.333681821823120,21,1,19,0,11
1403715944.383682012557983,16,0,16,0,11
1403715944.433683156967163,13,1,13,0,11
1403715944.483683586120605,9,1,9,0,11
1403715944.533684968948364,6,3,6,0,11
1403715944.583686590194702,5,2,5,0,11
1403715944.633688926696777,6,2,5,1,11
1403715944.683700799942017,13,1,3,7,11
1403715944.733712911605835,23,0,6,10,11
1403715944.783720970153809,23,1,16,3,11
1403715944.833736896514893,33,1,17,14,11
1403715944.883744478225708,41,2,23,11,11
1403715944.933745622634888,45,21,32,7,11
1403715944.983743667602539,44,8,36,3,11
1403715945.033741235733032,48,5,35,8,11
1403715945.083740472793579,38,4,29,1,11
1403715945.133741855621338,31,1,19,1,11
1403715945.183741092681885,20,5,14,2,11
1403715945.233741044998169,10,3,9,0,11
1403715945.283736467361450,7,7,5,0,11
1403715945.333738088607788,6,6,3,2,11
1403715945.383734941482544,11,7,4,7,11
1403715945.433734416961670,10,1,10,0,11
1403715945.483731508255005,9,4,8,0,11
1403715945.533730983734131,7,2,5,1,11
1403715945.583722829818726,12,3,6,6,11
1403715945.633704423904419,20,2,11,8,11
1403715945.683691263198853,24,1,19,4,11
1403715945.733682155609131,31,2,23,8,11
1403715945.783677816390991,35,9,29,4,11
1403715945.833674669265747,36,0,32,2,11
1403715945.883673667907715,33,1,31,0,11
1403715945.933673143386841,34,0,28,5,11
1403715945.983674049377441,30,0,30,0,11
1403715946.033675432205200,22,2,22,0,11
1403715946.083675622940063,19,1,19,0,11
1403715946.133675813674927,19,2,19,0,11
1403715946.183676481246948,16,1,16,0,11
1403715946.233678102493286,17,1,15,2,11
1403715946.283678293228149,19,0,14,2,11
1403715946.333680868148804,23,0,16,5,11
1403715946.383677959442139,30,1,21,9,11
1403715946.433674812316895,30,3,28,0,11
1403715946.483674764633179,40,21,27,10,11
1403715946.533671855926514,46,12,32,8,11
1403715946.583668231964111,44,11,34,3,11
1403715946.633667230606079,30,8,29,0,11
1403715946.683668851852417,25,9,23,1,11
1403715946.733670949935913,18,11,14,1,11
1403715946.783672094345093,16,0,13,0,11
1403715946.833674430847168,18,5,12,6,11
1403715946.883678674697876,17,6,16,0,11
1403715946.933680534362793,13,3,11,0,11
1403715946.983681678771973,13,3,11,1,11
1403715947.033683061599731,11,5,11,0,11
1403715947.083690881729126,15,1,10,5,11
1403715947.133691310882568,10,1,7,0,11
1403715947.183695554733276,19,2,7,9,11
1403715947.233694553375244,17,0,14,1,11
1403715947.283691644668579,16,0,14,0,11
1403715947.333689689636230,19,1,14,5,11
1403715947.383687496185303,21,3,18,3,11
1403715947.433682918548584,24,1,16,4,11
1403715947.483680725097656,29,0,18,5,11
1403715947.533681631088257,26,5,24,1,11
1403715947.583681583404541,29,6,22,4,11
1403715947.633685350418091,23,9,16,2,11
1403715947.683684587478638,21,0,16,0,11
1403715947.733683347702026,20,1,15,3,11
1403715947.783679723739624,21,0,14,3,11
1403715947.833675861358643,19,6,14,3,11
1403715947.883673667907715,18,7,16,1,11
1403715947.933671951293945,12,3,11,0,11
1403715947.983670473098755,9,4,8,0,11
1403715948.033668041229248,13,1,8,4,11
1403715948.083666324615479,12,3,10,1,11
1403715948.133666992187500,18,1,11,6,11
1403715948.183662891387939,23,1,15,8,11
1403715948.233657598495483,34,3,23,11,11
1403715948.283648490905762,40,0,34,6,11
1403715948.333638668060303,48,0,40,8,11
1403715948.383628845214844,49,15,47,1,11
1403715948.433626174926758,49,7,49,0,11
1403715948.483625411987305,50,16,48,1,11
1403715948.533626556396484,49,11,48,0,11
1403715948.583627939224243,45,2,40,0,11
1403715948.633630037307739,42,7,36,0,11
1403715948.683628559112549,37,3,29,3,11
1403715948.733629465103149,35,1,28,0,11
1403715948.783629417419434,28,1,19,4,11
1403715948.833626270294189,24,1,21,0,11
1403715948.883623361587524,21,1,18,1,11
1403715948.933619499206543,18,1,15,0,11
1403715948.983615398406982,16,3,12,2,11
1403715949.033613443374634,19,0,12,7,11
1403715949.083611726760864,18,1,13,0,11
1403715949.133608818054199,24,3,13,6,11
1403715949.183605432510376,24,1,16,5,11
1403715949.233601331710815,27,3,17,4,11
1403715949.283598423004150,27,3,19,4,11
1403715949.333600044250488,24,2,17,4,11
1403715949.383601665496826,23,1,18,2,11
1403715949.433602094650269,26,4,16,5,11
1403715949.483601570129395,19,4,13,2,11
1403715949.533601522445679,16,1,14,1,11
1403715949.583600282669067,15,0,12,1,11
1403715949.633597135543823,14,3,12,0,11
1403715949.683594465255737,14,1,12,1,11
1403715949.733591794967651,12,2,12,0,11
1403715949.783589839935303,15,0,11,4,11
1403715949.833589076995850,19,1,13,4,11
1403715949.883585453033447,27,0,17,8,11
1403715949.933590173721313,28,2,22,5,11
1403715949.983593463897705,31,5,25,4,11
1403715950.033597469329834,38,8,28,8,11
1403715950.083597183227539,49,11,34,12,11
1403715950.133596897125244,48,17,40,1,11
1403715950.183596134185791,42,5,34,1,11
1403715950.233596086502075,32,6,27,2,11
1403715950.283596277236938,25,5,22,0,11
1403715950.333596467971802,22,5,20,1,11
1403715950.383596420288086,19,3,16,2,11
1403715950.433596849441528,18,0,17,0,11
1403715950.483597040176392,13,5,13,0,11
1403715950.533597230911255,13,4,12,0,11
1403715950.583595991134644,10,3,9,0,11
1403715950.633595705032349,9,7,8,1,11
1403715950.683596372604370,8,2,6,1,11
1403715950.733593702316284,13,5,6,6,11
1403715950.783595323562622,16,8,10,4,11
1403715950.833597660064697,18,1,11,5,11
1403715950.883598327636719,17,2,14,1,11
1403715950.933600664138794,17,5,11,3,11
1403715950.983603000640869,17,0,13,1,11
1403715951.033603906631470,13,2,12,0,11
1403715951.083603382110596,12,4,6,1,11
1403715951.133602857589722,12,1,4,2,11
1403715951.183603525161743,8,5,6,1,11
1403715951.233603477478027,10,5,7,3,11
1403715951.283602952957153,8,1,7,0,11
1403715951.333602190017700,10,6,6,2,11
1403715951.383599996566772,6,11,4,0,11
1403715951.433599472045898,5,1,3,0,11
1403715951.483598470687866,5,1,3,1,11
1403715951.533596515655518,4,2,4,0,11
1403715951.583587408065796,7,1,3,3,11
1403715951.633568286895752,20,2,4,13,11
1403715951.683564901351929,27,2,13,8,11
1403715951.733559131622314,33,1,20,8,11
1403715951.783555507659912,39,3,22,12,11
1403715951.833554267883301,47,13,33,10,11
1403715951.883551359176636,43,13,40,0,11
1403715951.933548450469971,47,15,40,4,11
1403715951.983546733856201,45,8,35,1,11
1403715952.033548831939697,46,3,35,4,11
1403715952.083548784255981,37,6,30,1,11
1403715952.133547544479370,33,5,23,1,11
1403715952.183545827865601,24,4,17,0,11
1403715952.233544349670410,16,5,11,4,11
1403715952.283545017242432,14,2,11,2,11
1403715952.333544015884399,12,2,11,0,11
1403715952.383543729782104,7,2,6,0,11
1403715952.433543443679810,7,2,6,0,11
1403715952.483542919158936,6,0,4,0,11
1403715952.533545732498169,7,2,4,1,11
1403715952.583544731140137,5,2,3,1,11
1403715952.633543968200684,7,6,3,3,11
1403715952.683543682098389,6,0,5,0,11
1403715952.733536005020142,11,6,4,6,11
1403715952.783533811569214,11,1,8,1,11
1403715952.833532094955444,12,2,8,2,11
1403715952.883529186248779,11,3,9,2,11
1403715952.933527708053589,10,3,10,0,11
1403715952.983531236648560,13,2,9,3,11
1403715953.033529520034790,15,16,6,3,11
1403715953.083528041839600,12,1,7,0,11
1403715953.133526802062988,9,2,6,2,11
1403715953.183526992797852,8,4,5,2,11
1403715953.233526945114136,8,4,7,1,11
1403715953.283527612686157,7,6,6,0,11
1403715953.333528518676758,8,4,7,1,11
1403715953.383528947830200,4,3,3,0,11
1403715953.433528900146484,6,0,3,2,11
1403715953.483528614044189,9,5,5,4,11
1403715953.533528804779053,9,0,9,0,11
1403715953.583531141281128,13,5,9,4,11
1403715953.633532047271729,15,5,12,2,11
1403715953.683532953262329,25,4,14,10,11
1403715953.733534812927246,30,4,23,6,11
1403715953.783534288406372,38,4,27,11,11
1403715953.833531618118286,44,1,37,6,11
1403715953.883526802062988,46,12,40,5,11
1403715953.933522224426270,49,12,44,4,11
1403715953.983520746231079,48,15,38,2,11
1403715954.033521175384521,48,6,39,1,11
1403715954.083522319793701,36,8,30,0,11
1403715954.133523225784302,32,7,20,3,11
1403715954.183524370193481,25,2,18,1,11
1403715954.233525037765503,23,6,15,2,11
1403715954.283526182174683,20,2,14,1,11
1403715954.333527803421021,15,3,14,1,11
1403715954.383528232574463,13,3,12,0,11
1403715954.433527946472168,14,3,12,1,11
1403715954.483527660369873,12,4,10,1,11
1403715954.533526420593262,11,11,10,0,11
1403715954.583525657653809,11,14,8,1,11
1403715954.633525848388672,12,1,8,1,11
1403715954.683530092239380,14,2,6,6,11
1403715954.733531713485718,15,1,11,1,11
1403715954.783531665802002,19,1,11,7,11
1403715954.833532571792603,21,1,18,3,11
1403715954.883531808853149,25,1,20,4,11
1403715954.933531284332275,27,9,19,5,11
1403715954.983530521392822,29,3,23,4,11
1403715955.033530712127686,23,6,23,0,11
1403715955.083529949188232,22,4,21,0,11
1403715955.133528709411621,21,6,19,1,11
1403715955.183527231216431,19,13,17,1,11
1403715955.233526468276978,19,4,18,0,11
1403715955.283525943756104,19,2,17,2,11
1403715955.333526849746704,18,3,17,0,11
1403715955.383527994155884,13,3,11,1,11
1403715955.433530330657959,13,6,11,2,11
1403715955.483532190322876,13,3,11,0,11
1403715955.533537149429321,16,5,11,3,11
1403715955.583541154861450,20,3,10,9,11
1403715955.633542299270630,20,1,18,1,11
1403715955.683543682098389,25,4,18,5,11
1403715955.733546733856201,27,1,22,3,11
1403715955.783551216125488,36,3,25,10,11
1403715955.833553075790405,45,12,32,10,11
1403715955.883555173873901,45,6,37,1,11
1403715955.933554649353027,47,5,35,6,11
1403715955.983553886413574,44,3,33,3,11
1403715956.033552885055542,34,4,28,1,11
1403715956.083552122116089,22,9,17,0,11
1403715956.133551120758057,22,1,17,1,11
1403715956.183553218841553,18,4,14,0,11
1403715956.233554840087891,16,0,11,1,11
1403715956.283555984497070,17,1,12,3,11
1403715956.333557605743408,15,7,13,1,11
1403715956.383559465408325,17,1,14,2,11
1403715956.433558940887451,18,4,11,3,11
1403715956.483560085296631,15,8,8,1,11
1403715956.533557891845703,18,1,10,6,11
1403715956.583557844161987,19,0,16,3,11
1403715956.633557796478271,25,0,19,6,11
1403715956.683558702468872,30,0,25,5,11
1403715956.733555555343628,29,0,28,0,11
1403715956.783553838729858,30,0,28,1,11
1403715956.833550930023193,33,1,28,5,11
1403715956.883549690246582,37,3,33,4,11
1403715956.933549880981445,43,0,36,7,11
1403715956.983551025390625,50,9,37,7,11
1403715957.033550500869751,47,3,41,0,11
1403715957.083549022674561,47,1,41,6,11
1403715957.133545637130737,46,2,43,1,11
1403715957.183545112609863,36,3,33,1,11
1403715957.233547210693359,45,6,30,14,11
1403715957.283549070358276,38,3,32,1,11
1403715957.333549976348877,37,0,35,1,11
1403715957.383549928665161,35,4,33,0,11
1403715957.433549880981445,34,2,33,0,11
1403715957.483550071716309,27,0,26,0,11
1403715957.533549785614014,29,3,22,5,11
1403715957.583548545837402,26,3,24,1,11
1403715957.633547306060791,21,5,21,0,11
1403715957.683546304702759,22,5,20,2,11
1403715957.733546018600464,25,2,22,3,11
1403715957.783545017242432,23,23,21,0,11
1403715957.833546161651611,26,2,17,4,11
1403715957.883545160293579,26,2,21,2,11
1403715957.933546781539917,24,5,16,2,11
1403715957.983546257019043,23,3,13,1,11
1403715958.033546447753906,19,2,11,2,11
1403715958.083548069000244,16,1,9,1,11
1403715958.133555650711060,12,2,7,2,11
1403715958.183557271957397,8,1,6,0,11
1403715958.233562469482422,8,3,5,1,11
1403715958.283563613891602,7,1,4,1,11
1403715958.333563566207886,6,3,5,0,11
1403715958.383593320846558,12,5,5,7,11
1403715958.433601140975952,14,8,6,3,11
1403715958.483606576919556,19,4,8,6,11
1403715958.533606529235840,21,0,12,7,11
1403715958.583610534667969,26,0,18,5,11
1403715958.633612394332886,26,0,23,2,11
1403715958.683615684509277,28,1,21,4,11
1403715958.733617544174194,29,3,22,3,11
1403715958.783618211746216,27,4,23,0,11
1403715958.833615779876709,24,7,23,0,11
1403715958.883613348007202,27,5,22,3,11
1403715958.933612823486328,24,2,23,0,11
1403715958.983612537384033,24,5,22,1,11
1403715959.033612966537476,24,7,23,1,11
1403715959.083613157272339,24,0,23,0,11
1403715959.133613109588623,27,2,22,4,11
1403715959.183614492416382,26,0,26,0,11
1403715959.233616113662720,26,5,26,0,11
1403715959.283617734909058,28,4,25,2,11
1403715959.333618640899658,27,4,21,4,11
1403715959.383619070053101,26,4,23,2,11
1403715959.433619260787964,25,2,19,4,11
1403715959.483619928359985,28,4,20,6,11
1403715959.533621788024902,29,2,22,2,11
1403715959.583623886108398,34,3,20,9,11
1403715959.633631706237793,36,2,25,9,11
1403715959.683638334274292,34,3,31,1,11
1403715959.733645439147949,32,11,26,0,11
1403715959.783649206161499,29,3,18,0,11
1403715959.833650588989258,27,5,11,6,11
1403715959.883654832839966,26,4,18,4,11
1403715959.933656930923462,23,8,17,1,11
1403715959.983655452728271,24,1,17,1,11
1403715960.033654689788818,20,2,16,1,11
1403715960.083651781082153,22,16,17,4,11
1403715960.133652925491333,21,0,17,1,11
1403715960.183653116226196,18,0,13,0,11
1403715960.233652830123901,18,26,12,2,11
1403715960.283652782440186,13,3,10,1,11
1403715960.333652257919312,12,1,11,0,11
1403715960.383648633956909,11,8,7,4,11
1403715960.433647394180298,11,0,8,1,11
1403715960.483645915985107,11,1,9,0,11
1403715960.533643245697021,12,0,9,3,11
1403715960.583641290664673,12,0,11,1,11
1403715960.633636713027954,12,1,12,0,11
1403715960.683632612228394,12,2,12,0,11
1403715960.733629226684570,11,3,11,0,11
1403715960.783623456954956,16,4,11,5,11
1403715960.833621263504028,16,4,13,1,11
1403715960.883621692657471,17,1,13,1,11
1403715960.933621406555176,16,5,14,1,11
1403715960.983619689941406,17,3,13,2,11
1403715961.033618211746216,19,3,14,3,11
1403715961.083615303039551,16,5,14,0,11
1403715961.133613824844360,13,1,12,0,11
1403715961.183612108230591,11,0,9,1,11
1403715961.233602523803711,15,0,10,4,11
1403715961.283592224121094,18,1,12,3,11
1403715961.333582878112793,20,1,15,3,11
1403715961.383574008941650,23,1,18,5,11
1403715961.433569669723511,27,8,22,5,11
1403715961.483567714691162,33,12,24,6,11
1403715961.533566236495972,33,5,27,1,11
1403715961.583565950393677,31,3,23,2,11
1403715961.633568048477173,30,1,21,2,11
1403715961.683568716049194,29,1,20,5,11
1403715961.733570575714111,29,14,18,2,11
1403715961.783571004867554,29,1,11,2,11
1403715961.833570003509521,19,4,11,4,11
1403715961.883570671081543,9,14,6,0,11
1403715961.933570623397827,7,1,3,0,11
1403715961.983569860458374,6,5,3,3,11
1403715962.033570766448975,6,4,4,2,11
1403715962.083571910858154,9,3,4,4,11
1403715962.133572340011597,9,2,6,0,11
1403715962.183572292327881,9,1,5,2,11
1403715962.233572959899902,6,0,4,0,11
1403715962.283574104309082,4,1,2,0,11
1403715962.333576440811157,3,3,0,2,11
1403715962.383576631546021,2,2,1,0,11
1403715962.433579921722412,3,1,1,1,11
1403715962.483596801757812,19,1,2,17,11
1403715962.533596992492676,19,1,14,0,11
1403715962.583597660064697,17,6,11,1,11
1403715962.633599281311035,18,6,7,6,11
1403715962.683600425720215,17,0,7,1,11
1403715962.733601331710815,14,0,6,2,11
1403715962.783603191375732,11,1,7,1,11
1403715962.833603620529175,11,4,7,2,11
1403715962.883603572845459,10,2,8,0,11
1403715962.933603763580322,8,2,6,0,11
1403715962.983603954315186,6,2,5,1,11
1403715963.033603906631470,6,6,4,1,11
1403715963.083606719970703,6,1,2,2,11
1403715963.133605003356934,10,11,1,5,11
1403715963.183605670928955,10,4,3,3,11
1403715963.233605861663818,14,8,4,5,11
1403715963.283606767654419,22,4,8,12,11
1403715963.333609580993652,23,11,10,9,11
1403715963.383612155914307,22,0,15,1,11
1403715963.433619737625122,21,8,16,4,11
1403715963.483623981475830,18,6,15,1,11
1403715963.533626317977905,17,8,15,0,11
1403715963.583627700805664,18,7,13,3,11
1403715963.633630037307739,25,3,16,8,11
1403715963.683634757995605,24,20,16,2,11
1403715963.733639001846313,29,6,18,6,11
1403715963.783643484115601,30,5,22,8,11
1403715963.833645582199097,29,3,29,0,11
1403715963.883648633956909,29,2,27,2,11
1403715963.933652400970459,37,2,28,9,11
1403715963.983654022216797,38,3,37,1,11
1403715964.033655405044556,39,0,38,1,11
1403715964.083657741546631,45,4,33,8,11
1403715964.133658409118652,45,8,34,1,11
1403715964.183665513992310,45,2,30,4,11
1403715964.233671665191650,41,1,27,4,11
1403715964.283689260482788,47,3,25,9,11
1403715964.333700180053711,46,0,30,6,11
1403715964.383712291717529,46,0,30,5,11
1403715964.433715105056763,44,1,31,3,11
1403715964.483717441558838,39,3,33,2,11
1403715964.533720731735229,39,0,35,4,11
1403715964.583722829818726,43,2,38,4,11
1403715964.633723020553589,43,1,41,0,11
1403715964.683725833892822,46,5,41,5,11
1403715964.733725786209106,49,4,45,4,11
1403715964.783726930618286,47,4,44,1,11
1403715964.833727359771729,50,1,44,4,11
1403715964.883727788925171,46,10,43,0,11
1403715964.933727979660034,45,8,42,2,11
1403715964.983728408813477,47,11,40,5,11
1403715965.033729553222656,45,5,43,0,11
1403715965.083729505538940,40,1,40,0,11
1403715965.133731842041016,43,0,37,5,11
1403715965.183736562728882,42,1,41,0,11
1403715965.233742237091064,42,0,41,1,11
1403715965.283750534057617,45,1,41,4,11
1403715965.333754301071167,45,4,45,0,11
1403715965.383756160736084,50,9,42,5,11
1403715965.433756351470947,50,0,43,0,11
1403715965.483755111694336,47,0,40,1,11
1403715965.533755064010620,45,3,40,4,11
1403715965.583749532699585,45,1,44,1,11
1403715965.633741617202759,44,1,44,0,11
1403715965.683733701705933,48,10,43,5,11
1403715965.733730554580688,44,6,41,0,11
1403715965.783728599548340,41,6,36,0,11
1403715965.833729028701782,37,14,34,2,11
1403715965.883727312088013,40,2,32,4,11
1403715965.933726310729980,36,4,29,2,11
1403715965.983726501464844,32,3,26,0,11
1403715966.033726692199707,30,1,23,2,11
1403715966.083725690841675,25,0,17,2,11
1403715966.133725404739380,20,0,12,5,11
1403715966.183726310729980,19,1,14,0,11
1403715966.233728647232056,16,1,13,1,11
1403715966.283732414245605,16,1,14,2,11
1403715966.333735942840576,23,0,16,7,11
1403715966.383737802505493,26,0,22,3,11
1403715966.433737993240356,27,2,19,1,11
1403715966.483740568161011,31,2,17,6,11
1403715966.533740520477295,29,8,21,4,11
1403715966.583741188049316,24,0,19,2,11
1403715966.633741140365601,22,0,19,1,11
1403715966.683740854263306,25,0,19,4,11
1403715966.733739137649536,24,0,21,1,11
1403715966.783738136291504,25,0,21,2,11
1403715966.833737850189209,26,0,23,2,11
1403715966.883739948272705,27,1,25,2,11
1403715966.933740139007568,30,0,26,3,11
1403715966.983739852905273,34,11,29,4,11
1403715967.033739566802979,36,10,33,3,11
1403715967.083738088607788,36,12,34,1,11
1403715967.133739709854126,47,7,29,12,11
1403715967.183739662170410,46,1,27,1,11
1403715967.233739614486694,36,7,16,1,11
1403715967.283739805221558,23,1,8,4,11
1403715967.333739519119263,14,2,3,3,11
1403715967.383739709854126,11,1,5,2,11
1403715967.433740377426147,9,2,7,2,11
1403715967.483740806579590,10,0,7,1,11
1403715967.533742666244507,10,0,8,0,11
1403715967.583754777908325,15,2,7,7,11
1403715967.633757591247559,16,0,11,1,11
1403715967.683757781982422,15,2,9,0,11
1403715967.733770132064819,20,3,8,9,11
1403715967.783769845962524,19,3,12,3,11
1403715967.833769798278809,20,0,12,1,11
1403715967.883769989013672,19,0,11,4,11
1403715967.933770418167114,21,2,13,5,11
1403715967.983770847320557,21,2,18,2,11
1403715968.033771753311157,19,3,18,0,11
1403715968.083771944046021,17,2,15,1,11
1403715968.133773326873779,15,1,14,1,11
1403715968.183773279190063,12,0,11,0,11
1403715968.233775854110718,13,1,10,2,11
1403715968.283776521682739,19,0,12,7,11
1403715968.333776235580444,22,1,19,3,11
1403715968.383774995803833,37,2,22,15,11
1403715968.433773517608643,47,7,37,10,11
1403715968.483773231506348,46,6,43,1,11
1403715968.533771991729736,48,8,42,3,11
1403715968.583770990371704,46,0,38,1,11
1403715968.633769512176514,47,3,40,3,11
1403715968.683767795562744,45,0,41,2,11
1403715968.733767747879028,43,2,41,0,11
1403715968.783766746520996,46,2,41,4,11
1403715968.833766698837280,46,1,45,1,11
1403715968.883768320083618,43,0,43,0,11
1403715968.933769941329956,43,0,42,0,11
1403715968.983772516250610,49,3,42,6,11
1403715969.033771991729736,47,2,44,0,11
1403715969.083768844604492,49,13,32,2,11
1403715969.133767843246460,45,5,24,1,11
1403715969.183767080307007,34,2,21,2,11
1403715969.233765840530396,31,3,21,6,11
1403715969.283765554428101,23,3,19,1,11
1403715969.333765268325806,20,3,17,0,11
1403715969.383764982223511,18,2,16,1,11
1403715969.433764457702637,17,5,15,0,11
1403715969.483763456344604,11,2,11,0,11
1403715969.533762454986572,10,6,8,0,11
1403715969.583761453628540,7,1,7,0,11
1403715969.633760452270508,6,2,6,0,11
1403715969.683755397796631,13,1,6,7,11
1403715969.733747243881226,24,1,13,11,11
1403715969.783741712570190,34,5,24,10,11
1403715969.833739042282104,44,5,34,10,11
1403715969.883738040924072,48,19,42,4,11
1403715969.933737754821777,49,19,42,2,11
1403715969.983738660812378,42,1,34,1,11
1403715970.033739089965820,39,4,32,3,11
1403715970.083738565444946,34,1,25,1,11
1403715970.133738040924072,29,6,21,0,11
1403715970.183737277984619,23,1,18,1,11
1403715970.233736515045166,16,1,12,0,11
1403715970.283735990524292,12,4,11,0,11
1403715970.333734750747681,12,4,11,1,11
1403715970.383733272552490,18,1,10,7,11
1403715970.433733224868774,17,0,14,0,11
1403715970.483736515045166,25,1,15,9,11
1403715970.533736467361450,24,1,23,0,11
1403715970.583734750747681,28,3,21,6,11
1403715970.633730411529541,37,0,17,10,11
1403715970.683728694915771,47,4,21,12,11
1403715970.733728408813477,45,2,26,6,11
1403715970.783727884292603,35,6,27,3,11
1403715970.833726167678833,30,1,27,2,11
1403715970.883725643157959,26,3,22,1,11
1403715970.933724641799927,24,3,18,1,11
1403715970.983724355697632,14,0,12,0,11
1403715971.033723354339600,9,7,7,0,11
1403715971.083722591400146,9,4,6,1,11
1403715971.133722305297852,8,1,7,1,11
1403715971.183721542358398,9,1,8,1,11
1403715971.233708143234253,22,5,9,13,11
1403715971.283707618713379,31,5,20,9,11
1403715971.333706617355347,31,12,27,0,11
1403715971.383702993392944,47,10,26,19,11
1403715971.433702468872070,47,8,42,3,11
1403715971.483702421188354,47,12,36,3,11
1403715971.533703088760376,41,6,34,1,11
1403715971.583700656890869,33,5,27,2,11
1403715971.633699655532837,32,6,22,1,11
1403715971.683699131011963,25,4,13,2,11
1403715971.733697891235352,18,11,15,0,11
1403715971.783697128295898,15,3,9,4,11
1403715971.833696603775024,8,1,7,0,11
1403715971.883689403533936,15,2,7,7,11
1403715971.933688163757324,13,1,9,0,11
1403715971.983683586120605,18,4,7,5,11
1403715972.033682823181152,16,2,11,2,11
1403715972.083679914474487,20,2,13,6,11
1403715972.133680105209351,21,1,17,2,11
1403715972.183679819107056,31,2,19,10,11
1403715972.233680248260498,31,1,25,1,11
1403715972.283680677413940,37,5,22,8,11
1403715972.333680629730225,46,2,29,14,11
1403715972.383680343627930,45,0,40,1,11
1403715972.433680295944214,49,1,41,6,11
1403715972.483680963516235,49,10,45,3,11
1403715972.533682584762573,49,1,48,0,11
1403715972.583685874938965,50,4,48,2,11
1403715972.633687257766724,49,10,41,0,11
1403715972.683688163757324,48,5,27,1,11
1403715972.733688116073608,45,0,22,6,11
1403715972.783688306808472,42,5,25,8,11
1403715972.833686351776123,45,1,31,9,11
1403715972.883683919906616,44,1,37,2,11
1403715972.933680772781372,42,1,38,2,11
1403715972.983679294586182,42,0,40,2,11
1403715973.033678531646729,43,1,42,1,11
1403715973.083677291870117,46,3,42,3,11
1403715973.133677005767822,46,2,45,0,11
1403715973.183677673339844,47,1,45,2,11
1403715973.233678579330444,50,8,47,3,11
1403715973.283677101135254,50,5,50,0,11
1403715973.333676099777222,50,2,50,0,11
1403715973.383674860000610,50,3,50,0,11
1403715973.433675050735474,50,20,50,0,11
1403715973.483674526214600,49,1,49,0,11
1403715973.533674478530884,50,3,49,1,11
1403715973.583674430847168,50,2,49,0,11
1403715973.633674144744873,50,0,50,0,11
1403715973.683673620223999,41,6,41,0,11
1403715973.733672618865967,40,1,39,0,11
1403715973.783672332763672,42,1,39,2,11
1403715973.833671331405640,48,1,40,8,11
1403715973.883670568466187,48,4,46,1,11
1403715973.933670282363892,47,1,45,1,11
1403715973.983670234680176,48,0,45,2,11
1403715974.033669948577881,50,16,47,2,11
1403715974.083670377731323,49,1,49,0,11
1403715974.133670568466187,50,2,49,1,11
1403715974.183670282363892,50,6,50,0,11
1403715974.233670473098755,50,25,50,0,11
1403715974.283670902252197,50,5,50,0,11
1403715974.333671331405640,49,0,49,0,11
1403715974.383672714233398,49,0,49,0,11
1403715974.433673381805420,50,1,49,1,11
1403715974.483673572540283,50,4,50,0,11
1403715974.533674001693726,50,0,50,0,11
1403715974.583673954010010,50,0,50,0,11
1403715974.633674383163452,50,19,50,0,11
1403715974.683674573898315,50,2,50,0,11
1403715974.733674764633179,50,4,50,0,11
1403715974.783675193786621,50,1,50,0,11
1403715974.833676338195801,50,21,50,0,11
1403715974.883676290512085,50,5,50,0,11
1403715974.933676958084106,50,0,50,0,11
1403715974.983677387237549,50,0,50,0,11
1403715975.033677577972412,50,1,50,0,11
1403715975.083678007125854,50,4,49,0,11
1403715975.133677721023560,50,0,49,0,11
1403715975.183677673339844,49,0,49,0,11
1403715975.233677625656128,50,15,49,1,11
1403715975.283678054809570,50,2,50,0,11
1403715975.333678483963013,50,2,50,0,11
1403715975.383678436279297,50,1,50,0,11
1403715975.433678865432739,48,20,48,0,11
1403715975.483679056167603,50,3,48,2,11
1403715975.533679485321045,50,1,50,0,11
1403715975.583679437637329,50,0,50,0,11
1403715975.633679389953613,50,1,50,0,11
1403715975.683679342269897,50,4,50,0,11
1403715975.733679056167603,50,0,49,0,11
1403715975.783679246902466,50,1,50,0,11
1403715975.833679437637329,50,13,50,0,11
1403715975.883679628372192,50,2,50,0,11
1403715975.933679342269897,50,2,50,0,11
1403715975.983679533004761,50,2,50,0,11
1403715976.033679723739624,50,18,50,0,11
1403715976.083679914474487,50,4,50,0,11
1403715976.133680343627930,50,0,50,0,11
1403715976.183680295944214,48,1,48,0,11
1403715976.233680486679077,49,1,48,1,11
1403715976.283680915832520,50,4,49,1,11
1403715976.333680391311646,50,3,50,0,11
1403715976.383680820465088,50,2,50,0,11
1403715976.433680295944214,50,12,50,0,11
1403715976.483679533004761,50,2,50,0,11
1403715976.533679962158203,50,2,50,0,11
1403715976.583680152893066,50,27,50,0,11
1403715976.633680105209351,50,7,50,0,11
1403715976.683680057525635,50,4,50,0,11
1403715976.733680248260498,50,1,50,0,11
1403715976.783680438995361,50,2,50,0,11
1403715976.833680629730225,50,0,50,0,11
1403715976.883680820465088,50,1,50,0,11
1403715976.933680772781372,50,0,50,0,11
1403715976.983680963516235,50,3,49,0,11
1403715977.033681154251099,50,10,49,0,11
1403715977.083680868148804,49,2,49,0,11
1403715977.133680820465088,49,0,49,0,11
1403715977.183681488037109,49,14,49,0,11
1403715977.233681440353394,50,7,49,1,11
1403715977.283681631088257,50,0,50,0,11
1403715977.333681344985962,50,0,50,0,11
1403715977.383681297302246,50,2,50,0,11
1403715977.433681249618530,50,1,50,0,11
1403715977.483681440353394,50,5,49,0,11
1403715977.533681631088257,50,2,49,0,11
1403715977.583681583404541,50,6,46,1,11
1403715977.633681535720825,50,10,42,0,11
1403715977.683681249618530,48,4,41,1,11
1403715977.733681201934814,47,6,37,6,11
1403715977.783681392669678,42,2,37,2,11
1403715977.833681344985962,42,1,30,2,11
1403715977.883681774139404,50,5,28,9,11
1403715977.933682680130005,47,1,31,8,11
1403715977.983682394027710,43,0,32,2,11
1403715978.033682823181152,40,3,31,2,11
1403715978.083682775497437,40,2,31,6,11
1403715978.133683204650879,36,2,34,0,11
1403715978.183682680130005,34,1,31,0,11
1403715978.233682394027710,39,2,26,7,11
1403715978.283682346343994,33,1,27,0,11
1403715978.333681583404541,34,2,21,9,11
1403715978.383681058883667,29,4,25,0,11
1403715978.433681011199951,26,3,21,0,11
1403715978.483680248260498,26,2,17,8,11
1403715978.533680200576782,32,5,22,9,11
1403715978.583679914474487,23,0,22,0,11
1403715978.633679628372192,18,3,17,0,11
1403715978.683679103851318,21,1,16,3,11
1403715978.733678579330444,19,2,16,0,11
1403715978.783678054809570,14,5,12,1,11
1403715978.833676815032959,16,3,7,6,11
1403715978.883676767349243,8,0,6,0,11
1403715978.933676481246948,8,2,4,0,11
1403715978.983675718307495,13,7,2,9,11
1403715979.033675670623779,13,1,10,1,11
1403715979.083675146102905,13,3,9,1,11
1403715979.133674383163452,16,4,9,4,11
1403715979.183673143386841,16,3,10,2,11
1403715979.233671426773071,15,2,10,1,11
1403715979.283669471740723,23,3,8,10,11
1403715979.333668708801270,21,3,14,4,11
1403715979.383668899536133,18,0,16,2,11
1403715979.433669805526733,17,5,17,0,11
1403715979.483670234680176,18,0,15,1,11
1403715979.533671140670776,18,1,13,2,11
1403715979.583672046661377,19,6,14,2,11
1403715979.633672475814819,17,2,11,1,11
1403715979.683672189712524,17,2,9,2,11
1403715979.733672380447388,17,0,6,6,11
1403715979.783672332763672,13,3,7,1,11
1403715979.833672523498535,15,4,4,8,11
1403715979.883673667907715,18,6,8,7,11
1403715979.933673620223999,19,1,13,2,11
1403715979.983674049377441,18,9,13,4,11
1403715980.033674955368042,24,5,16,7,11
1403715980.083674907684326,21,3,17,1,11
1403715980.133674621582031,19,7,17,1,11
1403715980.183674573898315,19,7,12,1,11
1403715980.233674526214600,18,6,13,0,11
1403715980.283674240112305,17,3,12,5,11
1403715980.333674192428589,16,6,12,1,11
1403715980.383674144744873,12,2,10,0,11
1403715980.433674097061157,10,5,10,0,11
1403715980.483674049377441,13,2,10,3,11
1403715980.533674716949463,15,3,9,4,11
1403715980.583674907684326,19,2,7,6,11
1403715980.633674860000610,20,1,9,4,11
1403715980.683675050735474,10,6,7,0,11
1403715980.733675003051758,11,1,7,3,11
1403715980.783675670623779,15,1,10,5,11
1403715980.833675861358643,19,4,13,5,11
1403715980.883676052093506,25,3,17,6,11
1403715980.933676242828369,27,3,20,3,11
1403715980.983676433563232,24,4,20,1,11
1403715981.033676624298096,18,3,8,6,11
1403715981.083676338195801,18,5,8,3,11
1403715981.133676290512085,17,6,11,0,11
1403715981.183676242828369,18,5,8,8,11
1403715981.233675956726074,19,3,8,4,11
1403715981.283676385879517,18,3,10,3,11
1403715981.333676576614380,13,2,8,1,11
1403715981.383676767349243,12,1,8,0,11
1403715981.433677196502686,12,1,5,5,11
1403715981.483676910400391,19,5,8,8,11
1403715981.533676862716675,18,1,13,0,11
1403715981.583676815032959,16,2,10,0,11
1403715981.633676528930664,15,2,8,2,11
1403715981.683676242828369,19,2,7,8,11
1403715981.733676910400391,15,2,14,0,11
1403715981.783678054809570,15,1,14,1,11
1403715981.833678483963013,18,1,12,4,11
1403715981.883678197860718,18,0,14,1,11
1403715981.933676958084106,21,3,13,5,11
1403715981.983677148818970,17,0,14,1,11
1403715982.033678293228149,18,6,13,1,11
1403715982.083678483963013,17,1,12,1,11
1403715982.133679151535034,19,2,11,6,11
1403715982.183679342269897,19,1,14,3,11
1403715982.233679771423340,13,3,13,0,11
1403715982.283679962158203,13,1,12,1,11
1403715982.333680152893066,19,2,13,6,11
1403715982.383680582046509,24,0,17,5,11
1403715982.433680772781372,27,0,22,5,11
1403715982.483681440353394,33,3,24,9,11
1403715982.533681869506836,37,3,28,6,11
1403715982.583682537078857,40,2,20,9,11
1403715982.633682250976562,36,3,18,1,11
1403715982.683681249618530,33,1,15,7,11
1403715982.733680248260498,36,0,14,13,11
1403715982.783679723739624,34,1,21,2,11
1403715982.833679676055908,29,0,12,1,11
1403715982.883679866790771,22,4,9,1,11
1403715982.933679342269897,15,0,9,4,11
1403715982.983678817749023,13,4,9,1,11
1403715983.033678770065308,10,5,7,0,11
1403715983.083678245544434,13,3,6,7,11
1403715983.133677959442139,17,1,6,7,11
1403715983.183677911758423,19,8,5,3,11
1403715983.233677864074707,15,5,4,2,11
1403715983.283677816390991,11,3,4,5,11
1403715983.333678245544434,15,3,7,6,11
1403715983.383678197860718,18,2,12,4,11
1403715983.433678627014160,18,3,11,3,11
1403715983.483678817749023,23,2,12,7,11
1403715983.533679008483887,21,6,14,4,11
1403715983.583679199218750,19,11,10,5,11
1403715983.633679151535034,21,5,15,5,11
1403715983.683678865432739,25,2,13,6,11
1403715983.733678817749023,26,2,14,2,11
1403715983.783678770065308,25,6,12,5,11
1403715983.833678960800171,24,5,14,5,11
1403715983.883679151535034,22,4,16,5,11
1403715983.933679819107056,21,11,19,0,11
1403715983.983680009841919,20,2,16,1,11
1403715984.033681154251099,20,9,15,3,11
1403715984.083681821823120,18,3,15,0,11
1403715984.133682012557983,17,5,11,2,11
1403715984.183681726455688,16,2,12,2,11
1403715984.233682155609131,17,2,10,3,11
1403715984.283681869506836,10,3,8,0,11
1403715984.333681583404541,9,4,7,1,11
1403715984.383681297302246,9,7,4,1,11
1403715984.433680772781372,9,1,8,0,11
1403715984.483680486679077,9,1,7,1,11
1403715984.533679962158203,10,6,7,2,11
1403715984.583678007125854,10,4,6,4,11
1403715984.633677959442139,6,4,3,0,11
1403715984.683676481246948,14,11,2,8,11
1403715984.733676433563232,15,0,4,4,11
1403715984.783676624298096,4,4,1,0,11
1403715984.833677053451538,3,5,1,0,11
1403715984.883677005767822,3,2,1,2,11
1403715984.933677196502686,3,3,2,0,11
1403715984.983677387237549,4,4,2,1,11
1403715985.033678054809570,5,3,3,2,11
1403715985.083678960800171,6,5,5,1,11
1403715985.133679151535034,6,2,4,2,11
1403715985.183679819107056,8,3,5,2,11
1403715985.233679771423340,19,2,7,11,11
1403715985.283679962158203,19,1,14,2,11
1403715985.333679676055908,19,2,17,1,11
1403715985.383679628372192,27,0,17,10,11
1403715985.433679103851318,29,2,26,2,11
1403715985.483679056167603,34,3,26,6,11
1403715985.533679246902466,33,0,25,1,11
1403715985.583679199218750,33,6,24,4,11
1403715985.633679389953613,31,3,25,3,11
1403715985.683679580688477,25,4,22,1,11
1403715985.733679294586182,27,7,22,2,11
1403715985.783678770065308,25,2,20,0,11
1403715985.833677768707275,28,1,16,4,11
1403715985.883675575256348,33,2,20,9,11
1403715985.933673858642578,30,0,28,2,11
1403715985.983672380447388,30,1,27,1,11
1403715986.033671379089355,32,0,25,2,11
1403715986.083670139312744,33,1,30,3,11
1403715986.133669614791870,34,2,31,2,11
1403715986.183668613433838,38,0,32,5,11
1403715986.233668327331543,47,2,36,10,11
1403715986.283668041229248,50,11,44,3,11
1403715986.333668231964111,49,6,48,0,11
1403715986.383667945861816,47,18,46,0,11
1403715986.433667898178101,48,0,45,1,11
1403715986.483667612075806,50,2,44,3,11
1403715986.533666372299194,49,6,43,1,11
1403715986.583663940429688,47,4,44,0,11
1403715986.633661746978760,50,10,38,4,11
1403715986.683660984039307,44,5,38,1,11
1403715986.733661174774170,41,0,39,1,11
1403715986.783662319183350,40,3,38,2,11
1403715986.833663940429688,40,0,39,0,11
1403715986.883665561676025,45,0,39,5,11
1403715986.933667659759521,50,0,44,6,11
1403715986.983670234680176,50,13,50,0,11
1403715987.033671617507935,50,0,50,0,11
1403715987.083671808242798,50,6,49,0,11
1403715987.133671283721924,50,8,49,0,11
1403715987.183670997619629,49,4,48,1,11
1403715987.233670711517334,50,9,45,1,11
1403715987.283670902252197,48,17,45,1,11
1403715987.333671331405640,47,1,45,2,11
1403715987.383671522140503,46,0,45,0,11
1403715987.433671474456787,46,2,44,0,11
1403715987.483671426773071,45,0,43,0,11
1403715987.533671855926514,43,0,42,1,11
1403715987.583672046661377,46,8,40,5,11
1403715987.633672237396240,50,0,43,4,11
1403715987.683672189712524,48,3,46,0,11
1403715987.733671903610229,48,1,45,3,11
1403715987.783672809600830,48,1,48,0,11
1403715987.833673477172852,47,15,45,1,11
1403715987.883673667907715,48,9,45,3,11
1403715987.933673620223999,43,2,42,1,11
1403715987.983672857284546,43,0,43,0,11
1403715988.033672332763672,45,0,41,4,11
1403715988.083670854568481,46,2,45,1,11
1403715988.133669853210449,46,4,41,3,11
1403715988.183668613433838,48,14,43,3,11
1403715988.233667850494385,44,2,42,0,11
1403715988.283668041229248,45,0,43,1,11
1403715988.333667993545532,47,0,43,3,11
1403715988.383668184280396,47,0,46,1,11
1403715988.433667898178101,49,14,45,3,11
1403715988.483669042587280,50,4,49,1,11
1403715988.533669233322144,50,1,49,0,11
1403715988.583669662475586,50,5,49,1,11
1403715988.633669614791870,50,1,49,0,11
1403715988.683669567108154,50,0,49,0,11
1403715988.733669996261597,48,2,48,0,11
1403715988.783669948577881,48,4,48,0,11
1403715988.833669900894165,47,0,47,0,11
1403715988.883669614791870,46,3,45,0,11
1403715988.933669567108154,46,1,46,0,11
1403715988.983669519424438,46,1,44,1,11
1403715989.033669710159302,49,4,45,3,11
1403715989.083669424057007,48,1,47,0,11
1403715989.133669614791870,48,1,45,0,11
1403715989.183669328689575,49,6,45,3,11
1403715989.233669281005859,48,0,48,0,11
1403715989.283669710159302,48,0,48,0,11
1403715989.333669662475586,48,9,48,0,11
1403715989.383669614791870,49,6,48,1,11
1403715989.433669567108154,49,1,48,0,11
1403715989.483669519424438,48,0,46,0,11
1403715989.533669710159302,47,0,45,0,11
1403715989.583669662475586,46,1,43,0,11
1403715989.633670091629028,48,5,43,3,11
1403715989.683670043945312,47,0,45,2,11
1403715989.733670234680176,49,6,47,2,11
1403715989.783670425415039,50,6,49,1,11
1403715989.833670616149902,50,1,50,0,11
1403715989.883670806884766,50,1,49,0,11
1403715989.933670759201050,49,5,48,0,11
1403715989.983670711517334,48,4,47,0,11
1403715990.033670663833618,49,0,46,1,11
1403715990.083670854568481,49,1,47,1,11
1403715990.133670806884766,48,0,45,0,11
1403715990.183670043945312,48,0,44,0,11
1403715990.233669996261597,46,5,44,0,11
1403715990.283670425415039,42,0,42,0,11
1403715990.333670377731323,42,0,39,1,11
1403715990.383670806884766,44,0,37,5,11
1403715990.433671712875366,48,7,42,6,11
1403715990.483671426773071,47,1,46,0,11
1403715990.533671617507935,47,3,44,1,11
1403715990.583671569824219,46,1,42,2,11
1403715990.633671522140503,41,5,39,0,11
1403715990.683671236038208,38,5,35,0,11
1403715990.733671188354492,36,1,31,2,11
1403715990.783671379089355,35,4,27,1,11
1403715990.833671331405640,33,5,24,4,11
1403715990.883670806884766,29,1,25,1,11
1403715990.933670282363892,24,2,21,1,11
1403715990.983669996261597,21,0,20,0,11
1403715991.033669471740723,20,3,17,2,11
1403715991.083668708801270,22,0,18,2,11
1403715991.133667469024658,22,0,18,1,11
1403715991.183667659759521,23,0,17,2,11
1403715991.233668088912964,21,0,18,0,11
1403715991.283668518066406,21,1,16,3,11
1403715991.333668231964111,20,1,20,0,11
1403715991.383668184280396,21,1,20,1,11
1403715991.433667898178101,21,0,21,0,11
1403715991.483668088912964,21,0,21,0,11
1403715991.533668041229248,21,0,21,0,11
1403715991.583668231964111,22,0,21,1,11
1403715991.633667707443237,23,0,22,1,11
1403715991.683667898178101,24,0,23,1,11
1403715991.733667850494385,28,1,24,4,11
1403715991.783668041229248,28,0,28,0,11
1403715991.833667993545532,29,0,28,1,11
1403715991.883667945861816,29,0,29,0,11
1403715991.933667898178101,29,0,29,0,11
1403715991.983667850494385,29,0,29,0,11
1403715992.033668041229248,29,0,29,0,11
1403715992.083667993545532,29,0,29,0,11
1403715992.133667945861816,29,0,29,0,11
1403715992.183667898178101,29,0,29,0,11
1403715992.233667850494385,29,0,29,0,11
1403715992.283668041229248,29,0,29,0,11
1403715992.333667993545532,29,1,29,0,11
1403715992.383667945861816,29,0,29,0,11
1403715992.433667898178101,29,0,29,0,11
1403715992.483667850494385,29,0,29,0,11
1403715992.533668041229248,29,0,29,0,11
1403715992.583667993545532,29,0,29,0,11
1403715992.633667945861816,29,0,29,0,11
1403715992.683667898178101,29,0,29,0,11
1403715992.733667850494385,29,0,29,0,11
1403715992.783668041229248,29,0,29,0,11
1403715992.833667993545532,29,0,29,0,11
1403715992.883667707443237,29,0,29,0,11
1403715992.933667659759521,29,1,29,0,11
1403715992.983667612075806,29,0,29,0,11
1403715993.033667802810669,29,0,29,0,11
1403715993.083667755126953,29,0,29,0,11
1403715993.133667707443237,29,0,29,0,11
1403715993.183667659759521,29,0,29,0,11
1403715993.233667612075806,29,0,29,0,11
1403715993.283667802810669,29,0,29,0,11
1403715993.333667755126953,29,0,29,0,11
1403715993.383667707443237,29,0,29,0,11
1403715993.433667659759521,29,0,29,0,11
1403715993.483667612075806,29,0,28,0,11
1403715993.533667802810669,29,1,29,0,11
1403715993.583667755126953,29,0,29,0,11
1403715993.633667707443237,29,0,29,0,11
1403715993.683667659759521,29,0,29,0,11
1403715993.733667612075806,29,0,28,0,11
1403715993.783667802810669,28,0,28,0,11
1403715993.833667755126953,28,0,28,0,11
1403715993.883667707443237,28,0,28,0,11
1403715993.933667659759521,28,0,28,0,11
1403715993.983667612075806,28,0,28,0,11
