# timestamp (sec),slam_feats_in_state,msckf_feats_used,slam_feats_updated,slam_feats_delayed_init,clones
1403715893.791880130767822,0,15,0,0,5
1403715893.836900472640991,16,14,0,16,6
1403715893.886719226837158,16,0,16,0,7
1403715893.936771154403687,16,0,16,0,8
1403715893.987022876739502,16,0,15,0,9
1403715894.037406206130981,15,0,15,0,10
1403715894.087477922439575,15,0,15,0,11
1403715894.137193918228149,15,0,15,0,11
1403715894.187239170074463,19,0,14,5,11
1403715894.237170219421387,21,0,19,2,11
1403715894.287162303924561,29,0,20,8,11
1403715894.336912631988525,28,0,27,0,11
1403715894.386506319046021,32,2,26,6,11
1403715894.435399055480957,45,25,32,13,11
1403715894.484977483749390,48,0,44,4,11
1403715894.534855365753174,48,0,21,0,11
1403715894.584415912628174,50,1,45,2,11
1403715894.634330034255981,48,0,47,1,11
1403715894.684255361557007,49,0,48,1,11
1403715894.734104633331299,49,1,49,0,11
1403715894.783832788467407,49,0,49,0,11
1403715894.833492755889893,50,5,48,1,11
1403715894.883406877517700,50,1,49,0,11
1403715894.933300495147705,49,7,49,0,11
1403715894.983383178710938,49,0,48,1,11
1403715895.033439159393311,45,23,45,0,11
1403715895.083564043045044,44,0,43,0,11
1403715895.133755445480347,42,1,42,0,11
1403715895.183805942535400,43,0,41,1,11
1403715895.233733415603638,42,1,38,1,11
1403715895.283686161041260,41,2,34,1,11
1403715895.334017515182495,37,3,30,2,11
1403715895.384324550628662,34,1,30,2,11
1403715895.434616088867188,40,1,33,6,11
1403715895.484643220901489,39,0,36,2,11
1403715895.534579992294312,46,8,37,8,11
1403715895.584647655487061,45,0,41,1,11
1403715895.634750843048096,46,20,42,2,11
1403715895.684751272201538,45,1,42,2,11
1403715895.734827041625977,46,0,42,1,11
1403715895.784824609756470,46,1,42,1,11
1403715895.835004329681396,46,0,42,1,11
1403715895.885041236877441,46,1,43,2,11
1403715895.935033798217773,45,0,44,1,11
1403715895.985042572021484,48,0,45,3,11
1403715896.035065174102783,45,1,44,0,11
1403715896.085090398788452,49,8,41,5,11
1403715896.135039567947388,49,10,45,1,11
1403715896.184984445571899,49,0,47,2,11
1403715896.234792232513428,49,17,48,0,11
1403715896.284768819808960,48,0,46,0,11
1403715896.334847450256348,46,0,44,1,11
1403715896.384839296340942,44,0,42,0,11
1403715896.434855222702026,44,0,40,1,11
1403715896.484904289245605,43,4,37,0,11
1403715896.534905910491943,41,2,37,0,11
1403715896.584847450256348,41,2,36,3,11
1403715896.634747505187988,40,1,39,1,11
1403715896.684678792953491,47,0,37,9,11
1403715896.734639644622803,49,3,46,2,11
1403715896.784524679183960,49,0,48,1,11
1403715896.834464073181152,49,14,45,0,11
1403715896.884329557418823,49,13,44,0,11
1403715896.934375524520874,49,0,42,4,11
1403715896.984378099441528,47,0,44,0,11
1403715897.034373760223389,47,0,40,1,11
1403715897.084553718566895,46,0,40,1,11
1403715897.134553670883179,45,0,39,5,11
1403715897.184617280960083,45,0,42,0,11
1403715897.234589576721191,46,1,41,2,11
1403715897.284558773040771,47,0,41,3,11
1403715897.334549903869629,47,8,39,1,11
1403715897.384538412094116,45,2,39,1,11
1403715897.434614419937134,45,13,39,6,11
1403715897.484556674957275,50,6,41,5,11
1403715897.534514427185059,49,1,41,0,11
1403715897.584483146667480,48,0,40,4,11
1403715897.634468078613281,46,0,38,1,11
1403715897.684432983398438,45,5,36,2,11
1403715897.734404087066650,44,3,37,4,11
1403715897.784375190734863,41,7,38,0,11
1403715897.834313392639160,40,2,37,0,11
1403715897.884357929229736,47,6,34,9,11
1403715897.934364318847656,47,4,39,1,11
1403715897.984386920928955,41,2,37,0,11
1403715898.034395694732666,40,5,34,4,11
1403715898.084381341934204,40,6,33,3,11
1403715898.134366989135742,48,5,29,9,11
1403715898.184364318847656,40,15,34,3,11
1403715898.234396219253540,34,1,29,2,11
1403715898.284434795379639,34,3,30,1,11
1403715898.334444999694824,33,3,31,1,11
1403715898.384454488754272,32,6,31,0,11
1403715898.434466123580933,33,11,31,1,11
1403715898.484451293945312,31,5,26,1,11
1403715898.534442424774170,28,5,22,1,11
1403715898.584442377090454,24,4,21,1,11
1403715898.634444475173950,30,7,21,8,11
1403715898.684472799301147,28,3,27,0,11
1403715898.734511852264404,27,3,22,2,11
1403715898.784532546997070,25,1,16,8,11
1403715898.834531545639038,22,0,18,0,11
1403715898.884516477584839,25,1,18,5,11
1403715898.934511184692383,21,5,21,0,11
1403715898.984459638595581,25,4,20,5,11
1403715899.034426212310791,30,3,23,6,11
1403715899.084379911422729,32,4,28,3,11
1403715899.134370803833008,31,6,29,1,11
1403715899.184328079223633,36,7,27,8,11
1403715899.234308004379272,32,2,32,0,11
1403715899.284296751022339,35,4,27,7,11
1403715899.334291219711304,35,4,29,4,11
1403715899.384286165237427,37,3,31,4,11
1403715899.434298753738403,34,3,32,0,11
1403715899.484346151351929,32,5,29,1,11
1403715899.534379959106445,32,0,29,1,11
1403715899.584391832351685,41,4,29,10,11
1403715899.634434223175049,38,2,38,0,11
1403715899.684429407119751,44,4,38,6,11
1403715899.734459161758423,45,9,42,1,11
1403715899.784466981887817,48,5,41,3,11
1403715899.834468841552734,47,10,43,2,11
1403715899.884493112564087,44,4,42,0,11
1403715899.934482574462891,45,5,39,5,11
1403715899.984490156173706,44,5,43,1,11
1403715900.034511804580688,43,3,43,0,11
1403715900.084525823593140,43,3,41,0,11
1403715900.134557962417603,43,1,39,0,11
1403715900.184592485427856,45,3,36,6,11
1403715900.234621286392212,47,2,40,5,11
1403715900.284672498703003,47,1,43,3,11
1403715900.334645986557007,46,0,43,0,11
1403715900.384630680084229,47,3,43,2,11
1403715900.434628248214722,45,4,44,0,11
1403715900.484616279602051,44,6,36,5,11
1403715900.534628629684448,38,8,32,2,11
1403715900.584638595581055,41,4,33,7,11
1403715900.634612083435059,38,1,32,0,11
1403715900.684580802917480,34,3,26,2,11
1403715900.734581708908081,36,1,27,5,11
1403715900.784573078155518,35,1,28,2,11
1403715900.834572553634644,30,2,19,1,11
1403715900.884574651718140,25,2,14,2,11
1403715900.934560775756836,32,2,15,12,11
1403715900.984561681747437,30,0,24,4,11
1403715901.034563064575195,29,4,26,0,11
1403715901.084555864334106,29,3,26,2,11
1403715901.134551763534546,27,2,26,1,11
1403715901.184534311294556,28,0,25,2,11
1403715901.234533071517944,27,2,23,0,11
1403715901.284528493881226,29,3,20,5,11
1403715901.334511280059814,28,2,24,2,11
1403715901.384479999542236,28,2,24,3,11
1403715901.434446096420288,29,1,27,2,11
1403715901.484440565109253,30,0,27,1,11
1403715901.534424304962158,33,2,28,3,11
1403715901.584403991699219,31,1,30,0,11
1403715901.634365081787109,35,1,30,4,11
1403715901.684350013732910,33,0,32,1,11
1403715901.734339714050293,33,0,33,0,11
1403715901.784338712692261,35,1,32,2,11
1403715901.834343671798706,36,2,31,1,11
1403715901.884337186813354,39,3,31,5,11
1403715901.934333562850952,37,2,35,1,11
1403715901.984331130981445,39,1,36,2,11
1403715902.034337759017944,40,2,37,2,11
1403715902.084343433380127,43,1,39,3,11
1403715902.134347200393677,43,1,41,1,11
1403715902.184347391128540,46,4,40,4,11
1403715902.234352111816406,46,5,43,2,11
1403715902.284360408782959,45,0,42,0,11
1403715902.334364652633667,43,6,41,0,11
1403715902.384365320205688,42,0,39,2,11
1403715902.434359312057495,42,2,41,0,11
1403715902.484343528747559,46,6,38,6,11
1403715902.534335374832153,45,1,42,1,11
1403715902.584315061569214,50,1,41,5,11
1403715902.634296178817749,47,6,44,0,11
1403715902.684287309646606,45,3,43,0,11
1403715902.734267950057983,49,6,43,6,11
1403715902.784264326095581,47,2,46,0,11
1403715902.834262132644653,50,2,46,3,11
1403715902.884235858917236,49,4,48,0,11
1403715902.934218168258667,49,4,47,1,11
1403715902.984197139739990,42,4,41,0,11
1403715903.034173488616943,44,4,37,3,11
1403715903.084148406982422,39,3,36,1,11
1403715903.134137630462646,36,5,33,2,11
1403715903.184153318405151,37,4,33,2,11
1403715903.234166622161865,36,5,32,1,11
1403715903.284172534942627,35,4,31,1,11
1403715903.334178209304810,36,2,30,3,11
1403715903.384183883666992,38,2,30,4,11
1403715903.434184312820435,36,1,31,0,11
1403715903.484175443649292,34,0,27,6,11
1403715903.534172296524048,37,4,26,8,11
1403715903.584172010421753,33,0,31,1,11
1403715903.634169578552246,39,5,32,6,11
1403715903.684177875518799,38,0,37,1,11
1403715903.734206438064575,33,3,33,0,11
1403715903.784219980239868,38,6,28,8,11
1403715903.834226131439209,25,10,20,0,11
1403715903.884237527847290,24,2,18,3,11
1403715903.934225559234619,20,2,18,0,11
1403715903.984213829040527,13,2,11,1,11
1403715904.034195899963379,17,0,12,4,11
1403715904.084186553955078,17,3,16,1,11
1403715904.134186506271362,16,4,16,0,11
1403715904.184182167053223,16,5,16,0,11
1403715904.234179735183716,16,2,16,0,11
1403715904.284194231033325,24,5,14,10,11
1403715904.334191560745239,24,6,23,0,11
1403715904.384198427200317,25,5,22,3,11
1403715904.434203386306763,30,9,23,5,11
1403715904.484211444854736,29,4,26,1,11
1403715904.534224748611450,30,1,26,3,11
1403715904.584259986877441,28,8,25,2,11
1403715904.634271144866943,29,0,27,2,11
1403715904.684272050857544,35,1,26,8,11
1403715904.734252929687500,35,5,31,3,11
1403715904.784237623214722,35,1,31,3,11
1403715904.834213495254517,38,0,31,4,11
1403715904.884217739105225,39,3,33,3,11
1403715904.934216499328613,32,4,28,1,11
1403715904.984216690063477,30,3,27,1,11
1403715905.034220695495605,31,2,24,4,11
1403715905.084217309951782,30,0,19,2,11
1403715905.134215593338013,31,0,19,4,11
1403715905.184249639511108,30,11,18,6,11
1403715905.234254121780396,29,1,25,0,11
1403715905.284252166748047,28,3,24,1,11
1403715905.334253072738647,27,0,25,2,11
1403715905.384268045425415,29,4,26,3,11
1403715905.434257268905640,35,1,29,6,11
1403715905.484241008758545,34,1,32,2,11
1403715905.534243822097778,31,2,30,0,11
1403715905.584265947341919,35,2,28,4,11
1403715905.634289741516113,33,10,26,0,11
1403715905.684316873550415,31,2,24,2,11
1403715905.734333753585815,29,3,27,2,11
1403715905.784349203109741,36,4,26,8,11
1403715905.834355831146240,38,1,26,6,11
1403715905.884356737136841,33,3,28,0,11
1403715905.934348583221436,30,1,27,2,11
1403715905.984353542327881,27,0,26,0,11
1403715906.034348487854004,32,0,24,6,11
1403715906.084338426589966,28,4,23,1,11
1403715906.134323358535767,26,5,20,1,11
1403715906.184293508529663,28,2,19,5,11
1403715906.234296798706055,28,3,19,4,11
1403715906.284278154373169,27,0,18,5,11
1403715906.334275960922241,25,1,23,0,11
1403715906.384277343750000,25,3,23,2,11
1403715906.434277772903442,29,0,24,4,11
1403715906.484276056289673,31,4,24,2,11
1403715906.534265995025635,34,1,24,4,11
1403715906.584267854690552,27,3,22,0,11
1403715906.634277582168579,32,2,20,9,11
1403715906.684276103973389,30,4,27,1,11
1403715906.734283685684204,29,6,26,1,11
1403715906.784280538558960,26,1,22,0,11
1403715906.834291696548462,21,3,18,1,11
1403715906.884312152862549,21,4,15,6,11
1403715906.934322118759155,21,3,19,1,11
1403715906.984332084655762,23,2,19,3,11
1403715907.034333467483521,19,2,19,0,11
1403715907.084323644638062,20,2,18,1,11
1403715907.134327888488770,21,1,17,4,11
1403715907.184329032897949,21,0,21,0,11
1403715907.234316349029541,26,1,17,8,11
1403715907.284311771392822,26,0,23,0,11
1403715907.334311723709106,26,1,16,7,11
1403715907.384315252304077,23,1,22,0,11
1403715907.434306621551514,23,1,22,1,11
1403715907.484307050704956,21,0,21,0,11
1403715907.534302473068237,17,1,16,0,11
1403715907.584300518035889,20,0,14,5,11
1403715907.634297609329224,26,0,16,9,11
1403715907.684297323226929,25,0,24,1,11
1403715907.734301090240479,29,1,22,7,11
1403715907.784307003021240,28,3,27,0,11
1403715907.834303617477417,27,4,19,8,11
1403715907.884299278259277,26,3,26,0,11
1403715907.934290647506714,27,1,24,3,11
1403715907.984285593032837,27,2,27,0,11
1403715908.034283876419067,36,3,24,10,11
1403715908.084276676177979,39,1,32,4,11
1403715908.134273290634155,41,3,33,5,11
1403715908.184267520904541,38,6,32,1,11
1403715908.234269142150879,35,0,30,1,11
1403715908.284259319305420,45,0,28,17,11
1403715908.334255933761597,41,0,40,0,11
1403715908.384261846542358,36,0,35,0,11
1403715908.434261560440063,36,0,33,1,11
1403715908.484266757965088,33,1,32,1,11
1403715908.534260511398315,34,1,30,2,11
1403715908.584250926971436,36,0,28,6,11
1403715908.634241580963135,29,2,28,0,11
1403715908.684226274490356,26,0,26,0,11
1403715908.734200716018677,35,2,24,11,11
1403715908.784202814102173,28,0,26,0,11
1403715908.834217548370361,26,0,24,0,11
1403715908.884236812591553,34,0,23,11,11
1403715908.934248447418213,32,0,30,0,11
1403715908.984262228012085,36,0,30,4,11
1403715909.034293174743652,48,1,33,15,11
1403715909.084296941757202,46,1,45,1,11
1403715909.134306907653809,44,4,44,0,11
1403715909.184303045272827,44,2,38,6,11
1403715909.234308719635010,48,9,41,6,11
1403715909.284319162368774,47,0,47,0,11
1403715909.334322690963745,49,0,47,2,11
1403715909.384325027465820,49,13,46,1,11
1403715909.434351444244385,45,1,40,0,11
1403715909.484357833862305,39,0,34,3,11
1403715909.534366130828857,39,0,33,2,11
1403715909.584369182586670,36,0,27,0,11
1403715909.634362697601318,34,0,22,1,11
1403715909.684370279312134,41,10,23,14,11
1403715909.734357118606567,33,3,33,0,11
1403715909.784356594085693,32,3,27,0,11
1403715909.834351301193237,38,3,24,10,11
1403715909.884351491928101,34,1,29,0,11
1403715909.934352636337280,27,7,24,0,11
1403715909.984349966049194,31,2,18,7,11
1403715910.034350872039795,28,4,20,0,11
1403715910.084347486495972,20,2,14,2,11
1403715910.134346723556519,17,7,10,5,11
1403715910.184342384338379,12,6,11,0,11
1403715910.234334468841553,10,4,8,1,11
1403715910.284333705902100,7,5,4,1,11
1403715910.334323406219482,2,10,1,1,11
1403715910.384323596954346,1,2,0,0,11
1403715910.434322118759155,1,6,0,0,11
1403715910.484313964843750,6,3,0,6,11
1403715910.534317016601562,7,6,3,2,11
1403715910.584323644638062,17,6,5,10,11
1403715910.634327173233032,17,6,15,2,11
1403715910.684322357177734,17,10,11,3,11
1403715910.734323263168335,22,6,13,6,11
1403715910.784325122833252,29,0,17,11,11
1403715910.834331750869751,36,1,26,7,11
1403715910.884339094161987,34,2,32,0,11
1403715910.934347152709961,34,6,28,3,11
1403715910.984349727630615,28,6,26,0,11
1403715911.034354925155640,30,3,26,2,11
1403715911.084360599517822,30,2,28,2,11
1403715911.134369134902954,32,2,25,3,11
1403715911.184371709823608,33,6,25,2,11
1403715911.234374761581421,27,6,24,1,11
1403715911.284376144409180,25,4,24,0,11
1403715911.334385395050049,25,1,21,3,11
1403715911.384387016296387,24,4,22,0,11
1403715911.434395551681519,21,2,14,5,11
1403715911.484399318695068,25,6,16,7,11
1403715911.534398794174194,29,1,23,4,11
1403715911.584415674209595,32,3,21,9,11
1403715911.634413480758667,31,1,28,1,11
1403715911.684404850006104,28,3,26,0,11
1403715911.734396219253540,28,0,24,0,11
1403715911.784386396408081,28,6,21,2,11
1403715911.834383249282837,35,3,22,9,11
1403715911.884376049041748,36,0,29,5,11
1403715911.934367418289185,39,2,32,5,11
1403715911.984364032745361,39,1,34,3,11
1403715912.034365177154541,39,0,35,2,11
1403715912.084359645843506,42,8,36,5,11
1403715912.134360551834106,41,1,40,1,11
1403715912.184358596801758,43,3,39,3,11
1403715912.234359741210938,44,2,40,1,11
1403715912.284359216690063,48,2,40,6,11
1403715912.334355115890503,47,7,46,1,11
1403715912.384355783462524,48,2,47,1,11
1403715912.434352874755859,49,7,47,1,11
1403715912.484352588653564,47,0,43,1,11
1403715912.534352779388428,46,2,38,1,11
1403715912.584348678588867,44,7,35,2,11
1403715912.634347915649414,39,7,37,0,11
1403715912.684349775314331,37,8,34,0,11
1403715912.734349250793457,35,4,27,0,11
1403715912.784348487854004,37,9,21,4,11
1403715912.834346055984497,30,7,23,2,11
1403715912.884354114532471,25,3,19,0,11
1403715912.934356451034546,18,3,14,0,11
1403715912.984357833862305,12,2,9,0,11
1403715913.034365892410278,7,3,4,2,11
1403715913.084391593933105,15,1,2,11,11
1403715913.134388208389282,13,3,9,0,11
1403715913.184383869171143,15,0,9,4,11
1403715913.234381437301636,14,2,12,1,11
1403715913.284375429153442,15,6,13,1,11
1403715913.334372997283936,14,6,12,0,11
1403715913.384374141693115,17,4,12,4,11
1403715913.434377670288086,17,5,16,1,11
1403715913.484384298324585,27,3,17,10,11
1403715913.534385919570923,29,2,26,3,11
1403715913.584390640258789,34,3,29,5,11
1403715913.634379148483276,35,2,32,1,11
1403715913.684375524520874,41,3,32,7,11
1403715913.734362840652466,38,5,36,0,11
1403715913.784334659576416,42,6,35,5,11
1403715913.834315061569214,47,4,39,7,11
1403715913.884310960769653,47,7,45,0,11
1403715913.934302091598511,49,2,44,4,11
1403715913.984296798706055,48,5,44,1,11
1403715914.034294128417969,47,7,42,2,11
1403715914.084293842315674,48,2,43,3,11
1403715914.134296655654907,48,1,45,1,11
1403715914.184296369552612,47,5,42,1,11
1403715914.234294652938843,47,3,40,1,11
1403715914.284289598464966,45,12,39,3,11
1403715914.334291696548462,45,2,37,5,11
1403715914.384282112121582,46,1,42,1,11
1403715914.434279918670654,46,4,40,3,11
1403715914.484278678894043,46,4,38,4,11
1403715914.534295082092285,47,2,44,2,11
1403715914.584308624267578,47,3,43,1,11
1403715914.634320974349976,47,2,43,1,11
1403715914.684329509735107,45,2,43,2,11
1403715914.734337806701660,47,4,43,3,11
1403715914.784338235855103,47,7,42,2,11
1403715914.834339618682861,45,3,38,0,11
1403715914.884358406066895,46,8,38,5,11
1403715914.934354782104492,42,2,37,2,11
1403715914.984344244003296,50,2,38,8,11
1403715915.034347534179688,47,5,45,0,11
1403715915.084352254867554,49,8,45,3,11
1403715915.134352445602417,49,1,48,1,11
1403715915.184346675872803,49,2,49,0,11
1403715915.234337329864502,49,4,49,0,11
1403715915.284312725067139,49,16,48,1,11
1403715915.334284782409668,50,13,49,1,11
1403715915.384251117706299,50,5,49,0,11
1403715915.434231042861938,49,4,44,0,11
1403715915.484178781509399,50,6,38,2,11
1403715915.534127712249756,48,3,38,2,11
1403715915.584080934524536,48,1,38,6,11
1403715915.634042024612427,50,6,43,4,11
1403715915.684003591537476,48,4,45,1,11
1403715915.733969449996948,46,4,44,1,11
1403715915.783930778503418,44,3,43,1,11
1403715915.833919763565063,45,3,43,1,11
1403715915.883909702301025,47,4,42,4,11
1403715915.933902025222778,50,1,46,4,11
1403715915.983906507492065,49,6,49,0,11
1403715916.033911705017090,50,4,49,1,11
1403715916.083916425704956,50,8,50,0,11
1403715916.133923292160034,48,3,47,0,11
1403715916.183928489685059,50,3,45,2,11
1403715916.233929634094238,47,5,43,0,11
1403715916.283943653106689,47,7,40,3,11
1403715916.333947181701660,45,4,41,0,11
1403715916.383949279785156,43,2,36,1,11
1403715916.433965206146240,42,4,34,1,11
1403715916.483974218368530,38,3,32,2,11
1403715916.533988952636719,41,1,32,6,11
1403715916.583989858627319,41,2,33,2,11
1403715916.633990526199341,39,0,33,2,11
1403715916.683990240097046,44,3,30,9,11
1403715916.733992338180542,43,1,32,2,11
1403715916.783994674682617,37,1,33,0,11
1403715916.833994150161743,36,3,33,3,11
1403715916.883991241455078,46,1,33,10,11
1403715916.933980703353882,46,2,38,2,11
1403715916.983978033065796,47,0,39,4,11
1403715917.033978223800659,45,1,40,5,11
1403715917.083960294723511,45,3,39,4,11
1403715917.133941888809204,39,6,33,3,11
1403715917.183931827545166,33,4,26,0,11
1403715917.233919858932495,31,0,22,1,11
1403715917.283922433853149,27,0,14,4,11
1403715917.333927631378174,26,1,12,1,11
1403715917.383955240249634,24,1,14,5,11
1403715917.433969974517822,23,0,15,3,11
1403715917.483991146087646,25,3,17,4,11
1403715917.534002542495728,23,0,19,1,11
1403715917.584011554718018,23,1,15,2,11
1403715917.634034156799316,28,3,14,6,11
1403715917.684025287628174,27,1,13,3,11
1403715917.734016895294189,25,2,12,3,11
1403715917.784008741378784,24,3,9,5,11
1403715917.834001064300537,26,1,10,7,11
1403715917.883992910385132,28,0,12,7,11
1403715917.933990478515625,29,0,17,6,11
1403715917.983989477157593,35,0,19,10,11
1403715918.034001588821411,33,2,27,1,11
1403715918.084010362625122,30,0,27,0,11
1403715918.134004354476929,33,2,27,6,11
1403715918.183999776840210,36,3,31,3,11
1403715918.233999729156494,38,1,34,2,11
1403715918.283999681472778,38,0,36,2,11
1403715918.333997011184692,44,2,38,6,11
1403715918.383993148803711,50,6,40,6,11
1403715918.433989763259888,47,5,40,0,11
1403715918.483991146087646,47,3,40,3,11
1403715918.533995151519775,43,9,36,3,11
1403715918.583995580673218,43,2,34,3,11
1403715918.633993148803711,39,1,34,3,11
1403715918.683995962142944,38,1,37,1,11
1403715918.733991146087646,38,1,34,2,11
1403715918.783989906311035,34,1,32,0,11
1403715918.833985328674316,32,3,31,0,11
1403715918.883984327316284,32,2,30,1,11
1403715918.933981657028198,31,5,29,1,11
1403715918.983982086181641,33,1,29,3,11
1403715919.033985376358032,37,5,29,6,11
1403715919.083990812301636,35,1,34,0,11
1403715919.133996248245239,43,3,33,9,11
1403715919.184005022048950,43,1,41,1,11
1403715919.234010219573975,49,2,41,6,11
1403715919.284017801284790,49,0,44,2,11
1403715919.334023952484131,48,13,42,1,11
1403715919.384020805358887,43,1,42,1,11
1403715919.434010505676270,43,2,42,0,11
1403715919.483987808227539,42,0,42,0,11
1403715919.533950090408325,48,6,42,6,11
1403715919.583924293518066,48,0,46,0,11
1403715919.633896350860596,50,0,45,2,11
1403715919.683874607086182,48,1,46,0,11
1403715919.733849763870239,50,3,46,3,11
1403715919.783837556838989,50,0,49,1,11
1403715919.833831310272217,50,2,50,0,11
1403715919.883831024169922,50,16,50,0,11
1403715919.933827638626099,50,16,49,0,11
1403715919.983831644058228,50,3,49,0,11
1403715920.033830404281616,50,0,48,1,11
1403715920.083833694458008,50,0,46,0,11
1403715920.133842706680298,49,10,45,0,11
1403715920.183853387832642,46,1,43,1,11
1403715920.233863115310669,46,0,44,1,11
1403715920.283886671066284,48,1,43,3,11
1403715920.333927631378174,49,4,46,1,11
1403715920.383939504623413,45,2,42,0,11
1403715920.433943033218384,45,2,39,1,11
1403715920.483940124511719,47,5,40,4,11
1403715920.533944368362427,46,17,39,5,11
1403715920.583946704864502,47,1,41,2,11
1403715920.633945465087891,46,1,41,1,11
1403715920.683947324752808,44,2,40,2,11
1403715920.733948945999146,44,4,39,2,11
1403715920.783949851989746,43,1,36,2,11
1403715920.833950757980347,42,1,37,0,11
1403715920.883951902389526,47,5,36,9,11
1403715920.933949232101440,48,1,43,2,11
1403715920.983946323394775,47,1,43,1,11
1403715921.033946275711060,44,2,39,0,11
1403715921.083940982818604,43,2,36,2,11
1403715921.133946418762207,42,12,34,6,11
1403715921.183958053588867,40,1,38,0,11
1403715921.233961343765259,44,4,36,5,11
1403715921.283964157104492,44,0,40,1,11
1403715921.333968877792358,43,4,39,2,11
1403715921.383982181549072,44,6,40,3,11
1403715921.433981418609619,42,1,40,0,11
1403715921.483997344970703,43,4,38,3,11
1403715921.533998489379883,42,3,35,4,11
1403715921.584001064300537,42,2,40,1,11
1403715921.634000062942505,46,4,38,4,11
1403715921.683993577957153,45,4,40,1,11
1403715921.733994722366333,40,3,33,2,11
1403715921.783998012542725,39,6,33,1,11
1403715921.833998680114746,35,0,27,0,11
1403715921.883999347686768,33,3,22,1,11
1403715921.934000015258789,30,3,21,4,11
1403715921.983999729156494,27,2,24,1,11
1403715922.034000873565674,26,1,19,1,11
1403715922.083997011184692,26,3,20,0,11
1403715922.133996963500977,23,1,16,4,11
1403715922.183994531631470,21,3,18,0,11
1403715922.233990192413330,22,4,16,3,11
1403715922.283987760543823,27,6,16,8,11
1403715922.333990812301636,25,2,22,1,11
1403715922.383992433547974,23,4,19,1,11
1403715922.433993816375732,28,5,18,6,11
1403715922.483997106552124,27,1,23,2,11
1403715922.533998727798462,28,7,21,5,11
1403715922.583998680114746,25,1,20,1,11
1403715922.633999586105347,22,3,17,2,11
1403715922.684000492095947,19,4,16,0,11
1403715922.734000444412231,20,1,14,3,11
1403715922.783999919891357,21,2,16,3,11
1403715922.833999156951904,23,2,19,4,11
1403715922.883998394012451,25,1,23,2,11
1403715922.933996915817261,24,2,21,2,11
1403715922.983999729156494,24,1,22,0,11
1403715923.034000158309937,24,3,20,2,11
1403715923.084000110626221,25,0,21,2,11
1403715923.134002208709717,30,1,21,6,11
1403715923.184005022048950,32,0,27,3,11
1403715923.234004020690918,40,0,27,10,11
1403715923.284004449844360,40,2,37,1,11
1403715923.334003925323486,38,2,32,1,11
1403715923.384003877639771,36,3,32,2,11
1403715923.434003353118896,35,3,26,2,11
1403715923.484003305435181,34,1,28,1,11
1403715923.534000635147095,32,1,28,3,11
1403715923.583999156951904,31,3,28,1,11
1403715923.633999109268188,32,1,28,2,11
1403715923.684005260467529,31,1,29,2,11
1403715923.734010219573975,34,0,29,3,11
1403715923.784013271331787,32,0,31,0,11
1403715923.834011077880859,32,1,31,0,11
1403715923.884009122848511,31,0,30,0,11
1403715923.934011220932007,38,2,28,8,11
1403715923.984010934829712,40,0,35,4,11
1403715924.034012794494629,40,1,38,2,11
1403715924.084011554718018,45,2,38,5,11
1403715924.134011268615723,48,6,38,4,11
1403715924.184009790420532,44,5,38,2,11
1403715924.234007120132446,44,5,39,3,11
1403715924.284007787704468,41,1,37,2,11
1403715924.334007978439331,39,2,35,3,11
1403715924.384008646011353,40,2,33,2,11
1403715924.434008836746216,33,1,29,0,11
1403715924.484008550643921,29,7,25,1,11
1403715924.534009456634521,28,3,22,3,11
1403715924.584013700485229,27,7,22,0,11
1403715924.634016990661621,27,5,20,4,11
1403715924.684017181396484,22,5,20,0,11
1403715924.734014749526978,18,6,17,1,11
1403715924.784013271331787,17,4,15,0,11
1403715924.834010124206543,13,6,10,0,11
1403715924.884008169174194,12,10,8,2,11
1403715924.934005737304688,12,6,7,3,11
1403715924.984005689620972,14,4,8,3,11
1403715925.034005165100098,12,3,11,0,11
1403715925.084004163742065,10,6,10,0,11
1403715925.134005069732666,6,7,4,1,11
1403715925.184005737304688,8,3,4,2,11
1403715925.234007835388184,7,5,6,1,11
1403715925.284011602401733,10,3,6,3,11
1403715925.334009170532227,15,0,8,5,11
1403715925.384011507034302,15,1,12,0,11
1403715925.434009075164795,13,9,11,2,11
1403715925.484010696411133,19,5,11,6,11
1403715925.534013271331787,26,3,16,7,11
1403715925.584012508392334,33,8,19,12,11
1403715925.634012699127197,32,5,27,1,11
1403715925.684013843536377,32,3,25,3,11
1403715925.734016418457031,29,8,25,2,11
1403715925.784016132354736,27,1,22,2,11
1403715925.834016323089600,30,2,20,6,11
1403715925.884015321731567,25,7,25,0,11
1403715925.934018373489380,26,14,22,4,11
1403715925.984016656875610,27,12,23,3,11
1403715926.034019231796265,26,6,23,0,11
1403715926.084019899368286,30,7,22,6,11
1403715926.134018421173096,32,7,26,5,11
1403715926.184018135070801,32,8,28,1,11
1403715926.234020233154297,29,9,21,2,11
1403715926.284022569656372,31,4,20,4,11
1403715926.334023952484131,29,5,20,5,11
1403715926.384025812149048,22,5,19,2,11
1403715926.434025049209595,22,0,18,1,11
1403715926.484025001525879,18,3,15,1,11
1403715926.534029722213745,23,5,14,7,11
1403715926.584033250808716,23,2,20,2,11
1403715926.634031295776367,27,4,21,6,11
1403715926.684033632278442,23,4,22,0,11
1403715926.734032869338989,23,1,20,1,11
1403715926.784036159515381,27,7,19,7,11
1403715926.834034681320190,29,3,23,3,11
1403715926.884032726287842,28,5,24,0,11
1403715926.934027194976807,36,5,23,11,11
1403715926.984026193618774,37,0,34,2,11
1403715927.034020662307739,37,1,35,2,11
1403715927.084019660949707,40,3,36,4,11
1403715927.134018898010254,45,3,40,5,11
1403715927.184027194976807,46,3,43,2,11
1403715927.234030008316040,45,2,38,4,11
1403715927.284035921096802,46,2,39,5,11
1403715927.334038734436035,46,7,40,5,11
1403715927.384042024612427,40,3,39,0,11
1403715927.434047222137451,48,8,37,8,11
1403715927.484049558639526,47,0,45,0,11
1403715927.534045934677124,44,1,42,0,11
1403715927.584042787551880,42,0,40,0,11
1403715927.634041070938110,40,0,37,0,11
1403715927.684036731719971,35,1,32,0,11
1403715927.734035491943359,38,0,30,6,11
1403715927.784038305282593,50,2,35,13,11
1403715927.834042787551880,48,1,45,0,11
1403715927.884044170379639,47,0,43,0,11
1403715927.934040307998657,46,4,42,3,11
1403715927.984036922454834,49,6,43,4,11
1403715928.034040451049805,47,4,46,1,11
1403715928.084038496017456,45,2,45,0,11
1403715928.134045124053955,48,5,42,5,11
1403715928.184044837951660,42,0,40,0,11
1403715928.234056711196899,39,1,38,0,11
1403715928.284064769744873,40,6,34,5,11
1403715928.334071159362793,38,7,33,0,11
1403715928.384071350097656,33,2,27,0,11
1403715928.434073686599731,28,2,26,0,11
1403715928.484070539474487,23,6,19,0,11
1403715928.534067392349243,17,6,13,0,11
1403715928.584054708480835,22,4,9,11,11
1403715928.634049415588379,19,8,17,0,11
1403715928.684046268463135,14,3,13,0,11
1403715928.734034776687622,20,8,10,8,11
1403715928.784023761749268,22,5,12,5,11
1403715928.834019899368286,17,5,13,0,11
1403715928.884021282196045,16,2,12,3,11
1403715928.934020996093750,14,8,14,0,11
1403715928.984025239944458,22,3,14,8,11
1403715929.034025192260742,26,2,21,4,11
1403715929.084027528762817,29,1,25,4,11
1403715929.134032964706421,32,3,27,4,11
1403715929.184036731719971,36,0,30,5,11
1403715929.234044313430786,39,2,31,4,11
1403715929.284043312072754,39,7,32,0,11
1403715929.334037303924561,42,8,28,10,11
1403715929.384039402008057,38,6,37,1,11
1403715929.434037685394287,44,8,36,7,11
1403715929.484030723571777,41,12,36,2,11
1403715929.534029245376587,43,17,32,6,11
1403715929.584026575088501,41,11,35,2,11
1403715929.634026765823364,39,4,36,1,11
1403715929.684031724929810,45,2,37,7,11
1403715929.734030723571777,45,1,44,1,11
1403715929.784029722213745,44,1,42,0,11
1403715929.834024667739868,41,1,37,1,11
1403715929.884020328521729,38,1,36,0,11
1403715929.934039115905762,47,4,31,11,11
1403715929.984040975570679,47,2,41,1,11
1403715930.034038543701172,44,2,41,2,11
1403715930.084036827087402,47,17,42,5,11
1403715930.134042978286743,43,6,39,2,11
1403715930.184044361114502,42,1,41,0,11
1403715930.234048366546631,45,5,40,5,11
1403715930.284051895141602,45,2,45,0,11
1403715930.334053039550781,45,2,45,0,11
1403715930.384052515029907,45,1,45,0,11
1403715930.434053659439087,45,0,43,2,11
1403715930.484055995941162,48,7,45,3,11
1403715930.534057617187500,48,0,46,0,11
1403715930.584060668945312,49,0,47,1,11
1403715930.634069204330444,49,3,45,2,11
1403715930.684091091156006,49,10,45,1,11
1403715930.734105825424194,49,10,46,1,11
1403715930.784115791320801,47,0,47,0,11
1403715930.834127902984619,47,1,47,0,11
1403715930.884131669998169,47,1,47,0,11
1403715930.934134483337402,47,2,47,0,11
1403715930.984133958816528,47,0,47,0,11
1403715931.034134626388550,47,3,47,0,11
1403715931.084137916564941,46,3,44,0,11
1403715931.134142875671387,50,6,44,4,11
1403715931.184144496917725,49,1,47,1,11
1403715931.234136581420898,50,2,47,1,11
1403715931.284127712249756,49,9,42,1,11
1403715931.334126472473145,48,10,40,1,11
1403715931.384123802185059,50,2,38,7,11
1403715931.434126138687134,47,8,38,1,11
1403715931.484125375747681,45,6,36,2,11
1403715931.534124135971069,42,5,34,5,11
1403715931.584122419357300,43,8,34,5,11
1403715931.634130477905273,41,1,38,1,11
1403715931.684136629104614,40,2,34,2,11
1403715931.734146118164062,38,2,32,2,11
1403715931.784147977828979,29,7,27,1,11
1403715931.834148883819580,26,6,24,1,11
1403715931.884149074554443,33,9,22,8,11
1403715931.934149742126465,32,11,28,1,11
1403715931.984149694442749,28,6,25,0,11
1403715932.034149646759033,27,5,24,2,11
1403715932.084149837493896,29,10,25,2,11
1403715932.134150266647339,27,7,24,0,11
1403715932.184151172637939,30,4,21,4,11
1403715932.234151363372803,24,5,16,1,11
1403715932.284152984619141,26,2,15,6,11
1403715932.334152460098267,23,5,14,4,11
1403715932.384151458740234,20,5,16,0,11
1403715932.434150457382202,18,2,15,2,11
1403715932.484152078628540,20,3,17,2,11
1403715932.534152984619141,21,3,16,2,11
1403715932.584152698516846,20,5,17,0,11
1403715932.634152889251709,20,2,17,3,11
1403715932.684152364730835,19,2,18,1,11
1403715932.734152555465698,17,1,17,0,11
1403715932.784150600433350,20,2,16,4,11
1403715932.834148645401001,21,1,20,1,11
1403715932.884142875671387,27,1,21,6,11
1403715932.934130430221558,33,12,24,6,11
1403715932.984122514724731,35,7,26,2,11
1403715933.034122228622437,34,1,22,2,11
1403715933.084119558334351,34,2,18,6,11
1403715933.134119749069214,30,2,19,2,11
1403715933.184121608734131,26,0,18,2,11
1403715933.234122753143311,25,0,19,2,11
1403715933.284124851226807,18,3,16,0,11
1403715933.334123611450195,17,4,15,1,11
1403715933.384121656417847,14,6,14,0,11
1403715933.434121131896973,13,3,13,0,11
1403715933.484118938446045,12,10,11,0,11
1403715933.534116268157959,12,4,11,0,11
1403715933.584107160568237,12,8,10,2,11
1403715933.634091854095459,12,3,8,4,11
1403715933.684062242507935,20,2,10,10,11
1403715933.734054088592529,21,0,17,3,11
1403715933.784044504165649,23,0,19,2,11
1403715933.834033012390137,24,2,21,2,11
1403715933.884021997451782,24,0,22,1,11
1403715933.934016942977905,32,11,19,8,11
1403715933.984015226364136,44,15,23,14,11
1403715934.034014701843262,38,12,30,3,11
1403715934.084016084671021,26,6,14,1,11
1403715934.134014129638672,16,7,7,0,11
1403715934.184007644653320,14,3,4,4,11
1403715934.234009265899658,7,3,2,0,11
1403715934.284011840820312,2,3,0,1,11
1403715934.334012031555176,2,0,1,1,11
1403715934.384012222290039,2,5,2,0,11
1403715934.434012174606323,1,5,1,0,11
1403715934.484017848968506,0,4,0,0,11
1403715934.534033060073853,0,7,0,0,11
1403715934.584043502807617,1,2,0,1,11
1403715934.634052515029907,1,2,0,1,11
1403715934.684046983718872,2,0,1,1,11
1403715934.734042882919312,5,1,2,3,11
1403715934.784036636352539,5,3,3,0,11
1403715934.834026098251343,7,2,3,2,11
1403715934.883978366851807,15,1,3,10,11
1403715934.933965444564819,18,2,12,4,11
1403715934.983949661254883,27,10,11,10,11
1403715935.033944368362427,26,5,16,3,11
1403715935.083940505981445,23,8,11,5,11
1403715935.133941650390625,13,7,9,0,11
1403715935.183944702148438,11,1,7,2,11
1403715935.233948230743408,10,4,8,0,11
1403715935.283953905105591,9,1,8,0,11
1403715935.333961725234985,9,3,7,1,11
1403715935.383960008621216,9,3,7,0,11
1403715935.433960914611816,9,5,7,1,11
1403715935.483968257904053,8,3,5,3,11
1403715935.533963918685913,10,6,6,4,11
1403715935.583960771560669,11,3,7,3,11
1403715935.633961439132690,13,2,10,2,11
1403715935.683959007263184,15,2,12,3,11
1403715935.733960390090942,23,2,14,9,11
1403715935.783962965011597,28,4,20,6,11
1403715935.833962678909302,34,2,26,7,11
1403715935.883963108062744,35,1,31,3,11
1403715935.933963537216187,43,0,34,8,11
1403715935.983964681625366,42,0,42,0,11
1403715936.033979654312134,50,9,42,8,11
1403715936.083988189697266,50,1,48,0,11
1403715936.133991241455078,49,1,44,0,11
1403715936.183994531631470,49,19,43,2,11
1403715936.233994007110596,43,3,36,1,11
1403715936.283992767333984,40,4,30,0,11
1403715936.333987474441528,35,3,24,2,11
1403715936.383987426757812,30,0,23,0,11
1403715936.433990716934204,27,2,18,2,11
1403715936.483994007110596,25,3,20,0,11
1403715936.533996343612671,22,1,20,2,11
1403715936.583995342254639,22,1,22,0,11
1403715936.633987426757812,22,3,22,0,11
1403715936.683987617492676,23,2,22,1,11
1403715936.733986854553223,21,1,21,0,11
1403715936.783985614776611,23,1,21,2,11
1403715936.833992958068848,42,1,22,19,11
1403715936.883993387222290,42,1,41,0,11
1403715936.933993816375732,44,2,41,3,11
1403715936.983992815017700,47,2,44,3,11
1403715937.033990859985352,47,0,45,0,11
1403715937.083991050720215,46,0,44,0,11
1403715937.133988142013550,46,0,42,3,11
1403715937.183986425399780,47,1,45,1,11
1403715937.233980417251587,49,3,42,4,11
1403715937.283977270126343,49,0,45,0,11
1403715937.333973169326782,47,0,43,1,11
1403715937.383970975875854,49,3,42,3,11
1403715937.433970928192139,49,5,45,2,11
1403715937.483970642089844,42,3,42,0,11
1403715937.533969640731812,45,1,40,5,11
1403715937.583968400955200,47,2,42,2,11
1403715937.633965492248535,44,6,36,3,11
1403715937.683963775634766,42,11,33,6,11
1403715937.733963727951050,41,3,34,1,11
1403715937.783963203430176,39,2,35,0,11
1403715937.833960771560669,37,7,34,3,11
1403715937.883960485458374,36,3,34,0,11
1403715937.933961391448975,44,4,32,9,11
1403715937.983959913253784,47,12,40,6,11
1403715938.033959388732910,39,1,38,0,11
1403715938.083958387374878,37,0,34,1,11
1403715938.133958101272583,34,2,33,0,11
1403715938.183956861495972,49,0,33,15,11
1403715938.233955383300781,49,2,48,1,11
1403715938.283951997756958,44,6,42,0,11
1403715938.333950042724609,40,4,40,0,11
1403715938.383941888809204,47,19,38,9,11
1403715938.433942556381226,46,1,44,0,11
1403715938.483942985534668,45,1,44,0,11
1403715938.533944129943848,42,6,42,0,11
1403715938.583941698074341,48,3,40,7,11
1403715938.633939504623413,47,7,44,1,11
1403715938.683938026428223,43,3,43,0,11
1403715938.733936548233032,41,2,41,0,11
1403715938.783935785293579,41,1,40,0,11
1403715938.833938598632812,48,7,40,8,11
1403715938.883939027786255,46,1,42,0,11
1403715938.933939456939697,44,2,40,0,11
1403715938.983937978744507,49,3,40,8,11
1403715939.033939123153687,49,6,46,2,11
1403715939.083939552307129,49,1,47,0,11
1403715939.133939266204834,50,8,47,2,11
1403715939.183939218521118,42,6,39,0,11
1403715939.233939647674561,46,9,36,6,11
1403715939.283940315246582,45,9,42,2,11
1403715939.333938360214233,48,5,40,5,11
1403715939.383937358856201,45,7,39,0,11
1403715939.433937788009644,37,5,28,0,11
1403715939.483937501907349,34,6,23,2,11
1403715939.533936738967896,32,2,22,4,11
1403715939.583936691284180,29,5,24,3,11
1403715939.633936405181885,28,6,26,1,11
1403715939.683939933776855,24,7,21,3,11
1403715939.733947515487671,24,5,20,2,11
1403715939.783951759338379,24,3,21,0,11
1403715939.833956241607666,25,0,21,3,11
1403715939.883958101272583,23,1,23,0,11
1403715939.933959722518921,36,0,23,13,11
1403715939.983959197998047,36,0,35,1,11
1403715940.033959627151489,38,1,36,2,11
1403715940.083961725234985,41,4,38,3,11
1403715940.133959531784058,43,7,41,2,11
1403715940.183956861495972,45,11,43,2,11
1403715940.233956098556519,47,1,45,2,11
1403715940.283958196640015,49,4,44,2,11
1403715940.333961009979248,49,3,42,1,11
1403715940.383963108062744,37,6,32,2,11
1403715940.433965682983398,34,2,25,2,11
1403715940.483967542648315,35,4,26,3,11
1403715940.533968687057495,32,1,24,5,11
1403715940.583971261978149,30,3,26,1,11
1403715940.633971929550171,25,1,23,0,11
1403715940.683972358703613,19,0,15,1,11
1403715940.733973264694214,21,0,15,6,11
1403715940.783967733383179,24,1,19,4,11
1403715940.833969354629517,27,0,21,4,11
1403715940.883969545364380,27,3,23,0,11
1403715940.933969497680664,32,8,20,8,11
1403715940.983967065811157,46,9,25,16,11
1403715941.033965826034546,43,10,37,1,11
1403715941.083962917327881,39,16,21,6,11
1403715941.133964776992798,21,1,7,4,11
1403715941.183965921401978,12,3,2,0,11
1403715941.233965873718262,5,10,0,1,11
1403715941.283966064453125,4,1,1,1,11
1403715941.333966732025146,3,7,2,1,11
1403715941.383967638015747,2,2,2,0,11
1403715941.433968067169189,0,5,0,0,11
1403715941.483965635299683,0,2,0,0,11
1403715941.533965110778809,0,2,0,0,11
1403715941.583964109420776,6,2,0,6,11
1403715941.633962154388428,9,2,6,3,11
1403715941.683957338333130,13,3,8,5,11
1403715941.733955144882202,17,1,12,5,11
1403715941.783951997756958,20,1,13,7,11
1403715941.833951234817505,17,1,15,1,11
1403715941.883950948715210,24,1,15,7,11
1403715941.933946609497070,33,1,23,10,11
1403715941.983947038650513,40,1,31,7,11
1403715942.033945083618164,43,5,35,3,11
1403715942.083943367004395,43,2,38,3,11
1403715942.133940696716309,40,5,37,0,11
1403715942.183939456939697,37,1,32,3,11
1403715942.233939409255981,34,3,28,3,11
1403715942.283938646316528,29,3,20,1,11
1403715942.333938598632812,26,2,16,2,11
1403715942.383938550949097,25,2,18,3,11
1403715942.433939695358276,16,2,10,3,11
1403715942.483940362930298,13,1,10,0,11
1403715942.533940553665161,11,2,9,1,11
1403715942.583940982818604,6,1,5,1,11
1403715942.633942365646362,10,1,5,5,11
1403715942.683941364288330,10,5,4,5,11
1403715942.733941793441772,8,3,2,5,11
1403715942.783941030502319,11,4,7,3,11
1403715942.833939552307129,13,5,10,3,11
1403715942.883944034576416,23,0,11,11,11
1403715942.933944702148438,27,5,22,4,11
1403715942.983947515487671,34,0,26,8,11
1403715943.033951997756958,38,2,33,5,11
1403715943.083957195281982,43,1,38,5,11
1403715943.133963584899902,50,10,43,7,11
1403715943.183962345123291,49,22,47,0,11
1403715943.233961343765259,49,15,43,1,11
1403715943.283960580825806,48,15,40,1,11
1403715943.333958387374878,42,2,35,0,11
1403715943.383958339691162,39,5,29,2,11
1403715943.433960676193237,33,9,24,2,11
1403715943.483961105346680,29,7,24,2,11
1403715943.533961296081543,27,2,21,2,11
1403715943.583960294723511,25,1,18,1,11
1403715943.633960723876953,24,0,18,1,11
1403715943.683961153030396,19,2,17,1,11
1403715943.733961582183838,18,1,18,0,11
1403715943.783965349197388,19,1,17,2,11
1403715943.833967685699463,22,0,19,3,11
1403715943.883967161178589,25,3,19,5,11
1403715943.933969020843506,23,1,22,0,11
1403715943.983976602554321,33,2,20,12,11
1403715944.033983469009399,37,2,32,5,11
1403715944.083989381790161,44,5,33,7,11
1403715944.133991479873657,47,1,38,3,11
1403715944.183993101119995,41,7,31,3,11
1403715944.233994245529175,37,3,26,1,11
1403715944.283996343612671,32,0,24,3,11
1403715944.333997964859009,28,1,24,3,11
1403715944.383998870849609,26,0,24,1,11
1403715944.433999776840210,24,2,22,2,11
1403715944.483999729156494,20,1,19,1,11
1403715944.534000396728516,17,1,17,0,11
1403715944.584003448486328,16,1,15,0,11
1403715944.634013891220093,17,4,15,2,11
1403715944.684025764465332,20,1,15,4,11
1403715944.734034061431885,23,1,16,3,11
1403715944.784043788909912,31,3,16,9,11
1403715944.834052562713623,28,3,19,4,11
1403715944.884065866470337,38,3,20,12,11
1403715944.934068918228149,44,7,29,9,11
1403715944.984067916870117,45,13,36,4,11
1403715945.034065008163452,45,9,37,5,11
1403715945.084065198898315,35,0,33,0,11
1403715945.134066104888916,28,3,23,0,11
1403715945.184066534042358,27,3,16,6,11
1403715945.234065055847168,19,0,16,1,11
1403715945.284064292907715,14,4,13,0,11
1403715945.334065914154053,10,5,10,0,11
1403715945.384067296981812,7,5,7,0,11
1403715945.434067249298096,7,1,6,1,11
1403715945.484066724777222,7,1,7,0,11
1403715945.534061908721924,13,3,5,8,11
1403715945.584056377410889,13,4,13,0,11
1403715945.634046077728271,21,1,12,8,11
1403715945.684036731719971,27,2,20,6,11
1403715945.734028816223145,32,4,26,6,11
1403715945.784024953842163,36,8,31,4,11
1403715945.834022045135498,38,0,35,2,11
1403715945.884021043777466,35,1,33,0,11
1403715945.934019804000854,33,0,30,1,11
1403715945.984019517898560,30,1,29,0,11
1403715946.034020185470581,20,3,20,0,11
1403715946.084019422531128,18,1,18,0,11
1403715946.134018898010254,20,3,18,2,11
1403715946.184019088745117,17,1,17,0,11
1403715946.234018802642822,19,1,16,3,11
1403715946.284018993377686,19,0,18,0,11
1403715946.334017753601074,27,1,18,8,11
1403715946.384013891220093,35,1,23,10,11
1403715946.434009075164795,36,2,27,2,11
1403715946.484008550643921,45,15,27,12,11
1403715946.534007072448730,41,11,35,2,11
1403715946.584004878997803,38,8,27,6,11
1403715946.634005546569824,30,9,24,1,11
1403715946.684008598327637,25,6,18,1,11
1403715946.734010934829712,19,11,16,0,11
1403715946.784012556076050,15,3,14,1,11
1403715946.834014892578125,19,3,11,5,11
1403715946.884018421173096,18,9,14,0,11
1403715946.934020996093750,15,3,12,1,11
1403715946.984023332595825,14,3,12,0,11
1403715947.034025669097900,11,3,10,0,11
1403715947.084047794342041,20,4,9,10,11
1403715947.134049177169800,15,3,12,1,11
1403715947.184052705764771,17,1,13,3,11
1403715947.234054088592529,15,1,14,0,11
1403715947.284055948257446,14,0,12,0,11
1403715947.334059476852417,16,1,12,3,11
1403715947.384062051773071,19,1,15,3,11
1403715947.434061527252197,16,1,14,0,11
1403715947.484061479568481,18,1,12,2,11
1403715947.534064292907715,19,6,12,5,11
1403715947.584063291549683,22,5,16,5,11
1403715947.634067296981812,16,10,12,2,11
1403715947.684068202972412,17,1,11,2,11
1403715947.734068393707275,15,2,13,0,11
1403715947.784069061279297,14,2,13,1,11
1403715947.834069252014160,15,4,13,2,11
1403715947.884072303771973,16,4,14,1,11
1403715947.934071063995361,12,7,11,0,11
1403715947.984072446823120,9,9,7,1,11
1403715948.034073352813721,7,3,6,1,11
1403715948.084074735641479,13,3,6,6,11
1403715948.134082555770874,17,1,10,6,11
1403715948.184086561203003,20,1,14,4,11
1403715948.234101057052612,39,3,18,19,11
1403715948.284110307693481,38,0,36,1,11
1403715948.334128379821777,49,1,37,11,11
1403715948.384135961532593,50,3,47,2,11
1403715948.434141874313354,50,15,50,0,11
1403715948.484143018722534,50,13,49,0,11
1403715948.534143686294556,50,10,47,0,11
1403715948.584143161773682,48,3,43,0,11
1403715948.634142637252808,46,2,38,1,11
1403715948.684143304824829,42,5,35,2,11
1403715948.734144687652588,36,2,31,1,11
1403715948.784141540527344,35,2,26,1,11
1403715948.834136486053467,27,2,22,0,11
1403715948.884133338928223,24,1,19,2,11
1403715948.934130430221558,21,0,20,0,11
1403715948.984129905700684,19,2,19,0,11
1403715949.034127950668335,24,0,18,6,11
1403715949.084128379821777,23,1,23,0,11
1403715949.134129285812378,26,2,22,4,11
1403715949.184125900268555,32,1,24,6,11
1403715949.234125375747681,31,3,28,0,11
1403715949.284125804901123,33,4,23,4,11
1403715949.334128141403198,35,5,21,6,11
1403715949.384129047393799,32,1,17,2,11
1403715949.434128761291504,30,3,16,3,11
1403715949.484128236770630,17,5,13,2,11
1403715949.534126758575439,15,2,14,1,11
1403715949.584123849868774,14,1,12,1,11
1403715949.634120225906372,14,1,12,0,11
1403715949.684116840362549,14,1,10,1,11
1403715949.734113216400146,12,1,10,0,11
1403715949.784110546112061,12,0,8,2,11
1403715949.834105491638184,13,2,7,1,11
1403715949.884069919586182,23,1,5,12,11
1403715949.934064149856567,22,1,7,3,11
1403715949.984059095382690,22,7,8,2,11
1403715950.034048557281494,25,9,11,14,11
1403715950.084039449691772,45,5,21,20,11
1403715950.134036779403687,42,5,27,5,11
1403715950.184036493301392,33,5,23,1,11
1403715950.234037399291992,26,8,19,3,11
1403715950.284037590026855,23,4,15,3,11
1403715950.334038972854614,25,3,17,4,11
1403715950.384039878845215,15,2,12,0,11
1403715950.434040784835815,15,2,13,1,11
1403715950.484045267105103,16,7,8,7,11
1403715950.534047842025757,16,7,9,3,11
1403715950.584049463272095,15,2,10,0,11
1403715950.634051084518433,11,7,6,1,11
1403715950.684052228927612,11,1,5,3,11
1403715950.734052658081055,14,5,8,5,11
1403715950.784054279327393,18,5,11,5,11
1403715950.834057807922363,17,0,12,3,11
1403715950.884062051773071,23,0,14,7,11
1403715950.934062957763672,22,4,18,1,11
1403715950.984063386917114,22,1,18,2,11
1403715951.034061431884766,17,0,16,0,11
1403715951.084060430526733,16,4,14,0,11
1403715951.134059429168701,16,0,12,1,11
1403715951.184059619903564,14,4,12,0,11
1403715951.234058856964111,14,6,10,2,11
1403715951.284058332443237,15,1,12,1,11
1403715951.334057331085205,14,4,13,1,11
1403715951.384055852890015,10,4,9,0,11
1403715951.434055328369141,11,0,9,1,11
1403715951.484055042266846,11,1,8,1,11
1403715951.534054517745972,11,2,7,0,11
1403715951.584048271179199,15,2,5,7,11
1403715951.634046316146851,17,1,11,3,11
1403715951.684037685394287,24,3,14,9,11
1403715951.734032630920410,30,3,21,8,11
1403715951.784030675888062,34,7,26,5,11
1403715951.834029912948608,47,9,29,15,11
1403715951.884031534194946,48,8,41,3,11
1403715951.934033155441284,49,10,44,2,11
1403715951.984033107757568,47,16,40,0,11
1403715952.034034013748169,45,5,32,2,11
1403715952.084033012390137,36,12,26,1,11
1403715952.134030818939209,25,3,19,2,11
1403715952.184023857116699,23,3,15,6,11
1403715952.234020948410034,16,2,12,0,11
1403715952.284018993377686,12,3,9,0,11
1403715952.334019184112549,6,0,3,0,11
1403715952.384019374847412,4,1,3,0,11
1403715952.434020042419434,7,5,1,4,11
1403715952.484015464782715,8,1,5,1,11
1403715952.534011602401733,7,3,3,2,11
1403715952.584009885787964,6,2,3,0,11
1403715952.633999347686768,8,4,1,5,11
1403715952.683998823165894,6,1,3,1,11
1403715952.733997344970703,8,0,4,3,11
1403715952.783996343612671,6,2,2,2,11
1403715952.833994626998901,7,3,3,2,11
1403715952.883991718292236,8,0,2,3,11
1403715952.933991670608521,8,2,0,0,11
1403715952.983987808227539,8,1,0,3,11
1403715953.033979177474976,4,12,1,1,11
1403715953.083979129791260,4,1,1,0,11
1403715953.133978605270386,2,1,1,0,11
1403715953.183967828750610,4,2,1,3,11
1403715953.233967781066895,3,3,2,0,11
1403715953.283967971801758,2,4,2,0,11
1403715953.333969116210938,1,6,1,0,11
1403715953.383969783782959,1,4,1,0,11
1403715953.433970212936401,2,0,0,1,11
1403715953.483970165252686,3,2,0,1,11
1403715953.533973455429077,5,1,1,3,11
1403715953.583977937698364,8,5,2,4,11
1403715953.633981227874756,11,4,6,3,11
1403715953.683985471725464,22,6,9,13,11
1403715953.733988046646118,26,5,19,5,11
1403715953.783991098403931,36,5,21,13,11
1403715953.833992004394531,41,0,32,6,11
1403715953.883991718292236,46,6,34,10,11
1403715953.933989048004150,45,13,41,1,11
1403715953.983986854553223,43,5,38,0,11
1403715954.033986330032349,42,6,37,0,11
1403715954.083985567092896,36,8,29,1,11
1403715954.133984565734863,34,7,24,3,11
1403715954.183985233306885,29,4,21,2,11
1403715954.233985424041748,29,5,18,1,11
1403715954.283985853195190,22,2,16,2,11
1403715954.333987236022949,16,3,14,1,11
1403715954.383988142013550,16,4,12,2,11
1403715954.433988332748413,16,1,13,0,11
1403715954.483987331390381,15,6,9,2,11
1403715954.533987522125244,11,11,8,0,11
1403715954.583988428115845,14,8,6,7,11
1403715954.633986711502075,20,1,13,7,11
1403715954.683988809585571,19,3,17,0,11
1403715954.733990907669067,20,1,18,1,11
1403715954.783992528915405,25,0,19,6,11
1403715954.833996057510376,28,1,25,3,11
1403715954.883997201919556,31,2,28,3,11
1403715954.933998107910156,32,6,26,5,11
1403715954.983997344970703,29,7,23,1,11
1403715955.033997297286987,36,6,24,9,11
1403715955.083995580673218,31,4,28,1,11
1403715955.133994102478027,29,3,23,0,11
1403715955.183991909027100,24,9,18,1,11
1403715955.233987331390381,23,2,19,2,11
1403715955.283983230590820,20,3,19,1,11
1403715955.333980083465576,19,6,17,0,11
1403715955.383977651596069,14,3,11,0,11
1403715955.433971405029297,14,3,10,2,11
1403715955.483969211578369,13,2,7,0,11
1403715955.533965349197388,12,7,6,2,11
1403715955.583955526351929,15,2,5,8,11
1403715955.633953809738159,14,1,9,0,11
1403715955.683950185775757,22,2,9,9,11
1403715955.733946084976196,20,1,16,2,11
1403715955.783940792083740,19,6,17,0,11
1403715955.833931446075439,28,23,13,11,11
1403715955.883930921554565,29,5,22,4,11
1403715955.933931112289429,30,13,25,1,11
1403715955.983929872512817,24,4,20,1,11
1403715956.033927917480469,25,4,15,5,11
1403715956.083927154541016,17,8,10,2,11
1403715956.133927345275879,18,2,10,3,11
1403715956.183926343917847,16,3,12,2,11
1403715956.233926773071289,18,3,14,3,11
1403715956.283926486968994,19,2,15,2,11
1403715956.333926439285278,19,6,17,1,11
1403715956.383926153182983,18,1,16,0,11
1403715956.433924674987793,17,4,12,2,11
1403715956.483921766281128,15,4,9,3,11
1403715956.533921003341675,13,1,10,3,11
1403715956.583918094635010,17,0,12,4,11
1403715956.633914947509766,19,0,16,2,11
1403715956.683911085128784,23,0,16,4,11
1403715956.733903408050537,25,0,19,3,11
1403715956.783901453018188,28,0,21,5,11
1403715956.833898067474365,29,0,25,3,11
1403715956.883895874023438,32,7,28,4,11
1403715956.933892488479614,39,1,29,7,11
1403715956.983891725540161,44,6,32,5,11
1403715957.033887624740601,48,5,35,8,11
1403715957.083884716033936,45,8,38,3,11
1403715957.133881807327271,43,1,41,1,11
1403715957.183879137039185,35,1,33,1,11
1403715957.233877897262573,36,2,29,7,11
1403715957.283878326416016,36,5,32,4,11
1403715957.333878517150879,34,0,34,0,11
1403715957.383878469467163,34,5,34,0,11
1403715957.433878421783447,40,1,34,6,11
1403715957.483877897262573,34,7,33,0,11
1403715957.533878564834595,35,5,29,5,11
1403715957.583877563476562,31,1,31,0,11
1403715957.633875131607056,28,4,26,0,11
1403715957.683871984481812,36,0,25,8,11
1403715957.733867645263672,33,1,32,0,11
1403715957.783850193023682,33,21,31,0,11
1403715957.833843708038330,31,3,23,1,11
1403715957.883838653564453,31,1,22,2,11
1403715957.933836698532104,24,4,17,1,11
1403715957.983834028244019,21,2,13,2,11
1403715958.033835172653198,18,2,13,1,11
1403715958.083836555480957,16,3,12,0,11
1403715958.133838653564453,14,4,8,1,11
1403715958.183840751647949,12,2,9,0,11
1403715958.233844280242920,12,2,8,3,11
1403715958.283848047256470,12,1,10,0,11
1403715958.333850145339966,11,4,8,1,11
1403715958.383867979049683,15,4,9,5,11
1403715958.433870315551758,14,8,10,0,11
1403715958.483874082565308,19,3,7,6,11
1403715958.533873796463013,24,0,11,10,11
1403715958.583875417709351,26,0,21,3,11
1403715958.633876323699951,24,0,24,0,11
1403715958.683878183364868,27,1,21,5,11
1403715958.733879804611206,27,3,25,1,11
1403715958.783880949020386,26,4,25,0,11
1403715958.833878993988037,28,7,24,3,11
1403715958.883875608444214,29,6,27,2,11
1403715958.933875560760498,28,1,27,0,11
1403715958.983876466751099,29,2,25,2,11
1403715959.033877849578857,35,7,25,7,11
1403715959.083878517150879,32,0,29,0,11
1403715959.133878469467163,31,4,27,2,11
1403715959.183878183364868,29,1,26,0,11
1403715959.233879089355469,31,2,25,2,11
1403715959.283880472183228,28,1,26,0,11
1403715959.333881616592407,21,7,18,0,11
1403715959.383881807327271,20,5,16,3,11
1403715959.433882474899292,18,1,14,2,11
1403715959.483884334564209,24,4,14,7,11
1403715959.533886432647705,25,1,18,2,11
1403715959.583890914916992,28,4,15,8,11
1403715959.633898973464966,29,3,19,6,11
1403715959.683907747268677,29,1,24,4,11
1403715959.733916282653809,28,10,20,0,11
1403715959.783925056457520,25,9,16,0,11
1403715959.833927392959595,19,8,11,2,11
1403715959.883929967880249,19,3,12,3,11
1403715959.933930873870850,17,7,14,2,11
1403715959.983929634094238,17,3,14,1,11
1403715960.033931732177734,19,0,14,2,11
1403715960.083932399749756,19,12,11,3,11
1403715960.133933067321777,17,2,10,0,11
1403715960.183932781219482,15,1,10,4,11
1403715960.233932971954346,15,27,9,2,11
1403715960.283932447433472,14,6,9,0,11
1403715960.333933591842651,10,1,8,1,11
1403715960.383933305740356,5,7,5,0,11
1403715960.433933019638062,9,1,4,5,11
1403715960.483932495117188,9,1,8,0,11
1403715960.533932447433472,12,0,9,3,11
1403715960.583931684494019,13,0,12,1,11
1403715960.633929729461670,13,3,13,0,11
1403715960.683928489685059,13,2,12,0,11
1403715960.733929157257080,14,1,11,1,11
1403715960.783926486968994,16,5,11,3,11
1403715960.833926916122437,14,3,14,0,11
1403715960.883927583694458,14,1,13,0,11
1403715960.933927297592163,18,2,13,4,11
1403715960.983924627304077,22,1,12,5,11
1403715961.033924341201782,24,3,17,4,11
1403715961.083923101425171,17,2,15,2,11
1403715961.133921623229980,16,1,15,1,11
1403715961.183922767639160,16,0,14,1,11
1403715961.233922004699707,18,2,14,3,11
1403715961.283919811248779,20,1,17,3,11
1403715961.333919525146484,23,1,19,4,11
1403715961.383920669555664,26,7,22,3,11
1403715961.433923006057739,28,14,23,3,11
1403715961.483923673629761,25,11,23,1,11
1403715961.533925294876099,29,12,21,5,11
1403715961.583926200866699,27,3,21,0,11
1403715961.633925914764404,24,2,21,2,11
1403715961.683926343917847,22,3,21,1,11
1403715961.733927488327026,20,9,18,0,11
1403715961.783928394317627,21,4,13,1,11
1403715961.833928585052490,16,4,9,1,11
1403715961.883928298950195,8,16,6,0,11
1403715961.933928728103638,6,3,6,0,11
1403715961.983927726745605,8,7,5,3,11
1403715962.033926725387573,7,1,5,1,11
1403715962.083926916122437,11,1,4,4,11
1403715962.133927345275879,9,2,6,1,11
1403715962.183927536010742,7,0,6,0,11
1403715962.233927488327026,7,0,4,1,11
1403715962.283927440643311,5,1,3,0,11
1403715962.333929300308228,6,2,3,2,11
1403715962.383929491043091,4,2,4,0,11
1403715962.433930158615112,3,0,1,1,11
1403715962.483933210372925,15,2,2,12,11
1403715962.533933877944946,14,2,14,0,11
1403715962.583933591842651,16,6,12,3,11
1403715962.633934497833252,15,5,10,1,11
1403715962.683935403823853,15,0,7,2,11
1403715962.733936548233032,13,0,7,0,11
1403715962.783937215805054,9,1,4,0,11
1403715962.833936929702759,7,3,4,0,11
1403715962.883937358856201,5,3,4,1,11
1403715962.933938503265381,7,5,4,2,11
1403715962.983938455581665,6,2,3,1,11
1403715963.033939838409424,4,5,2,2,11
1403715963.083937644958496,5,5,2,2,11
1403715963.133936643600464,7,13,1,3,11
1403715963.183937311172485,7,5,1,2,11
1403715963.233937740325928,11,10,3,5,11
1403715963.283937692642212,18,5,7,11,11
1403715963.333937168121338,25,8,13,8,11
1403715963.383937597274780,25,2,20,1,11
1403715963.433941125869751,22,15,18,3,11
1403715963.483944416046143,22,11,17,0,11
1403715963.533944606781006,20,14,16,0,11
1403715963.583944797515869,20,8,14,4,11
1403715963.633947134017944,29,8,17,9,11
1403715963.683950185775757,29,11,19,3,11
1403715963.733956098556519,34,11,20,8,11
1403715963.783959388732910,30,10,25,3,11
1403715963.833961248397827,29,3,27,1,11
1403715963.883965253829956,31,0,26,2,11
1403715963.933968782424927,34,1,25,4,11
1403715963.983970403671265,34,2,26,2,11
1403715964.033972263336182,35,4,27,4,11
1403715964.083972454071045,32,7,24,4,11
1403715964.133971452713013,42,10,25,10,11
1403715964.183970212936401,40,4,32,3,11
1403715964.233974456787109,46,0,34,11,11
1403715964.283983230590820,48,1,43,3,11
1403715964.333992004394531,49,9,44,1,11
1403715964.383994579315186,46,0,37,0,11
1403715964.433996915817261,45,3,35,1,11
1403715964.483996629714966,43,0,35,5,11
1403715964.533996105194092,49,0,40,8,11
1403715964.583994626998901,50,4,47,2,11
1403715964.633994102478027,48,0,47,0,11
1403715964.683994770050049,49,9,46,3,11
1403715964.733993530273438,49,0,49,0,11
1403715964.783993959426880,50,1,48,1,11
1403715964.833993911743164,49,2,47,0,11
1403715964.883994102478027,47,6,45,1,11
1403715964.933994293212891,47,4,44,2,11
1403715964.983994960784912,46,5,41,4,11
1403715965.033996582031250,49,6,43,4,11
1403715965.083997249603271,47,12,45,1,11
1403715965.133999109268188,44,2,41,1,11
1403715965.184002399444580,43,0,42,0,11
1403715965.234004497528076,43,0,42,1,11
1403715965.284006834030151,43,3,42,0,11
1403715965.334006547927856,43,1,40,1,11
1403715965.384004116058350,42,5,39,0,11
1403715965.434002637863159,46,8,41,5,11
1403715965.484001874923706,44,0,43,0,11
1403715965.533999681472778,44,0,40,1,11
1403715965.583994626998901,43,0,41,1,11
1403715965.633986473083496,42,2,39,1,11
1403715965.683977842330933,46,11,38,5,11
1403715965.733973264694214,44,10,40,0,11
1403715965.783969879150391,43,8,35,1,11
1403715965.833967924118042,39,15,34,1,11
1403715965.883963584899902,40,9,31,6,11
1403715965.933962821960449,36,7,32,0,11
1403715965.983963966369629,32,1,24,1,11
1403715966.033963441848755,31,1,22,3,11
1403715966.083963394165039,26,5,18,1,11
1403715966.133964061737061,21,4,15,1,11
1403715966.183965921401978,19,0,14,0,11
1403715966.233969211578369,18,1,14,2,11
1403715966.283972740173340,17,0,16,1,11
1403715966.333975553512573,22,2,15,5,11
1403715966.383979082107544,23,2,19,3,11
1403715966.433979988098145,27,2,20,4,11
1403715966.483983039855957,32,2,20,6,11
1403715966.533982276916504,34,5,24,4,11
1403715966.583981513977051,27,1,22,2,11
1403715966.633979797363281,26,0,22,2,11
1403715966.683976888656616,27,1,22,2,11
1403715966.733973741531372,27,0,23,1,11
1403715966.783970117568970,28,1,24,4,11
1403715966.833966493606567,29,0,26,1,11
1403715966.883962392807007,30,1,26,2,11
1403715966.933959245681763,32,0,28,3,11
1403715966.983957052230835,38,3,31,7,11
1403715967.033954381942749,41,12,38,3,11
1403715967.083951473236084,42,14,38,2,11
1403715967.133950710296631,47,7,35,6,11
1403715967.183950662612915,46,0,30,3,11
1403715967.233951330184937,38,3,18,2,11
1403715967.283951997756958,27,1,6,3,11
1403715967.333950996398926,14,4,4,2,11
1403715967.383953332901001,9,0,5,4,11
1403715967.433955192565918,9,2,8,0,11
1403715967.483957767486572,9,0,7,1,11
1403715967.533964157104492,9,0,8,1,11
1403715967.583967208862305,9,0,7,0,11
1403715967.633971452713013,11,2,6,2,11
1403715967.683984994888306,13,4,2,5,11
1403715967.733989000320435,14,5,6,3,11
1403715967.783994436264038,14,4,7,4,11
1403715967.833994865417480,16,2,7,4,11
1403715967.883995294570923,19,3,9,5,11
1403715967.933995485305786,17,1,14,1,11
1403715967.983996152877808,15,1,15,0,11
1403715968.033997058868408,15,3,15,0,11
1403715968.083997011184692,14,1,12,1,11
1403715968.133996963500977,16,0,13,2,11
1403715968.183997154235840,17,2,11,2,11
1403715968.233995914459229,20,1,12,6,11
1403715968.283994674682617,28,1,17,10,11
1403715968.333993673324585,30,2,26,2,11
1403715968.383992433547974,38,7,27,9,11
1403715968.433991432189941,46,20,36,9,11
1403715968.483990192413330,46,9,44,1,11
1403715968.533988952636719,48,6,40,3,11
1403715968.583986759185791,49,7,42,2,11
1403715968.633985042572021,48,4,41,3,11
1403715968.683985233306885,46,1,42,0,11
1403715968.733987808227539,44,1,38,3,11
1403715968.783989429473877,47,2,40,4,11
1403715968.833990097045898,47,0,44,2,11
1403715968.883990287780762,45,2,43,2,11
1403715968.933990001678467,45,0,42,0,11
1403715968.983981847763062,44,1,39,0,11
1403715969.033974409103394,49,1,33,8,11
1403715969.083971023559570,48,2,25,4,11
1403715969.133966445922852,47,8,20,4,11
1403715969.183965921401978,37,3,19,5,11
1403715969.233964443206787,33,2,24,4,11
1403715969.283964157104492,26,1,21,2,11
1403715969.333964347839355,23,6,20,0,11
1403715969.383964538574219,22,2,19,1,11
1403715969.433963775634766,21,4,18,2,11
1403715969.483962774276733,15,2,14,0,11
1403715969.533961296081543,12,5,11,0,11
1403715969.583960056304932,11,2,11,0,11
1403715969.633958816528320,11,6,11,0,11
1403715969.683956384658813,18,2,11,7,11
1403715969.733955144882202,18,0,18,0,11
1403715969.783952951431274,40,5,18,22,11
1403715969.833952426910400,40,12,38,0,11
1403715969.883950471878052,50,23,36,10,11
1403715969.933950185775757,47,8,39,1,11
1403715969.983948707580566,47,11,35,3,11
1403715970.033948183059692,43,6,33,5,11
1403715970.083947896957397,38,4,34,1,11
1403715970.133946657180786,37,2,32,2,11
1403715970.183945655822754,36,5,32,1,11
1403715970.233945131301880,25,0,22,0,11
1403715970.283944845199585,21,0,19,0,11
1403715970.333945035934448,18,1,16,0,11
1403715970.383945226669312,17,3,15,0,11
1403715970.433946847915649,15,1,11,0,11
1403715970.483947753906250,26,0,10,13,11
1403715970.533952951431274,26,1,22,4,11
1403715970.583959341049194,38,8,22,12,11
1403715970.633960485458374,42,2,28,4,11
1403715970.683959484100342,40,2,27,3,11
1403715970.733962297439575,45,6,24,11,11
1403715970.783962011337280,35,4,25,2,11
1403715970.833961248397827,26,6,23,1,11
1403715970.883961200714111,23,1,18,2,11
1403715970.933960676193237,19,3,15,0,11
1403715970.983960628509521,12,1,8,0,11
1403715971.033959865570068,9,5,5,3,11
1403715971.083961963653564,9,5,6,3,11
1403715971.133962631225586,9,0,9,0,11
1403715971.183963537216187,9,0,8,0,11
1403715971.233971357345581,19,1,7,10,11
1403715971.283974170684814,18,8,13,0,11
1403715971.333980321884155,34,11,13,17,11
1403715971.383982181549072,29,9,23,3,11
1403715971.433984518051147,38,8,25,9,11
1403715971.483985662460327,42,11,29,8,11
1403715971.533986568450928,32,2,23,0,11
1403715971.583985567092896,24,9,15,2,11
1403715971.633984088897705,25,5,15,4,11
1403715971.683983802795410,16,3,13,2,11
1403715971.733982801437378,15,11,13,1,11
1403715971.783982992172241,11,4,9,0,11
1403715971.833982944488525,6,2,5,0,11
1403715971.883981704711914,7,1,5,2,11
1403715971.933974742889404,18,4,7,11,11
1403715971.983971595764160,20,3,15,3,11
1403715972.033967494964600,31,1,18,11,11
1403715972.083966255187988,36,2,29,7,11
1403715972.133965730667114,41,2,35,6,11
1403715972.183963775634766,50,1,38,9,11
1403715972.233962774276733,50,1,44,0,11
1403715972.283962011337280,47,11,41,2,11
1403715972.333962202072144,44,0,43,1,11
1403715972.383961677551270,48,1,43,5,11
1403715972.433961629867554,49,1,46,2,11
1403715972.483964204788208,50,3,48,1,11
1403715972.533966302871704,50,12,49,1,11
1403715972.583969116210938,49,2,49,0,11
1403715972.633970499038696,49,12,42,1,11
1403715972.683970451354980,49,2,31,0,11
1403715972.733970165252686,46,4,26,3,11
1403715972.783971071243286,40,3,23,6,11
1403715972.833970546722412,41,0,28,5,11
1403715972.883969306945801,42,1,29,8,11
1403715972.933966875076294,42,0,37,1,11
1403715972.983965396881104,46,1,38,8,11
1403715973.033964395523071,46,0,46,0,11
1403715973.083963155746460,46,0,45,0,11
1403715973.133962154388428,49,5,45,3,11
1403715973.183961868286133,49,0,48,1,11
1403715973.233963966369629,50,15,49,1,11
1403715973.283964872360229,50,0,50,0,11
1403715973.333965539932251,50,2,50,0,11
1403715973.383966684341431,50,3,50,0,11
1403715973.433968305587769,50,7,50,0,11
1403715973.483971834182739,50,5,50,0,11
1403715973.533972501754761,50,0,49,0,11
1403715973.583973169326782,50,3,48,0,11
1403715973.633973121643066,48,0,48,0,11
1403715973.683972358703613,40,0,38,0,11
1403715973.733970880508423,44,1,37,6,11
1403715973.783970832824707,43,0,43,0,11
1403715973.833966493606567,49,34,42,7,11
1403715973.883966207504272,48,0,47,0,11
1403715973.933966159820557,47,0,43,2,11
1403715973.983966588973999,49,1,44,3,11
1403715974.033967733383179,49,3,47,1,11
1403715974.083969116210938,49,3,48,1,11
1403715974.133969545364380,49,0,49,0,11
1403715974.183969020843506,50,0,49,1,11
1403715974.233968496322632,50,1,50,0,11
1403715974.283968210220337,50,1,50,0,11
1403715974.333967208862305,50,0,50,0,11
1403715974.383966445922852,50,1,50,0,11
1403715974.433965206146240,50,34,50,0,11
1403715974.483965158462524,50,0,50,0,11
1403715974.533965110778809,50,1,50,0,11
1403715974.583965539932251,50,1,49,0,11
1403715974.633965969085693,50,7,49,0,11
1403715974.683965682983398,49,6,49,0,11
1403715974.733965396881104,49,2,49,0,11
1403715974.783965587615967,49,0,49,0,11
1403715974.833965301513672,50,1,49,1,11
1403715974.883965492248535,50,2,50,0,11
1403715974.933965206146240,50,0,50,0,11
1403715974.983965158462524,50,1,49,0,11
1403715975.033965587615967,50,39,49,0,11
1403715975.083965301513672,49,10,49,0,11
1403715975.133965492248535,49,0,49,0,11
1403715975.183965682983398,50,1,49,1,11
1403715975.233965396881104,50,6,49,0,11
1403715975.283966541290283,50,4,49,0,11
1403715975.333967447280884,50,0,49,1,11
1403715975.383967876434326,50,0,50,0,11
1403715975.433969020843506,50,0,49,0,11
1403715975.483969926834106,49,1,49,0,11
1403715975.533969640731812,48,0,48,0,11
1403715975.583969116210938,49,0,48,1,11
1403715975.633970022201538,50,34,49,1,11
1403715975.683969974517822,50,9,50,0,11
1403715975.733969926834106,50,0,50,0,11
1403715975.783970117568970,49,2,49,0,11
1403715975.833970308303833,49,3,48,1,11
1403715975.883970260620117,50,2,49,1,11
1403715975.933970212936401,50,3,50,0,11
1403715975.983970165252686,50,1,50,0,11
1403715976.033970117568970,50,0,49,0,11
1403715976.083969831466675,50,1,49,0,11
1403715976.133969306945801,50,2,49,1,11
1403715976.183969259262085,48,1,48,0,11
1403715976.233969211578369,50,27,48,2,11
1403715976.283969402313232,49,5,49,0,11
1403715976.333968639373779,49,27,47,1,11
1403715976.383969068527222,49,0,46,1,11
1403715976.433968782424927,48,2,47,1,11
1403715976.483968496322632,50,0,48,2,11
1403715976.533968925476074,50,0,50,0,11
1403715976.583969116210938,50,0,50,0,11
1403715976.633969068527222,50,1,50,0,11
1403715976.683969020843506,50,1,50,0,11
1403715976.733968734741211,50,2,50,0,11
1403715976.783968687057495,50,2,50,0,11
1403715976.833968400955200,50,23,50,0,11
1403715976.883968591690063,50,2,50,0,11
1403715976.933968544006348,50,20,50,0,11
1403715976.983968734741211,49,0,49,0,11
1403715977.033968925476074,49,1,49,0,11
1403715977.083968877792358,49,0,49,0,11
1403715977.133968830108643,49,0,49,0,11
1403715977.183969020843506,49,0,48,0,11
1403715977.233968973159790,49,0,47,0,11
1403715977.283969402313232,49,3,47,1,11
1403715977.333969593048096,48,4,48,0,11
1403715977.383969306945801,48,1,48,0,11
1403715977.433969497680664,50,21,48,2,11
1403715977.483970165252686,50,8,49,0,11
1403715977.533970117568970,50,7,48,0,11
1403715977.583970069885254,49,1,47,1,11
1403715977.633970022201538,50,5,43,2,11
1403715977.683969736099243,50,0,44,0,11
1403715977.733969688415527,47,1,38,3,11
1403715977.783969879150391,40,4,37,1,11
1403715977.833969593048096,44,1,36,6,11
1403715977.883969306945801,45,0,41,1,11
1403715977.933969020843506,44,3,36,1,11
1403715977.983968973159790,42,2,35,1,11
1403715978.033968687057495,45,2,34,7,11
1403715978.083968877792358,45,4,36,6,11
1403715978.133968830108643,43,1,41,0,11
1403715978.183968544006348,41,1,39,0,11
1403715978.233968257904053,39,3,35,0,11
1403715978.283968448638916,34,1,28,0,11
1403715978.333968400955200,42,2,26,10,11
1403715978.383967876434326,35,0,28,0,11
1403715978.433967351913452,37,2,23,7,11
1403715978.483967304229736,32,1,26,0,11
1403715978.533967494964600,27,7,23,1,11
1403715978.583967447280884,29,3,19,9,11
1403715978.633967399597168,22,2,21,1,11
1403715978.683967590332031,20,3,20,0,11
1403715978.733968257904053,23,3,13,6,11
1403715978.783968210220337,17,2,14,0,11
1403715978.833968162536621,12,5,10,0,11
1403715978.883968114852905,8,4,7,1,11
1403715978.933968067169189,7,0,6,0,11
1403715978.983967781066895,10,3,6,4,11
1403715979.033967733383179,10,3,10,0,11
1403715979.083967924118042,15,3,10,5,11
1403715979.133968114852905,19,4,15,4,11
1403715979.183968305587769,22,5,19,3,11
1403715979.233968496322632,25,3,20,5,11
1403715979.283968687057495,30,2,21,7,11
1403715979.333968162536621,29,5,23,3,11
1403715979.383967638015747,27,3,22,2,11
1403715979.433967351913452,23,4,22,0,11
1403715979.483967542648315,23,0,22,1,11
1403715979.533968448638916,22,1,21,0,11
1403715979.583968877792358,21,6,20,1,11
1403715979.633969068527222,22,5,14,2,11
1403715979.683969497680664,20,3,13,1,11
1403715979.733969688415527,18,0,11,5,11
1403715979.783970117568970,14,7,13,0,11
1403715979.833969831466675,12,3,5,3,11
1403715979.883969783782959,15,5,5,3,11
1403715979.933969020843506,18,7,8,7,11
1403715979.983968734741211,16,7,13,3,11
1403715980.033968687057495,20,7,11,8,11
1403715980.083968162536621,18,7,16,1,11
1403715980.133968114852905,16,1,16,0,11
1403715980.183967828750610,14,6,9,0,11
1403715980.233967542648315,13,7,11,1,11
1403715980.283967494964600,14,1,12,2,11
1403715980.333967447280884,15,2,9,1,11
1403715980.383967399597168,10,6,8,1,11
1403715980.433967113494873,10,6,9,0,11
1403715980.483967304229736,10,1,8,1,11
1403715980.533967733383179,15,7,7,6,11
1403715980.583967924118042,14,4,7,1,11
1403715980.633967876434326,20,6,6,8,11
1403715980.683967828750610,14,1,8,2,11
1403715980.733967781066895,10,3,7,0,11
1403715980.783968210220337,14,3,7,6,11
1403715980.833968162536621,16,4,10,5,11
1403715980.883968591690063,22,3,14,6,11
1403715980.933968782424927,22,4,18,1,11
1403715980.983968734741211,18,2,14,2,11
1403715981.033969163894653,19,11,6,9,11
1403715981.083968639373779,19,1,11,3,11
1403715981.133968353271484,19,5,11,1,11
1403715981.183968067169189,21,4,6,9,11
1403715981.233968019485474,22,9,7,5,11
1403715981.283968210220337,22,0,11,3,11
1403715981.333968162536621,17,0,12,3,11
1403715981.383967876434326,20,3,15,4,11
1403715981.433968067169189,18,3,14,2,11
1403715981.483968019485474,20,4,12,6,11
1403715981.533968210220337,19,0,17,0,11
1403715981.583968162536621,16,2,16,0,11
1403715981.633967876434326,21,0,12,6,11
1403715981.683967828750610,21,4,15,2,11
1403715981.733967065811157,18,0,13,0,11
1403715981.783966541290283,20,3,14,4,11
1403715981.833965063095093,22,1,18,4,11
1403715981.883964061737061,23,2,20,2,11
1403715981.933963298797607,21,0,13,3,11
1403715981.983962774276733,21,1,12,4,11
1403715982.033963203430176,18,5,15,2,11
1403715982.083963394165039,16,1,14,1,11
1403715982.133964061737061,17,3,13,3,11
1403715982.183964252471924,14,4,13,0,11
1403715982.233964443206787,9,2,9,0,11
1403715982.283966064453125,14,2,9,5,11
1403715982.333965778350830,22,0,12,8,11
1403715982.383965253829956,29,0,19,7,11
1403715982.433965444564819,30,0,24,3,11
1403715982.483965158462524,33,5,25,7,11
1403715982.533965587615967,35,1,26,7,11
1403715982.583966016769409,40,3,28,10,11
1403715982.633965969085693,38,1,34,3,11
1403715982.683965921401978,41,0,34,5,11
1403715982.733965635299683,37,2,32,4,11
1403715982.783965826034546,37,1,33,3,11
1403715982.833965778350830,35,1,33,1,11
1403715982.883965969085693,36,7,30,5,11
1403715982.933965921401978,36,1,30,3,11
1403715982.983966350555420,32,4,28,0,11
1403715983.033966541290283,19,4,18,0,11
1403715983.083966493606567,20,3,13,3,11
1403715983.133966922760010,20,1,11,5,11
1403715983.183966875076294,17,5,10,3,11
1403715983.233966827392578,15,3,10,1,11
1403715983.283967018127441,15,4,3,4,11
1403715983.333966970443726,15,6,3,1,11
1403715983.383966922760010,16,1,1,9,11
1403715983.433967113494873,16,4,2,4,11
1403715983.483967304229736,14,4,3,1,11
1403715983.533969163894653,19,6,4,13,11
1403715983.583970069885254,20,10,6,8,11
1403715983.633970022201538,20,5,13,0,11
1403715983.683970212936401,17,2,11,4,11
1403715983.733970642089844,21,3,13,6,11
1403715983.783971309661865,24,5,15,6,11
1403715983.833971500396729,25,3,20,2,11
1403715983.883971691131592,25,8,19,4,11
1403715983.933971881866455,22,5,19,0,11
1403715983.983971834182739,20,3,15,1,11
1403715984.033971786499023,21,3,15,3,11
1403715984.083971977233887,21,7,14,3,11
1403715984.133971691131592,18,5,14,0,11
1403715984.183971643447876,14,2,10,2,11
1403715984.233971595764160,13,2,12,0,11
1403715984.283971309661865,11,2,9,0,11
1403715984.333971023559570,10,5,8,0,11
1403715984.383970499038696,9,5,1,2,11
1403715984.433970451354980,9,1,2,0,11
1403715984.483970165252686,3,1,2,0,11
1403715984.533970355987549,2,6,2,0,11
1403715984.583970069885254,3,0,2,1,11
1403715984.633970022201538,2,4,1,0,11
1403715984.683969974517822,3,7,1,2,11
1403715984.733969926834106,4,1,1,3,11
1403715984.783969879150391,3,5,0,1,11
1403715984.833969593048096,2,8,0,0,11
1403715984.883969545364380,0,2,0,0,11
1403715984.933969497680664,0,1,0,0,11
1403715984.983968734741211,3,5,0,3,11
1403715985.033968448638916,5,4,2,3,11
1403715985.083967685699463,7,4,5,2,11
1403715985.133966922760010,8,9,6,2,11
1403715985.183965682983398,20,0,7,12,11
1403715985.233965396881104,20,0,18,0,11
1403715985.283965349197388,20,3,16,3,11
1403715985.333965301513672,19,0,17,0,11
1403715985.383965969085693,25,0,18,6,11
1403715985.433966159820557,28,0,24,4,11
1403715985.483966588973999,37,3,26,9,11
1403715985.533967018127441,37,2,30,2,11
1403715985.583966970443726,33,4,29,1,11
1403715985.633967161178589,31,5,27,0,11
1403715985.683967113494873,31,6,20,5,11
1403715985.733967304229736,31,6,27,2,11
1403715985.783967256546021,28,2,26,0,11
1403715985.833967685699463,31,1,24,5,11
1403715985.883967876434326,35,2,29,6,11
1403715985.933966636657715,40,0,32,5,11
1403715985.983966112136841,37,1,36,0,11
1403715986.033966302871704,35,0,34,1,11
1403715986.083966016769409,37,1,34,3,11
1403715986.133965969085693,37,0,37,0,11
1403715986.183964252471924,44,11,35,9,11
1403715986.233963966369629,47,2,43,3,11
1403715986.283963441848755,49,9,45,2,11
1403715986.333963155746460,50,7,46,2,11
1403715986.383962869644165,49,4,46,1,11
1403715986.433962821960449,47,0,47,0,11
1403715986.483962535858154,50,17,46,3,11
1403715986.533962011337280,47,1,46,0,11
1403715986.583961009979248,46,10,42,0,11
1403715986.633960485458374,48,3,38,2,11
1403715986.683960199356079,44,3,36,3,11
1403715986.733960151672363,42,1,40,1,11
1403715986.783960342407227,48,0,40,7,11
1403715986.833960294723511,49,2,47,1,11
1403715986.883960247039795,46,2,46,0,11
1403715986.933960914611816,50,7,46,4,11
1403715986.983961820602417,49,6,49,0,11
1403715987.033962726593018,50,2,48,1,11
1403715987.083962678909302,49,12,45,0,11
1403715987.133963108062744,48,3,45,0,11
1403715987.183963298797607,49,16,45,3,11
1403715987.233963251113892,49,2,45,1,11
1403715987.283963441848755,50,9,47,1,11
1403715987.333963394165039,48,2,47,0,11
1403715987.383963346481323,50,1,46,3,11
1403715987.433962821960449,49,13,44,0,11
1403715987.483963727951050,47,2,44,1,11
1403715987.533964633941650,46,0,44,1,11
1403715987.583965063095093,49,2,43,3,11
1403715987.633965253829956,48,1,46,0,11
1403715987.683965682983398,47,8,45,2,11
1403715987.733965873718262,46,0,46,0,11
1403715987.783966302871704,49,5,45,4,11
1403715987.833966255187988,46,2,45,0,11
1403715987.883966207504272,48,2,43,4,11
1403715987.933966159820557,41,2,38,1,11
1403715987.983965873718262,39,1,37,0,11
1403715988.033965587615967,43,10,35,8,11
1403715988.083965301513672,46,4,43,3,11
1403715988.133964776992798,46,1,43,2,11
1403715988.183965444564819,44,0,44,0,11
1403715988.233965873718262,43,3,43,0,11
1403715988.283966302871704,49,2,43,6,11
1403715988.333966255187988,49,0,48,0,11
1403715988.383966207504272,49,2,48,1,11
1403715988.433966398239136,50,15,49,1,11
1403715988.483967065811157,50,1,50,0,11
1403715988.533967256546021,50,5,50,0,11
1403715988.583967685699463,50,1,49,0,11
1403715988.633967876434326,49,2,48,0,11
1403715988.683968067169189,48,0,48,0,11
1403715988.733968734741211,49,10,48,1,11
1403715988.783969402313232,49,0,48,0,11
1403715988.833969593048096,49,1,48,0,11
1403715988.883969545364380,49,1,45,0,11
1403715988.933969497680664,47,1,45,0,11
1403715988.983969926834106,45,4,45,0,11
1403715989.033969879150391,49,5,44,4,11
1403715989.083970069885254,49,2,48,0,11
1403715989.133970022201538,49,3,48,1,11
1403715989.183969974517822,49,0,49,0,11
1403715989.233969688415527,49,5,49,0,11
1403715989.283970117568970,49,1,49,0,11
1403715989.333970308303833,49,3,49,0,11
1403715989.383970499038696,49,4,47,0,11
1403715989.433970451354980,49,0,48,0,11
1403715989.483970403671265,49,0,46,1,11
1403715989.533970594406128,48,2,48,0,11
1403715989.583970308303833,48,2,47,0,11
1403715989.633970499038696,49,9,46,2,11
1403715989.683970451354980,49,1,47,0,11
1403715989.733969926834106,49,3,47,1,11
1403715989.783970117568970,48,1,47,0,11
1403715989.833969593048096,48,5,46,1,11
1403715989.883969068527222,48,1,46,1,11
1403715989.933967828750610,48,10,45,0,11
1403715989.983967542648315,48,4,45,1,11
1403715990.033967494964600,48,0,46,1,11
1403715990.083967208862305,47,1,46,0,11
1403715990.133967161178589,47,8,46,0,11
1403715990.183967113494873,44,3,43,0,11
1403715990.233966827392578,47,2,39,4,11
1403715990.283966779708862,45,2,40,0,11
1403715990.333966493606567,44,2,40,1,11
1403715990.383966445922852,40,0,38,0,11
1403715990.433965921401978,39,1,36,1,11
1403715990.483966112136841,38,3,34,1,11
1403715990.533966302871704,35,2,31,1,11
1403715990.583966255187988,40,5,31,8,11
1403715990.633966445922852,36,3,35,0,11
1403715990.683966875076294,33,2,31,1,11
1403715990.733966588973999,28,1,25,2,11
1403715990.783966779708862,30,0,25,4,11
1403715990.833966732025146,29,2,25,3,11
1403715990.883966445922852,25,7,25,0,11
1403715990.933965921401978,22,5,21,1,11
1403715990.983965873718262,20,3,19,0,11
1403715991.033965349197388,19,16,18,0,11
1403715991.083964586257935,18,9,18,0,11
1403715991.133963823318481,21,7,17,4,11
1403715991.183964014053345,21,0,18,1,11
1403715991.233963966369629,20,0,17,0,11
1403715991.283964157104492,16,1,15,0,11
1403715991.333963871002197,16,0,15,1,11
1403715991.383963346481323,17,0,14,1,11
1403715991.433963298797607,17,0,13,0,11
1403715991.483963012695312,17,0,7,1,11
1403715991.533962965011597,13,0,4,1,11
1403715991.583962678909302,11,0,2,2,11
1403715991.633961915969849,11,0,3,4,11
1403715991.683961868286133,8,0,4,0,11
1403715991.733961820602417,8,0,4,1,11
1403715991.783961772918701,6,0,4,1,11
1403715991.833961725234985,6,0,4,0,11
1403715991.883961677551270,6,0,4,1,11
1403715991.933961629867554,6,0,5,1,11
1403715991.983961582183838,6,0,6,0,11
1403715992.033961772918701,6,0,6,0,11
1403715992.083961725234985,6,0,6,0,11
1403715992.133961439132690,6,0,6,0,11
1403715992.183961391448975,6,0,6,0,11
1403715992.233961343765259,6,0,6,0,11
1403715992.283961534500122,6,0,6,0,11
1403715992.333961009979248,8,0,6,2,11
1403715992.383960962295532,8,0,6,0,11
1403715992.433960914611816,8,0,6,0,11
1403715992.483960866928101,8,0,6,2,11
1403715992.533960819244385,9,0,8,1,11
1403715992.583960771560669,9,0,8,0,11
1403715992.633960723876953,9,0,9,0,11
1403715992.683960676193237,9,0,9,0,11
1403715992.733960628509521,9,0,9,0,11
1403715992.783960580825806,11,0,9,2,11
1403715992.833960533142090,11,0,11,0,11
1403715992.883960485458374,11,0,11,0,11
1403715992.933960437774658,11,0,11,0,11
1403715992.983960390090942,12,0,11,1,11
1403715993.033960580825806,12,0,11,0,11
1403715993.083960533142090,12,0,10,0,11
1403715993.133960485458374,12,0,10,2,11
1403715993.183960437774658,12,0,11,0,11
1403715993.233960390090942,12,0,11,0,11
1403715993.283960580825806,12,0,11,1,11
1403715993.333960533142090,12,0,11,0,11
1403715993.383960485458374,12,0,11,0,11
1403715993.433960437774658,12,0,11,1,11
1403715993.483960390090942,12,0,11,0,11
1403715993.533960580825806,12,0,10,0,11
1403715993.583960533142090,13,0,11,2,11
1403715993.633960485458374,13,0,10,0,11
1403715993.683960437774658,12,0,10,0,11
1403715993.733960390090942,12,0,10,2,11
1403715993.783960580825806,12,0,10,0,11
1403715993.833960533142090,12,0,9,0,11
1403715993.883960485458374,12,0,10,2,11
1403715993.933960437774658,12,0,10,0,11
1403715993.983960390090942,12,0,10,0,11
