# timestamp (sec),slam_feats_in_state,msckf_feats_used,slam_feats_updated,slam_feats_delayed_init,clones
1403715893.789683341979980,0,15,0,0,5
1403715893.835621356964111,14,14,0,14,6
1403715893.883715629577637,14,0,14,0,7
1403715893.932419061660767,14,0,14,0,8
1403715893.982355833053589,14,0,13,0,9
1403715894.032423019409180,13,2,13,0,10
1403715894.082240581512451,13,3,13,0,11
1403715894.131707906723022,13,1,13,0,11
1403715894.181534051895142,17,0,12,5,11
1403715894.231177806854248,19,0,17,2,11
1403715894.281136035919189,25,0,17,6,11
1403715894.331278562545776,24,1,24,0,11
1403715894.381837368011475,28,4,23,4,11
1403715894.432267665863037,42,23,27,14,11
1403715894.482356071472168,44,0,40,4,11
1403715894.532178401947021,44,0,43,0,11
1403715894.582234621047974,46,0,43,3,11
1403715894.632222890853882,46,1,45,0,11
1403715894.682230710983276,46,1,46,0,11
1403715894.732352495193481,46,0,45,0,11
1403715894.782463550567627,45,1,44,1,11
1403715894.832581520080566,49,2,44,4,11
1403715894.882615327835083,50,0,47,1,11
1403715894.932596683502197,49,5,48,0,11
1403715894.982562303543091,49,1,47,2,11
1403715895.032585620880127,46,24,45,0,11
1403715895.082539796829224,45,1,42,1,11
1403715895.132491111755371,45,0,43,1,11
1403715895.182382583618164,45,0,43,1,11
1403715895.232383966445923,44,1,41,1,11
1403715895.282368421554565,46,3,41,3,11
1403715895.332414627075195,42,4,39,1,11
1403715895.382569551467896,42,1,39,0,11
1403715895.432795524597168,42,1,36,2,11
1403715895.482783794403076,41,0,35,1,11
1403715895.532726049423218,44,0,34,7,11
1403715895.582828521728516,47,7,41,5,11
1403715895.632934093475342,45,21,43,1,11
1403715895.682904005050659,45,0,44,0,11
1403715895.732938528060913,43,1,43,0,11
1403715895.782940149307251,42,2,39,0,11
1403715895.832987546920776,42,0,39,0,11
1403715895.882982492446899,43,5,39,4,11
1403715895.932931423187256,43,1,42,0,11
1403715895.982923269271851,43,0,40,0,11
1403715896.032940626144409,41,0,31,0,11
1403715896.082965135574341,40,1,23,1,11
1403715896.133085727691650,37,0,22,5,11
1403715896.183092355728149,41,0,17,12,11
1403715896.232810497283936,43,26,33,4,11
1403715896.282777070999146,41,0,28,0,11
1403715896.332660198211670,39,0,28,9,11
1403715896.382687330245972,39,0,37,0,11
1403715896.432649135589600,37,0,35,0,11
1403715896.482704401016235,38,2,35,1,11
1403715896.532722949981689,37,1,33,0,11
1403715896.582691431045532,36,2,29,1,11
1403715896.632676601409912,34,1,30,2,11
1403715896.682770252227783,35,3,26,3,11
1403715896.732670545578003,35,0,27,1,11
1403715896.782522916793823,37,0,21,7,11
1403715896.832369804382324,38,18,28,4,11
1403715896.882312297821045,40,0,25,5,11
1403715896.932282447814941,40,0,26,4,11
1403715896.982289314270020,38,0,24,4,11
1403715897.032327890396118,36,1,27,2,11
1403715897.082391500473022,33,0,13,3,11
1403715897.132449150085449,33,0,13,3,11
1403715897.182530164718628,31,0,12,13,11
1403715897.232552766799927,30,2,25,1,11
1403715897.282556295394897,29,0,25,3,11
1403715897.332612276077271,29,1,24,1,11
1403715897.382678508758545,30,2,25,2,11
1403715897.432883739471436,36,5,25,10,11
1403715897.482929706573486,38,3,34,2,11
1403715897.532813072204590,44,4,34,7,11
1403715897.583020925521851,43,0,38,2,11
1403715897.633185386657715,43,0,39,2,11
1403715897.683267831802368,41,4,39,1,11
1403715897.733345270156860,42,2,39,2,11
1403715897.783364295959473,43,2,39,1,11
1403715897.833318710327148,44,1,40,2,11
1403715897.883357763290405,43,4,38,1,11
1403715897.933344602584839,45,2,35,4,11
1403715897.983405113220215,44,6,37,1,11
1403715898.033506393432617,46,9,35,7,11
1403715898.083394527435303,44,8,36,2,11
1403715898.133435249328613,40,14,31,1,11
1403715898.183517456054688,32,3,29,1,11
1403715898.233654260635376,29,3,26,1,11
1403715898.283875942230225,29,2,27,0,11
1403715898.333982229232788,28,5,26,2,11
1403715898.384104728698730,34,2,27,6,11
1403715898.434103965759277,34,11,32,1,11
1403715898.484096050262451,33,9,31,1,11
1403715898.534094810485840,30,8,28,1,11
1403715898.584164857864380,37,2,27,7,11
1403715898.634181976318359,37,5,31,4,11
1403715898.684243917465210,39,0,30,5,11
1403715898.734254360198975,36,4,32,1,11
1403715898.784281969070435,26,3,20,2,11
1403715898.834271907806396,29,1,22,3,11
1403715898.884239435195923,27,7,20,1,11
1403715898.934251308441162,26,5,18,4,11
1403715898.984225511550903,24,6,21,2,11
1403715899.034178256988525,32,3,22,8,11
1403715899.084105253219604,34,3,30,3,11
1403715899.134060621261597,37,8,29,6,11
1403715899.184059143066406,34,3,32,0,11
1403715899.234022617340088,33,4,27,4,11
1403715899.284018039703369,37,9,29,5,11
1403715899.334002733230591,35,8,29,4,11
1403715899.384065866470337,33,4,31,0,11
1403715899.434091091156006,35,1,28,5,11
1403715899.484158754348755,35,5,31,3,11
1403715899.534186840057373,33,2,32,0,11
1403715899.584206104278564,32,6,30,1,11
1403715899.634181976318359,41,1,30,10,11
1403715899.684189558029175,38,0,38,0,11
1403715899.734276056289673,45,3,37,7,11
1403715899.784318685531616,45,3,45,0,11
1403715899.834397792816162,44,11,41,3,11
1403715899.884416818618774,43,3,40,0,11
1403715899.934455871582031,45,4,37,5,11
1403715899.984538793563843,43,4,41,0,11
1403715900.034608125686646,42,4,38,2,11
1403715900.084661960601807,42,3,35,0,11
1403715900.134732246398926,39,4,33,0,11
1403715900.184820413589478,40,2,32,6,11
1403715900.234865903854370,42,0,36,4,11
1403715900.284956216812134,42,2,40,1,11
1403715900.334947109222412,41,1,38,1,11
1403715900.384950160980225,49,4,37,9,11
1403715900.434998035430908,45,3,43,2,11
1403715900.484995603561401,41,3,41,0,11
1403715900.535006999969482,43,4,35,8,11
1403715900.584964513778687,39,4,38,1,11
1403715900.634929895401001,46,4,35,9,11
1403715900.684926748275757,39,5,28,0,11
1403715900.734924316406250,36,2,23,1,11
1403715900.784928798675537,31,2,18,4,11
1403715900.834918498992920,26,2,16,3,11
1403715900.884904623031616,24,0,17,3,11
1403715900.934899568557739,23,3,17,3,11
1403715900.984904289245605,25,1,19,4,11
1403715901.034879684448242,25,4,20,3,11
1403715901.084862232208252,23,2,20,0,11
1403715901.134869575500488,21,1,18,2,11
1403715901.184873342514038,20,1,18,2,11
1403715901.234868764877319,20,3,17,0,11
1403715901.284851074218750,20,3,16,2,11
1403715901.334847450256348,20,3,15,2,11
1403715901.384851932525635,26,3,14,7,11
1403715901.434863805770874,28,2,18,4,11
1403715901.484856128692627,27,0,16,3,11
1403715901.534826278686523,26,2,14,1,11
1403715901.584776401519775,25,2,13,5,11
1403715901.634756565093994,25,1,14,5,11
1403715901.684747457504272,25,2,16,2,11
1403715901.734745740890503,24,0,16,4,11
1403715901.784737110137939,24,0,16,3,11
1403715901.834735393524170,24,2,15,1,11
1403715901.884711980819702,26,2,13,6,11
1403715901.934687614440918,25,3,19,3,11
1403715901.984679698944092,26,0,20,4,11
1403715902.034663200378418,27,3,23,1,11
1403715902.084657907485962,29,1,24,4,11
1403715902.134657382965088,28,4,26,1,11
1403715902.184655427932739,35,4,26,7,11
1403715902.234666347503662,40,1,33,6,11
1403715902.284692049026489,40,3,39,0,11
1403715902.334707260131836,38,6,33,1,11
1403715902.384726285934448,38,2,33,1,11
1403715902.434726953506470,35,3,33,0,11
1403715902.484742164611816,35,5,32,1,11
1403715902.534751176834106,41,1,33,7,11
1403715902.584753513336182,42,2,39,2,11
1403715902.634733200073242,48,3,41,6,11
1403715902.684739351272583,46,7,44,0,11
1403715902.734744071960449,47,1,43,3,11
1403715902.784741163253784,47,1,42,3,11
1403715902.834738016128540,47,5,44,0,11
1403715902.884728908538818,43,3,42,1,11
1403715902.934720993041992,42,3,41,1,11
1403715902.984709024429321,42,1,40,2,11
1403715903.034693717956543,47,1,41,6,11
1403715903.084692716598511,47,1,46,1,11
1403715903.134685993194580,43,1,41,1,11
1403715903.184681653976440,40,3,37,1,11
1403715903.234663486480713,40,2,35,3,11
1403715903.284632205963135,42,0,37,4,11
1403715903.334622859954834,41,2,41,0,11
1403715903.384605646133423,44,3,39,5,11
1403715903.434599161148071,48,6,42,4,11
1403715903.484590530395508,45,11,40,2,11
1403715903.534587860107422,42,4,35,0,11
1403715903.584595203399658,36,2,31,0,11
1403715903.634589433670044,38,3,28,7,11
1403715903.684584617614746,35,6,31,0,11
1403715903.734588861465454,34,5,26,7,11
1403715903.784588098526001,36,7,26,8,11
1403715903.834586143493652,22,4,19,1,11
1403715903.884585618972778,18,5,17,0,11
1403715903.934589147567749,16,4,15,0,11
1403715903.984585762023926,11,8,9,2,11
1403715904.034587860107422,12,5,10,1,11
1403715904.084589242935181,18,5,10,6,11
1403715904.134601831436157,15,8,14,0,11
1403715904.184602022171021,14,9,14,0,11
1403715904.234593391418457,20,2,13,6,11
1403715904.284592866897583,19,5,18,0,11
1403715904.334596872329712,18,3,17,0,11
1403715904.384619474411011,23,2,17,6,11
1403715904.434623003005981,22,2,20,1,11
1403715904.484630107879639,25,5,21,3,11
1403715904.534632205963135,25,1,23,2,11
1403715904.584641695022583,22,4,21,1,11
1403715904.634655237197876,22,1,21,1,11
1403715904.684648275375366,20,0,18,2,11
1403715904.734629154205322,22,1,14,4,11
1403715904.784604072570801,24,1,15,3,11
1403715904.834574699401855,23,0,15,3,11
1403715904.884559869766235,23,5,16,4,11
1403715904.934552431106567,21,2,15,2,11
1403715904.984560966491699,20,3,12,3,11
1403715905.034581422805786,18,4,12,4,11
1403715905.084598302841187,15,1,14,0,11
1403715905.134626865386963,18,2,14,3,11
1403715905.184637308120728,16,8,11,1,11
1403715905.234651565551758,17,0,13,1,11
1403715905.284665346145630,14,2,12,1,11
1403715905.334685564041138,14,1,13,1,11
1403715905.384711742401123,17,5,14,3,11
1403715905.434718132019043,17,0,16,1,11
1403715905.484715938568115,20,3,17,3,11
1403715905.534722805023193,19,1,18,1,11
1403715905.584721803665161,23,1,18,4,11
1403715905.634741783142090,29,8,21,7,11
1403715905.684755802154541,26,3,25,0,11
1403715905.734771966934204,29,1,25,3,11
1403715905.784785747528076,34,7,27,7,11
1403715905.834784507751465,44,2,31,10,11
1403715905.884776592254639,45,5,36,5,11
1403715905.934759140014648,43,2,41,0,11
1403715905.984754085540771,43,1,39,3,11
1403715906.034738779067993,42,1,39,0,11
1403715906.084716796875000,41,5,31,2,11
1403715906.134686946868896,34,1,30,0,11
1403715906.184634923934937,35,0,27,6,11
1403715906.234634637832642,34,1,27,1,11
1403715906.284635543823242,30,1,25,2,11
1403715906.334638118743896,27,0,27,0,11
1403715906.384612083435059,34,0,26,7,11
1403715906.434611558914185,33,1,28,0,11
1403715906.484606981277466,33,3,24,2,11
1403715906.534605979919434,31,0,23,2,11
1403715906.584595680236816,31,2,21,5,11
1403715906.634576797485352,28,3,20,2,11
1403715906.684568405151367,29,1,21,3,11
1403715906.734546661376953,28,7,23,2,11
1403715906.784543752670288,24,2,15,2,11
1403715906.834545135498047,23,2,13,1,11
1403715906.884544610977173,18,3,11,3,11
1403715906.934543609619141,16,5,14,1,11
1403715906.984539985656738,17,1,15,2,11
1403715907.034540891647339,19,1,15,4,11
1403715907.084545612335205,18,0,17,0,11
1403715907.134549379348755,18,1,15,3,11
1403715907.184549093246460,21,0,16,3,11
1403715907.234541654586792,27,0,18,6,11
1403715907.284539699554443,26,0,22,2,11
1403715907.334538221359253,19,0,17,1,11
1403715907.384535551071167,22,1,18,4,11
1403715907.434529304504395,23,0,22,1,11
1403715907.484530210494995,22,1,20,0,11
1403715907.534523248672485,21,0,17,3,11
1403715907.584518194198608,21,0,15,6,11
1403715907.634519577026367,23,1,20,3,11
1403715907.684525012969971,22,3,22,0,11
1403715907.734533548355103,26,3,19,7,11
1403715907.784545898437500,31,5,21,9,11
1403715907.834540128707886,29,3,24,4,11
1403715907.884536266326904,27,2,26,0,11
1403715907.934528112411499,26,1,23,3,11
1403715907.984519243240356,27,2,25,2,11
1403715908.034513473510742,35,1,26,9,11
1403715908.084519624710083,37,0,33,3,11
1403715908.134525060653687,37,3,33,2,11
1403715908.184528112411499,37,4,31,3,11
1403715908.234534025192261,34,0,28,0,11
1403715908.284547090530396,41,1,25,13,11
1403715908.334549903869629,37,1,36,1,11
1403715908.384546518325806,35,0,34,1,11
1403715908.434547662734985,34,0,33,0,11
1403715908.484544038772583,30,4,30,0,11
1403715908.534539937973022,37,2,30,7,11
1403715908.584531307220459,35,4,32,0,11
1403715908.634518146514893,35,1,29,5,11
1403715908.684503078460693,33,0,31,0,11
1403715908.734484910964966,38,1,29,8,11
1403715908.784486293792725,32,1,31,1,11
1403715908.834496259689331,35,0,30,5,11
1403715908.884508371353149,35,0,34,1,11
1403715908.934512615203857,44,2,33,11,11
1403715908.984514951705933,44,0,43,0,11
1403715909.034509897232056,48,7,41,6,11
1403715909.084510564804077,43,1,42,0,11
1403715909.134516239166260,41,0,38,1,11
1403715909.184517621994019,43,13,35,8,11
1403715909.234518051147461,43,0,41,1,11
1403715909.284520626068115,42,0,40,0,11
1403715909.334526300430298,42,0,38,1,11
1403715909.384515285491943,46,12,36,9,11
1403715909.434532880783081,43,2,42,1,11
1403715909.484538316726685,38,4,37,0,11
1403715909.534543037414551,38,0,34,0,11
1403715909.584543466567993,36,1,32,0,11
1403715909.634537220001221,35,1,29,4,11
1403715909.684539318084717,29,1,23,0,11
1403715909.734523296356201,45,5,21,19,11
1403715909.784516096115112,42,10,31,4,11
1403715909.834519147872925,37,1,29,0,11
1403715909.884519338607788,31,1,25,0,11
1403715909.934524059295654,27,4,23,1,11
1403715909.984522342681885,27,7,17,6,11
1403715910.034520626068115,25,3,18,0,11
1403715910.084514379501343,19,2,12,1,11
1403715910.134508371353149,10,3,7,2,11
1403715910.184495449066162,9,6,8,0,11
1403715910.234489917755127,13,0,4,7,11
1403715910.284487009048462,12,8,10,0,11
1403715910.334478616714478,1,6,0,1,11
1403715910.384448051452637,5,1,0,5,11
1403715910.434444189071655,4,2,2,0,11
1403715910.484440803527832,4,0,2,0,11
1403715910.534430980682373,7,6,1,5,11
1403715910.584411382675171,15,3,6,8,11
1403715910.634418010711670,20,3,13,6,11
1403715910.684425354003906,20,9,14,2,11
1403715910.734410285949707,27,3,15,8,11
1403715910.784409999847412,33,0,22,9,11
1403715910.834399223327637,40,4,31,8,11
1403715910.884386539459229,44,3,39,5,11
1403715910.934415340423584,44,4,40,4,11
1403715910.984409093856812,40,4,39,0,11
1403715911.034400701522827,41,3,37,2,11
1403715911.084392070770264,43,3,38,3,11
1403715911.134391307830811,42,0,37,1,11
1403715911.184395313262939,44,11,35,4,11
1403715911.234386205673218,44,4,34,5,11
1403715911.284387111663818,40,6,34,0,11
1403715911.334365844726562,38,3,31,3,11
1403715911.384361267089844,35,1,31,0,11
1403715911.434343814849854,25,1,19,4,11
1403715911.484334945678711,32,6,21,8,11
1403715911.534328699111938,29,2,27,0,11
1403715911.584320545196533,34,1,25,6,11
1403715911.634320259094238,30,2,26,0,11
1403715911.684319734573364,28,2,23,3,11
1403715911.734324455261230,26,1,24,0,11
1403715911.784330606460571,27,5,23,4,11
1403715911.834329843521118,27,4,27,0,11
1403715911.884319305419922,38,1,27,11,11
1403715911.934314489364624,38,1,38,0,11
1403715911.984318733215332,39,3,35,1,11
1403715912.034319877624512,42,3,35,4,11
1403715912.084317445755005,43,8,38,4,11
1403715912.134313344955444,44,2,41,1,11
1403715912.184316158294678,41,1,41,0,11
1403715912.234303474426270,44,0,35,8,11
1403715912.284290552139282,46,3,42,4,11
1403715912.334287643432617,48,4,43,3,11
1403715912.384293079376221,49,6,42,2,11
1403715912.434286355972290,45,6,41,0,11
1403715912.484281539916992,43,1,38,0,11
1403715912.534283399581909,37,3,31,0,11
1403715912.584287881851196,42,4,31,9,11
1403715912.634291410446167,39,3,37,0,11
1403715912.684296846389771,38,3,30,1,11
1403715912.734303236007690,35,3,28,0,11
1403715912.784306049346924,34,6,27,5,11
1403715912.834312200546265,32,12,29,1,11
1403715912.884316205978394,27,4,23,1,11
1403715912.934317111968994,20,1,13,0,11
1403715912.984317064285278,19,1,9,4,11
1403715913.034320831298828,26,1,7,15,11
1403715913.084316968917847,23,0,18,1,11
1403715913.134313344955444,21,5,16,2,11
1403715913.184313774108887,19,1,18,0,11
1403715913.234317779541016,23,1,18,5,11
1403715913.284324169158936,26,2,21,5,11
1403715913.334324359893799,24,2,23,0,11
1403715913.384323835372925,28,4,21,5,11
1403715913.434325695037842,26,5,23,0,11
1403715913.484328508377075,25,3,21,2,11
1403715913.534330844879150,26,0,20,4,11
1403715913.584334850311279,31,2,18,5,11
1403715913.634316205978394,32,1,20,3,11
1403715913.684312343597412,35,1,20,9,11
1403715913.734302520751953,34,4,27,3,11
1403715913.784270763397217,43,2,27,12,11
1403715913.834231853485107,48,4,37,7,11
1403715913.884226560592651,46,0,42,2,11
1403715913.934235334396362,45,2,41,3,11
1403715913.984222650527954,48,1,43,5,11
1403715914.034209966659546,49,8,47,2,11
1403715914.084190130233765,48,3,45,1,11
1403715914.134179592132568,48,4,44,1,11
1403715914.184183835983276,46,3,43,3,11
1403715914.234182119369507,49,8,45,3,11
1403715914.284193515777588,47,7,44,1,11
1403715914.334196090698242,47,4,43,2,11
1403715914.384190559387207,49,3,44,2,11
1403715914.434195280075073,49,3,40,2,11
1403715914.484189987182617,49,6,42,1,11
1403715914.534183263778687,42,5,38,1,11
1403715914.584187746047974,41,1,39,0,11
1403715914.634201288223267,44,1,39,5,11
1403715914.684207677841187,45,3,43,2,11
1403715914.734215021133423,45,3,41,0,11
1403715914.784209012985229,46,4,37,3,11
1403715914.834202051162720,48,2,31,8,11
1403715914.884216785430908,48,10,34,2,11
1403715914.934211492538452,42,3,26,4,11
1403715914.984202861785889,41,0,30,3,11
1403715915.034203767776489,40,1,32,7,11
1403715915.084223508834839,47,1,34,7,11
1403715915.134207248687744,49,12,40,4,11
1403715915.184191703796387,48,4,44,1,11
1403715915.234170198440552,47,2,45,2,11
1403715915.284168958663940,47,7,46,0,11
1403715915.334172248840332,47,7,46,0,11
1403715915.384169340133667,44,2,43,0,11
1403715915.434163093566895,50,9,42,6,11
1403715915.484124660491943,49,10,46,1,11
1403715915.534075260162354,49,5,45,1,11
1403715915.584038496017456,49,0,46,1,11
1403715915.634012460708618,49,2,38,2,11
1403715915.683972120285034,48,6,38,0,11
1403715915.733931303024292,45,10,36,5,11
1403715915.783877849578857,46,4,41,4,11
1403715915.833872079849243,49,7,45,4,11
1403715915.883868455886841,49,4,48,0,11
1403715915.933870077133179,48,3,47,0,11
1403715915.983874559402466,49,4,47,2,11
1403715916.033887386322021,50,8,49,1,11
1403715916.083900928497314,50,5,49,0,11
1403715916.133920669555664,49,5,47,0,11
1403715916.183929204940796,49,0,46,1,11
1403715916.233957529067993,48,7,46,1,11
1403715916.283960103988647,46,1,45,1,11
1403715916.333963394165039,49,8,41,4,11
1403715916.383965492248535,49,2,37,1,11
1403715916.433982610702515,45,5,26,5,11
1403715916.484002113342285,42,3,24,8,11
1403715916.534013509750366,38,4,28,3,11
1403715916.584029674530029,41,5,25,8,11
1403715916.634039640426636,43,0,27,6,11
1403715916.684036731719971,44,3,29,7,11
1403715916.734041452407837,41,1,30,4,11
1403715916.784046649932861,35,2,30,1,11
1403715916.834038496017456,35,3,32,3,11
1403715916.884038686752319,35,5,32,1,11
1403715916.934027433395386,42,1,30,9,11
1403715916.984025955200195,39,2,37,1,11
1403715917.034027099609375,40,3,36,2,11
1403715917.084019660949707,33,1,30,1,11
1403715917.134007930755615,28,7,22,2,11
1403715917.183997392654419,29,6,21,4,11
1403715917.233993530273438,28,0,22,0,11
1403715917.284006834030151,26,4,19,2,11
1403715917.334016799926758,25,1,20,2,11
1403715917.384026050567627,24,2,19,3,11
1403715917.434031724929810,24,1,22,1,11
1403715917.484037637710571,25,2,23,2,11
1403715917.534047365188599,31,0,24,7,11
1403715917.584057092666626,32,0,29,1,11
1403715917.634048700332642,32,4,30,0,11
1403715917.684030771255493,35,0,28,5,11
1403715917.734004497528076,36,1,34,1,11
1403715917.783974647521973,37,1,35,2,11
1403715917.833950281143188,42,0,35,6,11
1403715917.883930921554565,44,5,39,4,11
1403715917.933933734893799,46,4,42,3,11
1403715917.983950614929199,43,2,42,0,11
1403715918.033964872360229,47,0,42,4,11
1403715918.083981275558472,45,1,44,1,11
1403715918.133988142013550,43,1,43,0,11
1403715918.183977842330933,46,2,41,3,11
1403715918.233972549438477,45,1,43,0,11
1403715918.283970594406128,43,0,43,0,11
1403715918.333970546722412,46,4,43,3,11
1403715918.383964300155640,47,6,42,1,11
1403715918.433961391448975,48,1,41,2,11
1403715918.483964920043945,46,10,40,3,11
1403715918.533967018127441,46,4,42,1,11
1403715918.583967685699463,46,0,41,4,11
1403715918.633962869644165,44,1,43,1,11
1403715918.683965682983398,44,3,43,1,11
1403715918.733963727951050,41,2,39,1,11
1403715918.783966541290283,40,4,37,1,11
1403715918.833962678909302,32,1,30,0,11
1403715918.883961677551270,33,4,28,2,11
1403715918.933959007263184,35,2,28,4,11
1403715918.983954668045044,37,4,31,4,11
1403715919.033951520919800,38,1,35,2,11
1403715919.083948612213135,46,2,36,8,11
1403715919.133946180343628,46,10,44,2,11
1403715919.183956146240234,47,1,43,1,11
1403715919.233960866928101,47,4,42,1,11
1403715919.283972740173340,46,1,42,1,11
1403715919.333980798721313,49,7,41,5,11
1403715919.383975028991699,46,1,45,0,11
1403715919.433946371078491,47,9,43,2,11
1403715919.483922481536865,46,0,43,1,11
1403715919.533899545669556,45,0,41,0,11
1403715919.583836555480957,47,6,41,4,11
1403715919.633812665939331,48,0,41,4,11
1403715919.683792829513550,48,1,44,0,11
1403715919.733748435974121,47,10,44,2,11
1403715919.783739089965820,47,0,45,1,11
1403715919.833736181259155,48,5,46,1,11
1403715919.883738517761230,48,1,46,1,11
1403715919.933737516403198,50,5,46,2,11
1403715919.983741044998169,50,5,47,1,11
1403715920.033745527267456,49,27,47,0,11
1403715920.083746194839478,49,0,47,1,11
1403715920.133747577667236,48,1,48,0,11
1403715920.183752298355103,48,6,48,0,11
1403715920.233756303787231,48,0,48,0,11
1403715920.283766508102417,48,1,47,0,11
1403715920.333798646926880,48,5,46,1,11
1403715920.383809328079224,48,0,45,1,11
1403715920.433810949325562,48,4,43,0,11
1403715920.483801603317261,47,4,42,1,11
1403715920.533800601959229,49,1,42,5,11
1403715920.583799839019775,50,5,42,1,11
1403715920.633786201477051,49,19,46,1,11
1403715920.683787822723389,43,0,40,2,11
1403715920.733788013458252,44,1,39,2,11
1403715920.783790588378906,45,8,39,3,11
1403715920.833793640136719,43,1,38,1,11
1403715920.883801221847534,42,1,37,0,11
1403715920.933807134628296,43,5,33,7,11
1403715920.983817100524902,40,0,39,1,11
1403715921.033818721771240,39,1,37,1,11
1403715921.083819866180420,38,2,35,1,11
1403715921.133823156356812,43,11,35,7,11
1403715921.183822870254517,44,1,42,2,11
1403715921.233822584152222,47,3,42,5,11
1403715921.283822536468506,48,5,46,1,11
1403715921.333824396133423,46,1,45,0,11
1403715921.383827686309814,46,1,44,2,11
1403715921.433828353881836,46,6,44,2,11
1403715921.483832836151123,46,2,45,0,11
1403715921.533835172653198,49,2,44,3,11
1403715921.583834409713745,50,6,46,2,11
1403715921.633833169937134,47,9,44,0,11
1403715921.683825016021729,45,8,37,1,11
1403715921.733828306198120,38,5,28,3,11
1403715921.783831357955933,35,5,29,0,11
1403715921.833831787109375,30,3,21,1,11
1403715921.883834838867188,27,3,19,1,11
1403715921.933835506439209,24,3,17,3,11
1403715921.983838558197021,28,2,17,6,11
1403715922.033841609954834,25,1,17,1,11
1403715922.083839416503906,25,4,15,4,11
1403715922.133840322494507,21,2,16,2,11
1403715922.183838129043579,24,6,14,6,11
1403715922.233835697174072,22,4,15,3,11
1403715922.283835172653198,25,3,15,7,11
1403715922.333838224411011,30,1,20,8,11
1403715922.383839845657349,29,3,22,3,11
1403715922.433842420578003,32,4,22,5,11
1403715922.483846664428711,32,7,23,3,11
1403715922.533848047256470,29,4,24,1,11
1403715922.583849430084229,25,8,22,2,11
1403715922.633850336074829,24,4,23,0,11
1403715922.683853387832642,23,3,22,0,11
1403715922.733853578567505,30,4,20,8,11
1403715922.783852577209473,30,1,23,2,11
1403715922.833851814270020,27,1,23,0,11
1403715922.883850336074829,24,0,23,1,11
1403715922.933849573135376,26,0,23,3,11
1403715922.983853340148926,29,1,26,3,11
1403715923.033854961395264,30,1,28,1,11
1403715923.083856582641602,32,0,25,3,11
1403715923.133860826492310,34,2,27,3,11
1403715923.183863878250122,34,1,29,4,11
1403715923.233864307403564,34,1,32,1,11
1403715923.283866643905640,33,3,30,1,11
1403715923.333871841430664,35,3,26,6,11
1403715923.383873224258423,30,0,28,0,11
1403715923.433875322341919,31,0,24,2,11
1403715923.483877897262573,28,3,24,1,11
1403715923.533878564834595,26,4,24,1,11
1403715923.583878993988037,29,2,23,3,11
1403715923.633878946304321,28,1,26,0,11
1403715923.683883428573608,27,2,25,1,11
1403715923.733887910842896,28,2,25,2,11
1403715923.783890724182129,28,1,27,1,11
1403715923.833889007568359,28,1,26,1,11
1403715923.883895158767700,34,0,25,7,11
1403715923.933895587921143,33,2,31,1,11
1403715923.983898639678955,38,3,27,11,11
1403715924.033898830413818,35,0,34,0,11
1403715924.083899021148682,35,1,33,0,11
1403715924.133898019790649,37,7,31,4,11
1403715924.183898448944092,41,6,35,5,11
1403715924.233901500701904,39,1,36,0,11
1403715924.283902168273926,38,3,33,1,11
1403715924.333905696868896,37,4,30,1,11
1403715924.383909940719604,37,4,28,4,11
1403715924.433908939361572,38,3,29,3,11
1403715924.483908176422119,33,3,26,0,11
1403715924.533908843994141,29,6,23,3,11
1403715924.583907604217529,30,6,22,5,11
1403715924.633905649185181,29,2,26,0,11
1403715924.683898687362671,26,2,24,0,11
1403715924.733893632888794,21,1,17,0,11
1403715924.783891677856445,22,8,16,2,11
1403715924.833887815475464,20,5,14,3,11
1403715924.883885622024536,17,5,14,0,11
1403715924.933883905410767,17,8,12,3,11
1403715924.983886241912842,16,7,14,2,11
1403715925.033886194229126,18,5,12,4,11
1403715925.083886146545410,16,5,13,1,11
1403715925.133886337280273,14,1,8,4,11
1403715925.183886289596558,14,4,9,2,11
1403715925.233885288238525,16,4,9,3,11
1403715925.283883810043335,17,1,12,4,11
1403715925.333879947662354,16,1,11,2,11
1403715925.383877754211426,18,2,12,2,11
1403715925.433867931365967,19,10,12,3,11
1403715925.483866691589355,16,4,12,0,11
1403715925.533858537673950,25,6,11,12,11
1403715925.583854913711548,30,9,19,8,11
1403715925.633854866027832,34,3,25,4,11
1403715925.683858394622803,32,4,28,2,11
1403715925.733858346939087,31,2,28,1,11
1403715925.783858537673950,31,3,26,2,11
1403715925.833859443664551,31,4,26,2,11
1403715925.883858919143677,27,7,25,1,11
1403715925.933856010437012,26,6,23,2,11
1403715925.983856201171875,24,10,20,3,11
1403715926.033859491348267,22,7,21,0,11
1403715926.083860635757446,27,8,20,6,11
1403715926.133860349655151,30,9,22,5,11
1403715926.183861732482910,30,6,25,1,11
1403715926.233861446380615,29,7,22,3,11
1403715926.283861160278320,34,5,20,7,11
1403715926.333861589431763,28,4,23,0,11
1403715926.383858203887939,20,6,16,1,11
1403715926.433857202529907,16,1,13,1,11
1403715926.483856678009033,15,5,10,3,11
1403715926.533846616744995,18,6,11,6,11
1403715926.583838462829590,16,1,15,0,11
1403715926.633826494216919,18,2,14,2,11
1403715926.683821678161621,16,8,14,0,11
1403715926.733810424804688,22,0,14,7,11
1403715926.783803939819336,22,7,20,1,11
1403715926.833802461624146,23,6,21,1,11
1403715926.883803367614746,27,4,19,7,11
1403715926.933800935745239,33,10,25,6,11
1403715926.983797788619995,35,1,30,4,11
1403715927.033792972564697,36,4,33,2,11
1403715927.083785533905029,38,7,35,2,11
1403715927.133783102035522,41,1,37,4,11
1403715927.183787107467651,45,4,39,5,11
1403715927.233787298202515,41,4,37,3,11
1403715927.283788204193115,43,1,36,6,11
1403715927.333793163299561,43,1,38,3,11
1403715927.383794307708740,39,4,36,2,11
1403715927.433793067932129,47,8,35,10,11
1403715927.483793258666992,45,2,43,0,11
1403715927.533790826797485,40,1,40,0,11
1403715927.583788633346558,40,5,38,0,11
1403715927.633784770965576,49,3,36,10,11
1403715927.683780670166016,45,2,42,0,11
1403715927.733782052993774,42,1,40,0,11
1403715927.783789873123169,42,0,40,2,11
1403715927.833806991577148,50,1,39,8,11
1403715927.883816480636597,49,11,46,0,11
1403715927.933820962905884,45,0,44,0,11
1403715927.983826160430908,43,0,42,1,11
1403715928.033829212188721,49,0,43,6,11
1403715928.083824872970581,49,19,47,1,11
1403715928.133828163146973,46,4,45,0,11
1403715928.183829307556152,38,2,38,0,11
1403715928.233844518661499,39,2,38,1,11
1403715928.283854007720947,37,0,36,0,11
1403715928.333866119384766,31,4,28,0,11
1403715928.383874654769897,26,7,21,0,11
1403715928.433878898620605,23,1,18,0,11
1403715928.483879089355469,26,8,16,6,11
1403715928.533874034881592,17,7,12,0,11
1403715928.583870649337769,14,0,9,0,11
1403715928.633869647979736,9,4,6,1,11
1403715928.683820247650146,24,10,4,18,11
1403715928.733810663223267,22,12,15,0,11
1403715928.783800601959229,25,4,15,4,11
1403715928.833795070648193,21,1,15,3,11
1403715928.883792877197266,22,1,16,3,11
1403715928.933790683746338,24,9,17,6,11
1403715928.983794927597046,28,3,22,5,11
1403715929.033799409866333,28,1,25,1,11
1403715929.083812236785889,32,1,26,4,11
1403715929.133822679519653,37,2,30,7,11
1403715929.183826208114624,37,0,36,0,11
1403715929.233841657638550,44,3,36,7,11
1403715929.283845663070679,43,1,39,0,11
1403715929.333841085433960,43,9,36,3,11
1403715929.383845567703247,40,6,37,1,11
1403715929.433844804763794,38,3,37,0,11
1403715929.483825206756592,40,8,29,7,11
1403715929.533825397491455,38,6,28,1,11
1403715929.583837270736694,41,5,25,7,11
1403715929.633848428726196,35,5,28,2,11
1403715929.683856487274170,33,1,31,1,11
1403715929.733856201171875,34,0,32,2,11
1403715929.783861160278320,34,4,33,0,11
1403715929.833856344223022,35,3,33,1,11
1403715929.883855819702148,34,0,31,1,11
1403715929.933869123458862,45,5,31,12,11
1403715929.983865499496460,43,4,41,1,11
1403715930.033870935440063,46,6,38,5,11
1403715930.083872318267822,47,6,42,4,11
1403715930.133872032165527,46,3,42,1,11
1403715930.183871746063232,48,10,41,4,11
1403715930.233875513076782,46,1,44,2,11
1403715930.283881425857544,48,2,45,2,11
1403715930.333889961242676,49,6,46,2,11
1403715930.383893489837646,47,2,44,1,11
1403715930.433896303176880,47,0,43,0,11
1403715930.483895540237427,46,0,43,1,11
1403715930.533887624740601,49,4,44,5,11
1403715930.583885431289673,50,2,49,1,11
1403715930.633881807327271,47,3,47,0,11
1403715930.683879613876343,50,7,47,3,11
1403715930.733876943588257,48,0,48,0,11
1403715930.783875703811646,50,1,48,2,11
1403715930.833868980407715,50,0,50,0,11
1403715930.883869409561157,49,20,49,0,11
1403715930.933864831924438,49,3,49,0,11
1403715930.983870029449463,48,0,48,0,11
1403715931.033874750137329,47,1,45,0,11
1403715931.083879947662354,48,4,42,1,11
1403715931.133882761001587,48,2,40,2,11
1403715931.183883428573608,49,0,42,4,11
1403715931.233871459960938,48,18,44,2,11
1403715931.283865928649902,50,6,44,2,11
1403715931.333862304687500,48,1,44,0,11
1403715931.383858680725098,48,2,41,4,11
1403715931.433857202529907,45,3,38,2,11
1403715931.483858346939087,48,13,37,5,11
1403715931.533856868743896,45,4,40,3,11
1403715931.583856105804443,44,3,42,1,11
1403715931.633862733840942,43,3,40,0,11
1403715931.683870077133179,43,2,37,0,11
1403715931.733876466751099,41,1,35,3,11
1403715931.783875703811646,32,2,29,1,11
1403715931.833874940872192,36,7,27,7,11
1403715931.883877515792847,41,8,29,9,11
1403715931.933878421783447,36,6,29,0,11
1403715931.983877897262573,30,2,26,1,11
1403715932.033881664276123,29,5,27,2,11
1403715932.083882570266724,28,4,28,0,11
1403715932.133886575698853,30,5,25,2,11
1403715932.183887481689453,28,3,21,0,11
1403715932.233887910842896,23,3,15,0,11
1403715932.283888578414917,24,8,12,8,11
1403715932.333888769149780,18,2,14,1,11
1403715932.383891105651855,17,4,14,0,11
1403715932.433892488479614,16,2,13,2,11
1403715932.483896255493164,17,4,15,2,11
1403715932.533896684646606,19,1,16,2,11
1403715932.583897829055786,19,3,18,0,11
1403715932.633898735046387,20,3,18,2,11
1403715932.683898925781250,18,3,18,0,11
1403715932.733897209167480,17,2,15,2,11
1403715932.783893346786499,21,1,15,5,11
1403715932.833889961242676,21,1,19,0,11
1403715932.883883714675903,21,0,20,1,11
1403715932.933874845504761,26,6,20,6,11
1403715932.983859777450562,28,10,24,2,11
1403715933.033857345581055,29,1,21,2,11
1403715933.083855867385864,29,2,17,4,11
1403715933.133855581283569,28,1,18,3,11
1403715933.183859109878540,23,2,16,1,11
1403715933.233860969543457,25,1,15,6,11
1403715933.283862352371216,17,2,15,1,11
1403715933.333863973617554,16,3,15,0,11
1403715933.383863210678101,11,2,9,1,11
1403715933.433864593505859,9,5,8,0,11
1403715933.483863353729248,9,6,8,1,11
1403715933.533855915069580,9,6,8,1,11
1403715933.583844900131226,11,6,8,2,11
1403715933.633830785751343,12,6,5,6,11
1403715933.683816432952881,15,2,10,4,11
1403715933.733804702758789,20,4,13,6,11
1403715933.783785343170166,27,3,19,8,11
1403715933.833770990371704,28,2,27,1,11
1403715933.883755445480347,32,1,27,4,11
1403715933.933752775192261,32,10,22,1,11
1403715933.983752250671387,43,24,17,17,11
1403715934.033749580383301,34,11,27,4,11
1403715934.083747386932373,30,8,22,2,11
1403715934.133745908737183,22,7,10,0,11
1403715934.183742523193359,16,3,7,2,11
1403715934.233734846115112,10,0,3,3,11
1403715934.283735513687134,4,3,2,0,11
1403715934.333735942840576,3,1,2,0,11
1403715934.383736610412598,1,4,1,0,11
1403715934.433733701705933,1,6,1,0,11
1403715934.483733892440796,0,2,0,0,11
1403715934.533756732940674,0,8,0,0,11
1403715934.583757877349854,2,2,0,2,11
1403715934.633756399154663,2,0,2,0,11
1403715934.683754205703735,2,0,2,0,11
1403715934.733764410018921,6,3,1,5,11
1403715934.783756732940674,6,2,4,0,11
1403715934.833746433258057,7,1,4,2,11
1403715934.883716583251953,15,0,6,9,11
1403715934.933701515197754,19,7,13,5,11
1403715934.983695030212402,22,9,15,4,11
1403715935.033695220947266,32,2,14,12,11
1403715935.083695173263550,26,6,17,2,11
1403715935.133695125579834,12,4,10,0,11
1403715935.183696031570435,8,1,7,0,11
1403715935.233698129653931,8,1,7,0,11
1403715935.283699035644531,8,1,5,1,11
1403715935.333699703216553,8,2,6,0,11
1403715935.383706331253052,7,3,6,1,11
1403715935.433711051940918,8,6,6,1,11
1403715935.483707666397095,11,2,5,5,11
1403715935.533708095550537,12,8,9,3,11
1403715935.583704710006714,13,3,10,3,11
1403715935.633700132369995,14,1,13,1,11
1403715935.683700084686279,16,7,12,2,11
1403715935.733699321746826,23,1,12,9,11
1403715935.783704042434692,28,2,20,7,11
1403715935.833704948425293,31,2,24,7,11
1403715935.883709907531738,38,1,30,8,11
1403715935.933722019195557,48,3,38,10,11
1403715935.983729362487793,50,8,48,2,11
1403715936.033745288848877,50,3,49,0,11
1403715936.083766460418701,50,7,46,0,11
1403715936.133787870407104,48,21,43,0,11
1403715936.183785676956177,47,0,41,1,11
1403715936.233786344528198,47,7,34,3,11
1403715936.283781290054321,46,5,35,1,11
1403715936.333777427673340,37,0,28,1,11
1403715936.383774518966675,35,0,26,1,11
1403715936.433774709701538,28,1,21,0,11
1403715936.483778476715088,26,1,21,1,11
1403715936.533776521682739,26,2,20,2,11
1403715936.583776712417603,23,0,22,0,11
1403715936.633778095245361,22,4,22,0,11
1403715936.683779001235962,22,3,21,0,11
1403715936.733785867691040,36,0,21,14,11
1403715936.783790349960327,35,1,35,0,11
1403715936.833795785903931,39,0,35,4,11
1403715936.883799076080322,43,0,39,4,11
1403715936.933799982070923,43,3,43,0,11
1403715936.983800172805786,48,0,42,5,11
1403715937.033799409866333,48,1,45,0,11
1403715937.083801269531250,47,0,42,2,11
1403715937.133799791336060,48,1,43,3,11
1403715937.183800220489502,49,1,45,2,11
1403715937.233795881271362,48,3,45,1,11
1403715937.283794879913330,47,0,45,0,11
1403715937.333793640136719,46,0,45,0,11
1403715937.383794069290161,46,2,45,1,11
1403715937.433794975280762,48,0,44,3,11
1403715937.483795881271362,45,5,42,2,11
1403715937.533795356750488,46,0,43,2,11
1403715937.583794593811035,47,3,43,1,11
1403715937.633792638778687,44,12,41,2,11
1403715937.683794260025024,38,5,37,1,11
1403715937.733793258666992,41,2,34,6,11
1403715937.783792495727539,42,1,40,1,11
1403715937.833792209625244,40,4,36,3,11
1403715937.883792161941528,39,2,36,0,11
1403715937.933792829513550,39,5,34,2,11
1403715937.983792304992676,45,4,32,11,11
1403715938.033792972564697,42,2,40,0,11
1403715938.083791971206665,45,10,36,7,11
1403715938.133791685104370,42,2,39,0,11
1403715938.183791875839233,40,1,38,1,11
1403715938.233788251876831,49,10,38,10,11
1403715938.283787488937378,45,0,41,0,11
1403715938.333787918090820,41,0,37,0,11
1403715938.383784294128418,39,4,35,0,11
1403715938.433782815933228,46,16,34,10,11
1403715938.483783483505249,42,1,42,0,11
1403715938.533785104751587,38,1,38,0,11
1403715938.583786249160767,36,1,35,0,11
1403715938.633786916732788,36,1,35,0,11
1403715938.683786630630493,42,2,35,7,11
1403715938.733788251876831,42,4,41,0,11
1403715938.783789634704590,40,2,39,0,11
1403715938.833793401718140,42,3,36,6,11
1403715938.883794784545898,49,4,40,8,11
1403715938.933795213699341,48,1,47,0,11
1403715938.983794927597046,50,3,46,2,11
1403715939.033793210983276,50,16,48,1,11
1403715939.083792686462402,50,7,49,1,11
1403715939.133796453475952,49,0,47,0,11
1403715939.183797836303711,43,8,36,0,11
1403715939.233801841735840,39,10,35,1,11
1403715939.283803224563599,38,5,34,3,11
1403715939.333802938461304,41,1,34,6,11
1403715939.383803606033325,38,6,33,1,11
1403715939.433803081512451,33,3,24,0,11
1403715939.483803033828735,29,5,18,2,11
1403715939.533803224563599,26,3,18,3,11
1403715939.583804368972778,24,5,20,3,11
1403715939.633807182312012,24,5,21,3,11
1403715939.683807611465454,22,7,18,3,11
1403715939.733808994293213,21,4,18,0,11
1403715939.783810853958130,18,1,17,0,11
1403715939.833811759948730,20,1,17,3,11
1403715939.883811950683594,19,1,19,0,11
1403715939.933813810348511,30,1,19,11,11
1403715939.983813762664795,30,0,30,0,11
1403715940.033819675445557,38,1,30,8,11
1403715940.083829641342163,43,6,38,5,11
1403715940.133830785751343,44,3,43,1,11
1403715940.183827161788940,48,9,41,4,11
1403715940.233823776245117,50,4,44,2,11
1403715940.283822536468506,50,3,44,3,11
1403715940.333822488784790,50,5,46,1,11
1403715940.383825063705444,39,6,31,2,11
1403715940.433826446533203,36,2,26,1,11
1403715940.483826637268066,36,1,24,5,11
1403715940.533827543258667,30,1,23,1,11
1403715940.583829879760742,28,1,22,3,11
1403715940.633830547332764,24,2,21,1,11
1403715940.683833122253418,20,1,16,2,11
1403715940.733835697174072,21,1,15,5,11
1403715940.783837080001831,21,2,18,1,11
1403715940.833834409713745,28,0,19,7,11
1403715940.883834362030029,26,1,22,0,11
1403715940.933840274810791,33,3,18,8,11
1403715940.983842611312866,28,12,21,3,11
1403715941.033842325210571,34,14,21,8,11
1403715941.083844423294067,30,22,13,6,11
1403715941.133846282958984,15,5,5,2,11
1403715941.183847188949585,10,3,3,0,11
1403715941.233847618103027,3,6,1,1,11
1403715941.283855676651001,4,5,2,1,11
1403715941.333856821060181,4,7,3,1,11
1403715941.383855342864990,3,5,3,0,11
1403715941.433856487274170,1,7,0,0,11
1403715941.483854293823242,0,4,0,0,11
1403715941.533854961395264,1,4,0,1,11
1403715941.583860397338867,4,3,1,3,11
1403715941.633856058120728,5,4,4,1,11
1403715941.683837652206421,10,4,5,5,11
1403715941.733833551406860,14,4,10,4,11
1403715941.783827066421509,18,5,11,7,11
1403715941.833825111389160,16,1,14,1,11
1403715941.883822202682495,19,2,15,3,11
1403715941.933817148208618,30,2,18,12,11
1403715941.983818054199219,36,0,29,6,11
1403715942.033819437026978,39,1,33,4,11
1403715942.083823680877686,39,4,35,2,11
1403715942.133825302124023,41,1,32,3,11
1403715942.183825254440308,46,1,33,7,11
1403715942.233826398849487,34,3,29,2,11
1403715942.283827543258667,32,5,23,2,11
1403715942.333824872970581,27,4,21,1,11
1403715942.383822202682495,25,2,20,2,11
1403715942.433822393417358,17,4,13,2,11
1403715942.483822584152222,11,0,9,0,11
1403715942.533823013305664,10,2,8,1,11
1403715942.583823919296265,5,3,3,2,11
1403715942.633830547332764,10,2,4,6,11
1403715942.683835744857788,11,2,6,3,11
1403715942.733835220336914,5,4,2,3,11
1403715942.783834218978882,10,3,5,5,11
1403715942.833832263946533,12,2,10,2,11
1403715942.883835554122925,22,0,11,11,11
1403715942.933837890625000,22,3,21,1,11
1403715942.983839511871338,29,4,22,7,11
1403715943.033842563629150,39,0,29,10,11
1403715943.083843469619751,42,3,39,3,11
1403715943.133844852447510,48,10,41,7,11
1403715943.183839559555054,47,9,45,2,11
1403715943.233833074569702,49,14,42,3,11
1403715943.283827781677246,47,19,39,1,11
1403715943.333826303482056,41,2,33,1,11
1403715943.383826732635498,37,7,29,0,11
1403715943.433829545974731,31,8,24,1,11
1403715943.483829259872437,31,7,19,3,11
1403715943.533827781677246,28,3,18,1,11
1403715943.583827257156372,25,2,16,3,11
1403715943.633826732635498,22,0,18,1,11
1403715943.683829784393311,20,1,18,0,11
1403715943.733831882476807,19,1,17,0,11
1403715943.783835411071777,17,2,16,0,11
1403715943.833842754364014,19,0,16,3,11
1403715943.883852720260620,21,0,16,5,11
1403715943.933856487274170,22,0,19,3,11
1403715943.983869552612305,31,2,22,9,11
1403715944.033881425857544,38,1,29,7,11
1403715944.083889961242676,40,2,29,4,11
1403715944.133899927139282,41,1,33,4,11
1403715944.183903694152832,34,6,29,2,11
1403715944.233906030654907,30,4,26,0,11
1403715944.283907175064087,28,2,21,2,11
1403715944.333912372589111,27,2,22,1,11
1403715944.383913278579712,22,2,20,2,11
1403715944.433915853500366,18,3,17,0,11
1403715944.483918905258179,15,0,12,1,11
1403715944.533921480178833,11,4,10,0,11
1403715944.583924293518066,10,0,9,0,11
1403715944.633945941925049,13,4,8,3,11
1403715944.683958053588867,17,2,7,5,11
1403715944.733965396881104,23,0,5,7,11
1403715944.783968687057495,21,2,5,2,11
1403715944.833987951278687,24,0,3,10,11
1403715944.884009122848511,25,3,7,9,11
1403715944.934016704559326,26,14,18,3,11
1403715944.984018325805664,29,10,21,6,11
1403715945.034018039703369,37,4,25,11,11
1403715945.084016799926758,28,7,22,1,11
1403715945.134015083312988,25,2,15,0,11
1403715945.184015512466431,22,5,9,4,11
1403715945.234017133712769,15,6,10,1,11
1403715945.284014225006104,11,2,8,2,11
1403715945.334015846252441,10,3,8,0,11
1403715945.384012222290039,11,6,4,6,11
1403715945.434011459350586,11,2,9,1,11
1403715945.484009027481079,11,5,9,0,11
1403715945.534002304077148,12,3,7,3,11
1403715945.583997011184692,13,1,11,2,11
1403715945.633980274200439,20,2,13,7,11
1403715945.683967590332031,25,3,20,5,11
1403715945.733961343765259,30,2,25,5,11
1403715945.783956766128540,34,9,30,4,11
1403715945.833954572677612,36,1,32,4,11
1403715945.883952140808105,34,2,32,0,11
1403715945.933949947357178,32,0,28,2,11
1403715945.983948945999146,28,1,27,0,11
1403715946.033949136734009,21,2,20,0,11
1403715946.083947658538818,20,1,17,2,11
1403715946.133947372436523,20,3,18,1,11
1403715946.183947086334229,16,1,16,0,11
1403715946.233947277069092,18,1,15,2,11
1403715946.283947229385376,19,1,16,2,11
1403715946.333946466445923,26,0,17,8,11
1403715946.383940219879150,34,0,25,8,11
1403715946.433934688568115,34,2,31,1,11
1403715946.483932256698608,45,17,29,11,11
1403715946.533929586410522,45,11,38,2,11
1403715946.583927631378174,38,7,33,3,11
1403715946.633926391601562,33,10,28,1,11
1403715946.683927774429321,27,7,23,1,11
1403715946.733926773071289,20,10,18,0,11
1403715946.783925294876099,18,0,16,1,11
1403715946.833925008773804,21,5,16,5,11
1403715946.883925437927246,20,8,19,0,11
1403715946.933923721313477,16,4,13,0,11
1403715946.983921766281128,14,2,11,1,11
1403715947.033921003341675,11,4,9,0,11
1403715947.083925962448120,20,0,6,11,11
1403715947.133926391601562,15,6,12,0,11
1403715947.183926343917847,15,2,11,2,11
1403715947.233925819396973,14,0,10,1,11
1403715947.283923864364624,12,0,9,1,11
1403715947.333923578262329,16,0,10,6,11
1403715947.383919239044189,18,3,14,3,11
1403715947.433914899826050,17,1,15,0,11
1403715947.483910560607910,18,1,12,3,11
1403715947.533901691436768,22,9,15,6,11
1403715947.583899736404419,23,5,19,3,11
1403715947.633900403976440,13,7,12,0,11
1403715947.683900594711304,17,3,12,4,11
1403715947.733899831771851,16,2,14,0,11
1403715947.783894538879395,26,3,13,11,11
1403715947.833893537521362,20,6,19,1,11
1403715947.883892774581909,17,7,17,0,11
1403715947.933892726898193,12,7,11,0,11
1403715947.983891963958740,9,5,9,0,11
1403715948.033890485763550,12,0,8,4,11
1403715948.083889245986938,14,3,11,2,11
1403715948.133889913558960,15,0,12,3,11
1403715948.183884620666504,23,4,13,9,11
1403715948.233876228332520,31,0,21,8,11
1403715948.283862829208374,36,1,30,6,11
1403715948.333849906921387,40,0,34,4,11
1403715948.383832216262817,50,13,38,10,11
1403715948.433828830718994,47,3,47,0,11
1403715948.483828306198120,47,14,46,0,11
1403715948.533828973770142,50,6,46,3,11
1403715948.583832025527954,47,11,44,0,11
1403715948.633832931518555,41,1,37,0,11
1403715948.683835029602051,39,2,32,1,11
1403715948.733837366104126,36,2,29,1,11
1403715948.783836841583252,30,0,25,1,11
1403715948.833838939666748,25,2,23,1,11
1403715948.883841753005981,25,0,23,2,11
1403715948.933843135833740,22,1,22,0,11
1403715948.983841896057129,25,1,22,3,11
1403715949.033844232559204,23,2,21,2,11
1403715949.083848714828491,27,3,21,4,11
1403715949.133850574493408,28,3,25,3,11
1403715949.183851003646851,32,2,28,4,11
1403715949.233849763870239,32,6,29,1,11
1403715949.283849716186523,32,1,29,1,11
1403715949.333852529525757,33,3,22,6,11
1403715949.383854627609253,34,3,25,2,11
1403715949.433855772018433,28,5,20,1,11
1403715949.483855724334717,21,3,16,1,11
1403715949.533855915069580,16,1,13,1,11
1403715949.583854913711548,13,1,13,0,11
1403715949.633853673934937,13,3,13,0,11
1403715949.683853387832642,13,1,13,0,11
1403715949.733853340148926,12,2,12,0,11
1403715949.783852577209473,14,0,11,3,11
1403715949.833849906921387,17,3,14,3,11
1403715949.883844852447510,24,3,17,7,11
1403715949.933840036392212,27,3,22,4,11
1403715949.983838796615601,27,4,26,0,11
1403715950.033839941024780,35,8,21,9,11
1403715950.083841562271118,44,11,29,9,11
1403715950.133840084075928,41,19,33,5,11
1403715950.183838844299316,37,2,30,3,11
1403715950.233838319778442,28,3,25,1,11
1403715950.283838748931885,23,5,23,0,11
1403715950.333837747573853,23,3,21,1,11
1403715950.383836030960083,20,4,17,0,11
1403715950.433835268020630,17,4,15,0,11
1403715950.483834505081177,11,4,11,0,11
1403715950.533833503723145,11,7,11,0,11
1403715950.583836078643799,12,3,10,2,11
1403715950.633835077285767,11,5,7,2,11
1403715950.683835983276367,11,3,7,1,11
1403715950.733832120895386,15,5,8,6,11
1403715950.783833026885986,18,8,13,4,11
1403715950.833835601806641,18,1,14,2,11
1403715950.883837223052979,17,2,15,0,11
1403715950.933841228485107,18,2,14,3,11
1403715950.983844995498657,20,2,13,4,11
1403715951.033845424652100,20,1,14,1,11
1403715951.083846807479858,18,3,13,2,11
1403715951.133846282958984,17,1,10,0,11
1403715951.183848381042480,14,3,10,0,11
1403715951.233847141265869,12,7,10,2,11
1403715951.283846855163574,12,0,10,0,11
1403715951.333845853805542,11,1,8,0,11
1403715951.383844852447510,6,8,4,0,11
1403715951.433843851089478,5,1,4,0,11
1403715951.483842372894287,4,1,3,1,11
1403715951.533841133117676,7,4,4,3,11
1403715951.583837747573853,10,0,6,3,11
1403715951.633832216262817,18,2,8,8,11
1403715951.683827877044678,24,0,13,7,11
1403715951.733829259872437,30,5,19,8,11
1403715951.783829927444458,37,4,25,10,11
1403715951.833832502365112,44,6,33,8,11
1403715951.883836269378662,39,4,36,0,11
1403715951.933838129043579,46,5,32,8,11
1403715951.983837604522705,46,15,32,4,11
1403715952.033837556838989,43,4,32,2,11
1403715952.083836078643799,32,6,27,0,11
1403715952.133834362030029,27,9,16,0,11
1403715952.183832168579102,20,4,10,1,11
1403715952.233829498291016,12,5,7,2,11
1403715952.283828973770142,7,2,6,0,11
1403715952.333827972412109,5,2,5,0,11
1403715952.383825540542603,6,2,5,1,11
1403715952.433824777603149,6,5,5,0,11
1403715952.483824491500854,7,1,3,1,11
1403715952.533823490142822,6,1,3,1,11
1403715952.583822965621948,6,2,4,1,11
1403715952.633827447891235,11,2,4,7,11
1403715952.683827161788940,9,0,9,0,11
1403715952.733822822570801,8,1,7,1,11
1403715952.783820152282715,10,2,5,4,11
1403715952.833817243576050,10,2,8,1,11
1403715952.883814334869385,8,9,5,1,11
1403715952.933813810348511,10,2,3,2,11
1403715952.983811616897583,11,6,4,3,11
1403715953.033803701400757,13,10,1,4,11
1403715953.083801269531250,7,1,3,1,11
1403715953.133799791336060,7,1,3,2,11
1403715953.183797597885132,4,7,2,2,11
1403715953.233795166015625,6,2,3,2,11
1403715953.283795356750488,4,5,2,0,11
1403715953.333796262741089,4,4,2,0,11
1403715953.383796691894531,2,1,1,0,11
1403715953.433798313140869,4,0,0,2,11
1403715953.483799219131470,5,2,1,2,11
1403715953.533799648284912,4,0,2,0,11
1403715953.583808183670044,9,2,2,6,11
1403715953.633813381195068,11,3,8,3,11
1403715953.683816194534302,22,3,11,11,11
1403715953.733822107315063,29,5,20,8,11
1403715953.783823013305664,37,1,24,10,11
1403715953.833822011947632,46,0,35,9,11
1403715953.883820295333862,45,8,38,4,11
1403715953.933819055557251,46,12,42,2,11
1403715953.983817577362061,41,14,37,0,11
1403715954.033816576004028,46,9,34,5,11
1403715954.083816289901733,37,3,30,1,11
1403715954.133815288543701,31,2,22,1,11
1403715954.183815002441406,31,3,20,3,11
1403715954.233815431594849,28,7,20,1,11
1403715954.283815622329712,23,2,16,2,11
1403715954.333816766738892,18,5,17,1,11
1403715954.383817434310913,15,3,14,0,11
1403715954.433818340301514,14,3,12,0,11
1403715954.483817815780640,14,3,10,1,11
1403715954.533817052841187,10,12,9,0,11
1403715954.583812713623047,9,8,6,1,11
1403715954.633812427520752,12,1,6,4,11
1403715954.683812856674194,11,2,8,1,11
1403715954.733816385269165,13,2,10,3,11
1403715954.783819198608398,20,0,13,7,11
1403715954.833822250366211,23,2,20,3,11
1403715954.883825302124023,26,0,22,3,11
1403715954.933828115463257,29,7,21,4,11
1403715954.983828544616699,26,5,22,0,11
1403715955.033828258514404,27,8,20,5,11
1403715955.083826541900635,25,5,23,0,11
1403715955.133825063705444,26,4,19,3,11
1403715955.183821916580200,19,13,18,0,11
1403715955.233819246292114,17,3,16,0,11
1403715955.283817052841187,15,1,14,0,11
1403715955.333813667297363,12,6,10,1,11
1403715955.383811712265015,9,5,6,0,11
1403715955.433809041976929,9,5,5,2,11
1403715955.483807802200317,9,2,5,2,11
1403715955.533805131912231,9,7,7,0,11
1403715955.583797693252563,12,7,7,5,11
1403715955.633797883987427,13,1,9,2,11
1403715955.683794260025024,18,3,9,7,11
1403715955.733792543411255,16,1,13,1,11
1403715955.783789634704590,18,7,14,2,11
1403715955.833787679672241,28,27,16,12,11
1403715955.883789062500000,33,10,18,6,11
1403715955.933785676956177,34,6,12,5,11
1403715955.983785152435303,28,1,10,6,11
1403715956.033783912658691,18,3,12,2,11
1403715956.083784103393555,11,3,8,2,11
1403715956.133783340454102,10,0,10,0,11
1403715956.183781862258911,10,3,10,0,11
1403715956.233781576156616,9,1,9,0,11
1403715956.283781766891479,9,0,6,0,11
1403715956.333782672882080,9,4,6,1,11
1403715956.383771419525146,15,0,5,8,11
1403715956.433771371841431,12,3,11,0,11
1403715956.483760118484497,15,4,8,6,11
1403715956.533758878707886,14,5,11,2,11
1403715956.583756923675537,17,0,11,4,11
1403715956.633753061294556,21,0,15,5,11
1403715956.683749437332153,28,0,19,8,11
1403715956.733748912811279,32,0,25,4,11
1403715956.783748626708984,33,1,29,2,11
1403715956.833747386932373,32,1,31,1,11
1403715956.883747100830078,36,4,32,4,11
1403715956.933747291564941,42,3,36,6,11
1403715956.983748435974121,50,3,37,8,11
1403715957.033747434616089,47,6,43,0,11
1403715957.083746433258057,47,2,42,5,11
1403715957.133743762969971,49,5,44,3,11
1403715957.183741331100464,39,3,37,1,11
1403715957.233739852905273,33,1,30,3,11
1403715957.283739328384399,25,4,25,0,11
1403715957.333739042282104,24,1,24,0,11
1403715957.383738756179810,24,4,24,0,11
1403715957.433740377426147,32,2,22,9,11
1403715957.483740568161011,27,3,25,0,11
1403715957.533741950988770,22,6,21,0,11
1403715957.583742141723633,18,4,17,0,11
1403715957.633740901947021,20,3,12,8,11
1403715957.683739662170410,18,1,14,1,11
1403715957.733736276626587,22,1,17,4,11
1403715957.783731460571289,20,18,19,0,11
1403715957.833729743957520,22,5,19,2,11
1403715957.883727312088013,22,5,18,2,11
1403715957.933726549148560,22,4,15,0,11
1403715957.983723640441895,21,4,9,3,11
1403715958.033724069595337,16,4,9,1,11
1403715958.083725690841675,13,3,5,1,11
1403715958.133727312088013,10,4,5,1,11
1403715958.183728694915771,6,2,5,1,11
1403715958.233731031417847,8,1,4,2,11
1403715958.283739566802979,12,3,5,5,11
1403715958.333739519119263,9,3,5,0,11
1403715958.383743762969971,7,5,4,0,11
1403715958.433749675750732,5,11,3,1,11
1403715958.483774423599243,19,3,4,15,11
1403715958.533775806427002,19,0,16,0,11
1403715958.583779096603394,21,0,15,3,11
1403715958.633780956268311,21,0,16,2,11
1403715958.683784484863281,25,1,14,6,11
1403715958.733785390853882,23,1,17,2,11
1403715958.783787012100220,22,3,19,1,11
1403715958.833786010742188,21,5,20,0,11
1403715958.883783578872681,21,6,20,1,11
1403715958.933784961700439,23,2,21,2,11
1403715958.983785629272461,22,1,19,1,11
1403715959.033786773681641,27,6,19,5,11
1403715959.083787918090820,25,1,23,0,11
1403715959.133789062500000,23,2,21,1,11
1403715959.183790206909180,23,0,18,0,11
1403715959.233791828155518,26,1,18,6,11
1403715959.283793687820435,23,1,23,0,11
1403715959.333794593811035,24,2,18,3,11
1403715959.383795261383057,26,3,19,4,11
1403715959.433795213699341,25,1,19,4,11
1403715959.483796834945679,32,3,19,9,11
1403715959.533799648284912,37,3,21,6,11
1403715959.583803892135620,38,2,24,8,11
1403715959.633810281753540,32,1,26,4,11
1403715959.683819770812988,32,1,30,2,11
1403715959.733829975128174,30,6,23,0,11
1403715959.783834695816040,26,5,12,0,11
1403715959.833836793899536,24,8,11,3,11
1403715959.883842229843140,20,4,13,5,11
1403715959.933842658996582,17,8,12,1,11
1403715959.983842134475708,18,0,12,2,11
1403715960.033840656280518,16,1,14,1,11
1403715960.083840370178223,16,13,13,1,11
1403715960.133841514587402,17,0,13,1,11
1403715960.183841943740845,13,3,8,1,11
1403715960.233837842941284,13,22,6,3,11
1403715960.283837795257568,9,2,5,0,11
1403715960.333837985992432,8,1,6,1,11
1403715960.383837461471558,6,4,6,0,11
1403715960.433829545974731,10,0,5,5,11
1403715960.483826398849487,11,1,9,1,11
1403715960.533821344375610,14,1,10,3,11
1403715960.583817481994629,12,0,11,0,11
1403715960.633812904357910,12,2,11,1,11
1403715960.683808088302612,11,1,11,0,11
1403715960.733803272247314,12,2,10,1,11
1403715960.783799648284912,15,4,8,3,11
1403715960.833797693252563,14,2,10,0,11
1403715960.883796215057373,12,1,10,1,11
1403715960.933796167373657,11,1,11,0,11
1403715960.983795642852783,17,2,11,6,11
1403715961.033796310424805,18,3,17,1,11
1403715961.083795785903931,13,1,12,0,11
1403715961.133794546127319,12,3,11,1,11
1403715961.183793544769287,12,1,11,1,11
1403715961.233789920806885,14,1,10,3,11
1403715961.283786773681641,16,0,12,2,11
1403715961.333780050277710,21,4,14,6,11
1403715961.383777141571045,25,2,18,6,11
1403715961.433778762817383,29,13,23,4,11
1403715961.483774662017822,36,11,24,8,11
1403715961.533773660659790,36,11,29,1,11
1403715961.583774089813232,35,5,26,3,11
1403715961.633772611618042,32,2,28,2,11
1403715961.683771371841431,28,1,28,0,11
1403715961.733772039413452,26,4,20,0,11
1403715961.783772468566895,27,2,12,1,11
1403715961.833775043487549,20,4,9,2,11
1403715961.883777141571045,11,11,6,1,11
1403715961.933778762817383,9,3,5,1,11
1403715961.983779430389404,7,1,5,1,11
1403715962.033780813217163,6,3,4,1,11
1403715962.083784580230713,7,0,2,4,11
1403715962.133785963058472,8,2,3,1,11
1403715962.183787822723389,7,0,2,2,11
1403715962.233790159225464,5,0,2,1,11
1403715962.283791780471802,4,3,3,0,11
1403715962.333795547485352,4,3,1,1,11
1403715962.383794784545898,5,2,1,2,11
1403715962.433804273605347,8,1,3,4,11
1403715962.483819246292114,18,1,6,11,11
1403715962.533819437026978,18,1,15,0,11
1403715962.583819389343262,18,4,12,1,11
1403715962.633820772171021,17,8,9,4,11
1403715962.683822154998779,18,0,9,3,11
1403715962.733823060989380,15,2,10,0,11
1403715962.783823966979980,13,1,8,1,11
1403715962.833823919296265,11,1,9,0,11
1403715962.883824110031128,8,0,8,0,11
1403715962.933824062347412,7,4,6,0,11
1403715962.983824253082275,6,2,4,1,11
1403715963.033824682235718,5,4,2,1,11
1403715963.083824634552002,5,6,1,3,11
1403715963.133823156356812,6,7,3,2,11
1403715963.183823347091675,11,10,1,5,11
1403715963.233823776245117,16,9,4,7,11
1403715963.283825159072876,20,5,7,8,11
1403715963.333829164505005,24,12,10,9,11
1403715963.383833646774292,22,4,13,1,11
1403715963.433840274810791,19,15,5,3,11
1403715963.483844757080078,16,6,6,4,11
1403715963.533852338790894,13,15,9,3,11
1403715963.583854675292969,13,9,12,0,11
1403715963.633860826492310,16,9,12,4,11
1403715963.683865547180176,21,16,14,5,11
1403715963.733868122100830,20,8,15,0,11
1403715963.783875226974487,30,2,15,11,11
1403715963.833876609802246,25,3,21,0,11
1403715963.883879184722900,26,2,19,2,11
1403715963.933883190155029,26,1,21,4,11
1403715963.983884096145630,26,0,25,1,11
1403715964.033885717391968,29,4,26,3,11
1403715964.083886623382568,30,3,25,1,11
1403715964.133885860443115,41,9,25,11,11
1403715964.183883428573608,40,3,35,3,11
1403715964.233888387680054,50,4,38,10,11
1403715964.283895969390869,48,6,47,0,11
1403715964.333901882171631,47,0,42,0,11
1403715964.383906602859497,48,0,32,3,11
1403715964.433910608291626,45,4,29,3,11
1403715964.483911037445068,42,0,30,5,11
1403715964.533910274505615,41,0,32,3,11
1403715964.583908319473267,38,3,31,0,11
1403715964.633907318115234,35,3,30,0,11
1403715964.683905839920044,35,3,29,5,11
1403715964.733903646469116,35,4,29,1,11
1403715964.783903598785400,37,2,30,2,11
1403715964.833903551101685,46,4,30,16,11
1403715964.883903741836548,46,5,39,4,11
1403715964.933903455734253,45,4,42,0,11
1403715964.983903408050537,41,7,40,1,11
1403715965.033905029296875,50,7,41,9,11
1403715965.083905696868896,44,4,43,0,11
1403715965.133907318115234,47,6,40,6,11
1403715965.183909177780151,45,2,44,1,11
1403715965.233913898468018,46,1,45,1,11
1403715965.283922195434570,48,3,46,2,11
1403715965.333926439285278,46,3,45,0,11
1403715965.383927583694458,48,8,43,2,11
1403715965.433928489685059,47,5,41,2,11
1403715965.483927488327026,44,3,41,0,11
1403715965.533924102783203,42,0,40,2,11
1403715965.583919048309326,41,1,38,0,11
1403715965.633908748626709,41,2,38,0,11
1403715965.683899402618408,41,9,35,3,11
1403715965.733893394470215,40,12,34,1,11
1403715965.783889532089233,38,7,32,2,11
1403715965.833889007568359,35,10,31,2,11
1403715965.883888244628906,33,5,31,1,11
1403715965.933887720108032,31,3,25,2,11
1403715965.983889102935791,29,1,21,1,11
1403715966.033890247344971,27,0,18,4,11
1403715966.083891868591309,22,2,18,1,11
1403715966.133892774581909,16,3,10,1,11
1403715966.183894157409668,16,1,8,2,11
1403715966.233896970748901,14,2,10,2,11
1403715966.283899307250977,13,2,12,1,11
1403715966.333900928497314,14,4,12,1,11
1403715966.383900880813599,15,2,12,1,11
1403715966.433904647827148,19,1,12,5,11
1403715966.483906984329224,23,2,13,5,11
1403715966.533906936645508,23,5,16,1,11
1403715966.583908557891846,18,0,10,4,11
1403715966.633910179138184,23,2,14,6,11
1403715966.683909177780151,22,0,19,2,11
1403715966.733907938003540,23,2,19,2,11
1403715966.783906936645508,21,2,17,2,11
1403715966.833905696868896,21,4,19,2,11
1403715966.883905172348022,22,2,20,2,11
1403715966.933906793594360,26,4,22,4,11
1403715966.983906030654907,30,12,25,4,11
1403715967.033906221389771,40,8,28,10,11
1403715967.083905458450317,38,10,33,1,11
1403715967.133907079696655,45,6,33,8,11
1403715967.183909654617310,40,2,29,4,11
1403715967.233910083770752,34,1,21,1,11
1403715967.283909082412720,29,3,6,4,11
1403715967.333908557891846,19,3,3,1,11
1403715967.383908271789551,7,0,3,2,11
1403715967.433908462524414,6,3,5,1,11
1403715967.483909130096436,6,0,6,0,11
1403715967.533910751342773,6,0,6,0,11
1403715967.583923816680908,13,3,6,7,11
1403715967.633927106857300,12,5,9,0,11
1403715967.683928966522217,12,4,4,1,11
1403715967.733938694000244,15,2,5,7,11
1403715967.783938407897949,16,3,10,4,11
1403715967.833938360214233,17,3,13,1,11
1403715967.883938550949097,16,1,12,2,11
1403715967.933939456939697,21,1,12,6,11
1403715967.983939886093140,22,0,15,4,11
1403715968.033941030502319,20,1,18,0,11
1403715968.083941221237183,21,2,16,2,11
1403715968.133942604064941,19,0,16,1,11
1403715968.183943271636963,20,2,14,5,11
1403715968.233947277069092,23,0,18,4,11
1403715968.283952236175537,29,0,22,7,11
1403715968.333953142166138,32,3,29,3,11
1403715968.383954524993896,42,2,29,10,11
1403715968.433954000473022,47,10,39,5,11
1403715968.483953952789307,47,7,43,3,11
1403715968.533952951431274,49,6,43,2,11
1403715968.583951234817505,47,11,43,0,11
1403715968.633949279785156,48,0,42,4,11
1403715968.683947563171387,46,0,39,1,11
1403715968.733948707580566,45,0,41,1,11
1403715968.783950090408325,45,0,40,2,11
1403715968.833952188491821,44,0,40,0,11
1403715968.883955001831055,45,1,37,5,11
1403715968.933957576751709,44,0,42,1,11
1403715968.983962774276733,48,4,41,5,11
1403715969.033965349197388,47,1,42,0,11
1403715969.083963632583618,48,12,34,4,11
1403715969.133962392807007,46,4,27,2,11
1403715969.183961391448975,41,2,23,4,11
1403715969.233961343765259,30,1,23,1,11
1403715969.283961772918701,20,4,16,1,11
1403715969.333962917327881,18,5,15,0,11
1403715969.383964061737061,16,1,14,1,11
1403715969.433964490890503,12,5,10,0,11
1403715969.483964681625366,8,4,8,0,11
1403715969.533963918685913,6,6,5,1,11
1403715969.583963871002197,5,1,5,0,11
1403715969.633962869644165,9,4,5,4,11
1403715969.683961629867554,11,2,9,2,11
1403715969.733957767486572,22,1,11,11,11
1403715969.783953905105591,31,4,21,9,11
1403715969.833951473236084,42,6,27,13,11
1403715969.883951187133789,47,11,35,7,11
1403715969.933951139450073,47,22,37,3,11
1403715969.983952045440674,40,4,29,2,11
1403715970.033951759338379,38,3,22,5,11
1403715970.083951473236084,32,2,18,1,11
1403715970.133951425552368,22,5,15,0,11
1403715970.183951377868652,19,3,13,2,11
1403715970.233951568603516,13,1,10,0,11
1403715970.283951759338379,9,4,6,0,11
1403715970.333952188491821,8,0,4,0,11
1403715970.383953332901001,6,2,4,1,11
1403715970.433956146240234,10,1,4,6,11
1403715970.483972549438477,29,2,7,19,11
1403715970.533976793289185,29,1,26,0,11
1403715970.583978891372681,38,3,25,11,11
1403715970.633976459503174,38,1,27,5,11
1403715970.683975696563721,49,7,23,11,11
1403715970.733974695205688,46,2,24,4,11
1403715970.783974647521973,37,5,21,6,11
1403715970.833974599838257,31,2,24,2,11
1403715970.883974313735962,26,4,24,0,11
1403715970.933974742889404,20,3,16,1,11
1403715970.983975648880005,15,0,9,1,11
1403715971.033978462219238,11,8,6,1,11
1403715971.083979845046997,9,3,6,2,11
1403715971.133981227874756,8,1,8,0,11
1403715971.183983087539673,8,1,7,0,11
1403715971.233995437622070,25,1,6,17,11
1403715971.283998489379883,25,6,15,1,11
1403715971.334003925323486,37,9,16,13,11
1403715971.384008884429932,44,14,29,14,11
1403715971.434010267257690,40,7,37,0,11
1403715971.484011888504028,43,9,31,4,11
1403715971.534012317657471,36,3,23,2,11
1403715971.584011554718018,29,9,19,1,11
1403715971.634011030197144,24,4,19,4,11
1403715971.684010028839111,22,8,19,2,11
1403715971.734009265899658,20,7,18,0,11
1403715971.784009218215942,14,4,14,0,11
1403715971.834008455276489,9,6,7,2,11
1403715971.884007453918457,9,3,8,0,11
1403715971.934004783630371,20,6,8,11,11
1403715971.984004259109497,17,1,16,1,11
1403715972.034000158309937,26,2,17,9,11
1403715972.083999872207642,30,1,26,4,11
1403715972.133999109268188,34,2,28,5,11
1403715972.183997631072998,44,0,30,10,11
1403715972.233996868133545,44,1,37,2,11
1403715972.283997774124146,45,3,34,7,11
1403715972.333997249603271,49,17,41,6,11
1403715972.383997917175293,48,1,46,2,11
1403715972.433997631072998,49,3,47,2,11
1403715972.483998775482178,49,0,47,0,11
1403715972.533999443054199,50,9,48,1,11
1403715972.584004640579224,49,4,49,0,11
1403715972.634006500244141,50,7,46,1,11
1403715972.684006690979004,50,2,31,0,11
1403715972.734006404876709,50,1,22,3,11
1403715972.784006357192993,45,4,18,11,11
1403715972.834005832672119,48,0,28,12,11
1403715972.884005069732666,45,1,38,5,11
1403715972.934005737304688,48,7,43,3,11
1403715972.984008789062500,46,3,46,0,11
1403715973.034010887145996,46,1,46,0,11
1403715973.084011793136597,46,0,46,0,11
1403715973.134014368057251,49,2,46,3,11
1403715973.184014797210693,49,1,49,0,11
1403715973.234014511108398,48,0,48,0,11
1403715973.284015178680420,50,7,48,2,11
1403715973.334014892578125,50,1,50,0,11
1403715973.384015321731567,50,14,50,0,11
1403715973.434015989303589,50,0,50,0,11
1403715973.484017372131348,50,2,50,0,11
1403715973.534017801284790,50,8,50,0,11
1403715973.584017992019653,49,8,47,0,11
1403715973.634017705917358,50,1,49,1,11
1403715973.684017419815063,45,3,45,0,11
1403715973.734016656875610,47,1,43,3,11
1403715973.784016847610474,47,1,46,0,11
1403715973.834016799926758,45,0,45,0,11
1403715973.884016513824463,49,0,45,4,11
1403715973.934016466140747,47,1,47,0,11
1403715973.984016418457031,50,9,47,3,11
1403715974.034016132354736,50,1,50,0,11
1403715974.084015846252441,50,2,50,0,11
1403715974.134015798568726,49,5,49,0,11
1403715974.184015274047852,50,35,49,1,11
1403715974.234015226364136,50,1,50,0,11
1403715974.284015655517578,50,0,50,0,11
1403715974.334015607833862,50,0,50,0,11
1403715974.384016513824463,50,1,50,0,11
1403715974.434016704559326,50,1,50,0,11
1403715974.484016656875610,50,0,50,0,11
1403715974.534017086029053,50,0,50,0,11
1403715974.584016799926758,50,7,50,0,11
1403715974.634016752243042,49,1,49,0,11
1403715974.684016466140747,50,2,49,1,11
1403715974.734016418457031,50,6,50,0,11
1403715974.784017086029053,50,32,50,0,11
1403715974.834017276763916,50,1,50,0,11
1403715974.884017229080200,50,0,50,0,11
1403715974.934017419815063,49,0,49,0,11
1403715974.984017610549927,49,1,49,0,11
1403715975.034017801284790,50,0,49,1,11
1403715975.084017992019653,50,0,50,0,11
1403715975.134017705917358,50,1,50,0,11
1403715975.184017658233643,50,7,50,0,11
1403715975.234017610549927,50,1,50,0,11
1403715975.284018278121948,50,1,50,0,11
1403715975.334017992019653,50,5,50,0,11
1403715975.384017467498779,49,27,49,0,11
1403715975.434017419815063,50,0,49,1,11
1403715975.484017133712769,50,0,50,0,11
1403715975.534017801284790,50,0,50,0,11
1403715975.584017753601074,50,2,50,0,11
1403715975.634017705917358,50,0,50,0,11
1403715975.684017658233643,50,0,50,0,11
1403715975.734017372131348,50,1,49,0,11
1403715975.784017562866211,48,6,48,0,11
1403715975.834017515182495,49,1,48,1,11
1403715975.884017467498779,50,1,49,1,11
1403715975.934017419815063,50,20,50,0,11
1403715975.984018087387085,50,26,50,0,11
1403715976.034018278121948,50,0,50,0,11
1403715976.084018468856812,50,24,50,0,11
1403715976.134018898010254,50,0,50,0,11
1403715976.184018850326538,48,0,48,0,11
1403715976.234018802642822,48,0,48,0,11
1403715976.284018754959106,47,0,47,0,11
1403715976.334018945693970,47,4,47,0,11
1403715976.384018898010254,50,5,46,3,11
1403715976.434018850326538,50,1,49,0,11
1403715976.484018802642822,49,0,48,0,11
1403715976.534019231796265,49,7,48,1,11
1403715976.584019899368286,50,17,49,1,11
1403715976.634019851684570,49,1,49,0,11
1403715976.684019327163696,50,19,49,1,11
1403715976.734019517898560,50,0,50,0,11
1403715976.784019947052002,50,1,50,0,11
1403715976.834019899368286,50,0,50,0,11
1403715976.884019851684570,50,0,50,0,11
1403715976.934020042419434,50,0,50,0,11
1403715976.984019994735718,50,3,50,0,11
1403715977.034020185470581,50,0,50,0,11
1403715977.084019899368286,50,2,50,0,11
1403715977.134019851684570,50,5,50,0,11
1403715977.184020519256592,50,15,50,0,11
1403715977.234020471572876,50,0,50,0,11
1403715977.284020662307739,50,17,50,0,11
1403715977.334020614624023,50,0,50,0,11
1403715977.384020566940308,50,7,50,0,11
1403715977.434020757675171,50,1,50,0,11
1403715977.484020948410034,50,0,50,0,11
1403715977.534021139144897,50,5,48,0,11
1403715977.584021091461182,49,4,39,0,11
1403715977.634020805358887,49,3,41,2,11
1403715977.684020757675171,50,1,42,7,11
1403715977.734020948410034,50,14,48,0,11
1403715977.784021139144897,46,5,45,0,11
1403715977.834021091461182,46,0,42,0,11
1403715977.884021282196045,46,2,39,3,11
1403715977.934021472930908,46,0,38,1,11
1403715977.984021425247192,44,3,32,5,11
1403715978.034021854400635,48,12,33,5,11
1403715978.084021806716919,42,0,33,1,11
1403715978.134021759033203,37,0,30,1,11
1403715978.184021711349487,33,1,29,2,11
1403715978.234021663665771,32,3,30,0,11
1403715978.284022331237793,29,3,26,0,11
1403715978.334022283554077,40,4,25,12,11
1403715978.384022474288940,37,4,31,1,11
1403715978.434022426605225,32,0,29,0,11
1403715978.484022617340088,29,0,23,1,11
1403715978.534022808074951,23,7,20,1,11
1403715978.584022521972656,19,4,17,1,11
1403715978.634021759033203,21,6,15,6,11
1403715978.684020519256592,22,4,20,1,11
1403715978.734019756317139,23,7,17,2,11
1403715978.784019231796265,19,3,16,1,11
1403715978.834019184112549,15,5,13,1,11
1403715978.884019136428833,10,3,8,2,11
1403715978.934018373489380,14,0,8,6,11
1403715978.984018087387085,13,6,12,0,11
1403715979.034017801284790,18,2,12,5,11
1403715979.084018230438232,20,5,17,3,11
1403715979.134018898010254,26,3,18,7,11
1403715979.184019088745117,26,8,23,2,11
1403715979.234018564224243,23,3,23,0,11
1403715979.284017086029053,31,6,21,10,11
1403715979.334016799926758,29,3,22,4,11
1403715979.384017705917358,29,1,24,2,11
1403715979.434019327163696,27,6,25,2,11
1403715979.484020471572876,26,0,19,1,11
1403715979.534022092819214,24,1,18,0,11
1403715979.584022998809814,20,4,16,3,11
1403715979.634023427963257,21,4,13,2,11
1403715979.684023141860962,20,1,13,3,11
1403715979.734023571014404,16,0,14,2,11
1403715979.784024238586426,18,8,11,5,11
1403715979.834024190902710,12,5,6,0,11
1403715979.884025335311890,13,8,5,4,11
1403715979.934025049209595,15,5,9,5,11
1403715979.984025001525879,13,5,11,0,11
1403715980.034025669097900,19,5,10,7,11
1403715980.084025382995605,14,8,10,1,11
1403715980.134025096893311,13,6,11,0,11
1403715980.184025049209595,13,4,8,2,11
1403715980.234025239944458,15,5,9,2,11
1403715980.284025430679321,15,4,11,3,11
1403715980.334025621414185,15,4,11,1,11
1403715980.384025812149048,13,1,12,1,11
1403715980.434025526046753,13,7,13,0,11
1403715980.484025478363037,14,3,10,2,11
1403715980.534025669097900,13,4,11,1,11
1403715980.584025621414185,12,2,7,0,11
1403715980.634025573730469,18,0,4,7,11
1403715980.684025764465332,17,5,6,8,11
1403715980.734025716781616,14,3,10,1,11
1403715980.784025907516479,14,4,11,1,11
1403715980.834026098251343,16,4,11,4,11
1403715980.884026527404785,21,2,15,5,11
1403715980.934026718139648,23,3,19,3,11
1403715980.984026670455933,26,3,20,4,11
1403715981.034026861190796,16,7,11,3,11
1403715981.084027051925659,16,2,11,2,11
1403715981.134027004241943,15,3,8,1,11
1403715981.184027194976807,19,6,3,8,11
1403715981.234027147293091,18,7,3,5,11
1403715981.284027338027954,14,3,7,0,11
1403715981.334027528762817,8,4,7,1,11
1403715981.384028196334839,14,2,7,6,11
1403715981.434028148651123,16,2,7,5,11
1403715981.484028339385986,17,7,9,6,11
1403715981.534028530120850,15,1,13,0,11
1403715981.584028482437134,13,2,13,0,11
1403715981.634028434753418,16,1,13,3,11
1403715981.684028387069702,20,2,14,4,11
1403715981.734028577804565,18,0,16,2,11
1403715981.784028768539429,19,3,17,1,11
1403715981.834028244018555,24,1,18,5,11
1403715981.884027957916260,23,0,19,3,11
1403715981.934027194976807,23,1,17,3,11
1403715981.984027385711670,19,0,18,0,11
1403715982.034027814865112,22,3,15,5,11
1403715982.084028244018555,22,2,20,0,11
1403715982.134029150009155,24,2,19,5,11
1403715982.184029579162598,24,2,21,2,11
1403715982.234029531478882,18,2,18,0,11
1403715982.284029483795166,20,2,18,2,11
1403715982.334029197692871,25,0,20,5,11
1403715982.384028673171997,25,0,23,1,11
1403715982.434028625488281,28,0,23,4,11
1403715982.484028816223145,34,4,25,8,11
1403715982.534029245376587,37,2,26,7,11
1403715982.584029436111450,39,1,25,9,11
1403715982.634029388427734,34,1,33,0,11
1403715982.684029579162598,37,3,31,6,11
1403715982.734029769897461,41,1,33,8,11
1403715982.784030437469482,40,2,38,1,11
1403715982.834030389785767,37,4,35,0,11
1403715982.884030103683472,32,4,28,1,11
1403715982.934030294418335,31,2,28,3,11
1403715982.984030246734619,28,2,25,0,11
1403715983.034030437469482,17,4,16,0,11
1403715983.084030151367188,16,1,11,3,11
1403715983.134030342102051,20,1,10,8,11
1403715983.184030294418335,18,8,13,3,11
1403715983.234030246734619,14,1,12,1,11
1403715983.284029960632324,20,6,13,7,11
1403715983.334030151367188,17,1,11,5,11
1403715983.384030103683472,20,3,13,5,11
1403715983.434030532836914,22,4,14,4,11
1403715983.484030485153198,21,5,16,1,11
1403715983.534030914306641,27,2,14,10,11
1403715983.584030866622925,24,8,14,7,11
1403715983.634030818939209,22,5,19,0,11
1403715983.684030771255493,22,1,14,2,11
1403715983.734030723571777,26,2,12,6,11
1403715983.784030675888062,27,7,13,6,11
1403715983.834030866622925,23,3,15,1,11
1403715983.884030818939209,22,2,13,5,11
1403715983.934030771255493,18,6,16,0,11
1403715983.984030246734619,19,1,14,3,11
1403715984.034030199050903,21,6,14,3,11
1403715984.084029197692871,21,5,16,2,11
1403715984.134028911590576,19,5,15,3,11
1403715984.184028863906860,20,2,18,2,11
1403715984.234028577804565,19,5,18,0,11
1403715984.284029483795166,16,3,15,0,11
1403715984.334029436111450,15,2,14,0,11
1403715984.384029626846313,14,6,14,0,11
1403715984.434029817581177,14,4,14,0,11
1403715984.484030008316040,12,2,12,0,11
1403715984.534030437469482,13,7,12,1,11
1403715984.584029912948608,10,0,9,0,11
1403715984.634029865264893,5,3,3,0,11
1403715984.684029340744019,7,10,2,4,11
1403715984.734029054641724,9,2,4,3,11
1403715984.784029483795166,7,5,1,1,11
1403715984.834029674530029,7,7,1,2,11
1403715984.884029626846313,6,2,3,2,11
1403715984.934029817581177,6,3,5,1,11
1403715984.984029769897461,8,8,6,2,11
1403715985.034030675888062,12,3,8,4,11
1403715985.084030389785767,9,3,8,0,11
1403715985.134029626846313,10,2,7,2,11
1403715985.184028863906860,21,0,8,12,11
1403715985.234028339385986,21,2,17,0,11
1403715985.284028053283691,21,4,14,2,11
1403715985.334028720855713,30,2,13,12,11
1403715985.384029388427734,30,0,26,3,11
1403715985.434030055999756,30,4,30,0,11
1403715985.484031200408936,35,2,24,8,11
1403715985.534031867980957,34,2,26,2,11
1403715985.584032535552979,35,9,25,4,11
1403715985.634033203125000,33,3,22,3,11
1403715985.684033632278442,29,2,20,1,11
1403715985.734033107757568,28,2,21,4,11
1403715985.784032583236694,26,2,23,1,11
1403715985.834031581878662,25,1,20,0,11
1403715985.884029388427734,32,1,16,9,11
1403715985.934027194976807,30,3,19,2,11
1403715985.984025478363037,28,3,19,1,11
1403715986.034024238586426,29,0,20,7,11
1403715986.084024190902710,28,4,28,0,11
1403715986.134023666381836,29,3,27,2,11
1403715986.184022665023804,34,4,29,5,11
1403715986.234020471572876,43,3,32,10,11
1403715986.284018993377686,48,4,42,6,11
1403715986.334017515182495,49,8,47,2,11
1403715986.384016990661621,49,7,49,0,11
1403715986.434016704559326,48,0,47,0,11
1403715986.484014272689819,49,6,45,2,11
1403715986.534012556076050,49,2,45,2,11
1403715986.584009170532227,48,14,45,1,11
1403715986.634007930755615,46,2,39,1,11
1403715986.684007644653320,48,1,39,3,11
1403715986.734008073806763,45,1,41,2,11
1403715986.784008502960205,45,4,43,1,11
1403715986.834009170532227,46,2,42,2,11
1403715986.884010076522827,47,2,42,3,11
1403715986.934011220932007,50,3,46,3,11
1403715986.984013795852661,49,4,49,0,11
1403715987.034014701843262,49,0,49,0,11
1403715987.084015130996704,49,5,48,1,11
1403715987.134015321731567,50,6,49,1,11
1403715987.184014797210693,50,19,50,0,11
1403715987.234014034271240,48,1,45,0,11
1403715987.284013748168945,49,6,45,2,11
1403715987.334013223648071,49,0,46,2,11
1403715987.384011745452881,49,12,47,1,11
1403715987.434010982513428,46,7,43,0,11
1403715987.484011173248291,48,1,41,4,11
1403715987.534011125564575,49,0,43,2,11
1403715987.584011316299438,47,5,45,1,11
1403715987.634011268615723,45,0,44,0,11
1403715987.684011459350586,46,0,43,1,11
1403715987.734011650085449,46,0,44,1,11
1403715987.784012317657471,49,12,45,4,11
1403715987.834012269973755,46,0,44,0,11
1403715987.884012222290039,46,6,40,2,11
1403715987.934012174606323,38,1,33,0,11
1403715987.984012842178345,38,1,33,3,11
1403715988.034013509750366,36,0,33,0,11
1403715988.084014415740967,43,4,33,8,11
1403715988.134014368057251,43,3,37,2,11
1403715988.184014797210693,45,0,38,4,11
1403715988.234015464782715,44,1,42,2,11
1403715988.284016370773315,50,6,44,6,11
1403715988.334016323089600,50,1,49,0,11
1403715988.384016990661621,50,9,48,0,11
1403715988.434016942977905,49,0,48,0,11
1403715988.484018802642822,50,9,48,2,11
1403715988.534018993377686,49,0,48,0,11
1403715988.584019184112549,49,0,42,0,11
1403715988.634019613265991,47,9,41,1,11
1403715988.684019804000854,45,0,41,3,11
1403715988.734020233154297,44,1,41,0,11
1403715988.784021615982056,44,3,43,0,11
1403715988.834022045135498,43,3,43,0,11
1403715988.884022712707520,45,0,43,2,11
1403715988.934022665023804,44,2,44,0,11
1403715988.984022140502930,46,3,42,2,11
1403715989.034022331237793,46,0,43,0,11
1403715989.084022045135498,46,1,41,3,11
1403715989.134022235870361,49,2,44,4,11
1403715989.184021949768066,48,0,48,0,11
1403715989.234021902084351,48,3,47,0,11
1403715989.284022092819214,49,0,48,1,11
1403715989.334022283554077,49,0,45,0,11
1403715989.384022235870361,47,0,44,0,11
1403715989.434022188186646,45,6,44,1,11
1403715989.484022140502930,44,1,43,0,11
1403715989.534022569656372,44,0,43,0,11
1403715989.584022998809814,46,2,42,2,11
1403715989.634023666381836,45,1,43,1,11
1403715989.684023857116699,44,6,44,0,11
1403715989.734023332595825,46,4,44,2,11
1403715989.784023523330688,45,3,45,0,11
1403715989.834023237228394,47,11,45,2,11
1403715989.884022712707520,47,0,46,0,11
1403715989.934021949768066,48,0,45,1,11
1403715989.984022140502930,47,4,43,1,11
1403715990.034022092819214,47,4,45,1,11
1403715990.084021806716919,47,0,46,1,11
1403715990.134021997451782,47,3,44,0,11
1403715990.184021234512329,47,0,44,0,11
1403715990.234021186828613,43,0,41,0,11
1403715990.284021615982056,41,1,39,0,11
1403715990.334021568298340,46,9,39,7,11
1403715990.384021520614624,44,4,42,0,11
1403715990.434021472930908,43,1,41,0,11
1403715990.484021425247192,37,3,35,0,11
1403715990.534021615982056,35,2,33,0,11
1403715990.584021568298340,36,6,30,3,11
1403715990.634021520614624,35,11,27,3,11
1403715990.684021711349487,31,2,24,0,11
1403715990.734021663665771,23,3,18,0,11
1403715990.784021854400635,21,7,14,2,11
1403715990.834021806716919,17,1,13,3,11
1403715990.884021282196045,16,1,13,0,11
1403715990.934020996093750,13,1,10,1,11
1403715990.984020709991455,14,2,7,3,11
1403715991.034020185470581,14,1,8,4,11
1403715991.084019422531128,15,0,6,2,11
1403715991.134018659591675,14,0,8,0,11
1403715991.184018611907959,8,1,6,0,11
1403715991.234018564224243,10,0,0,2,11
1403715991.284018754959106,10,0,1,2,11
1403715991.334018707275391,6,0,2,2,11
1403715991.384018659591675,6,0,4,1,11
1403715991.434018611907959,6,1,4,1,11
1403715991.484018564224243,7,0,4,1,11
1403715991.534018993377686,7,0,4,1,11
1403715991.584018945693970,7,0,5,1,11
1403715991.634018898010254,7,0,6,1,11
1403715991.684018850326538,8,0,7,1,11
1403715991.734016895294189,16,0,8,8,11
1403715991.784016847610474,18,0,15,2,11
1403715991.834016799926758,19,0,17,1,11
1403715991.884016752243042,19,0,18,1,11
1403715991.934016704559326,19,0,19,0,11
1403715991.984016656875610,19,0,19,0,11
1403715992.034016847610474,19,0,19,0,11
1403715992.084016799926758,19,0,19,0,11
1403715992.134016752243042,19,0,19,0,11
1403715992.184016704559326,19,0,19,0,11
1403715992.234016656875610,19,0,19,0,11
1403715992.284016847610474,19,0,19,0,11
1403715992.334016799926758,19,0,19,0,11
1403715992.384016752243042,19,0,19,0,11
1403715992.434016704559326,19,0,19,0,11
1403715992.484016656875610,19,0,19,0,11
1403715992.534016847610474,19,0,19,0,11
1403715992.584016799926758,19,0,19,0,11
1403715992.634016752243042,19,0,19,0,11
1403715992.684016942977905,19,0,19,0,11
1403715992.734016895294189,19,0,19,0,11
1403715992.784017086029053,19,0,19,0,11
1403715992.834017038345337,19,0,19,0,11
1403715992.884016990661621,19,0,19,0,11
1403715992.934016942977905,19,0,19,0,11
1403715992.984016895294189,19,0,19,0,11
1403715993.034017086029053,19,0,19,0,11
1403715993.084017038345337,19,0,19,0,11
1403715993.134016990661621,19,0,19,0,11
1403715993.184016942977905,19,0,19,0,11
1403715993.234016895294189,19,0,19,0,11
1403715993.284017086029053,19,0,19,0,11
1403715993.334017038345337,19,0,19,0,11
1403715993.384016990661621,19,0,19,0,11
1403715993.434016942977905,19,0,19,0,11
1403715993.484016895294189,19,0,19,0,11
1403715993.534017086029053,19,0,19,0,11
1403715993.584017276763916,20,0,19,1,11
1403715993.634017229080200,20,0,20,0,11
1403715993.684017181396484,20,0,20,0,11
1403715993.734017133712769,20,0,20,0,11
1403715993.784017086029053,20,0,20,0,11
1403715993.834017038345337,20,0,20,0,11
1403715993.884016990661621,20,0,20,0,11
1403715993.934017181396484,20,0,20,0,11
1403715993.984017133712769,20,0,20,0,11
