# timestamp (sec),slam_feats_in_state,msckf_feats_used,slam_feats_updated,slam_feats_delayed_init,clones
1403715893.787102222442627,0,15,0,0,5
1403715893.831469297409058,13,13,0,13,6
1403715893.882427930831909,13,0,13,0,7
1403715893.932566165924072,13,0,13,0,8
1403715893.983155965805054,12,0,12,0,9
1403715894.033569335937500,12,0,12,0,10
1403715894.083359718322754,12,1,12,0,11
1403715894.134196996688843,12,0,12,0,11
1403715894.184696197509766,17,0,11,6,11
1403715894.234541654586792,19,0,17,2,11
1403715894.284382343292236,24,0,14,5,11
1403715894.334436655044556,23,0,22,0,11
1403715894.384433507919312,26,2,22,4,11
1403715894.433715820312500,41,21,26,15,11
1403715894.483723640441895,44,0,40,4,11
1403715894.533781528472900,44,0,44,0,11
1403715894.583454132080078,46,0,42,2,11
1403715894.633444070816040,47,0,45,1,11
1403715894.683390140533447,47,0,47,0,11
1403715894.733242273330688,47,0,46,0,11
1403715894.782614946365356,50,0,46,4,11
1403715894.832241535186768,50,4,49,0,11
1403715894.881999731063843,50,5,48,0,11
1403715894.932063102722168,49,0,47,1,11
1403715894.981852769851685,49,8,46,2,11
1403715895.031697511672974,45,22,43,0,11
1403715895.081788539886475,43,0,41,1,11
1403715895.131773710250854,42,0,41,0,11
1403715895.181716442108154,41,0,38,1,11
1403715895.231672525405884,40,5,38,1,11
1403715895.281684637069702,39,1,38,1,11
1403715895.331726312637329,36,0,34,0,11
1403715895.381814241409302,35,1,32,0,11
1403715895.432028293609619,40,2,31,7,11
1403715895.482080221176147,43,0,37,4,11
1403715895.532054424285889,42,0,37,1,11
1403715895.582108497619629,45,3,36,5,11
1403715895.632179975509644,45,19,40,3,11
1403715895.682231426239014,45,0,43,1,11
1403715895.732221841812134,47,8,38,4,11
1403715895.782210350036621,44,1,38,0,11
1403715895.832214117050171,42,0,37,3,11
1403715895.882150411605835,42,6,32,1,11
1403715895.932128429412842,42,1,12,2,11
1403715895.982115268707275,36,0,12,1,11
1403715896.032109975814819,29,1,2,16,11
1403715896.082078456878662,29,1,15,1,11
1403715896.132115840911865,22,0,6,3,11
1403715896.182109594345093,22,0,6,3,11
1403715896.232085943222046,22,0,8,10,11
1403715896.281989812850952,21,0,13,2,11
1403715896.331934213638306,21,0,14,1,11
1403715896.381967067718506,18,0,14,2,11
1403715896.431883811950684,18,0,9,1,11
1403715896.481824159622192,17,1,5,0,11
1403715896.531810522079468,17,0,3,7,11
1403715896.581806898117065,17,0,9,5,11
1403715896.631695747375488,22,0,14,7,11
1403715896.681654930114746,22,1,20,1,11
1403715896.731698989868164,28,2,18,6,11
1403715896.781817674636841,29,0,10,1,11
1403715896.832105636596680,37,16,25,12,11
1403715896.882135391235352,38,0,37,1,11
1403715896.932166814804077,45,0,36,7,11
1403715896.982216358184814,48,0,43,3,11
1403715897.032339096069336,48,2,45,2,11
1403715897.082790851593018,50,12,46,2,11
1403715897.132993221282959,49,0,44,0,11
1403715897.183167219161987,50,0,45,2,11
1403715897.233153820037842,48,0,46,2,11
1403715897.283118247985840,48,2,46,0,11
1403715897.333237171173096,47,2,43,1,11
1403715897.383150339126587,46,5,42,3,11
1403715897.433286190032959,46,17,40,2,11
1403715897.483251571655273,45,1,40,0,11
1403715897.533235073089600,40,4,38,1,11
1403715897.583394050598145,40,1,35,1,11
1403715897.633482217788696,40,4,34,0,11
1403715897.683457851409912,45,0,34,9,11
1403715897.733440876007080,43,4,41,2,11
1403715897.783423185348511,41,3,39,0,11
1403715897.833394050598145,41,1,36,2,11
1403715897.883373022079468,44,5,36,5,11
1403715897.933380126953125,42,3,36,0,11
1403715897.983407497406006,39,2,34,1,11
1403715898.033464431762695,42,17,32,8,11
1403715898.083456516265869,38,3,36,0,11
1403715898.133481502532959,36,7,29,0,11
1403715898.183485269546509,30,4,27,1,11
1403715898.233469486236572,27,6,24,0,11
1403715898.283440113067627,25,9,23,0,11
1403715898.333417654037476,28,4,23,5,11
1403715898.383422851562500,28,1,26,0,11
1403715898.433426141738892,27,7,20,0,11
1403715898.483434200286865,21,4,17,2,11
1403715898.533455371856689,19,9,18,0,11
1403715898.583398342132568,22,8,18,3,11
1403715898.633350133895874,31,5,21,10,11
1403715898.683325290679932,27,2,25,0,11
1403715898.733263254165649,29,6,21,4,11
1403715898.783247947692871,19,7,14,2,11
1403715898.833202600479126,19,1,13,2,11
1403715898.883187294006348,17,1,15,1,11
1403715898.933207750320435,22,4,16,6,11
1403715898.983164548873901,26,2,20,4,11
1403715899.033170938491821,27,3,5,2,11
1403715899.083086729049683,29,7,6,7,11
1403715899.133033990859985,18,7,9,3,11
1403715899.183007240295410,18,8,12,3,11
1403715899.232986211776733,16,2,11,2,11
1403715899.282965660095215,21,5,13,8,11
1403715899.332975625991821,21,8,21,0,11
1403715899.383049726486206,32,5,13,11,11
1403715899.433083057403564,31,3,18,3,11
1403715899.483182430267334,27,4,14,2,11
1403715899.533195018768311,27,1,4,6,11
1403715899.583201169967651,24,4,9,2,11
1403715899.633326292037964,26,2,10,14,11
1403715899.683322668075562,25,2,21,0,11
1403715899.733443737030029,37,3,8,12,11
1403715899.783463954925537,35,4,22,3,11
1403715899.833522796630859,42,1,24,13,11
1403715899.883541345596313,38,4,36,2,11
1403715899.933565616607666,37,1,35,2,11
1403715899.983664989471436,37,3,34,3,11
1403715900.033742427825928,36,3,35,0,11
1403715900.083775758743286,37,1,34,2,11
1403715900.133852243423462,39,1,33,3,11
1403715900.183910608291626,36,1,28,1,11
1403715900.233980178833008,40,1,29,6,11
1403715900.284078121185303,37,0,29,3,11
1403715900.334043979644775,38,1,30,5,11
1403715900.384032726287842,38,1,35,3,11
1403715900.434124231338501,37,3,35,1,11
1403715900.484131574630737,38,4,32,5,11
1403715900.534139156341553,38,5,31,6,11
1403715900.584121465682983,40,8,22,7,11
1403715900.634017229080200,38,3,26,2,11
1403715900.683934450149536,29,2,21,5,11
1403715900.733902931213379,27,2,21,2,11
1403715900.783871412277222,27,1,18,5,11
1403715900.833864450454712,25,2,20,0,11
1403715900.883856773376465,24,1,19,3,11
1403715900.933845043182373,22,2,22,0,11
1403715900.983856439590454,22,4,22,0,11
1403715901.033864974975586,22,4,20,1,11
1403715901.083861351013184,22,5,17,2,11
1403715901.133844852447510,22,7,20,1,11
1403715901.183841705322266,23,1,16,2,11
1403715901.233842611312866,25,1,13,3,11
1403715901.283845901489258,26,0,14,7,11
1403715901.333845376968384,26,1,18,3,11
1403715901.383860826492310,27,2,19,3,11
1403715901.433868885040283,28,1,22,4,11
1403715901.483854293823242,26,3,22,0,11
1403715901.533804655075073,27,1,21,1,11
1403715901.583747625350952,26,0,21,3,11
1403715901.633714914321899,27,3,24,2,11
1403715901.683691024780273,28,0,26,2,11
1403715901.733681678771973,31,0,27,3,11
1403715901.783661127090454,35,2,30,4,11
1403715901.833674192428589,39,2,32,5,11
1403715901.883676767349243,40,3,37,1,11
1403715901.933675527572632,38,2,36,1,11
1403715901.983713865280151,39,2,34,2,11
1403715902.033735752105713,39,3,33,2,11
1403715902.083763122558594,42,2,33,5,11
1403715902.133784055709839,40,1,37,1,11
1403715902.183806419372559,46,4,37,7,11
1403715902.233808517456055,46,2,44,1,11
1403715902.283789873123169,45,1,43,1,11
1403715902.333787202835083,44,3,40,0,11
1403715902.383783817291260,42,3,40,0,11
1403715902.433780193328857,42,6,40,2,11
1403715902.483787775039673,42,7,36,1,11
1403715902.533782482147217,42,1,37,1,11
1403715902.583774805068970,44,1,38,6,11
1403715902.633749723434448,48,3,43,4,11
1403715902.683745861053467,50,2,46,2,11
1403715902.733714580535889,50,8,46,1,11
1403715902.783735752105713,49,5,44,0,11
1403715902.833756923675537,48,1,42,1,11
1403715902.883724451065063,47,5,41,4,11
1403715902.933708429336548,44,4,43,1,11
1403715902.983702659606934,42,4,40,1,11
1403715903.033710002899170,46,3,40,5,11
1403715903.083716392517090,42,2,38,0,11
1403715903.133713483810425,40,3,35,2,11
1403715903.183701992034912,37,8,36,1,11
1403715903.233683586120605,40,4,36,3,11
1403715903.283644914627075,40,4,38,0,11
1403715903.333619117736816,41,2,35,3,11
1403715903.383590459823608,47,7,38,7,11
1403715903.433596849441528,45,0,42,0,11
1403715903.483650922775269,41,6,30,3,11
1403715903.533685207366943,46,8,33,9,11
1403715903.583640098571777,42,0,35,1,11
1403715903.633623361587524,38,3,30,0,11
1403715903.683586359024048,40,3,28,8,11
1403715903.733564376831055,33,2,30,0,11
1403715903.783568859100342,29,8,27,1,11
1403715903.833564281463623,21,13,21,0,11
1403715903.883575916290283,22,4,18,2,11
1403715903.933576345443726,21,4,17,0,11
1403715903.983577251434326,16,11,11,4,11
1403715904.033592224121094,14,1,13,0,11
1403715904.083621263504028,13,3,12,0,11
1403715904.133641481399536,12,3,12,0,11
1403715904.183675527572632,14,8,11,2,11
1403715904.233696222305298,20,1,12,6,11
1403715904.283720493316650,19,4,18,0,11
1403715904.333768844604492,26,2,18,8,11
1403715904.383795022964478,26,3,26,0,11
1403715904.433832645416260,26,6,26,0,11
1403715904.483855485916138,28,3,25,2,11
1403715904.533874988555908,28,0,26,1,11
1403715904.583898067474365,29,1,23,6,11
1403715904.633915662765503,30,0,29,1,11
1403715904.683906078338623,28,1,26,1,11
1403715904.733896732330322,31,2,25,4,11
1403715904.783869266510010,31,2,28,2,11
1403715904.833835363388062,31,0,26,3,11
1403715904.883826017379761,33,4,25,3,11
1403715904.933823347091675,31,2,20,2,11
1403715904.983824968338013,25,1,20,0,11
1403715905.033827066421509,23,5,15,6,11
1403715905.083832025527954,22,0,17,1,11
1403715905.133836984634399,18,1,17,0,11
1403715905.183846235275269,18,8,15,1,11
1403715905.233848571777344,18,0,18,0,11
1403715905.283862352371216,19,2,16,1,11
1403715905.333867311477661,18,3,16,1,11
1403715905.383887529373169,18,4,15,2,11
1403715905.433881759643555,19,1,18,1,11
1403715905.483872652053833,23,1,17,5,11
1403715905.533891201019287,23,2,19,3,11
1403715905.583925008773804,24,1,19,3,11
1403715905.633963108062744,26,5,14,4,11
1403715905.683993816375732,24,3,16,1,11
1403715905.734050273895264,22,0,16,5,11
1403715905.784097909927368,24,0,16,4,11
1403715905.834136724472046,27,2,20,5,11
1403715905.884129047393799,25,3,18,4,11
1403715905.934117317199707,30,1,21,6,11
1403715905.984132289886475,27,2,26,0,11
1403715906.034142017364502,26,3,26,0,11
1403715906.084156513214111,24,5,21,1,11
1403715906.134155511856079,25,6,18,3,11
1403715906.184133768081665,31,2,19,9,11
1403715906.234135150909424,27,3,24,1,11
1403715906.284136533737183,22,1,19,0,11
1403715906.334138870239258,26,2,18,6,11
1403715906.384118318557739,25,2,19,0,11
1403715906.434111118316650,28,1,18,5,11
1403715906.484102725982666,25,1,17,1,11
1403715906.534101724624634,29,0,13,5,11
1403715906.584100008010864,24,1,14,2,11
1403715906.634082317352295,23,2,13,6,11
1403715906.684076070785522,25,2,15,3,11
1403715906.734057188034058,21,0,13,1,11
1403715906.784055233001709,19,0,7,2,11
1403715906.834045886993408,20,0,7,6,11
1403715906.884036540985107,16,0,9,2,11
1403715906.934032201766968,14,0,10,0,11
1403715906.984008312225342,13,2,9,3,11
1403715907.034006834030151,10,1,10,0,11
1403715907.084014177322388,10,1,9,0,11
1403715907.134010553359985,10,1,10,0,11
1403715907.184008836746216,10,0,10,0,11
1403715907.234004020690918,14,0,10,4,11
1403715907.284002304077148,14,0,14,0,11
1403715907.333999872207642,9,0,9,0,11
1403715907.383998155593872,12,0,9,3,11
1403715907.434000253677368,12,0,11,1,11
1403715907.484002351760864,12,0,12,0,11
1403715907.533994913101196,12,1,10,2,11
1403715907.583994150161743,11,0,9,2,11
1403715907.633978843688965,13,0,8,5,11
1403715907.683982610702515,14,0,11,3,11
1403715907.734000205993652,24,4,14,10,11
1403715907.784008741378784,23,1,21,1,11
1403715907.834009170532227,27,2,16,11,11
1403715907.884001731872559,28,3,26,2,11
1403715907.933989286422729,28,0,25,3,11
1403715907.983983278274536,28,1,27,0,11
1403715908.033979177474976,29,1,26,2,11
1403715908.083968877792358,28,1,25,1,11
1403715908.133953809738159,33,0,23,7,11
1403715908.183927774429321,38,3,25,7,11
1403715908.233927965164185,35,2,31,1,11
1403715908.283902168273926,40,0,29,9,11
1403715908.333899974822998,34,0,33,0,11
1403715908.383904457092285,36,1,29,6,11
1403715908.433909177780151,36,0,33,2,11
1403715908.483912706375122,33,1,32,0,11
1403715908.533910036087036,35,0,29,4,11
1403715908.583891391754150,41,0,27,10,11
1403715908.633880376815796,35,0,29,1,11
1403715908.683858633041382,32,0,29,2,11
1403715908.733851909637451,26,1,24,1,11
1403715908.783827304840088,34,0,21,12,11
1403715908.833841800689697,30,1,29,0,11
1403715908.883860349655151,30,0,24,0,11
1403715908.933876514434814,40,1,23,12,11
1403715908.983885765075684,37,1,35,2,11
1403715909.033891677856445,37,0,36,1,11
1403715909.083901166915894,42,1,34,8,11
1403715909.133908271789551,41,0,40,0,11
1403715909.183906793594360,31,1,30,0,11
1403715909.233925104141235,47,1,29,17,11
1403715909.283938884735107,46,0,45,0,11
1403715909.333944082260132,45,0,43,0,11
1403715909.383946180343628,46,1,42,3,11
1403715909.433956146240234,49,7,42,5,11
1403715909.483957767486572,45,16,41,1,11
1403715909.533956527709961,45,2,41,2,11
1403715909.583951234817505,42,0,39,0,11
1403715909.633954763412476,42,0,34,0,11
1403715909.683941602706909,36,1,26,1,11
1403715909.733967542648315,34,7,25,3,11
1403715909.783979654312134,38,1,24,9,11
1403715909.833965539932251,33,2,24,1,11
1403715909.883964538574219,31,1,20,0,11
1403715909.933963060379028,27,3,16,3,11
1403715909.983956336975098,21,9,15,1,11
1403715910.033951997756958,22,10,10,4,11
1403715910.083961248397827,26,4,4,10,11
1403715910.133964300155640,12,2,2,0,11
1403715910.183975219726562,10,1,1,3,11
1403715910.233978986740112,4,3,3,0,11
1403715910.283992052078247,4,5,3,0,11
1403715910.334007501602173,0,12,0,0,11
1403715910.384017705917358,1,3,0,1,11
1403715910.434016942977905,1,2,1,0,11
1403715910.484016418457031,2,2,0,1,11
1403715910.534036397933960,7,3,0,5,11
1403715910.584040403366089,7,3,5,1,11
1403715910.634049177169800,6,3,6,0,11
1403715910.684054851531982,7,6,6,1,11
1403715910.734060525894165,7,2,7,0,11
1403715910.784077644348145,17,2,7,10,11
1403715910.834076642990112,20,2,17,3,11
1403715910.884073019027710,28,1,19,9,11
1403715910.934074163436890,32,5,28,4,11
1403715910.984074831008911,30,11,29,0,11
1403715911.034086465835571,32,0,28,2,11
1403715911.084104061126709,31,0,28,0,11
1403715911.134123086929321,38,1,28,8,11
1403715911.184138059616089,39,2,27,4,11
1403715911.234130144119263,37,6,29,0,11
1403715911.284134149551392,35,4,28,4,11
1403715911.334126949310303,31,7,29,0,11
1403715911.384124040603638,30,4,26,0,11
1403715911.434122323989868,17,3,16,0,11
1403715911.484122276306152,17,2,16,1,11
1403715911.534137487411499,22,4,17,5,11
1403715911.584143877029419,21,2,18,0,11
1403715911.634155988693237,20,3,3,3,11
1403715911.684155225753784,15,1,0,1,11
1403715911.734154462814331,10,1,1,4,11
1403715911.784148454666138,6,3,4,2,11
1403715911.834140777587891,6,4,5,0,11
1403715911.884140014648438,6,3,5,0,11
1403715911.934135913848877,5,0,5,0,11
1403715911.984122037887573,5,4,3,0,11
1403715912.034118652343750,4,2,3,0,11
1403715912.084101915359497,4,8,3,1,11
1403715912.134058713912964,11,1,4,7,11
1403715912.184045076370239,14,3,10,4,11
1403715912.234023809432983,19,2,12,6,11
1403715912.284015417098999,21,2,15,4,11
1403715912.334011316299438,22,3,15,3,11
1403715912.384018182754517,30,8,18,10,11
1403715912.434014320373535,28,3,24,0,11
1403715912.484006404876709,32,3,22,4,11
1403715912.534001350402832,36,5,23,12,11
1403715912.584004163742065,33,3,27,0,11
1403715912.634010314941406,30,7,22,0,11
1403715912.684010982513428,27,7,17,5,11
1403715912.734008312225342,27,4,20,2,11
1403715912.784004449844360,32,2,21,9,11
1403715912.834000825881958,29,11,23,1,11
1403715912.884006023406982,26,1,12,0,11
1403715912.934008121490479,19,2,7,1,11
1403715912.984025239944458,15,1,6,5,11
1403715913.034026145935059,6,4,3,0,11
1403715913.084031105041504,6,3,2,0,11
1403715913.134079694747925,14,4,2,11,11
1403715913.184076309204102,14,3,5,1,11
1403715913.234073162078857,14,1,5,0,11
1403715913.284071922302246,11,2,5,5,11
1403715913.334070682525635,10,5,10,0,11
1403715913.384070634841919,10,2,9,0,11
1403715913.434053897857666,16,5,7,7,11
1403715913.484040260314941,21,3,14,6,11
1403715913.534036636352539,23,6,20,3,11
1403715913.584039211273193,28,1,12,5,11
1403715913.634022712707520,31,1,9,3,11
1403715913.684017181396484,37,1,3,17,11
1403715913.733995676040649,39,1,15,10,11
1403715913.783961296081543,33,3,21,3,11
1403715913.833925008773804,33,1,19,6,11
1403715913.883912324905396,32,1,25,3,11
1403715913.933931589126587,32,2,26,6,11
1403715913.983929872512817,35,0,32,3,11
1403715914.033934116363525,36,4,34,2,11
1403715914.083958387374878,34,2,34,0,11
1403715914.133989572525024,34,0,25,3,11
1403715914.183985471725464,34,3,27,2,11
1403715914.233985185623169,34,4,18,5,11
1403715914.283965826034546,36,4,16,2,11
1403715914.333948135375977,34,0,11,9,11
1403715914.383914709091187,35,0,19,8,11
1403715914.433878421783447,34,4,25,6,11
1403715914.483867168426514,37,0,31,5,11
1403715914.533885955810547,37,2,36,1,11
1403715914.583860158920288,50,5,32,13,11
1403715914.633860588073730,49,2,48,0,11
1403715914.683864355087280,48,0,47,1,11
1403715914.733866453170776,48,3,46,1,11
1403715914.783864974975586,48,9,45,1,11
1403715914.833883762359619,46,3,43,0,11
1403715914.883902072906494,47,0,38,4,11
1403715914.933897733688354,46,4,38,2,11
1403715914.983886241912842,42,0,36,1,11
1403715915.033869981765747,48,12,37,9,11
1403715915.083882570266724,50,0,46,4,11
1403715915.133878707885742,50,0,46,0,11
1403715915.183828353881836,49,6,45,0,11
1403715915.233792304992676,46,4,45,1,11
1403715915.283786058425903,46,2,46,0,11
1403715915.333755731582642,49,5,46,3,11
1403715915.383746623992920,47,5,45,0,11
1403715915.433757543563843,48,2,44,1,11
1403715915.483788013458252,49,0,34,3,11
1403715915.533830404281616,49,3,30,1,11
1403715915.583850622177124,45,2,21,7,11
1403715915.633902311325073,45,5,18,10,11
1403715915.683916807174683,42,0,22,5,11
1403715915.733930110931396,37,4,21,4,11
1403715915.783981323242188,40,2,25,9,11
1403715915.833987712860107,39,2,33,5,11
1403715915.883994340896606,39,4,38,0,11
1403715915.934015274047852,40,1,34,3,11
1403715915.984006881713867,42,1,36,2,11
1403715916.034005641937256,40,1,37,2,11
1403715916.084011793136597,41,0,39,1,11
1403715916.134045839309692,45,5,36,5,11
1403715916.184051752090454,49,0,35,4,11
1403715916.234067916870117,45,1,41,2,11
1403715916.284049510955811,43,2,36,1,11
1403715916.334040641784668,47,1,36,9,11
1403715916.384021997451782,50,5,43,4,11
1403715916.433990955352783,47,1,37,0,11
1403715916.483979225158691,42,1,24,2,11
1403715916.533969640731812,41,2,16,5,11
1403715916.583956003189087,42,2,17,13,11
1403715916.633951187133789,38,0,27,5,11
1403715916.683964729309082,34,1,22,2,11
1403715916.733971834182739,32,0,14,2,11
1403715916.783977985382080,27,1,17,4,11
1403715916.833988904953003,24,2,18,4,11
1403715916.884004592895508,24,5,22,0,11
1403715916.934001922607422,23,1,19,2,11
1403715916.984016418457031,23,0,18,3,11
1403715917.034030914306641,28,4,19,8,11
1403715917.084020137786865,29,5,22,1,11
1403715917.134005069732666,24,9,16,3,11
1403715917.183984994888306,27,5,14,7,11
1403715917.233981609344482,27,1,18,2,11
1403715917.283993005752563,23,1,15,1,11
1403715917.333993434906006,24,1,18,5,11
1403715917.384006261825562,22,3,19,1,11
1403715917.434035301208496,25,0,18,4,11
1403715917.484060049057007,27,0,22,5,11
1403715917.534082412719727,28,0,21,1,11
1403715917.584082841873169,27,0,1,0,11
1403715917.634075880050659,26,1,1,5,11
1403715917.684077262878418,20,2,4,14,11
1403715917.734072208404541,20,0,17,0,11
1403715917.784061431884766,20,0,14,2,11
1403715917.834047794342041,19,1,14,0,11
1403715917.884037971496582,20,1,12,4,11
1403715917.934035539627075,20,0,13,2,11
1403715917.984039783477783,20,2,14,2,11
1403715918.034040689468384,18,0,7,1,11
1403715918.084041833877563,19,1,13,2,11
1403715918.134021043777466,23,2,15,8,11
1403715918.184030055999756,25,1,20,3,11
1403715918.234040737152100,28,1,14,3,11
1403715918.284062147140503,33,3,12,9,11
1403715918.334053754806519,35,2,10,10,11
1403715918.384037256240845,36,2,18,5,11
1403715918.434020042419434,36,1,19,12,11
1403715918.484025001525879,35,1,10,2,11
1403715918.534032583236694,33,3,11,6,11
1403715918.584037303924561,30,4,16,14,11
1403715918.634036540985107,34,0,29,4,11
1403715918.684043407440186,34,3,32,1,11
1403715918.734045982360840,35,4,32,2,11
1403715918.784042835235596,33,2,32,1,11
1403715918.834033966064453,31,1,29,0,11
1403715918.884025096893311,31,3,29,0,11
1403715918.934014558792114,29,1,26,2,11
1403715918.984012603759766,31,0,25,2,11
1403715919.034007310867310,32,5,24,3,11
1403715919.083986043930054,40,1,27,11,11
1403715919.133969545364380,47,3,32,9,11
1403715919.183933258056641,50,3,39,3,11
1403715919.233918428421021,46,1,38,2,11
1403715919.283894777297974,47,0,39,5,11
1403715919.333884954452515,48,19,42,3,11
1403715919.383884668350220,49,2,46,2,11
1403715919.433884382247925,48,0,47,0,11
1403715919.483885288238525,47,0,46,0,11
1403715919.533869028091431,49,0,42,3,11
1403715919.583845138549805,49,0,39,0,11
1403715919.633831739425659,48,3,38,4,11
1403715919.683800220489502,47,0,38,2,11
1403715919.733767986297607,47,2,38,4,11
1403715919.783737421035767,49,1,40,5,11
1403715919.833712339401245,49,18,45,2,11
1403715919.883716106414795,50,0,45,2,11
1403715919.933715105056763,50,20,46,1,11
1403715919.983723163604736,48,1,47,0,11
1403715920.033720493316650,49,0,45,2,11
1403715920.083731889724731,49,1,45,0,11
1403715920.133758544921875,49,1,45,2,11
1403715920.183782100677490,49,0,46,2,11
1403715920.233803987503052,49,1,48,0,11
1403715920.283829927444458,50,2,48,2,11
1403715920.333803415298462,50,4,49,0,11
1403715920.383805751800537,50,6,47,0,11
1403715920.433803081512451,49,20,42,1,11
1403715920.483798980712891,48,1,41,1,11
1403715920.533788442611694,45,16,39,4,11
1403715920.583784580230713,43,2,40,2,11
1403715920.633772134780884,43,0,41,0,11
1403715920.683770179748535,42,2,38,0,11
1403715920.733760595321655,42,4,38,1,11
1403715920.783751964569092,40,9,37,2,11
1403715920.833752870559692,40,2,36,0,11
1403715920.883756637573242,41,2,35,2,11
1403715920.933752298355103,42,2,36,5,11
1403715920.983765602111816,48,3,37,7,11
1403715921.033769607543945,49,9,44,2,11
1403715921.083773851394653,46,1,39,2,11
1403715921.133774518966675,47,5,40,4,11
1403715921.183770418167114,47,3,42,2,11
1403715921.233769416809082,46,6,43,2,11
1403715921.283769845962524,48,8,44,4,11
1403715921.333775281906128,47,6,44,0,11
1403715921.383782148361206,46,5,37,1,11
1403715921.433781147003174,47,3,37,5,11
1403715921.483799457550049,45,4,42,3,11
1403715921.533796787261963,43,2,42,1,11
1403715921.583798885345459,44,2,42,2,11
1403715921.633799552917480,47,5,42,4,11
1403715921.683796644210815,47,4,45,0,11
1403715921.733794450759888,44,5,40,2,11
1403715921.783792734146118,41,3,36,0,11
1403715921.833793163299561,44,4,30,5,11
1403715921.883794307708740,41,4,30,4,11
1403715921.933795452117920,34,7,30,1,11
1403715921.983795404434204,38,1,31,6,11
1403715922.033797502517700,38,0,36,1,11
1403715922.083795547485352,37,2,33,0,11
1403715922.133795261383057,35,5,28,2,11
1403715922.183794498443604,30,1,24,0,11
1403715922.233792781829834,28,3,21,2,11
1403715922.283792018890381,29,2,18,7,11
1403715922.333793401718140,26,8,23,1,11
1403715922.383795022964478,23,3,18,3,11
1403715922.433796405792236,30,4,20,9,11
1403715922.483792304992676,30,3,29,1,11
1403715922.533790111541748,32,5,28,3,11
1403715922.583791017532349,26,6,24,0,11
1403715922.633790254592896,24,1,21,0,11
1403715922.683787822723389,21,3,20,1,11
1403715922.733784675598145,27,1,20,6,11
1403715922.783782005310059,27,1,26,0,11
1403715922.833779573440552,27,3,26,1,11
1403715922.883779525756836,27,4,25,0,11
1403715922.933780670166016,30,0,23,5,11
1403715922.983784675598145,31,0,28,2,11
1403715923.033787488937378,30,1,29,1,11
1403715923.083789825439453,31,1,28,2,11
1403715923.133795738220215,39,1,28,8,11
1403715923.183802843093872,41,1,34,4,11
1403715923.233804464340210,42,1,38,3,11
1403715923.283815860748291,44,6,36,3,11
1403715923.333829641342163,45,3,32,2,11
1403715923.383826494216919,43,3,30,3,11
1403715923.433832168579102,38,3,29,3,11
1403715923.483835935592651,35,2,28,1,11
1403715923.533841371536255,34,0,29,3,11
1403715923.583843708038330,34,1,22,0,11
1403715923.633842706680298,32,1,23,3,11
1403715923.683843851089478,35,1,25,10,11
1403715923.733852863311768,42,1,34,8,11
1403715923.783852577209473,42,0,41,0,11
1403715923.833860158920288,43,2,39,2,11
1403715923.883868694305420,45,1,39,4,11
1403715923.933871030807495,45,7,40,1,11
1403715923.983870744705200,46,1,40,3,11
1403715924.033873319625854,41,4,34,2,11
1403715924.083870887756348,39,1,33,1,11
1403715924.133879661560059,36,0,25,3,11
1403715924.183883190155029,35,2,28,0,11
1403715924.233888864517212,32,6,24,5,11
1403715924.283894777297974,33,2,29,2,11
1403715924.333898305892944,32,1,30,1,11
1403715924.383897304534912,33,3,29,1,11
1403715924.433895349502563,29,4,26,0,11
1403715924.483893871307373,29,1,22,2,11
1403715924.533896446228027,31,1,22,7,11
1403715924.583896160125732,27,4,24,0,11
1403715924.633894681930542,26,6,23,0,11
1403715924.683887720108032,21,2,16,0,11
1403715924.733883142471313,19,2,7,4,11
1403715924.783875942230225,17,7,9,4,11
1403715924.833867549896240,17,2,11,2,11
1403715924.883864164352417,16,3,12,1,11
1403715924.933857679367065,16,3,13,3,11
1403715924.983855247497559,15,9,15,0,11
1403715925.033851385116577,18,1,14,3,11
1403715925.083846569061279,18,4,12,2,11
1403715925.133844852447510,14,3,11,1,11
1403715925.183841466903687,13,4,9,2,11
1403715925.233836412429810,11,3,7,0,11
1403715925.283824682235718,15,15,6,5,11
1403715925.333816051483154,15,1,8,3,11
1403715925.383811950683594,15,4,10,1,11
1403715925.433788061141968,15,12,10,3,11
1403715925.483785629272461,14,2,8,0,11
1403715925.533777475357056,14,8,7,3,11
1403715925.583766222000122,18,9,8,8,11
1403715925.633765220642090,21,1,15,4,11
1403715925.683765888214111,20,3,4,0,11
1403715925.733768701553345,19,3,1,0,11
1403715925.783787965774536,7,3,3,3,11
1403715925.833794355392456,6,6,6,0,11
1403715925.883808374404907,7,9,5,2,11
1403715925.933809041976929,6,2,6,0,11
1403715925.983824491500854,9,11,6,3,11
1403715926.033839225769043,13,11,9,4,11
1403715926.083848953247070,16,7,10,5,11
1403715926.133851766586304,20,11,13,4,11
1403715926.183855772018433,22,7,14,3,11
1403715926.233859062194824,22,7,11,4,11
1403715926.283865451812744,29,6,13,9,11
1403715926.333867073059082,23,4,16,1,11
1403715926.383878707885742,25,4,13,10,11
1403715926.433878898620605,24,1,19,2,11
1403715926.483882188796997,27,4,16,5,11
1403715926.533893585205078,24,2,20,2,11
1403715926.583900451660156,23,3,21,1,11
1403715926.633914470672607,22,2,17,3,11
1403715926.683928966522217,20,5,15,2,11
1403715926.733936071395874,22,0,15,2,11
1403715926.783952474594116,24,8,14,5,11
1403715926.833956003189087,25,3,13,3,11
1403715926.883956670761108,24,4,10,4,11
1403715926.933947086334229,27,5,7,8,11
1403715926.983943462371826,25,1,13,3,11
1403715927.033928632736206,19,2,10,2,11
1403715927.083917617797852,20,3,9,3,11
1403715927.133909940719604,17,2,8,2,11
1403715927.183886528015137,18,1,9,4,11
1403715927.233850240707397,19,9,13,5,11
1403715927.283826112747192,20,2,16,3,11
1403715927.333783626556396,25,6,19,6,11
1403715927.383781671524048,22,2,22,0,11
1403715927.433762311935425,35,1,19,13,11
1403715927.483762264251709,34,2,31,0,11
1403715927.533757925033569,28,5,28,0,11
1403715927.583755016326904,28,1,25,1,11
1403715927.633740901947021,44,1,25,16,11
1403715927.683725595474243,43,2,38,3,11
1403715927.733716487884521,45,0,38,5,11
1403715927.783714771270752,48,0,42,5,11
1403715927.833728313446045,49,1,46,2,11
1403715927.883720636367798,48,3,45,1,11
1403715927.933718681335449,44,13,43,1,11
1403715927.983712673187256,44,2,44,0,11
1403715928.033715724945068,43,1,39,0,11
1403715928.083719491958618,39,4,32,0,11
1403715928.133731126785278,38,5,21,7,11
1403715928.183733701705933,32,1,17,1,11
1403715928.233743667602539,26,3,13,3,11
1403715928.283754348754883,26,4,9,8,11
1403715928.333767652511597,22,5,17,2,11
1403715928.383782863616943,22,2,11,5,11
1403715928.433786392211914,20,3,11,0,11
1403715928.483785867691040,16,2,8,0,11
1403715928.533785104751587,9,5,4,1,11
1403715928.583779811859131,8,2,3,4,11
1403715928.633778333663940,8,4,4,0,11
1403715928.683777809143066,3,3,1,0,11
1403715928.733770608901978,2,8,1,1,11
1403715928.783763885498047,4,3,2,2,11
1403715928.833765745162964,4,1,4,0,11
1403715928.883767366409302,4,3,4,0,11
1403715928.933771848678589,4,5,3,0,11
1403715928.983770847320557,6,1,0,2,11
1403715929.033771514892578,5,1,0,0,11
1403715929.083771228790283,3,1,0,1,11
1403715929.133774518966675,1,1,1,0,11
1403715929.183778762817383,2,0,1,1,11
1403715929.233780145645142,2,0,1,0,11
1403715929.283780336380005,2,0,0,0,11
1403715929.333780288696289,1,0,0,0,11
1403715929.383780241012573,1,0,0,1,11
1403715929.433779954910278,1,0,1,0,11
1403715929.483780384063721,1,0,1,0,11
1403715929.533780813217163,1,2,0,0,11
1403715929.583780765533447,1,0,0,0,11
1403715929.633780717849731,0,0,0,0,11
1403715929.683780670166016,0,0,0,0,11
1403715929.733780622482300,0,0,0,0,11
1403715929.783780813217163,0,0,0,0,11
1403715929.833780765533447,0,0,0,0,11
1403715929.883780717849731,0,1,0,0,11
1403715929.933780670166016,0,0,0,0,11
1403715929.983780860900879,0,1,0,0,11
1403715930.033781528472900,0,2,0,0,11
1403715930.083781480789185,0,1,0,0,11
1403715930.133781433105469,0,0,0,0,11
1403715930.183781385421753,0,0,0,0,11
1403715930.233781337738037,0,0,0,0,11
1403715930.283781528472900,0,0,0,0,11
1403715930.333781480789185,0,0,0,0,11
1403715930.383781433105469,0,0,0,0,11
1403715930.433781385421753,0,0,0,0,11
1403715930.483767271041870,1,2,0,1,11
1403715930.533767461776733,1,0,0,0,11
1403715930.583767414093018,1,0,0,0,11
1403715930.633767366409302,0,0,0,0,11
1403715930.683767318725586,0,0,0,0,11
1403715930.733767271041870,0,0,0,0,11
1403715930.783767461776733,0,0,0,0,11
1403715930.833767414093018,0,0,0,0,11
1403715930.883769512176514,0,1,0,0,11
1403715930.933772325515747,0,1,0,0,11
1403715930.983772277832031,0,0,0,0,11
1403715931.033772468566895,0,0,0,0,11
1403715931.083788871765137,1,2,0,1,11
1403715931.133790254592896,2,0,1,1,11
1403715931.183791875839233,3,0,2,1,11
1403715931.233792304992676,3,0,3,0,11
1403715931.283791542053223,3,1,3,0,11
1403715931.333788633346558,5,2,3,2,11
1403715931.383787393569946,5,5,5,0,11
1403715931.433785200119019,6,1,4,1,11
1403715931.483781099319458,11,4,5,5,11
1403715931.533778429031372,11,5,9,1,11
1403715931.583775281906128,20,4,10,9,11
1403715931.633774042129517,18,3,17,0,11
1403715931.683766603469849,19,6,9,3,11
1403715931.733755588531494,24,6,10,6,11
1403715931.783739805221558,30,8,8,18,11
1403715931.833738088607788,29,4,20,3,11
1403715931.883741140365601,29,6,22,1,11
1403715931.933743238449097,27,5,16,5,11
1403715931.983743667602539,25,1,16,3,11
1403715932.033749341964722,25,5,15,4,11
1403715932.083752393722534,22,5,14,1,11
1403715932.133756160736084,19,8,5,3,11
1403715932.183757781982422,15,3,6,1,11
1403715932.233758687973022,11,3,5,5,11
1403715932.283758878707886,9,2,9,0,11
1403715932.333764791488647,10,7,8,2,11
1403715932.383763551712036,11,2,9,1,11
1403715932.433763027191162,10,3,9,0,11
1403715932.483767271041870,12,2,8,3,11
1403715932.533774375915527,15,1,10,3,11
1403715932.583772659301758,13,6,11,1,11
1403715932.633771657943726,12,3,11,1,11
1403715932.683776378631592,16,2,4,4,11
1403715932.733775377273560,15,3,6,1,11
1403715932.783772230148315,17,0,6,9,11
1403715932.833767652511597,16,0,6,1,11
1403715932.883757352828979,18,0,7,3,11
1403715932.933737516403198,19,9,9,9,11
1403715932.983723878860474,24,5,17,5,11
1403715933.033720731735229,23,2,20,1,11
1403715933.083717823028564,22,5,19,2,11
1403715933.133717536926270,22,4,18,1,11
1403715933.183712959289551,22,3,20,0,11
1403715933.233709096908569,20,2,15,1,11
1403715933.283708810806274,14,2,3,0,11
1403715933.333704710006714,13,2,4,1,11
1403715933.383711099624634,12,3,3,9,11
1403715933.433708429336548,11,4,10,0,11
1403715933.483708143234253,11,2,11,0,11
1403715933.533703327178955,10,5,9,0,11
1403715933.583697319030762,9,3,9,0,11
1403715933.633682489395142,6,1,2,1,11
1403715933.683663368225098,6,2,1,1,11
1403715933.733659982681274,5,1,1,1,11
1403715933.783657550811768,5,0,2,2,11
1403715933.833639144897461,5,3,4,1,11
1403715933.883629798889160,5,2,5,0,11
1403715933.933563947677612,12,8,5,7,11
1403715933.983501434326172,24,30,9,12,11
1403715934.033487081527710,23,9,15,3,11
1403715934.083481311798096,12,8,4,1,11
1403715934.133478403091431,6,11,2,0,11
1403715934.183473348617554,4,10,1,1,11
1403715934.233460187911987,4,2,1,1,11
1403715934.283459424972534,2,3,1,0,11
1403715934.333460092544556,2,0,0,1,11
1403715934.383466958999634,1,5,0,0,11
1403715934.433469295501709,0,10,0,0,11
1403715934.483467578887939,0,3,0,0,11
1403715934.533479213714600,0,7,0,0,11
1403715934.583478450775146,0,1,0,0,11
1403715934.633478164672852,0,1,0,0,11
1403715934.683478116989136,0,0,0,0,11
1403715934.733478069305420,0,1,0,0,11
1403715934.783478260040283,0,0,0,0,11
1403715934.833478212356567,0,0,0,0,11
1403715934.883478164672852,0,0,0,0,11
1403715934.933478355407715,0,1,0,0,11
1403715934.983478546142578,0,1,0,0,11
1403715935.033478736877441,0,0,0,0,11
1403715935.083478450775146,0,1,0,0,11
1403715935.133477687835693,0,1,0,0,11
1403715935.183477640151978,0,0,0,0,11
1403715935.233477592468262,0,2,0,0,11
1403715935.283477783203125,0,1,0,0,11
1403715935.333477735519409,0,0,0,0,11
1403715935.383477687835693,0,1,0,0,11
1403715935.433481216430664,0,5,0,0,11
1403715935.483484029769897,1,2,0,1,11
1403715935.533485174179077,2,2,1,1,11
1403715935.583483219146729,2,8,2,0,11
1403715935.633483171463013,3,1,2,1,11
1403715935.683482646942139,4,2,3,1,11
1403715935.733483552932739,6,2,4,2,11
1403715935.783484935760498,10,0,6,4,11
1403715935.833484411239624,11,1,10,1,11
1403715935.883476495742798,12,0,10,1,11
1403715935.933469772338867,16,0,9,4,11
1403715935.983469724655151,15,0,9,0,11
1403715936.033472299575806,14,1,7,1,11
1403715936.083480596542358,14,0,7,4,11
1403715936.133483648300171,15,0,8,3,11
1403715936.183482408523560,14,1,10,0,11
1403715936.233477830886841,12,5,8,1,11
1403715936.283469676971436,12,1,9,1,11
1403715936.333464622497559,10,2,9,0,11
1403715936.383468866348267,9,0,6,0,11
1403715936.433470726013184,8,0,2,0,11
1403715936.483471632003784,7,0,1,1,11
1403715936.533475637435913,4,1,2,1,11
1403715936.583479404449463,3,0,3,0,11
1403715936.633475065231323,4,3,2,1,11
1403715936.683477640151978,4,0,3,0,11
1403715936.733480930328369,4,0,2,1,11
1403715936.783485651016235,4,0,3,0,11
1403715936.833488225936890,4,0,3,1,11
1403715936.883488655090332,4,0,3,0,11
1403715936.933495759963989,5,0,3,1,11
1403715936.983499288558960,5,0,1,1,11
1403715937.033502101898193,6,0,2,1,11
1403715937.083504915237427,6,0,2,3,11
1403715937.133509874343872,7,1,5,1,11
1403715937.183512926101685,7,0,4,1,11
1403715937.233514547348022,7,0,3,0,11
1403715937.283517360687256,7,0,3,2,11
1403715937.333517313003540,6,0,5,1,11
1403715937.383518695831299,6,0,5,0,11
1403715937.433519601821899,6,0,5,0,11
1403715937.483520030975342,5,0,5,0,11
1403715937.533520221710205,7,0,5,2,11
1403715937.583521366119385,7,1,6,0,11
1403715937.633520603179932,8,0,6,1,11
1403715937.683521270751953,10,0,7,3,11
1403715937.733520507812500,12,0,9,3,11
1403715937.783518552780151,13,2,11,1,11
1403715937.833522558212280,14,3,11,1,11
1403715937.883524656295776,14,3,12,1,11
1403715937.933529615402222,13,3,12,1,11
1403715937.983532905578613,14,2,13,1,11
1403715938.033538103103638,15,1,13,2,11
1403715938.083555698394775,18,3,13,5,11
1403715938.133564949035645,20,1,18,2,11
1403715938.183569908142090,19,1,17,0,11
1403715938.233586549758911,39,5,12,21,11
1403715938.283595800399780,32,0,24,0,11
1403715938.333616256713867,40,3,18,12,11
1403715938.383626937866211,35,4,26,1,11
1403715938.433634757995605,40,14,26,13,11
1403715938.483633279800415,40,1,35,3,11
1403715938.533636093139648,35,2,32,0,11
1403715938.583632230758667,33,1,30,2,11
1403715938.633634567260742,33,1,30,0,11
1403715938.683640956878662,37,1,27,7,11
1403715938.733628749847412,35,0,32,0,11
1403715938.783614873886108,35,0,27,1,11
1403715938.833606004714966,34,1,25,2,11
1403715938.883600234985352,31,2,24,2,11
1403715938.933596611022949,44,1,25,15,11
1403715938.983593702316284,44,1,38,3,11
1403715939.033601045608521,49,4,37,6,11
1403715939.083605051040649,49,9,44,3,11
1403715939.133604526519775,46,6,46,0,11
1403715939.183614730834961,41,12,36,0,11
1403715939.233615636825562,40,6,36,1,11
1403715939.283617973327637,39,5,33,4,11
1403715939.333622455596924,36,3,33,1,11
1403715939.383626937866211,35,13,32,0,11
1403715939.433630943298340,35,1,29,1,11
1403715939.483634710311890,37,2,21,8,11
1403715939.533636093139648,35,4,21,3,11
1403715939.583634376525879,31,2,22,0,11
1403715939.633636474609375,27,4,20,7,11
1403715939.683636188507080,20,1,20,0,11
1403715939.733637571334839,20,2,18,0,11
1403715939.783647060394287,23,2,17,3,11
1403715939.833650827407837,21,0,20,1,11
1403715939.883648157119751,23,1,20,3,11
1403715939.933628797531128,34,1,19,11,11
1403715939.983615636825562,34,0,33,0,11
1403715940.033625125885010,41,1,33,8,11
1403715940.083640813827515,41,2,40,0,11
1403715940.133637666702271,49,3,40,8,11
1403715940.183625698089600,50,12,43,2,11
1403715940.233610391616821,50,5,41,1,11
1403715940.283590793609619,48,2,38,4,11
1403715940.333580017089844,46,3,40,2,11
1403715940.383575916290283,36,4,29,2,11
1403715940.433570623397827,33,4,25,2,11
1403715940.483564138412476,33,2,26,3,11
1403715940.533562421798706,30,0,24,3,11
1403715940.583558320999146,28,2,24,1,11
1403715940.633558273315430,28,1,24,3,11
1403715940.683557987213135,25,3,20,3,11
1403715940.733543395996094,29,2,20,6,11
1403715940.783541202545166,30,0,24,4,11
1403715940.833553314208984,29,2,26,1,11
1403715940.883554697036743,29,0,27,1,11
1403715940.933537244796753,33,3,24,7,11
1403715940.983536243438721,38,16,29,8,11
1403715941.033529281616211,37,14,31,2,11
1403715941.083517551422119,35,19,16,6,11
1403715941.133519649505615,13,5,8,0,11
1403715941.183518648147583,10,4,1,2,11
1403715941.233514308929443,4,9,1,0,11
1403715941.283514738082886,2,3,0,1,11
1403715941.333515167236328,2,5,1,0,11
1403715941.383514642715454,0,4,0,0,11
1403715941.433519124984741,0,6,0,0,11
1403715941.483519554138184,0,2,0,0,11
1403715941.533522367477417,0,3,0,0,11
1403715941.583541154861450,4,2,0,4,11
1403715941.633548974990845,4,5,3,0,11
1403715941.683579921722412,10,3,3,6,11
1403715941.733588933944702,12,4,8,4,11
1403715941.783601284027100,15,5,9,6,11
1403715941.833606243133545,12,1,10,1,11
1403715941.883616924285889,16,1,11,4,11
1403715941.933631658554077,26,0,14,11,11
1403715941.983653783798218,30,0,22,5,11
1403715942.033675432205200,32,1,23,3,11
1403715942.083693027496338,32,6,22,2,11
1403715942.133704900741577,31,4,19,4,11
1403715942.183713674545288,32,5,19,6,11
1403715942.233714580535889,24,7,19,2,11
1403715942.283711433410645,19,4,15,1,11
1403715942.333706140518188,19,2,14,2,11
1403715942.383704185485840,20,4,14,4,11
1403715942.433710813522339,14,6,12,1,11
1403715942.483709573745728,9,1,9,0,11
1403715942.533706665039062,8,2,7,0,11
1403715942.583708286285400,4,5,2,1,11
1403715942.633705139160156,4,0,2,1,11
1403715942.683702945709229,7,4,2,5,11
1403715942.733700752258301,5,2,1,2,11
1403715942.783684015274048,10,3,1,5,11
1403715942.833678245544434,9,4,5,1,11
1403715942.883668661117554,17,4,6,10,11
1403715942.933664083480835,18,0,14,4,11
1403715942.983658075332642,21,0,17,3,11
1403715943.033648490905762,27,1,19,6,11
1403715943.083641052246094,32,2,17,6,11
1403715943.133634090423584,45,2,25,14,11
1403715943.183621644973755,45,11,30,6,11
1403715943.233614683151245,49,11,36,5,11
1403715943.283612012863159,47,11,39,5,11
1403715943.333611965179443,43,3,37,0,11
1403715943.383613348007202,39,1,26,3,11
1403715943.433618068695068,36,4,18,8,11
1403715943.483625650405884,33,1,19,4,11
1403715943.533637046813965,27,0,18,3,11
1403715943.583647489547729,26,4,12,1,11
1403715943.633651256561279,22,0,6,2,11
1403715943.683655261993408,17,3,2,5,11
1403715943.733655214309692,14,0,7,2,11
1403715943.783657073974609,12,0,7,4,11
1403715943.833658456802368,12,1,5,0,11
1403715943.883659124374390,11,0,1,1,11
1403715943.933659076690674,8,0,1,3,11
1403715943.983661890029907,7,0,3,2,11
1403715944.033662796020508,7,0,1,1,11
1403715944.083664178848267,7,3,1,1,11
1403715944.133664369583130,5,0,1,2,11
1403715944.183665037155151,5,2,2,1,11
1403715944.233668327331543,5,6,3,1,11
1403715944.283669710159302,5,1,1,1,11
1403715944.333669662475586,5,0,1,0,11
1403715944.383671998977661,3,2,0,1,11
1403715944.433671951293945,2,0,1,0,11
1403715944.483671903610229,1,1,0,0,11
1403715944.533672094345093,1,0,0,0,11
1403715944.583672046661377,0,0,0,0,11
1403715944.633671998977661,0,0,0,0,11
1403715944.683671951293945,0,0,0,0,11
1403715944.733671903610229,0,0,0,0,11
1403715944.783672094345093,0,0,0,0,11
1403715944.833672046661377,0,1,0,0,11
1403715944.883672237396240,0,2,0,0,11
1403715944.933671712875366,0,1,0,0,11
1403715944.983671665191650,0,1,0,0,11
1403715945.033672809600830,1,7,0,1,11
1403715945.083673715591431,1,8,1,0,11
1403715945.133672475814819,4,7,1,3,11
1403715945.183673620223999,4,5,2,0,11
1403715945.233682632446289,6,7,2,3,11
1403715945.283684492111206,3,4,2,0,11
1403715945.333690881729126,9,8,1,7,11
1403715945.383702754974365,8,11,7,0,11
1403715945.433703899383545,7,2,7,0,11
1403715945.483706951141357,7,6,7,0,11
1403715945.533714294433594,10,3,7,3,11
1403715945.583722114562988,12,1,10,2,11
1403715945.633744955062866,20,3,8,8,11
1403715945.683757543563843,28,3,10,8,11
1403715945.733761787414551,29,6,19,5,11
1403715945.783763647079468,29,8,20,3,11
1403715945.833767652511597,31,1,13,6,11
1403715945.883770942687988,29,1,16,2,11
1403715945.933770895004272,20,0,15,3,11
1403715945.983764171600342,18,0,16,2,11
1403715946.033761024475098,12,2,5,0,11
1403715946.083759546279907,8,0,2,0,11
1403715946.133751869201660,4,2,2,0,11
1403715946.183752298355103,3,1,1,2,11
1403715946.233751058578491,3,0,2,0,11
1403715946.283751010894775,1,0,1,0,11
1403715946.333750486373901,1,0,1,0,11
1403715946.383750677108765,1,1,0,0,11
1403715946.433745622634888,1,5,0,0,11
1403715946.483731985092163,1,5,0,1,11
1403715946.533706426620483,2,8,1,1,11
1403715946.583692789077759,3,6,2,1,11
1403715946.633689880371094,3,13,3,0,11
1403715946.683693408966064,4,15,3,1,11
1403715946.733695507049561,3,18,2,0,11
1403715946.783697843551636,3,5,2,0,11
1403715946.833706378936768,8,2,2,6,11
1403715946.883709192276001,9,6,6,1,11
1403715946.933713912963867,12,5,4,4,11
1403715946.983715772628784,10,3,7,1,11
1403715947.033717155456543,10,5,7,3,11
1403715947.083718299865723,10,3,10,0,11
1403715947.133721828460693,11,1,5,5,11
1403715947.183724403381348,12,3,5,1,11
1403715947.233726263046265,12,1,3,3,11
1403715947.283724546432495,8,0,3,2,11
1403715947.333720922470093,11,0,3,4,11
1403715947.383719444274902,9,3,3,0,11
1403715947.433718204498291,10,1,2,3,11
1403715947.483712434768677,11,1,3,5,11
1403715947.533701181411743,12,3,5,2,11
1403715947.583700418472290,11,3,4,1,11
1403715947.633700609207153,8,3,4,1,11
1403715947.683701515197754,7,0,4,2,11
1403715947.733702421188354,7,1,5,1,11
1403715947.783705234527588,8,2,5,1,11
1403715947.833704948425293,10,3,5,3,11
1403715947.883706808090210,10,4,3,1,11
1403715947.933707952499390,4,3,2,0,11
1403715947.983709096908569,0,2,0,0,11
1403715948.033715248107910,5,0,0,5,11
1403715948.083715915679932,5,2,0,0,11
1403715948.133715867996216,6,2,0,1,11
1403715948.183724880218506,6,3,1,5,11
1403715948.233735561370850,12,0,1,6,11
1403715948.283739566802979,13,0,0,1,11
1403715948.333745241165161,17,0,0,9,11
1403715948.383762836456299,20,0,6,10,11
1403715948.433768749237061,21,9,12,2,11
1403715948.483776569366455,23,10,13,5,11
1403715948.533778905868530,22,2,15,3,11
1403715948.583779096603394,16,7,10,1,11
1403715948.633774995803833,13,5,11,0,11
1403715948.683774948120117,14,4,9,3,11
1403715948.733775854110718,19,2,10,6,11
1403715948.783769130706787,23,3,14,6,11
1403715948.833768367767334,20,5,15,2,11
1403715948.883770465850830,21,1,15,2,11
1403715948.933777570724487,23,1,15,7,11
1403715948.983783960342407,21,2,18,0,11
1403715949.033789873123169,19,1,14,2,11
1403715949.083798885345459,21,1,7,5,11
1403715949.133805513381958,20,1,9,1,11
1403715949.183809995651245,17,1,9,5,11
1403715949.233816146850586,19,3,14,4,11
1403715949.283829927444458,20,4,15,4,11
1403715949.333837747573853,19,3,15,3,11
1403715949.383845567703247,22,2,16,3,11
1403715949.433850288391113,22,4,16,1,11
1403715949.483848810195923,13,4,6,0,11
1403715949.533849716186523,13,2,3,4,11
1403715949.583849191665649,12,4,7,2,11
1403715949.633847713470459,12,3,9,3,11
1403715949.683843851089478,12,2,12,0,11
1403715949.733839988708496,12,1,12,0,11
1403715949.783834457397461,15,0,11,4,11
1403715949.833827495574951,16,1,14,2,11
1403715949.883819103240967,22,0,15,6,11
1403715949.933821678161621,23,4,20,1,11
1403715949.983821630477905,29,7,20,7,11
1403715950.033822774887085,37,10,24,9,11
1403715950.083819627761841,45,10,31,10,11
1403715950.133824586868286,41,10,36,0,11
1403715950.183825969696045,38,3,29,5,11
1403715950.233827590942383,31,5,25,0,11
1403715950.283829450607300,23,6,18,0,11
1403715950.333832979202271,21,2,16,2,11
1403715950.383836269378662,18,3,15,1,11
1403715950.433836460113525,17,1,14,2,11
1403715950.483839273452759,14,6,11,1,11
1403715950.533837556838989,13,2,9,0,11
1403715950.583833694458008,11,5,7,2,11
1403715950.633826732635498,16,5,8,7,11
1403715950.683828115463257,15,2,10,1,11
1403715950.733828067779541,13,2,8,1,11
1403715950.783823966979980,13,5,8,3,11
1403715950.833822488784790,11,1,6,0,11
1403715950.883813858032227,13,1,6,3,11
1403715950.933810949325562,9,8,6,0,11
1403715950.983808517456055,9,0,3,0,11
1403715951.033807516098022,6,2,1,1,11
1403715951.083807468414307,3,0,1,0,11
1403715951.133807420730591,3,0,1,2,11
1403715951.183803558349609,4,5,3,1,11
1403715951.233803272247314,6,4,4,2,11
1403715951.283803701400757,6,0,6,0,11
1403715951.333806037902832,8,3,5,3,11
1403715951.383801937103271,10,9,6,2,11
1403715951.433798313140869,12,2,4,2,11
1403715951.483797311782837,10,0,2,0,11
1403715951.533794403076172,9,3,1,3,11
1403715951.583784341812134,13,1,3,8,11
1403715951.633781433105469,12,1,11,0,11
1403715951.683764219284058,17,1,11,6,11
1403715951.733752727508545,23,1,15,7,11
1403715951.783746957778931,30,0,20,9,11
1403715951.833740711212158,42,7,29,13,11
1403715951.883739709854126,40,3,37,0,11
1403715951.933742761611938,37,9,29,0,11
1403715951.983742475509644,41,15,28,4,11
1403715952.033744096755981,40,4,27,8,11
1403715952.083741188049316,35,3,33,1,11
1403715952.133736848831177,34,4,25,1,11
1403715952.183733701705933,26,4,20,1,11
1403715952.233724117279053,19,8,15,3,11
1403715952.283724069595337,15,4,9,1,11
1403715952.333722829818726,14,1,2,0,11
1403715952.383722305297852,10,0,1,0,11
1403715952.433719158172607,4,4,1,2,11
1403715952.483718395233154,3,0,2,0,11
1403715952.533717632293701,3,1,2,0,11
1403715952.583717107772827,2,1,1,0,11
1403715952.633717060089111,1,0,0,0,11
1403715952.683717012405396,0,0,0,0,11
1403715952.733716964721680,0,0,0,0,11
1403715952.783717155456543,0,0,0,0,11
1403715952.833717107772827,0,1,0,0,11
1403715952.883715391159058,0,3,0,0,11
1403715952.933715343475342,0,1,0,0,11
1403715952.983714342117310,0,1,0,0,11
1403715953.033703804016113,0,7,0,0,11
1403715953.083704471588135,0,1,0,0,11
1403715953.133702516555786,0,1,0,0,11
1403715953.183702230453491,0,2,0,0,11
1403715953.233698129653931,0,5,0,0,11
1403715953.283698558807373,0,1,0,0,11
1403715953.333695411682129,0,4,0,0,11
1403715953.383693218231201,0,3,0,0,11
1403715953.433693170547485,0,1,0,0,11
1403715953.483693361282349,0,3,0,0,11
1403715953.533693552017212,0,0,0,0,11
1403715953.583693265914917,4,5,0,4,11
1403715953.633692264556885,5,1,2,1,11
1403715953.683692455291748,14,3,1,9,11
1403715953.733692169189453,17,4,1,5,11
1403715953.783691883087158,19,3,1,6,11
1403715953.833691835403442,12,0,1,1,11
1403715953.883695363998413,11,2,1,4,11
1403715953.933699369430542,8,1,1,2,11
1403715953.983700513839722,8,1,1,1,11
1403715954.033700704574585,4,1,1,0,11
1403715954.083699703216553,2,9,0,1,11
1403715954.133697748184204,1,9,1,0,11
1403715954.183698177337646,2,1,1,1,11
1403715954.233697652816772,2,5,1,0,11
1403715954.283695697784424,2,8,1,0,11
1403715954.333690166473389,5,6,1,4,11
1403715954.383692741394043,6,5,4,2,11
1403715954.433692932128906,8,3,4,2,11
1403715954.483691215515137,9,4,6,1,11
1403715954.533694267272949,9,16,6,3,11
1403715954.583692073822021,9,6,5,2,11
1403715954.633692026138306,13,0,5,4,11
1403715954.683692693710327,11,3,6,1,11
1403715954.733695030212402,15,2,5,6,11
1403715954.783697366714478,15,0,4,2,11
1403715954.833703756332397,14,4,5,3,11
1403715954.883709192276001,14,0,4,7,11
1403715954.933717966079712,15,8,6,1,11
1403715954.983723402023315,14,7,0,2,11
1403715955.033729314804077,10,4,2,3,11
1403715955.083728075027466,8,3,5,3,11
1403715955.133726596832275,8,5,4,0,11
1403715955.183726072311401,6,3,0,0,11
1403715955.233726263046265,5,1,0,2,11
1403715955.283726453781128,5,1,2,3,11
1403715955.333725214004517,4,4,4,0,11
1403715955.383723497390747,3,1,3,0,11
1403715955.433720588684082,3,6,1,0,11
1403715955.483719110488892,3,3,0,0,11
1403715955.533718585968018,2,1,0,1,11
1403715955.583715438842773,2,0,0,1,11
1403715955.633711576461792,3,1,0,1,11
1403715955.683706283569336,6,1,0,4,11
1403715955.733700752258301,6,1,1,1,11
1403715955.783687591552734,10,4,1,5,11
1403715955.833680152893066,8,13,5,1,11
1403715955.883671760559082,11,1,6,4,11
1403715955.933661222457886,12,3,7,2,11
1403715955.983660459518433,11,2,4,1,11
1403715956.033659696578979,4,6,2,0,11
1403715956.083658933639526,4,10,2,2,11
1403715956.133658647537231,4,4,1,0,11
1403715956.183654785156250,7,1,0,3,11
1403715956.233651876449585,5,1,3,1,11
1403715956.283649444580078,5,2,3,0,11
1403715956.333642721176147,3,2,2,1,11
1403715956.383640289306641,5,1,2,2,11
1403715956.433639764785767,4,4,3,0,11
1403715956.483637809753418,1,3,1,0,11
1403715956.533635377883911,1,1,1,0,11
1403715956.583635807037354,2,0,1,1,11
1403715956.633637666702271,3,0,2,1,11
1403715956.683640241622925,4,0,2,1,11
1403715956.733643293380737,4,0,3,0,11
1403715956.783645153045654,3,1,1,0,11
1403715956.833645820617676,3,0,1,0,11
1403715956.883646726608276,2,4,0,1,11
1403715956.933651208877563,3,0,0,1,11
1403715956.983654975891113,3,3,0,1,11
1403715957.033655643463135,1,1,0,0,11
1403715957.083655595779419,0,0,0,0,11
1403715957.133655309677124,0,1,0,0,11
1403715957.183655261993408,0,0,0,0,11
1403715957.233654975891113,0,1,0,0,11
1403715957.283655166625977,0,3,0,0,11
1403715957.333655118942261,0,0,0,0,11
1403715957.383654832839966,0,3,0,0,11
1403715957.433654785156250,0,2,0,0,11
1403715957.483654737472534,0,0,0,0,11
1403715957.533654928207397,0,2,0,0,11
1403715957.583654880523682,0,0,0,0,11
1403715957.633654832839966,0,0,0,0,11
1403715957.683652162551880,1,1,0,1,11
1403715957.733651399612427,1,2,0,0,11
1403715957.783651828765869,1,15,0,0,11
1403715957.833651781082153,1,2,0,1,11
1403715957.883651733398438,1,0,1,0,11
1403715957.933651924133301,1,1,1,0,11
1403715957.983651876449585,1,2,0,0,11
1403715958.033652067184448,1,3,0,0,11
1403715958.083652019500732,1,4,0,1,11
1403715958.133651971817017,1,0,0,0,11
1403715958.183651924133301,0,2,0,0,11
1403715958.233651876449585,0,0,0,0,11
1403715958.283652067184448,0,0,0,0,11
1403715958.333652019500732,0,1,0,0,11
1403715958.383651971817017,0,0,0,0,11
1403715958.433651685714722,0,1,0,0,11
1403715958.483651638031006,0,0,0,0,11
1403715958.533651828765869,0,0,0,0,11
1403715958.583651781082153,0,0,0,0,11
1403715958.633651733398438,0,0,0,0,11
1403715958.683651685714722,0,0,0,0,11
1403715958.733651638031006,0,0,0,0,11
1403715958.783651828765869,0,2,0,0,11
1403715958.833651781082153,0,0,0,0,11
1403715958.883651733398438,0,0,0,0,11
1403715958.933651685714722,0,0,0,0,11
1403715958.983651638031006,0,1,0,0,11
1403715959.033651828765869,0,1,0,0,11
1403715959.083651781082153,0,0,0,0,11
1403715959.133651733398438,0,0,0,0,11
1403715959.183651685714722,0,0,0,0,11
1403715959.233651638031006,0,0,0,0,11
1403715959.283651828765869,0,0,0,0,11
1403715959.333652019500732,0,1,0,0,11
1403715959.383651971817017,0,2,0,0,11
1403715959.433651924133301,0,0,0,0,11
1403715959.483651876449585,0,0,0,0,11
1403715959.533652067184448,0,0,0,0,11
1403715959.583652019500732,0,0,0,0,11
1403715959.633651971817017,0,0,0,0,11
1403715959.683651924133301,0,0,0,0,11
1403715959.733651876449585,0,0,0,0,11
1403715959.783652067184448,0,0,0,0,11
1403715959.833652019500732,0,2,0,0,11
1403715959.883651733398438,0,1,0,0,11
1403715959.933652162551880,0,3,0,0,11
1403715959.983652114868164,0,1,0,0,11
1403715960.033652305603027,0,2,0,0,11
1403715960.083652496337891,0,11,0,0,11
1403715960.133652448654175,0,0,0,0,11
1403715960.183652639389038,0,2,0,0,11
1403715960.233653545379639,0,12,0,0,11
1403715960.283653259277344,0,2,0,0,11
1403715960.333653211593628,0,0,0,0,11
1403715960.383653640747070,0,5,0,0,11
1403715960.433653354644775,0,1,0,0,11
1403715960.483653306961060,0,0,0,0,11
1403715960.533653497695923,0,0,0,0,11
1403715960.583653450012207,0,0,0,0,11
1403715960.633653402328491,0,0,0,0,11
1403715960.683653354644775,0,0,0,0,11
1403715960.733653306961060,0,0,0,0,11
1403715960.783655405044556,0,3,0,0,11
1403715960.833655834197998,0,2,0,0,11
1403715960.883655786514282,0,0,0,0,11
1403715960.933655738830566,0,0,0,0,11
1403715960.983655691146851,0,0,0,0,11
1403715961.033655166625977,0,2,0,0,11
1403715961.083652973175049,0,2,0,0,11
1403715961.133651256561279,0,1,0,0,11
1403715961.183651208877563,0,0,0,0,11
1403715961.233651161193848,0,0,0,0,11
1403715961.283651351928711,0,0,0,0,11
1403715961.333651304244995,0,0,0,0,11
1403715961.383651256561279,0,0,0,0,11
1403715961.433651208877563,0,0,0,0,11
1403715961.483651161193848,0,0,0,0,11
1403715961.533651351928711,0,0,0,0,11
1403715961.583651304244995,0,1,0,0,11
1403715961.633651256561279,0,2,0,0,11
1403715961.683650970458984,0,1,0,0,11
1403715961.733651161193848,0,6,0,0,11
1403715961.783651351928711,0,1,0,0,11
1403715961.833651065826416,0,3,0,0,11
1403715961.883651256561279,1,6,0,1,11
1403715961.933651447296143,1,1,1,0,11
1403715961.983651399612427,1,3,1,0,11
1403715962.033652067184448,0,6,0,0,11
1403715962.083652496337891,3,3,0,3,11
1403715962.133652925491333,4,0,3,1,11
1403715962.183652877807617,3,0,2,0,11
1403715962.233652830123901,3,0,2,1,11
1403715962.283653020858765,2,0,2,0,11
1403715962.333653450012207,2,2,2,0,11
1403715962.383653163909912,1,5,0,0,11
1403715962.433653116226196,0,0,0,0,11
1403715962.483652114868164,0,1,0,0,11
1403715962.533652305603027,0,1,0,0,11
1403715962.583651781082153,0,2,0,0,11
1403715962.633651733398438,0,3,0,0,11
1403715962.683651685714722,0,0,0,0,11
1403715962.733651638031006,0,0,0,0,11
1403715962.783651828765869,0,0,0,0,11
1403715962.833651781082153,0,0,0,0,11
1403715962.883651733398438,0,1,0,0,11
1403715962.933651685714722,0,0,0,0,11
1403715962.983651638031006,0,0,0,0,11
1403715963.033649206161499,1,0,0,1,11
1403715963.083647966384888,2,0,1,1,11
1403715963.133646488189697,2,1,2,0,11
1403715963.183644771575928,2,4,1,0,11
1403715963.233643293380737,0,6,0,0,11
1403715963.283643722534180,0,2,0,0,11
1403715963.333644151687622,0,2,0,0,11
1403715963.383644104003906,0,0,0,0,11
1403715963.433644056320190,0,2,0,0,11
1403715963.483644008636475,0,0,0,0,11
1403715963.533644199371338,0,0,0,0,11
1403715963.583644151687622,0,0,0,0,11
1403715963.633644104003906,0,1,0,0,11
1403715963.683644056320190,0,2,0,0,11
1403715963.733644008636475,0,0,0,0,11
1403715963.783644199371338,0,2,0,0,11
1403715963.833644151687622,0,0,0,0,11
1403715963.883644580841064,1,0,0,1,11
1403715963.933644533157349,1,0,1,0,11
1403715963.983644485473633,1,0,0,0,11
1403715964.033644676208496,1,0,0,0,11
1403715964.083644628524780,0,0,0,0,11
1403715964.133644580841064,0,0,0,0,11
1403715964.183644533157349,0,0,0,0,11
1403715964.233644485473633,0,0,0,0,11
1403715964.283644676208496,0,0,0,0,11
1403715964.333644628524780,0,0,0,0,11
1403715964.383644580841064,0,0,0,0,11
1403715964.433644533157349,0,0,0,0,11
1403715964.483644485473633,0,0,0,0,11
1403715964.533644676208496,0,0,0,0,11
1403715964.583644628524780,0,0,0,0,11
1403715964.633644580841064,0,0,0,0,11
1403715964.683644533157349,0,0,0,0,11
1403715964.733644485473633,0,0,0,0,11
1403715964.783644676208496,0,0,0,0,11
1403715964.833644628524780,0,0,0,0,11
1403715964.883644580841064,0,0,0,0,11
1403715964.933644533157349,0,0,0,0,11
1403715964.983644485473633,0,0,0,0,11
1403715965.033644676208496,0,0,0,0,11
1403715965.083644628524780,0,0,0,0,11
1403715965.133644580841064,0,0,0,0,11
1403715965.183644533157349,0,0,0,0,11
1403715965.233644485473633,0,0,0,0,11
1403715965.283644676208496,0,0,0,0,11
1403715965.333644628524780,0,0,0,0,11
1403715965.383644580841064,0,0,0,0,11
1403715965.433644533157349,0,0,0,0,11
1403715965.483644485473633,0,0,0,0,11
1403715965.533644676208496,0,0,0,0,11
1403715965.583644628524780,0,0,0,0,11
1403715965.633644580841064,0,0,0,0,11
1403715965.683644533157349,0,11,0,0,11
1403715965.733644485473633,0,0,0,0,11
1403715965.783644676208496,0,0,0,0,11
1403715965.833644628524780,0,1,0,0,11
1403715965.883644580841064,0,0,0,0,11
1403715965.933644533157349,0,0,0,0,11
1403715965.983644485473633,0,0,0,0,11
1403715966.033644676208496,0,0,0,0,11
1403715966.083644628524780,0,1,0,0,11
1403715966.133644580841064,0,0,0,0,11
1403715966.183644533157349,0,0,0,0,11
1403715966.233644485473633,0,0,0,0,11
1403715966.283644676208496,0,0,0,0,11
1403715966.333644628524780,0,1,0,0,11
1403715966.383644580841064,0,0,0,0,11
1403715966.433644533157349,0,0,0,0,11
1403715966.483644485473633,0,0,0,0,11
1403715966.533644676208496,0,0,0,0,11
1403715966.583644628524780,0,0,0,0,11
1403715966.633644580841064,0,0,0,0,11
1403715966.683644533157349,0,0,0,0,11
1403715966.733644485473633,0,0,0,0,11
1403715966.783644676208496,0,0,0,0,11
1403715966.833644628524780,0,0,0,0,11
1403715966.883644580841064,0,0,0,0,11
1403715966.933644533157349,0,0,0,0,11
1403715966.983644485473633,0,0,0,0,11
1403715967.033644676208496,0,0,0,0,11
1403715967.083644628524780,0,0,0,0,11
1403715967.133644580841064,0,0,0,0,11
1403715967.183644533157349,0,0,0,0,11
1403715967.233644485473633,0,1,0,0,11
1403715967.283644676208496,0,0,0,0,11
1403715967.333644628524780,0,0,0,0,11
1403715967.383644580841064,0,0,0,0,11
1403715967.433644533157349,0,1,0,0,11
1403715967.483644485473633,0,0,0,0,11
1403715967.533644676208496,0,0,0,0,11
1403715967.583644628524780,0,0,0,0,11
1403715967.633644580841064,0,0,0,0,11
1403715967.683644533157349,0,0,0,0,11
1403715967.733644485473633,0,0,0,0,11
1403715967.783644676208496,0,0,0,0,11
1403715967.833644628524780,0,0,0,0,11
1403715967.883644580841064,0,0,0,0,11
1403715967.933644533157349,0,0,0,0,11
1403715967.983644485473633,0,0,0,0,11
1403715968.033644676208496,0,0,0,0,11
1403715968.083644628524780,0,0,0,0,11
1403715968.133644580841064,0,0,0,0,11
1403715968.183644533157349,0,0,0,0,11
1403715968.233644485473633,0,0,0,0,11
1403715968.283644676208496,0,1,0,0,11
1403715968.333643198013306,2,0,0,2,11
1403715968.383643865585327,2,1,0,0,11
1403715968.433645486831665,3,0,0,1,11
1403715968.483647346496582,4,0,1,3,11
1403715968.533648014068604,4,2,2,0,11
1403715968.583648681640625,4,0,2,0,11
1403715968.633649110794067,2,0,2,0,11
1403715968.683649063110352,2,0,0,0,11
1403715968.733649015426636,2,0,0,0,11
1403715968.783649206161499,0,0,0,0,11
1403715968.833649158477783,0,0,0,0,11
1403715968.883649110794067,0,0,0,0,11
1403715968.933649063110352,0,0,0,0,11
1403715968.983649015426636,0,0,0,0,11
1403715969.033649206161499,0,0,0,0,11
1403715969.083647966384888,0,1,0,0,11
1403715969.133647918701172,0,0,0,0,11
1403715969.183647871017456,0,0,0,0,11
1403715969.233651161193848,1,0,0,1,11
1403715969.283651351928711,1,0,1,0,11
1403715969.333651304244995,1,1,1,0,11
1403715969.383651494979858,1,0,1,0,11
1403715969.433650970458984,2,0,1,1,11
1403715969.483651638031006,1,1,1,0,11
1403715969.533651828765869,1,0,0,0,11
1403715969.583651781082153,1,0,0,0,11
1403715969.633651733398438,0,0,0,0,11
1403715969.683651685714722,0,0,0,0,11
1403715969.733651638031006,0,3,0,0,11
1403715969.783651828765869,0,0,0,0,11
1403715969.833651304244995,0,1,0,0,11
1403715969.883651256561279,0,0,0,0,11
1403715969.933651208877563,0,0,0,0,11
1403715969.983651161193848,0,2,0,0,11
1403715970.033651351928711,0,0,0,0,11
1403715970.083651304244995,0,2,0,0,11
1403715970.133651256561279,0,0,0,0,11
1403715970.183651208877563,0,0,0,0,11
1403715970.233651161193848,0,0,0,0,11
1403715970.283651351928711,0,0,0,0,11
1403715970.333651304244995,0,0,0,0,11
1403715970.383651256561279,0,0,0,0,11
1403715970.433651208877563,0,0,0,0,11
1403715970.483651161193848,0,0,0,0,11
1403715970.533651351928711,0,0,0,0,11
1403715970.583651304244995,0,0,0,0,11
1403715970.633651256561279,0,0,0,0,11
1403715970.683651208877563,0,0,0,0,11
1403715970.733651161193848,0,0,0,0,11
1403715970.783651351928711,0,3,0,0,11
1403715970.833651304244995,0,0,0,0,11
1403715970.883651256561279,0,0,0,0,11
1403715970.933651208877563,0,0,0,0,11
1403715970.983651161193848,0,0,0,0,11
1403715971.033651351928711,0,0,0,0,11
1403715971.083651304244995,0,0,0,0,11
1403715971.133651256561279,0,0,0,0,11
1403715971.183651208877563,0,0,0,0,11
1403715971.233651161193848,0,0,0,0,11
1403715971.283651351928711,0,4,0,0,11
1403715971.333651304244995,0,0,0,0,11
1403715971.383651256561279,0,0,0,0,11
1403715971.433651208877563,0,0,0,0,11
1403715971.483651161193848,0,0,0,0,11
1403715971.533651351928711,0,2,0,0,11
1403715971.583651304244995,0,0,0,0,11
1403715971.633651256561279,0,0,0,0,11
1403715971.683651208877563,0,0,0,0,11
1403715971.733651161193848,0,0,0,0,11
1403715971.783651351928711,0,0,0,0,11
1403715971.833651304244995,0,0,0,0,11
1403715971.883651256561279,0,1,0,0,11
1403715971.933651208877563,0,0,0,0,11
1403715971.983651161193848,0,0,0,0,11
1403715972.033651351928711,0,0,0,0,11
1403715972.083651304244995,0,0,0,0,11
1403715972.133651256561279,0,0,0,0,11
1403715972.183651208877563,0,0,0,0,11
1403715972.233651161193848,0,0,0,0,11
1403715972.283651351928711,0,0,0,0,11
1403715972.333651304244995,0,0,0,0,11
1403715972.383651256561279,0,0,0,0,11
1403715972.433651208877563,0,0,0,0,11
1403715972.483651161193848,0,0,0,0,11
1403715972.533651351928711,0,0,0,0,11
1403715972.583651304244995,0,0,0,0,11
1403715972.633651256561279,0,0,0,0,11
1403715972.683651208877563,0,0,0,0,11
1403715972.733651161193848,0,0,0,0,11
1403715972.783651351928711,0,0,0,0,11
1403715972.833651304244995,0,0,0,0,11
1403715972.883651256561279,0,1,0,0,11
1403715972.933651208877563,0,0,0,0,11
1403715972.983651161193848,0,0,0,0,11
1403715973.033651351928711,0,0,0,0,11
1403715973.083651304244995,0,0,0,0,11
1403715973.133651971817017,0,2,0,0,11
1403715973.183651924133301,0,0,0,0,11
1403715973.233651876449585,0,0,0,0,11
1403715973.283652067184448,0,0,0,0,11
1403715973.333652019500732,0,0,0,0,11
1403715973.383651971817017,0,0,0,0,11
1403715973.433651924133301,0,0,0,0,11
1403715973.483651876449585,0,0,0,0,11
1403715973.533652067184448,0,0,0,0,11
1403715973.583652019500732,0,0,0,0,11
1403715973.633651971817017,0,0,0,0,11
1403715973.683651208877563,1,0,0,1,11
1403715973.733651161193848,1,0,0,0,11
1403715973.783651351928711,1,0,0,0,11
1403715973.833651304244995,2,0,0,2,11
1403715973.883651256561279,2,0,0,0,11
1403715973.933651208877563,2,0,0,0,11
1403715973.983651161193848,0,0,0,0,11
1403715974.033651351928711,0,0,0,0,11
1403715974.083651304244995,0,0,0,0,11
1403715974.133651256561279,0,0,0,0,11
1403715974.183651208877563,0,0,0,0,11
1403715974.233651161193848,0,0,0,0,11
1403715974.283651351928711,0,0,0,0,11
1403715974.333651304244995,0,0,0,0,11
1403715974.383651256561279,0,0,0,0,11
1403715974.433651208877563,0,0,0,0,11
1403715974.483651161193848,0,0,0,0,11
1403715974.533651351928711,0,0,0,0,11
1403715974.583651304244995,0,0,0,0,11
1403715974.633651256561279,0,0,0,0,11
1403715974.683651208877563,0,0,0,0,11
1403715974.733651161193848,0,0,0,0,11
1403715974.783651351928711,0,0,0,0,11
1403715974.833651304244995,0,0,0,0,11
1403715974.883651256561279,0,0,0,0,11
1403715974.933651208877563,0,0,0,0,11
1403715974.983651161193848,0,0,0,0,11
1403715975.033651351928711,0,0,0,0,11
1403715975.083651304244995,0,0,0,0,11
1403715975.133651256561279,0,0,0,0,11
1403715975.183651208877563,0,0,0,0,11
1403715975.233651161193848,0,0,0,0,11
1403715975.283651351928711,0,0,0,0,11
1403715975.333651304244995,0,0,0,0,11
1403715975.383651256561279,0,0,0,0,11
1403715975.433651208877563,0,0,0,0,11
1403715975.483651161193848,0,0,0,0,11
1403715975.533651351928711,0,0,0,0,11
1403715975.583651304244995,0,0,0,0,11
1403715975.633651256561279,0,0,0,0,11
1403715975.683651208877563,0,0,0,0,11
1403715975.733651161193848,0,0,0,0,11
1403715975.783651351928711,0,0,0,0,11
1403715975.833651304244995,0,0,0,0,11
1403715975.883651256561279,0,0,0,0,11
1403715975.933651208877563,0,0,0,0,11
1403715975.983651161193848,0,0,0,0,11
1403715976.033651351928711,0,0,0,0,11
1403715976.083651304244995,0,0,0,0,11
1403715976.133651256561279,0,0,0,0,11
1403715976.183651208877563,0,0,0,0,11
1403715976.233651161193848,0,0,0,0,11
1403715976.283651351928711,0,0,0,0,11
1403715976.333651304244995,0,0,0,0,11
1403715976.383651256561279,0,0,0,0,11
1403715976.433651208877563,0,0,0,0,11
1403715976.483651161193848,0,0,0,0,11
1403715976.533651351928711,0,0,0,0,11
1403715976.583651304244995,0,0,0,0,11
1403715976.633651256561279,0,0,0,0,11
1403715976.683651208877563,0,0,0,0,11
1403715976.733651161193848,0,0,0,0,11
1403715976.783651351928711,0,0,0,0,11
1403715976.833651304244995,0,0,0,0,11
1403715976.883651256561279,0,0,0,0,11
1403715976.933651208877563,0,0,0,0,11
1403715976.983651161193848,0,0,0,0,11
1403715977.033651351928711,0,0,0,0,11
1403715977.083651304244995,0,0,0,0,11
1403715977.133651256561279,0,0,0,0,11
1403715977.183651208877563,0,0,0,0,11
1403715977.233651161193848,0,0,0,0,11
1403715977.283651351928711,0,0,0,0,11
1403715977.333651304244995,0,0,0,0,11
1403715977.383651256561279,0,0,0,0,11
1403715977.433651208877563,0,0,0,0,11
1403715977.483651161193848,0,0,0,0,11
1403715977.533651351928711,0,0,0,0,11
1403715977.583651304244995,0,0,0,0,11
1403715977.633651256561279,0,0,0,0,11
1403715977.683651208877563,0,0,0,0,11
1403715977.733651161193848,0,0,0,0,11
1403715977.783651351928711,0,0,0,0,11
1403715977.833651304244995,0,0,0,0,11
1403715977.883651256561279,0,0,0,0,11
1403715977.933651208877563,0,0,0,0,11
1403715977.983651161193848,0,0,0,0,11
1403715978.033651351928711,0,0,0,0,11
1403715978.083651304244995,0,0,0,0,11
1403715978.133651256561279,0,0,0,0,11
1403715978.183651208877563,0,0,0,0,11
1403715978.233651161193848,0,0,0,0,11
1403715978.283651351928711,0,0,0,0,11
1403715978.333651304244995,0,0,0,0,11
1403715978.383651256561279,0,0,0,0,11
1403715978.433651208877563,0,0,0,0,11
1403715978.483651161193848,0,0,0,0,11
1403715978.533651351928711,0,1,0,0,11
1403715978.583651304244995,0,0,0,0,11
1403715978.633651256561279,0,0,0,0,11
1403715978.683651208877563,0,0,0,0,11
1403715978.733651161193848,0,0,0,0,11
1403715978.783651351928711,0,0,0,0,11
1403715978.833651304244995,0,0,0,0,11
1403715978.883651256561279,0,0,0,0,11
1403715978.933651208877563,0,0,0,0,11
1403715978.983651161193848,0,0,0,0,11
1403715979.033651351928711,0,0,0,0,11
1403715979.083651304244995,0,0,0,0,11
1403715979.133651256561279,0,1,0,0,11
1403715979.183651208877563,0,0,0,0,11
1403715979.233651161193848,0,1,0,0,11
1403715979.283651351928711,0,0,0,0,11
1403715979.333651304244995,0,0,0,0,11
1403715979.383651256561279,0,0,0,0,11
1403715979.433651208877563,0,0,0,0,11
1403715979.483651161193848,0,0,0,0,11
1403715979.533651351928711,0,0,0,0,11
1403715979.583651304244995,0,0,0,0,11
1403715979.633651256561279,0,2,0,0,11
1403715979.683651208877563,0,0,0,0,11
1403715979.733651161193848,0,1,0,0,11
1403715979.783651351928711,0,0,0,0,11
1403715979.833651304244995,0,0,0,0,11
1403715979.883651256561279,0,0,0,0,11
1403715979.933651208877563,0,1,0,0,11
1403715979.983651161193848,0,2,0,0,11
1403715980.033651351928711,0,2,0,0,11
1403715980.083651304244995,0,0,0,0,11
1403715980.133651256561279,0,2,0,0,11
1403715980.183651208877563,0,3,0,0,11
1403715980.233651161193848,0,0,0,0,11
1403715980.283651351928711,0,1,0,0,11
1403715980.333651304244995,0,0,0,0,11
1403715980.383651256561279,0,0,0,0,11
1403715980.433651208877563,0,0,0,0,11
1403715980.483651161193848,0,0,0,0,11
1403715980.533651351928711,0,0,0,0,11
1403715980.583651304244995,0,0,0,0,11
1403715980.633651256561279,0,0,0,0,11
1403715980.683651208877563,0,0,0,0,11
1403715980.733651161193848,0,1,0,0,11
1403715980.783651351928711,0,0,0,0,11
1403715980.833651304244995,0,0,0,0,11
1403715980.883651256561279,0,0,0,0,11
1403715980.933651208877563,0,0,0,0,11
1403715980.983651161193848,0,0,0,0,11
1403715981.033651351928711,0,2,0,0,11
1403715981.083651304244995,0,0,0,0,11
1403715981.133651256561279,0,2,0,0,11
1403715981.183651208877563,0,0,0,0,11
1403715981.233651161193848,0,0,0,0,11
1403715981.283651351928711,0,0,0,0,11
1403715981.333651304244995,0,0,0,0,11
1403715981.383651256561279,0,0,0,0,11
1403715981.433651208877563,0,0,0,0,11
1403715981.483651161193848,0,1,0,0,11
1403715981.533651351928711,0,0,0,0,11
1403715981.583651304244995,0,1,0,0,11
1403715981.633651256561279,0,1,0,0,11
1403715981.683651208877563,0,1,0,0,11
1403715981.733651161193848,0,0,0,0,11
1403715981.783651351928711,0,0,0,0,11
1403715981.833651304244995,0,0,0,0,11
1403715981.883651256561279,0,0,0,0,11
1403715981.933651447296143,1,0,0,1,11
1403715981.983651161193848,2,0,1,1,11
1403715982.033651113510132,2,0,0,1,11
1403715982.083650588989258,2,0,1,0,11
1403715982.133650541305542,1,0,0,0,11
1403715982.183650493621826,1,0,0,0,11
1403715982.233649253845215,0,4,0,0,11
1403715982.283649444580078,0,1,0,0,11
1403715982.333649396896362,0,0,0,0,11
1403715982.383649349212646,0,0,0,0,11
1403715982.433649301528931,0,0,0,0,11
1403715982.483649253845215,0,0,0,0,11
1403715982.533649444580078,0,2,0,0,11
1403715982.583649396896362,0,0,0,0,11
1403715982.633649349212646,0,0,0,0,11
1403715982.683649301528931,0,0,0,0,11
1403715982.733649253845215,0,0,0,0,11
1403715982.783649444580078,0,0,0,0,11
1403715982.833649396896362,0,0,0,0,11
1403715982.883649349212646,0,0,0,0,11
1403715982.933649301528931,0,0,0,0,11
1403715982.983649253845215,0,0,0,0,11
1403715983.033649444580078,0,0,0,0,11
1403715983.083649396896362,0,0,0,0,11
1403715983.133649349212646,0,0,0,0,11
1403715983.183649301528931,0,0,0,0,11
1403715983.233649253845215,0,0,0,0,11
1403715983.283649444580078,0,0,0,0,11
1403715983.333649396896362,0,0,0,0,11
1403715983.383649349212646,0,0,0,0,11
1403715983.433649301528931,0,0,0,0,11
1403715983.483649253845215,0,0,0,0,11
1403715983.533649444580078,0,0,0,0,11
1403715983.583649396896362,0,0,0,0,11
1403715983.633649349212646,0,0,0,0,11
1403715983.683649301528931,0,0,0,0,11
1403715983.733649253845215,0,0,0,0,11
1403715983.783649206161499,0,1,0,0,11
1403715983.833649158477783,0,0,0,0,11
1403715983.883649110794067,0,0,0,0,11
1403715983.933649063110352,0,0,0,0,11
1403715983.983649015426636,0,2,0,0,11
1403715984.033649206161499,0,0,0,0,11
1403715984.083649158477783,0,2,0,0,11
1403715984.133649110794067,0,0,0,0,11
1403715984.183649063110352,0,0,0,0,11
1403715984.233649015426636,0,0,0,0,11
1403715984.283649206161499,0,0,0,0,11
1403715984.333649158477783,0,0,0,0,11
1403715984.383649110794067,0,1,0,0,11
1403715984.433649063110352,0,0,0,0,11
1403715984.483649015426636,0,0,0,0,11
1403715984.533649206161499,0,4,0,0,11
1403715984.583649158477783,0,0,0,0,11
1403715984.633649110794067,0,1,0,0,11
1403715984.683649063110352,0,0,0,0,11
1403715984.733649015426636,0,0,0,0,11
1403715984.783649206161499,0,0,0,0,11
1403715984.833649158477783,0,0,0,0,11
1403715984.883649110794067,0,0,0,0,11
1403715984.933649063110352,0,1,0,0,11
1403715984.983649015426636,0,1,0,0,11
1403715985.033649206161499,0,0,0,0,11
1403715985.083649158477783,0,1,0,0,11
1403715985.133649349212646,0,2,0,0,11
1403715985.183649301528931,0,0,0,0,11
1403715985.233649253845215,0,1,0,0,11
1403715985.283649444580078,0,0,0,0,11
1403715985.333649158477783,0,1,0,0,11
1403715985.383649110794067,0,1,0,0,11
1403715985.433649063110352,0,0,0,0,11
1403715985.483649015426636,0,0,0,0,11
1403715985.533649206161499,0,0,0,0,11
1403715985.583649158477783,0,0,0,0,11
1403715985.633649110794067,0,0,0,0,11
1403715985.683649063110352,0,0,0,0,11
1403715985.733649015426636,0,0,0,0,11
1403715985.783649206161499,0,0,0,0,11
1403715985.833649158477783,0,0,0,0,11
1403715985.883648872375488,0,1,0,0,11
1403715985.933648824691772,0,0,0,0,11
1403715985.983648777008057,0,0,0,0,11
1403715986.033648967742920,0,0,0,0,11
1403715986.083648920059204,0,0,0,0,11
1403715986.133648872375488,0,0,0,0,11
1403715986.183648824691772,0,0,0,0,11
1403715986.233648777008057,0,0,0,0,11
1403715986.283648967742920,0,0,0,0,11
1403715986.333648920059204,0,1,0,0,11
1403715986.383648633956909,0,1,0,0,11
1403715986.433648586273193,0,0,0,0,11
1403715986.483648538589478,0,0,0,0,11
1403715986.533649682998657,0,4,0,0,11
1403715986.583650112152100,0,2,0,0,11
1403715986.633649826049805,1,1,0,1,11
1403715986.683649301528931,2,1,1,1,11
1403715986.733649253845215,2,0,1,1,11
1403715986.783649682998657,6,0,1,4,11
1403715986.833649635314941,7,0,4,1,11
1403715986.883650064468384,6,0,3,0,11
1403715986.933650255203247,5,0,2,0,11
1403715986.983651638031006,4,0,0,1,11
1403715987.033651351928711,4,0,1,1,11
1403715987.083651065826416,5,0,1,3,11
1403715987.133650302886963,5,0,4,0,11
1403715987.183650016784668,6,0,3,1,11
1403715987.233648777008057,7,0,3,3,11
1403715987.283648252487183,6,2,4,0,11
1403715987.333647966384888,6,0,3,0,11
1403715987.383647918701172,4,2,3,0,11
1403715987.433647155761719,4,1,2,1,11
1403715987.483647108078003,4,0,1,0,11
1403715987.533647537231445,3,0,1,1,11
1403715987.583646535873413,4,0,2,2,11
1403715987.633645534515381,5,0,2,1,11
1403715987.683645486831665,5,0,1,0,11
1403715987.733645439147949,3,0,0,0,11
1403715987.783645629882812,1,0,0,0,11
1403715987.833645105361938,0,1,0,0,11
1403715987.883644580841064,3,1,0,3,11
1403715987.933644533157349,3,0,3,0,11
1403715987.983644723892212,1,0,1,0,11
1403715988.033644914627075,1,0,1,0,11
1403715988.083645105361938,1,0,1,0,11
1403715988.133645534515381,2,0,1,1,11
1403715988.183645725250244,2,0,2,0,11
1403715988.233645677566528,2,0,2,0,11
1403715988.283645868301392,2,0,2,0,11
1403715988.333645820617676,2,0,2,0,11
1403715988.383644580841064,4,0,2,2,11
1403715988.433644294738770,4,0,2,0,11
1403715988.483644008636475,4,0,2,0,11
1403715988.533644199371338,2,0,2,0,11
1403715988.583644151687622,2,0,2,0,11
1403715988.633644104003906,2,0,2,0,11
1403715988.683644056320190,2,0,2,0,11
1403715988.733644247055054,2,0,2,0,11
1403715988.783644914627075,2,0,2,0,11
1403715988.833644866943359,2,0,0,0,11
1403715988.883644819259644,2,0,0,0,11
1403715988.933644771575928,0,0,0,0,11
1403715988.983644723892212,0,0,0,0,11
1403715989.033644914627075,0,0,0,0,11
1403715989.083644866943359,0,0,0,0,11
1403715989.133644819259644,0,0,0,0,11
1403715989.183644771575928,0,0,0,0,11
1403715989.233644723892212,0,0,0,0,11
1403715989.283644914627075,0,0,0,0,11
1403715989.333644866943359,0,0,0,0,11
1403715989.383644819259644,0,0,0,0,11
1403715989.433644771575928,0,0,0,0,11
1403715989.483644723892212,0,0,0,0,11
1403715989.533644914627075,0,0,0,0,11
1403715989.583644866943359,0,0,0,0,11
1403715989.633644819259644,0,0,0,0,11
1403715989.683644771575928,0,0,0,0,11
1403715989.733644723892212,0,0,0,0,11
1403715989.783644914627075,0,0,0,0,11
1403715989.833644866943359,0,1,0,0,11
1403715989.883644819259644,0,0,0,0,11
1403715989.933644771575928,0,0,0,0,11
1403715989.983644723892212,0,0,0,0,11
1403715990.033644914627075,0,0,0,0,11
1403715990.083644866943359,0,0,0,0,11
1403715990.133644819259644,0,0,0,0,11
1403715990.183644771575928,0,0,0,0,11
1403715990.233644723892212,0,0,0,0,11
1403715990.283644914627075,0,0,0,0,11
1403715990.333644866943359,0,0,0,0,11
1403715990.383644819259644,0,0,0,0,11
1403715990.433644771575928,0,0,0,0,11
1403715990.483644723892212,0,0,0,0,11
1403715990.533644437789917,1,0,0,1,11
1403715990.583644390106201,1,0,0,0,11
1403715990.633644342422485,0,1,0,0,11
1403715990.683644533157349,0,1,0,0,11
1403715990.733644485473633,1,0,0,1,11
1403715990.783645391464233,4,1,1,3,11
1403715990.833645343780518,3,0,3,0,11
1403715990.883645296096802,3,1,3,0,11
1403715990.933645009994507,2,0,1,0,11
1403715990.983644962310791,2,1,1,0,11
1403715991.033645153045654,2,0,0,1,11
1403715991.083645105361938,2,0,0,0,11
1403715991.133645057678223,1,1,0,0,11
1403715991.183645009994507,0,0,0,0,11
1403715991.233644962310791,0,1,0,0,11
1403715991.283645153045654,0,0,0,0,11
1403715991.333645105361938,0,0,0,0,11
1403715991.383645057678223,0,3,0,0,11
1403715991.433645009994507,0,0,0,0,11
1403715991.483644962310791,0,0,0,0,11
1403715991.533645153045654,0,0,0,0,11
1403715991.583645105361938,0,0,0,0,11
1403715991.633645057678223,0,0,0,0,11
1403715991.683645009994507,0,0,0,0,11
1403715991.733644962310791,0,0,0,0,11
1403715991.783645153045654,0,0,0,0,11
1403715991.833645105361938,0,0,0,0,11
1403715991.883645057678223,0,0,0,0,11
1403715991.933645009994507,0,0,0,0,11
1403715991.983644962310791,0,0,0,0,11
1403715992.033645153045654,0,0,0,0,11
1403715992.083645105361938,0,0,0,0,11
1403715992.133645057678223,0,0,0,0,11
1403715992.183645009994507,0,0,0,0,11
1403715992.233644962310791,0,0,0,0,11
1403715992.283645153045654,0,0,0,0,11
1403715992.333645105361938,0,0,0,0,11
1403715992.383645057678223,0,0,0,0,11
1403715992.433645009994507,0,0,0,0,11
1403715992.483644962310791,0,0,0,0,11
1403715992.533645153045654,0,0,0,0,11
1403715992.583645105361938,0,0,0,0,11
1403715992.633645057678223,0,0,0,0,11
1403715992.683645009994507,0,0,0,0,11
1403715992.733644962310791,0,0,0,0,11
1403715992.783645153045654,0,0,0,0,11
1403715992.833645105361938,0,0,0,0,11
1403715992.883645057678223,0,0,0,0,11
1403715992.933645009994507,0,0,0,0,11
1403715992.983644962310791,0,0,0,0,11
1403715993.033645153045654,0,0,0,0,11
1403715993.083645105361938,0,0,0,0,11
1403715993.133645057678223,0,0,0,0,11
1403715993.183645009994507,0,0,0,0,11
1403715993.233644962310791,0,0,0,0,11
1403715993.283645153045654,0,0,0,0,11
1403715993.333645105361938,0,0,0,0,11
1403715993.383645057678223,0,0,0,0,11
1403715993.433645009994507,0,0,0,0,11
1403715993.483644962310791,0,0,0,0,11
1403715993.533645153045654,0,0,0,0,11
1403715993.583645105361938,0,0,0,0,11
1403715993.633645057678223,0,0,0,0,11
1403715993.683645009994507,0,0,0,0,11
1403715993.733644962310791,0,0,0,0,11
1403715993.783645153045654,0,0,0,0,11
1403715993.833645105361938,0,0,0,0,11
1403715993.883645057678223,0,0,0,0,11
1403715993.933645009994507,0,0,0,0,11
1403715993.983644962310791,0,0,0,0,11
