# timestamp (sec),slam_feats_in_state,msckf_feats_used,slam_feats_updated,slam_feats_delayed_init,clones
1403715893.789326429367065,0,15,0,0,5
1403715893.838103294372559,27,14,0,27,6
1403715893.889926910400391,27,0,27,0,7
1403715893.940882682800293,27,0,27,0,8
1403715893.991627216339111,26,0,26,0,9
1403715894.042521715164185,26,0,26,0,10
1403715894.091652870178223,26,0,26,0,11
1403715894.140907764434814,26,1,26,0,11
1403715894.190555095672607,30,0,25,5,11
1403715894.240087509155273,32,1,29,2,11
1403715894.289642333984375,39,1,28,7,11
1403715894.340073823928833,39,0,35,1,11
1403715894.390362977981567,41,2,27,4,11
1403715894.439430236816406,42,24,34,3,11
1403715894.489157438278198,39,0,36,3,11
1403715894.539108037948608,39,0,39,0,11
1403715894.588977813720703,41,0,37,2,11
1403715894.639079570770264,40,0,29,1,11
1403715894.688667058944702,40,0,36,1,11
1403715894.738171100616455,39,0,21,2,11
1403715894.787788867950439,37,1,15,4,11
1403715894.837342739105225,40,0,20,13,11
1403715894.887165307998657,41,0,32,7,11
1403715894.936792135238647,43,0,35,4,11
1403715894.986759424209595,45,0,28,4,11
1403715895.036660432815552,41,12,28,2,11
1403715895.086710691452026,40,0,21,9,11
1403715895.136782407760620,36,0,29,0,11
1403715895.186762571334839,34,0,25,6,11
1403715895.236813068389893,34,0,28,1,11
1403715895.286795139312744,33,5,28,2,11
1403715895.336777210235596,32,1,28,3,11
1403715895.386840105056763,34,0,28,3,11
1403715895.436989307403564,36,0,31,2,11
1403715895.487090587615967,38,0,32,5,11
1403715895.537157058715820,37,0,36,0,11
1403715895.587238073348999,37,1,35,1,11
1403715895.637324094772339,41,20,36,4,11
1403715895.687297821044922,44,0,39,4,11
1403715895.737017154693604,46,0,36,3,11
1403715895.786742448806763,49,10,33,5,11
1403715895.836714982986450,46,0,29,5,11
1403715895.886610031127930,45,5,37,5,11
1403715895.936468362808228,45,0,29,2,11
1403715895.986421346664429,44,1,4,5,11
1403715896.036417484283447,40,0,5,5,11
1403715896.086423635482788,31,0,10,17,11
1403715896.136333942413330,28,0,25,1,11
1403715896.186261415481567,28,0,22,0,11
1403715896.236264944076538,28,0,10,2,11
1403715896.286265850067139,28,0,2,4,11
1403715896.336262464523315,27,0,2,12,11
1403715896.386200428009033,26,0,12,8,11
1403715896.436251163482666,26,0,15,4,11
1403715896.486336708068848,25,0,15,1,11
1403715896.536396503448486,24,0,8,4,11
1403715896.586411476135254,23,2,9,3,11
1403715896.636407375335693,23,0,11,8,11
1403715896.686386823654175,23,0,17,3,11
1403715896.736339330673218,23,0,19,0,11
1403715896.786340475082397,22,0,16,2,11
1403715896.836299419403076,22,0,16,1,11
1403715896.886272192001343,22,0,15,3,11
1403715896.936256885528564,22,0,16,2,11
1403715896.986286878585815,24,0,15,4,11
1403715897.036255359649658,23,1,15,2,11
1403715897.086267709732056,25,0,15,5,11
1403715897.136260747909546,26,1,19,4,11
1403715897.186313629150391,28,1,17,4,11
1403715897.236310005187988,27,1,20,2,11
1403715897.286325216293335,28,1,22,5,11
1403715897.336366891860962,29,3,24,2,11
1403715897.386419773101807,37,2,25,8,11
1403715897.436665296554565,42,1,29,9,11
1403715897.486729621887207,41,1,34,1,11
1403715897.536631584167480,40,2,32,1,11
1403715897.586452960968018,43,6,21,8,11
1403715897.636398553848267,44,1,36,3,11
1403715897.686276674270630,41,2,40,1,11
1403715897.736195325851440,41,0,41,0,11
1403715897.786131143569946,41,1,40,1,11
1403715897.836102247238159,39,6,39,0,11
1403715897.886177062988281,40,3,38,2,11
1403715897.936230182647705,46,9,38,8,11
1403715897.986274003982544,43,5,38,1,11
1403715898.036289453506470,42,5,37,2,11
1403715898.086303234100342,44,9,36,5,11
1403715898.136313676834106,39,8,36,1,11
1403715898.186330556869507,35,10,33,1,11
1403715898.236301422119141,29,7,25,2,11
1403715898.286256790161133,28,6,23,0,11
1403715898.336234807968140,28,4,23,2,11
1403715898.386248350143433,27,3,25,1,11
1403715898.436260461807251,25,13,16,0,11
1403715898.486292362213135,22,10,19,0,11
1403715898.536269664764404,22,5,19,3,11
1403715898.586249113082886,22,2,22,0,11
1403715898.636224269866943,23,5,20,1,11
1403715898.686147451400757,22,9,19,2,11
1403715898.736129999160767,26,4,16,5,11
1403715898.786104440689087,19,4,14,2,11
1403715898.836035490036011,18,4,15,3,11
1403715898.886013507843018,22,3,17,5,11
1403715898.936007499694824,24,6,22,2,11
1403715898.986010551452637,27,0,22,4,11
1403715899.036028861999512,34,8,24,8,11
1403715899.086077213287354,34,2,28,1,11
1403715899.136092662811279,40,5,23,9,11
1403715899.186087846755981,39,3,29,3,11
1403715899.236069440841675,37,5,28,5,11
1403715899.286052942276001,46,6,29,13,11
1403715899.336035013198853,42,6,39,2,11
1403715899.385949611663818,49,1,37,9,11
1403715899.435878515243530,48,4,42,1,11
1403715899.485775232315063,44,3,40,1,11
1403715899.535700321197510,44,4,40,2,11
1403715899.585699796676636,42,6,40,0,11
1403715899.635722875595093,44,2,40,3,11
1403715899.685719251632690,42,3,40,0,11
1403715899.735769987106323,41,4,28,0,11
1403715899.785809516906738,46,3,27,8,11
1403715899.835870027542114,40,5,31,6,11
1403715899.885840892791748,41,4,32,4,11
1403715899.935828924179077,40,3,34,4,11
1403715899.985799312591553,35,4,32,2,11
1403715900.035755872726440,34,3,32,0,11
1403715900.085743665695190,33,2,29,1,11
1403715900.135769367218018,34,3,27,3,11
1403715900.185770988464355,30,0,25,1,11
1403715900.235779047012329,33,2,21,5,11
1403715900.285813093185425,32,1,19,2,11
1403715900.335803270339966,28,4,19,2,11
1403715900.385745048522949,37,3,19,14,11
1403715900.435745954513550,43,3,26,10,11
1403715900.485718488693237,45,8,34,7,11
1403715900.535716056823730,41,3,37,4,11
1403715900.585689067840576,37,7,36,0,11
1403715900.635647296905518,34,5,32,1,11
1403715900.685663700103760,34,3,30,4,11
1403715900.735673189163208,35,2,27,2,11
1403715900.785675287246704,34,1,25,0,11
1403715900.835671186447144,31,2,21,9,11
1403715900.885668754577637,31,4,26,2,11
1403715900.935671091079712,29,1,26,0,11
1403715900.985678434371948,27,1,24,2,11
1403715901.035680770874023,24,6,23,0,11
1403715901.085657596588135,25,3,22,1,11
1403715901.135630369186401,26,2,22,2,11
1403715901.185598850250244,27,4,24,2,11
1403715901.235589027404785,22,2,18,1,11
1403715901.285571098327637,21,2,17,1,11
1403715901.335541725158691,20,1,15,1,11
1403715901.385510921478271,22,1,15,5,11
1403715901.435470104217529,22,4,19,2,11
1403715901.485430955886841,24,1,20,3,11
1403715901.535331249237061,30,1,21,6,11
1403715901.585201263427734,30,1,26,1,11
1403715901.635139465332031,29,1,26,1,11
1403715901.685074090957642,29,1,27,1,11
1403715901.735032796859741,31,0,27,3,11
1403715901.785019159317017,32,1,30,1,11
1403715901.834989547729492,35,4,29,4,11
1403715901.884956121444702,39,1,33,4,11
1403715901.934943675994873,38,2,35,3,11
1403715901.984966039657593,38,2,36,1,11
1403715902.034986972808838,39,2,36,1,11
1403715902.085013866424561,42,0,36,4,11
1403715902.135020971298218,46,3,40,5,11
1403715902.185025453567505,46,7,44,2,11
1403715902.235021352767944,46,2,46,0,11
1403715902.284997463226318,45,3,43,0,11
1403715902.334990501403809,48,3,37,5,11
1403715902.384979248046875,46,0,41,2,11
1403715902.434968233108521,45,4,42,2,11
1403715902.484965801239014,45,7,41,1,11
1403715902.534971714019775,46,2,42,2,11
1403715902.584963321685791,46,2,43,2,11
1403715902.634920358657837,48,2,42,4,11
1403715902.684906005859375,47,3,43,0,11
1403715902.734890222549438,46,3,43,1,11
1403715902.784881591796875,46,1,42,2,11
1403715902.834878444671631,46,4,40,1,11
1403715902.884851932525635,45,0,40,1,11
1403715902.934817790985107,45,1,41,4,11
1403715902.984817743301392,45,2,42,1,11
1403715903.034832477569580,47,7,41,4,11
1403715903.084836483001709,45,2,43,0,11
1403715903.134831666946411,38,4,36,1,11
1403715903.184827327728271,38,6,37,0,11
1403715903.234814882278442,37,3,35,0,11
1403715903.284787893295288,42,3,34,5,11
1403715903.334782838821411,39,1,35,2,11
1403715903.384760141372681,46,3,35,9,11
1403715903.434750795364380,44,2,41,0,11
1403715903.484770536422729,38,0,34,0,11
1403715903.534798622131348,42,11,24,8,11
1403715903.584782123565674,43,4,33,7,11
1403715903.634759664535522,37,2,35,1,11
1403715903.684745311737061,35,5,33,0,11
1403715903.734750986099243,41,8,28,12,11
1403715903.784756422042847,38,7,37,0,11
1403715903.834755659103394,29,5,26,0,11
1403715903.884760618209839,23,6,19,0,11
1403715903.934760570526123,18,1,14,3,11
1403715903.984761476516724,11,4,11,0,11
1403715904.034757614135742,9,4,9,0,11
1403715904.084731340408325,10,4,9,1,11
1403715904.134669065475464,16,4,9,6,11
1403715904.184639692306519,15,3,9,0,11
1403715904.234637260437012,14,5,4,0,11
1403715904.284603357315063,19,3,3,10,11
1403715904.334611177444458,17,1,8,5,11
1403715904.384601354598999,19,1,8,3,11
1403715904.434594154357910,24,2,10,8,11
1403715904.484608888626099,24,0,15,6,11
1403715904.534625768661499,28,1,19,5,11
1403715904.584648847579956,26,8,19,3,11
1403715904.634661197662354,24,0,15,1,11
1403715904.684643745422363,22,1,14,2,11
1403715904.734610319137573,21,3,8,6,11
1403715904.784591913223267,20,1,9,1,11
1403715904.834554910659790,20,1,7,7,11
1403715904.884538650512695,20,2,12,4,11
1403715904.934531927108765,18,0,15,1,11
1403715904.984540939331055,16,1,14,0,11
1403715905.034550905227661,19,0,10,4,11
1403715905.084561586380005,16,0,11,1,11
1403715905.134572982788086,16,1,10,2,11
1403715905.184590101242065,15,6,10,1,11
1403715905.234595537185669,13,1,11,0,11
1403715905.284612417221069,11,1,8,1,11
1403715905.334638595581055,13,1,7,3,11
1403715905.384652376174927,12,4,8,0,11
1403715905.434669017791748,15,1,7,5,11
1403715905.484679460525513,15,0,12,2,11
1403715905.534643888473511,17,3,12,4,11
1403715905.584638357162476,23,0,13,7,11
1403715905.634652376174927,23,8,19,2,11
1403715905.684653759002686,24,4,20,3,11
1403715905.734666585922241,23,0,22,0,11
1403715905.784682512283325,34,4,21,11,11
1403715905.834681510925293,37,3,26,4,11
1403715905.884655237197876,32,6,26,0,11
1403715905.934631109237671,28,1,24,3,11
1403715905.984631776809692,31,0,25,4,11
1403715906.034642934799194,29,3,26,1,11
1403715906.084641218185425,29,1,25,3,11
1403715906.134634733200073,25,4,23,1,11
1403715906.184592723846436,29,1,20,7,11
1403715906.234589815139771,27,2,24,1,11
1403715906.284570455551147,26,8,19,4,11
1403715906.334563016891479,24,2,20,0,11
1403715906.384561061859131,28,0,18,6,11
1403715906.434560298919678,25,0,22,0,11
1403715906.484565496444702,26,0,20,2,11
1403715906.534566879272461,25,2,22,1,11
1403715906.584549427032471,23,2,20,0,11
1403715906.634538888931274,23,3,16,2,11
1403715906.684525728225708,22,4,18,1,11
1403715906.734503269195557,19,4,18,0,11
1403715906.784489870071411,18,3,15,0,11
1403715906.834480524063110,17,0,14,1,11
1403715906.884472846984863,15,2,11,4,11
1403715906.934473276138306,13,1,13,0,11
1403715906.984479665756226,15,1,11,3,11
1403715907.034478187561035,11,2,7,0,11
1403715907.084469318389893,16,1,2,6,11
1403715907.134469032287598,11,3,3,0,11
1403715907.184468984603882,8,0,1,0,11
1403715907.234477043151855,14,0,0,11,11
1403715907.284482479095459,12,0,9,0,11
1403715907.334488391876221,8,1,8,0,11
1403715907.384500980377197,11,0,8,3,11
1403715907.434492349624634,13,0,11,2,11
1403715907.484488725662231,16,2,11,3,11
1403715907.534479379653931,18,1,10,4,11
1403715907.584479093551636,16,2,12,2,11
1403715907.634478807449341,16,1,13,3,11
1403715907.684483051300049,15,5,14,1,11
1403715907.734509229660034,21,2,14,7,11
1403715907.784517765045166,26,1,17,8,11
1403715907.834509372711182,28,6,19,8,11
1403715907.884501218795776,26,1,25,0,11
1403715907.934487104415894,24,2,24,0,11
1403715907.984481334686279,25,2,24,1,11
1403715908.034488201141357,35,2,23,12,11
1403715908.084490776062012,37,2,30,5,11
1403715908.134495258331299,36,1,32,1,11
1403715908.184507369995117,38,3,28,7,11
1403715908.234508514404297,35,0,14,1,11
1403715908.284537076950073,46,0,9,16,11
1403715908.334542036056519,36,0,17,9,11
1403715908.384535551071167,32,0,23,0,11
1403715908.434540987014771,31,1,14,8,11
1403715908.484529495239258,28,0,20,1,11
1403715908.534524679183960,33,0,21,12,11
1403715908.584505081176758,31,1,28,0,11
1403715908.634489536285400,28,1,24,0,11
1403715908.684473752975464,22,0,20,1,11
1403715908.734469175338745,27,1,16,8,11
1403715908.784464359283447,22,1,21,0,11
1403715908.834455728530884,20,0,19,0,11
1403715908.884455680847168,30,0,18,11,11
1403715908.934448242187500,32,1,27,4,11
1403715908.984451055526733,32,0,32,0,11
1403715909.034462690353394,42,2,30,12,11
1403715909.084460020065308,37,0,37,0,11
1403715909.134462118148804,35,1,33,1,11
1403715909.184465169906616,36,1,29,7,11
1403715909.234469890594482,47,4,34,13,11
1403715909.284483909606934,47,0,43,1,11
1403715909.334492444992065,49,0,43,2,11
1403715909.384501218795776,49,13,44,4,11
1403715909.434527873992920,47,0,44,1,11
1403715909.484534978866577,42,2,37,3,11
1403715909.534540891647339,42,0,37,1,11
1403715909.584537029266357,40,3,35,0,11
1403715909.634514808654785,48,10,31,11,11
1403715909.684520006179810,41,0,35,0,11
1403715909.734501838684082,38,1,31,3,11
1403715909.784499645233154,41,1,29,5,11
1403715909.834490060806274,36,1,28,4,11
1403715909.884490013122559,30,1,28,1,11
1403715909.934487104415894,28,6,24,0,11
1403715909.984481811523438,32,5,21,7,11
1403715910.034482717514038,25,4,21,0,11
1403715910.084481000900269,21,4,12,3,11
1403715910.134484529495239,14,4,12,1,11
1403715910.184483289718628,12,7,11,0,11
1403715910.234489679336548,15,1,9,5,11
1403715910.284492254257202,11,2,6,0,11
1403715910.334494352340698,0,9,0,0,11
1403715910.384504318237305,2,4,0,2,11
1403715910.434501647949219,2,4,2,0,11
1403715910.484504222869873,2,5,2,0,11
1403715910.534527301788330,9,2,2,7,11
1403715910.584523677825928,11,2,9,2,11
1403715910.634505033493042,14,1,7,3,11
1403715910.684488058090210,16,6,5,2,11
1403715910.734477519989014,13,4,8,1,11
1403715910.784447908401489,22,0,9,12,11
1403715910.834454774856567,22,3,21,1,11
1403715910.884458065032959,29,7,20,8,11
1403715910.934455156326294,30,5,28,2,11
1403715910.984447002410889,27,8,26,0,11
1403715911.034426450729370,29,3,25,2,11
1403715911.084398269653320,29,1,28,1,11
1403715911.134392261505127,32,0,29,3,11
1403715911.184395313262939,31,7,31,0,11
1403715911.234390258789062,35,4,31,4,11
1403715911.284392118453979,34,1,28,1,11
1403715911.334426879882812,35,7,23,3,11
1403715911.384427785873413,30,0,4,2,11
1403715911.434431791305542,16,1,3,1,11
1403715911.484444141387939,14,2,3,8,11
1403715911.534443616867065,12,4,8,0,11
1403715911.584442138671875,10,1,8,0,11
1403715911.634439945220947,5,1,2,1,11
1403715911.684439420700073,3,1,1,0,11
1403715911.734437942504883,3,2,1,0,11
1403715911.784437894821167,3,1,0,2,11
1403715911.834434270858765,3,3,2,0,11
1403715911.884433746337891,3,1,0,1,11
1403715911.934433460235596,3,0,1,0,11
1403715911.984433412551880,2,0,0,1,11
1403715912.034433126449585,2,1,1,0,11
1403715912.084432601928711,2,1,1,1,11
1403715912.134429216384888,2,5,0,0,11
1403715912.184428691864014,1,1,0,0,11
1403715912.234428405761719,1,2,0,1,11
1403715912.284428358078003,1,0,1,0,11
1403715912.334424734115601,2,0,1,1,11
1403715912.384424448013306,2,1,0,0,11
1403715912.434423923492432,2,3,0,0,11
1403715912.484420776367188,3,2,0,3,11
1403715912.534423351287842,5,7,3,2,11
1403715912.584432363510132,10,0,2,6,11
1403715912.634435176849365,11,8,5,2,11
1403715912.684441804885864,10,5,4,2,11
1403715912.734442949295044,8,3,4,2,11
1403715912.784444332122803,8,1,5,1,11
1403715912.834454298019409,11,5,4,4,11
1403715912.884454250335693,10,1,7,0,11
1403715912.934457540512085,9,1,2,2,11
1403715912.984459400177002,4,2,2,0,11
1403715913.034465789794922,3,2,1,0,11
1403715913.084465503692627,1,2,1,0,11
1403715913.134465217590332,1,1,0,0,11
1403715913.184465169906616,1,0,0,0,11
1403715913.234464645385742,0,1,0,0,11
1403715913.284463882446289,0,2,0,0,11
1403715913.334463834762573,0,1,0,0,11
1403715913.384462356567383,0,2,0,0,11
1403715913.434458494186401,1,2,0,1,11
1403715913.484458446502686,1,1,0,0,11
1403715913.534457921981812,2,3,0,1,11
1403715913.584462881088257,3,1,1,2,11
1403715913.634470701217651,4,2,3,1,11
1403715913.684472084045410,5,2,4,1,11
1403715913.734475135803223,7,1,3,2,11
1403715913.784500360488892,9,3,3,3,11
1403715913.834515571594238,10,1,5,3,11
1403715913.884514808654785,12,1,6,3,11
1403715913.934524297714233,15,1,9,3,11
1403715913.984525203704834,16,2,12,4,11
1403715914.034534215927124,23,4,16,7,11
1403715914.084537982940674,26,3,21,3,11
1403715914.134582757949829,34,4,18,8,11
1403715914.184605360031128,37,5,23,5,11
1403715914.234606504440308,35,2,22,4,11
1403715914.284587860107422,35,3,19,3,11
1403715914.334540843963623,37,2,16,10,11
1403715914.384512186050415,33,3,24,3,11
1403715914.434490442276001,36,1,26,6,11
1403715914.484489202499390,38,1,25,5,11
1403715914.534513711929321,39,1,28,2,11
1403715914.584516048431396,44,5,25,13,11
1403715914.634526491165161,43,3,37,2,11
1403715914.684531450271606,38,3,35,2,11
1403715914.734532833099365,34,1,34,0,11
1403715914.784549236297607,35,2,34,1,11
1403715914.834562778472900,36,1,24,2,11
1403715914.884576320648193,40,3,26,6,11
1403715914.934576034545898,36,3,27,9,11
1403715914.984564542770386,49,7,35,13,11
1403715915.034567117691040,50,3,48,1,11
1403715915.084568023681641,49,5,48,0,11
1403715915.134565353393555,49,1,47,0,11
1403715915.184530973434448,48,11,42,1,11
1403715915.234470129013062,47,0,39,0,11
1403715915.284446239471436,44,2,37,3,11
1403715915.334419965744019,46,3,38,6,11
1403715915.384414672851562,46,5,43,1,11
1403715915.434403181076050,45,1,43,2,11
1403715915.484391689300537,46,0,44,1,11
1403715915.534379243850708,50,0,44,4,11
1403715915.584362268447876,49,7,49,0,11
1403715915.634353876113892,50,1,47,1,11
1403715915.684327363967896,48,3,43,0,11
1403715915.734308481216431,47,9,42,3,11
1403715915.784272670745850,46,9,41,4,11
1403715915.834258794784546,47,3,45,2,11
1403715915.884241342544556,48,5,43,1,11
1403715915.934219360351562,49,5,43,2,11
1403715915.984179973602295,46,9,40,1,11
1403715916.034138441085815,46,2,40,2,11
1403715916.084130048751831,49,0,40,7,11
1403715916.134128332138062,47,3,45,1,11
1403715916.184137582778931,48,2,44,2,11
1403715916.234138965606689,48,3,44,1,11
1403715916.284145832061768,46,6,40,2,11
1403715916.334150075912476,46,3,33,3,11
1403715916.384149789810181,48,1,20,5,11
1403715916.434158802032471,43,0,9,8,11
1403715916.484172344207764,37,3,16,9,11
1403715916.534200429916382,35,1,17,11,11
1403715916.584203958511353,33,5,17,1,11
1403715916.634203433990479,31,0,12,5,11
1403715916.684196472167969,29,0,17,6,11
1403715916.734196424484253,26,4,17,3,11
1403715916.784202575683594,26,3,18,5,11
1403715916.834191560745239,27,2,22,4,11
1403715916.884190559387207,28,6,25,1,11
1403715916.934175491333008,28,4,21,3,11
1403715916.984174489974976,27,2,23,1,11
1403715917.034175157546997,25,5,21,2,11
1403715917.084166526794434,23,2,17,1,11
1403715917.134150743484497,22,14,14,6,11
1403715917.184139490127563,23,5,11,6,11
1403715917.234127998352051,23,2,13,4,11
1403715917.284129142761230,21,1,14,2,11
1403715917.334141254425049,22,4,15,3,11
1403715917.384175539016724,23,1,17,5,11
1403715917.434195756912231,26,0,22,4,11
1403715917.484226226806641,30,3,24,4,11
1403715917.534250259399414,32,1,27,2,11
1403715917.584266662597656,31,0,27,1,11
1403715917.634253025054932,30,2,24,1,11
1403715917.684235095977783,31,1,17,3,11
1403715917.734218120574951,33,2,19,4,11
1403715917.784196138381958,33,2,19,11,11
1403715917.834174156188965,36,2,26,5,11
1403715917.884144783020020,40,2,27,7,11
1403715917.934143543243408,40,0,23,3,11
1403715917.984155178070068,42,0,22,7,11
1403715918.034164190292358,37,0,21,5,11
1403715918.084182262420654,40,1,26,7,11
1403715918.134183406829834,44,2,31,10,11
1403715918.184186697006226,47,0,39,5,11
1403715918.234190225601196,46,4,41,0,11
1403715918.284199953079224,47,0,39,3,11
1403715918.334172725677490,50,2,25,6,11
1403715918.384145259857178,48,5,18,3,11
1403715918.434124708175659,47,2,16,13,11
1403715918.484118223190308,37,3,21,4,11
1403715918.534116268157959,38,3,24,6,11
1403715918.584124565124512,37,4,14,7,11
1403715918.634125232696533,36,0,18,2,11
1403715918.684136152267456,33,0,21,10,11
1403715918.734133720397949,32,4,27,2,11
1403715918.784133911132812,32,2,24,1,11
1403715918.834134101867676,30,5,23,1,11
1403715918.884135961532593,27,1,22,3,11
1403715918.934139728546143,28,3,20,2,11
1403715918.984140634536743,27,2,21,1,11
1403715919.034148216247559,30,2,18,7,11
1403715919.084197044372559,42,2,26,13,11
1403715919.134200334548950,45,3,40,4,11
1403715919.184208393096924,44,0,41,0,11
1403715919.234211683273315,49,4,39,6,11
1403715919.284219503402710,48,1,46,2,11
1403715919.334212303161621,49,7,46,1,11
1403715919.384199619293213,49,3,44,0,11
1403715919.434164524078369,49,9,43,2,11
1403715919.484129667282104,50,0,39,3,11
1403715919.534099102020264,49,0,42,2,11
1403715919.584065914154053,50,4,44,6,11
1403715919.634068965911865,50,2,50,0,11
1403715919.684051275253296,50,3,49,0,11
1403715919.734037876129150,50,2,49,0,11
1403715919.784001827239990,50,17,49,1,11
1403715919.833991765975952,50,7,49,0,11
1403715919.883989334106445,49,1,49,0,11
1403715919.933987855911255,50,6,48,1,11
1403715919.983979940414429,50,0,49,0,11
1403715920.033978462219238,50,10,49,1,11
1403715920.083980083465576,49,1,47,0,11
1403715920.134003162384033,49,1,40,1,11
1403715920.184034824371338,50,2,35,2,11
1403715920.234049081802368,48,2,24,5,11
1403715920.284066677093506,46,0,30,4,11
1403715920.334075927734375,43,2,34,6,11
1403715920.384091854095459,47,5,32,6,11
1403715920.434096813201904,42,1,19,0,11
1403715920.484098911285400,40,0,5,6,11
1403715920.534101247787476,37,1,4,15,11
1403715920.584099531173706,36,4,13,10,11
1403715920.634092807769775,34,0,16,5,11
1403715920.684096336364746,32,0,11,4,11
1403715920.734096288681030,28,0,0,3,11
1403715920.784096240997314,25,1,3,7,11
1403715920.834093809127808,25,1,6,15,11
1403715920.884079694747925,25,1,18,0,11
1403715920.934073209762573,25,0,10,4,11
1403715920.984054803848267,25,1,13,3,11
1403715921.034055948257446,24,2,6,8,11
1403715921.084053039550781,24,0,13,1,11
1403715921.134056329727173,24,1,14,9,11
1403715921.184058427810669,24,5,19,1,11
1403715921.234062671661377,23,9,18,0,11
1403715921.284059047698975,22,2,15,3,11
1403715921.334061861038208,22,1,18,2,11
1403715921.384061336517334,22,2,19,2,11
1403715921.434057474136353,22,2,19,0,11
1403715921.484057903289795,22,3,18,1,11
1403715921.534052610397339,23,4,18,3,11
1403715921.584050416946411,24,3,21,2,11
1403715921.634047746658325,26,2,21,4,11
1403715921.684047460556030,29,1,22,3,11
1403715921.734041929244995,28,4,22,2,11
1403715921.784038543701172,26,6,22,1,11
1403715921.834034442901611,28,8,20,4,11
1403715921.884030580520630,33,4,21,7,11
1403715921.934032201766968,31,3,20,3,11
1403715921.984033107757568,30,8,20,1,11
1403715922.034026384353638,35,1,21,11,11
1403715922.084029436111450,32,9,26,2,11
1403715922.134030103683472,31,4,23,1,11
1403715922.184032917022705,24,5,18,0,11
1403715922.234037399291992,26,2,16,6,11
1403715922.284037590026855,26,2,19,2,11
1403715922.334039688110352,26,8,18,3,11
1403715922.384043931961060,23,1,13,4,11
1403715922.434045791625977,22,4,16,1,11
1403715922.484053611755371,18,5,14,0,11
1403715922.534056425094604,15,3,10,0,11
1403715922.584059238433838,14,10,8,2,11
1403715922.634060859680176,14,3,10,4,11
1403715922.684066772460938,15,2,13,2,11
1403715922.734067440032959,14,3,14,0,11
1403715922.784067630767822,15,2,13,1,11
1403715922.834068536758423,17,4,14,3,11
1403715922.884065151214600,20,1,17,3,11
1403715922.934068202972412,23,2,19,4,11
1403715922.984071493148804,23,1,22,1,11
1403715923.034073591232300,26,1,20,3,11
1403715923.084080696105957,33,0,16,8,11
1403715923.134089469909668,34,1,22,4,11
1403715923.184095144271851,35,2,23,7,11
1403715923.234093666076660,38,0,26,6,11
1403715923.284111022949219,39,5,28,3,11
1403715923.334124565124512,39,0,30,4,11
1403715923.384124279022217,34,1,33,0,11
1403715923.434130191802979,34,1,30,1,11
1403715923.484136104583740,35,2,28,4,11
1403715923.534140586853027,34,1,32,0,11
1403715923.584143638610840,32,3,30,1,11
1403715923.634144544601440,33,2,28,1,11
1403715923.684144735336304,35,1,29,4,11
1403715923.734144210815430,36,0,31,4,11
1403715923.784140825271606,41,0,32,5,11
1403715923.834135770797729,41,0,34,1,11
1403715923.884130716323853,42,9,32,3,11
1403715923.934128046035767,42,0,25,4,11
1403715923.984127521514893,40,1,25,3,11
1403715924.034128665924072,34,0,21,3,11
1403715924.084121704101562,33,1,18,3,11
1403715924.134127855300903,29,1,10,3,11
1403715924.184130430221558,24,1,12,2,11
1403715924.234138250350952,20,6,9,4,11
1403715924.284138202667236,19,1,7,1,11
1403715924.334139347076416,13,3,3,1,11
1403715924.384141206741333,11,1,1,2,11
1403715924.434142589569092,9,3,2,4,11
1403715924.484144687652588,9,2,2,2,11
1403715924.534145355224609,9,3,2,1,11
1403715924.584144115447998,9,6,3,4,11
1403715924.634144067764282,8,0,4,1,11
1403715924.684141397476196,8,4,3,0,11
1403715924.734140634536743,6,1,1,1,11
1403715924.784134626388550,5,6,1,1,11
1403715924.834130048751831,6,4,2,3,11
1403715924.884127855300903,6,6,2,1,11
1403715924.934120655059814,9,3,3,3,11
1403715924.984120130538940,5,2,2,1,11
1403715925.034120321273804,5,4,0,0,11
1403715925.084125280380249,2,6,0,0,11
1403715925.134124040603638,0,3,0,0,11
1403715925.184119701385498,1,5,0,1,11
1403715925.234119653701782,1,2,0,0,11
1403715925.284119844436646,1,0,0,0,11
1403715925.334120512008667,0,3,0,0,11
1403715925.384120702743530,0,1,0,0,11
1403715925.434121370315552,0,1,0,0,11
1403715925.484121322631836,0,1,0,0,11
1403715925.534121274948120,0,1,0,0,11
1403715925.584120035171509,0,2,0,0,11
1403715925.634118556976318,0,2,0,0,11
1403715925.684118747711182,0,2,0,0,11
1403715925.734118700027466,0,1,0,0,11
1403715925.784117937088013,0,2,0,0,11
1403715925.834117412567139,0,1,0,0,11
1403715925.884117364883423,0,0,0,0,11
1403715925.934117317199707,0,1,0,0,11
1403715925.984117269515991,0,0,0,0,11
1403715926.034117460250854,0,0,0,0,11
1403715926.084116458892822,0,1,0,0,11
1403715926.134116649627686,0,3,0,0,11
1403715926.184116601943970,0,1,0,0,11
1403715926.234116554260254,0,2,0,0,11
1403715926.284116744995117,0,0,0,0,11
1403715926.334116697311401,0,0,0,0,11
1403715926.384116649627686,0,1,0,0,11
1403715926.434116601943970,0,0,0,0,11
1403715926.484116554260254,0,1,0,0,11
1403715926.534116983413696,0,2,0,0,11
1403715926.584116935729980,0,0,0,0,11
1403715926.634116888046265,0,0,0,0,11
1403715926.684116840362549,0,1,0,0,11
1403715926.734116792678833,0,0,0,0,11
1403715926.784116983413696,0,0,0,0,11
1403715926.834116935729980,0,0,0,0,11
1403715926.884116888046265,0,0,0,0,11
1403715926.934116840362549,0,0,0,0,11
1403715926.984116792678833,0,0,0,0,11
1403715927.034116983413696,0,0,0,0,11
1403715927.084116935729980,0,0,0,0,11
1403715927.134116888046265,0,0,0,0,11
1403715927.184116840362549,0,0,0,0,11
1403715927.234116792678833,0,0,0,0,11
1403715927.284116744995117,0,1,0,0,11
1403715927.334116697311401,0,0,0,0,11
1403715927.384116411209106,0,1,0,0,11
1403715927.434116363525391,0,0,0,0,11
1403715927.484116315841675,0,1,0,0,11
1403715927.534116268157959,0,1,0,0,11
1403715927.584116220474243,0,0,0,0,11
1403715927.634116172790527,0,0,0,0,11
1403715927.684116125106812,0,0,0,0,11
1403715927.734116077423096,0,0,0,0,11
1403715927.784116268157959,0,0,0,0,11
1403715927.834116220474243,0,0,0,0,11
1403715927.884116172790527,0,0,0,0,11
1403715927.934116125106812,0,0,0,0,11
1403715927.984116077423096,0,0,0,0,11
1403715928.034116268157959,0,0,0,0,11
1403715928.084116220474243,0,0,0,0,11
1403715928.134116172790527,0,0,0,0,11
1403715928.184116125106812,0,1,0,0,11
1403715928.234116077423096,0,0,0,0,11
1403715928.284116268157959,0,0,0,0,11
1403715928.334117412567139,0,1,0,0,11
1403715928.384118318557739,0,3,0,0,11
1403715928.434117317199707,0,1,0,0,11
1403715928.484117269515991,0,2,0,0,11
1403715928.534118413925171,0,2,0,0,11
1403715928.584118366241455,0,0,0,0,11
1403715928.634119510650635,0,1,0,0,11
1403715928.684128046035767,0,3,0,0,11
1403715928.734129428863525,0,1,0,0,11
1403715928.784129619598389,0,1,0,0,11
1403715928.834129571914673,0,0,0,0,11
1403715928.884129524230957,0,0,0,0,11
1403715928.934128761291504,0,1,0,0,11
1403715928.984128713607788,0,1,0,0,11
1403715929.034128904342651,0,0,0,0,11
1403715929.084128856658936,0,1,0,0,11
1403715929.134127616882324,0,1,0,0,11
1403715929.184127807617188,0,1,0,0,11
1403715929.234129667282104,0,4,0,0,11
1403715929.284129858016968,0,0,0,0,11
1403715929.334130287170410,0,1,0,0,11
1403715929.384128332138062,1,3,0,1,11
1403715929.434128999710083,0,1,0,0,11
1403715929.484127998352051,0,1,0,0,11
1403715929.534128189086914,0,0,0,0,11
1403715929.584128141403198,0,2,0,0,11
1403715929.634128093719482,0,1,0,0,11
1403715929.684127569198608,0,1,0,0,11
1403715929.734124898910522,2,0,0,2,11
1403715929.784124612808228,2,0,1,0,11
1403715929.834124326705933,2,1,1,0,11
1403715929.884124994277954,1,0,1,0,11
1403715929.934125185012817,1,1,1,0,11
1403715929.984119892120361,2,0,0,1,11
1403715930.034120082855225,2,0,0,0,11
1403715930.084120750427246,1,1,0,0,11
1403715930.134120702743530,0,0,0,0,11
1403715930.184120655059814,0,0,0,0,11
1403715930.234120607376099,0,0,0,0,11
1403715930.284120798110962,0,0,0,0,11
1403715930.334120750427246,0,0,0,0,11
1403715930.384120702743530,0,0,0,0,11
1403715930.434120655059814,0,0,0,0,11
1403715930.484130859375000,2,0,0,2,11
1403715930.534131765365601,2,0,2,0,11
1403715930.584131956100464,2,0,2,0,11
1403715930.634128808975220,2,0,2,0,11
1403715930.684126138687134,2,0,2,0,11
1403715930.734117031097412,3,0,2,1,11
1403715930.784115076065063,3,0,3,0,11
1403715930.834113121032715,3,0,3,0,11
1403715930.884111642837524,3,0,3,0,11
1403715930.934111595153809,2,0,2,0,11
1403715930.984110832214355,2,0,1,0,11
1403715931.034111022949219,1,0,0,0,11
1403715931.084111452102661,1,0,0,1,11
1403715931.134111881256104,1,0,1,0,11
1403715931.184113264083862,3,0,1,2,11
1403715931.234114408493042,3,0,3,0,11
1403715931.284118175506592,3,2,3,0,11
1403715931.334120512008667,3,0,3,0,11
1403715931.384121417999268,3,0,2,0,11
1403715931.434120893478394,3,1,2,0,11
1403715931.484121084213257,2,1,2,0,11
1403715931.534121751785278,2,0,2,0,11
1403715931.584121942520142,2,0,2,0,11
1403715931.634120941162109,3,2,1,1,11
1403715931.684119224548340,3,3,0,1,11
1403715931.734117984771729,3,0,1,0,11
1403715931.784118175506592,1,0,0,0,11
1403715931.834117889404297,1,1,0,0,11
1403715931.884114265441895,0,1,0,0,11
1403715931.934114217758179,0,0,0,0,11
1403715931.984112739562988,0,4,0,0,11
1403715932.034112453460693,0,1,0,0,11
1403715932.084100008010864,1,2,0,1,11
1403715932.134093523025513,3,2,1,2,11
1403715932.184087753295898,6,6,2,3,11
1403715932.234085559844971,6,7,3,1,11
1403715932.284077405929565,11,6,3,7,11
1403715932.334075689315796,9,4,5,1,11
1403715932.384064674377441,13,4,6,4,11
1403715932.434062242507935,11,5,6,2,11
1403715932.484055519104004,14,2,7,3,11
1403715932.534041404724121,19,3,8,8,11
1403715932.584041118621826,19,3,14,2,11
1403715932.634034156799316,20,6,15,2,11
1403715932.684033870697021,19,2,13,3,11
1403715932.734025955200195,17,1,13,0,11
1403715932.784024715423584,16,1,11,2,11
1403715932.834025859832764,21,1,11,7,11
1403715932.884030818939209,27,0,16,7,11
1403715932.934045076370239,30,8,21,5,11
1403715932.984045267105103,29,7,23,1,11
1403715933.034040927886963,26,2,19,0,11
1403715933.084042072296143,25,5,14,3,11
1403715933.134047508239746,25,2,17,4,11
1403715933.184054851531982,22,0,18,0,11
1403715933.234054803848267,21,3,17,2,11
1403715933.284059047698975,17,2,14,1,11
1403715933.334056377410889,17,5,15,0,11
1403715933.384049177169800,14,4,13,1,11
1403715933.434050321578979,13,2,12,0,11
1403715933.484050035476685,11,10,10,0,11
1403715933.534050703048706,11,7,9,2,11
1403715933.584045886993408,11,6,11,0,11
1403715933.634036064147949,12,1,6,5,11
1403715933.684052705764771,20,2,10,8,11
1403715933.734081268310547,24,0,16,6,11
1403715933.784116268157959,27,2,21,5,11
1403715933.834128856658936,27,3,26,0,11
1403715933.884126186370850,27,3,25,0,11
1403715933.934119939804077,34,9,20,8,11
1403715933.984100341796875,46,22,26,14,11
1403715934.034090995788574,40,12,27,3,11
1403715934.084091663360596,30,8,17,1,11
1403715934.134087324142456,19,12,7,0,11
1403715934.184081554412842,11,4,5,0,11
1403715934.234076976776123,5,2,1,2,11
1403715934.284077405929565,1,1,0,1,11
1403715934.334077358245850,1,1,1,0,11
1403715934.384079456329346,1,8,0,1,11
1403715934.434079647064209,1,7,1,0,11
1403715934.484086036682129,0,3,0,0,11
1403715934.534095048904419,0,5,0,0,11
1403715934.584096908569336,1,0,0,1,11
1403715934.634092807769775,1,1,1,0,11
1403715934.684092998504639,1,0,1,0,11
1403715934.734094142913818,1,2,1,0,11
1403715934.784114837646484,3,0,1,2,11
1403715934.834161996841431,6,2,3,3,11
1403715934.884203433990479,14,1,4,8,11
1403715934.934246778488159,16,4,8,3,11
1403715934.984286069869995,20,10,8,6,11
1403715935.034312963485718,26,2,9,12,11
1403715935.084318637847900,20,6,12,3,11
1403715935.134320497512817,13,7,7,3,11
1403715935.184316635131836,11,1,6,0,11
1403715935.234310150146484,10,4,7,1,11
1403715935.284304380416870,9,5,6,1,11
1403715935.334290504455566,12,1,6,3,11
1403715935.384290695190430,10,2,8,1,11
1403715935.434290647506714,10,6,9,0,11
1403715935.484277725219727,10,6,6,4,11
1403715935.534250020980835,12,2,7,4,11
1403715935.584242105484009,12,3,8,2,11
1403715935.634232282638550,12,5,9,2,11
1403715935.684223175048828,12,5,10,2,11
1403715935.734218835830688,18,3,7,7,11
1403715935.784214496612549,26,5,14,9,11
1403715935.834208726882935,32,4,23,9,11
1403715935.884209394454956,35,1,30,3,11
1403715935.934212446212769,44,0,32,9,11
1403715935.984224319458008,42,0,41,0,11
1403715936.034273862838745,50,12,38,9,11
1403715936.084304094314575,50,6,34,0,11
1403715936.134318113327026,47,4,32,1,11
1403715936.184320926666260,43,18,31,8,11
1403715936.234318494796753,39,9,35,2,11
1403715936.284313440322876,36,4,29,0,11
1403715936.334300041198730,33,4,21,1,11
1403715936.384291410446167,29,0,19,1,11
1403715936.434275865554810,29,0,19,6,11
1403715936.484264135360718,26,2,24,1,11
1403715936.534254789352417,26,2,25,0,11
1403715936.584264993667603,26,2,23,0,11
1403715936.634278059005737,24,3,21,1,11
1403715936.684286117553711,23,1,22,0,11
1403715936.734298229217529,34,0,21,13,11
1403715936.784308433532715,36,0,34,2,11
1403715936.834303855895996,40,0,36,4,11
1403715936.884306192398071,44,0,39,4,11
1403715936.934306621551514,45,2,44,1,11
1403715936.984305143356323,48,3,44,3,11
1403715937.034309148788452,48,1,47,0,11
1403715937.084311008453369,47,0,44,1,11
1403715937.134312391281128,47,1,44,0,11
1403715937.184308052062988,49,2,43,3,11
1403715937.234299898147583,48,0,42,1,11
1403715937.284293651580811,46,0,43,2,11
1403715937.334273815155029,49,3,42,4,11
1403715937.384269714355469,49,5,46,1,11
1403715937.434266567230225,50,7,47,2,11
1403715937.484266996383667,45,4,43,1,11
1403715937.534271955490112,46,2,43,2,11
1403715937.584277391433716,47,1,41,1,11
1403715937.634280920028687,44,2,37,3,11
1403715937.684288501739502,41,13,35,5,11
1403715937.734287500381470,43,1,35,3,11
1403715937.784284114837646,41,0,36,1,11
1403715937.834279775619507,38,6,33,1,11
1403715937.884274721145630,49,5,35,12,11
1403715937.934271335601807,49,3,46,1,11
1403715937.984266519546509,49,5,43,1,11
1403715938.034265279769897,45,2,41,0,11
1403715938.084264516830444,41,0,38,2,11
1403715938.134263992309570,36,0,35,0,11
1403715938.184256315231323,50,5,35,14,11
1403715938.234255313873291,48,4,47,0,11
1403715938.284255504608154,44,5,42,1,11
1403715938.334260702133179,41,1,41,0,11
1403715938.384263038635254,48,20,38,8,11
1403715938.434262752532959,47,5,46,0,11
1403715938.484261751174927,45,1,45,0,11
1403715938.534259557723999,40,1,39,0,11
1403715938.584257602691650,39,3,37,0,11
1403715938.634259939193726,39,0,34,1,11
1403715938.684263706207275,37,4,35,0,11
1403715938.734270095825195,37,2,34,2,11
1403715938.784279108047485,39,2,34,2,11
1403715938.834289550781250,43,6,34,6,11
1403715938.884304523468018,47,12,39,6,11
1403715938.934303522109985,45,1,41,0,11
1403715938.984296560287476,49,5,37,5,11
1403715939.034283161163330,44,7,32,3,11
1403715939.084276437759399,41,1,36,1,11
1403715939.134252786636353,40,2,31,5,11
1403715939.184226989746094,39,5,28,5,11
1403715939.234209299087524,32,4,27,1,11
1403715939.284197330474854,30,8,27,0,11
1403715939.334191799163818,27,4,21,1,11
1403715939.384186983108521,27,6,18,1,11
1403715939.434182643890381,21,5,16,3,11
1403715939.484175205230713,25,6,17,5,11
1403715939.534168720245361,26,3,17,4,11
1403715939.584167003631592,23,1,16,2,11
1403715939.634167432785034,19,3,16,0,11
1403715939.684168338775635,15,3,11,2,11
1403715939.734170198440552,13,2,10,2,11
1403715939.784167528152466,14,1,12,1,11
1403715939.834170103073120,16,0,12,3,11
1403715939.884177446365356,22,1,14,7,11
1403715939.934173345565796,27,1,21,6,11
1403715939.984174728393555,27,1,26,0,11
1403715940.034187316894531,33,3,24,6,11
1403715940.084206104278564,38,8,28,6,11
1403715940.134209156036377,37,2,36,0,11
1403715940.184209823608398,36,14,29,0,11
1403715940.234207868576050,36,3,26,2,11
1403715940.284203529357910,38,1,28,8,11
1403715940.334206819534302,39,3,33,4,11
1403715940.384208917617798,29,5,24,0,11
1403715940.434213638305664,27,5,18,1,11
1403715940.484225511550903,29,2,17,6,11
1403715940.534229278564453,25,2,16,2,11
1403715940.584228515625000,21,3,16,0,11
1403715940.634227275848389,19,3,16,2,11
1403715940.684228658676147,13,2,12,1,11
1403715940.734227180480957,17,0,10,6,11
1403715940.784219741821289,28,1,16,11,11
1403715940.834225654602051,29,0,26,2,11
1403715940.884240388870239,29,1,25,0,11
1403715940.934256315231323,35,12,23,8,11
1403715940.984267473220825,38,21,25,6,11
1403715941.034270763397217,39,10,26,3,11
1403715941.084266901016235,39,19,16,10,11
1403715941.134266853332520,22,2,6,0,11
1403715941.184264421463013,13,6,5,2,11
1403715941.234258890151978,2,5,1,0,11
1403715941.284260749816895,1,6,1,0,11
1403715941.334259271621704,0,6,0,0,11
1403715941.384259700775146,0,4,0,0,11
1403715941.434257030487061,0,10,0,0,11
1403715941.484257221221924,0,3,0,0,11
1403715941.534256219863892,0,1,0,0,11
1403715941.584221124649048,4,4,0,4,11
1403715941.634219646453857,4,4,0,0,11
1403715941.684219598770142,4,0,0,0,11
1403715941.734219551086426,2,0,0,2,11
1403715941.784219026565552,2,3,2,0,11
1403715941.834218025207520,1,1,1,0,11
1403715941.884217977523804,1,0,0,0,11
1403715941.934217929840088,1,0,0,0,11
1403715941.984217166900635,1,0,0,1,11
1403715942.034216165542603,1,1,0,0,11
1403715942.084205865859985,1,4,0,0,11
1403715942.134205102920532,0,2,0,0,11
1403715942.184202194213867,0,3,0,0,11
1403715942.234195470809937,1,11,0,1,11
1403715942.284188508987427,3,2,1,2,11
1403715942.334180355072021,5,3,2,2,11
1403715942.384164810180664,12,1,3,7,11
1403715942.434160470962524,7,7,3,3,11
1403715942.484158515930176,6,1,3,0,11
1403715942.534159183502197,6,2,3,0,11
1403715942.584159135818481,5,7,2,3,11
1403715942.634164094924927,7,4,5,2,11
1403715942.684166908264160,7,6,2,4,11
1403715942.734168529510498,4,6,1,0,11
1403715942.784175157546997,7,6,0,3,11
1403715942.834178686141968,5,3,0,1,11
1403715942.884181737899780,5,2,0,1,11
1403715942.934181690216064,1,4,0,0,11
1403715942.984181642532349,0,1,0,0,11
1403715943.034181356430054,0,5,0,0,11
1403715943.084181308746338,0,0,0,0,11
1403715943.134181261062622,0,0,0,0,11
1403715943.184181213378906,0,0,0,0,11
1403715943.234181165695190,0,0,0,0,11
1403715943.284181356430054,0,0,0,0,11
1403715943.334182500839233,0,1,0,0,11
1403715943.384182453155518,0,1,0,0,11
1403715943.434182405471802,0,0,0,0,11
1403715943.484182357788086,0,0,0,0,11
1403715943.534182548522949,0,0,0,0,11
1403715943.584182500839233,0,0,0,0,11
1403715943.634181737899780,0,1,0,0,11
1403715943.684181690216064,0,0,0,0,11
1403715943.734179973602295,0,5,0,0,11
1403715943.784179925918579,0,1,0,0,11
1403715943.834179878234863,0,0,0,0,11
1403715943.884179830551147,0,0,0,0,11
1403715943.934179782867432,0,0,0,0,11
1403715943.984176874160767,3,0,0,3,11
1403715944.034174919128418,3,0,3,0,11
1403715944.084172010421753,6,1,1,3,11
1403715944.134167909622192,8,0,1,2,11
1403715944.184163808822632,4,8,2,0,11
1403715944.234162092208862,4,3,1,2,11
1403715944.284162521362305,2,4,0,0,11
1403715944.334162950515747,3,2,0,1,11
1403715944.384165287017822,7,4,1,6,11
1403715944.434163808822632,13,3,6,7,11
1403715944.484164476394653,12,5,10,1,11
1403715944.534162282943726,7,6,6,0,11
1403715944.584158897399902,7,0,5,2,11
1403715944.634160757064819,8,2,6,1,11
1403715944.684172153472900,19,4,3,11,11
1403715944.734173059463501,19,1,0,1,11
1403715944.784173727035522,16,1,0,1,11
1403715944.834173679351807,7,0,1,5,11
1403715944.884175300598145,6,0,5,0,11
1403715944.934176445007324,6,0,3,0,11
1403715944.984177112579346,6,0,1,1,11
1403715945.034177303314209,6,2,0,2,11
1403715945.084175825119019,5,4,2,2,11
1403715945.134173870086670,5,2,3,1,11
1403715945.184173107147217,4,0,3,0,11
1403715945.234174013137817,3,1,0,0,11
1403715945.284171581268311,0,6,0,0,11
1403715945.334170341491699,0,3,0,0,11
1403715945.384169340133667,0,3,0,0,11
1403715945.434169292449951,0,2,0,0,11
1403715945.484169244766235,0,0,0,0,11
1403715945.534169435501099,0,0,0,0,11
1403715945.584169387817383,0,1,0,0,11
1403715945.634169340133667,0,0,0,0,11
1403715945.684169292449951,0,0,0,0,11
1403715945.734165430068970,0,1,0,0,11
1403715945.784165620803833,0,0,0,0,11
1403715945.834165573120117,0,0,0,0,11
1403715945.884165525436401,0,1,0,0,11
1403715945.934165239334106,0,3,0,0,11
1403715945.984164953231812,0,1,0,0,11
1403715946.034164667129517,0,4,0,0,11
1403715946.084164857864380,0,2,0,0,11
1403715946.134165048599243,0,1,0,0,11
1403715946.184164762496948,0,1,0,0,11
1403715946.234164953231812,0,1,0,0,11
1403715946.284165382385254,0,1,0,0,11
1403715946.334166049957275,0,1,0,0,11
1403715946.384166002273560,0,0,0,0,11
1403715946.434165954589844,0,4,0,0,11
1403715946.484165906906128,0,3,0,0,11
1403715946.534166097640991,0,0,0,0,11
1403715946.584165811538696,0,3,0,0,11
1403715946.634165525436401,0,2,0,0,11
1403715946.684162855148315,0,8,0,0,11
1403715946.734162330627441,3,12,0,3,11
1403715946.784160614013672,3,2,3,0,11
1403715946.834154605865479,5,1,3,2,11
1403715946.884155511856079,5,2,4,0,11
1403715946.934155225753784,6,1,4,1,11
1403715946.984156370162964,4,2,3,1,11
1403715947.034159183502197,3,6,3,0,11
1403715947.084160089492798,4,1,3,1,11
1403715947.134163618087769,12,8,3,8,11
1403715947.184165477752686,18,1,9,6,11
1403715947.234165906906128,15,1,14,0,11
1403715947.284166574478149,13,0,12,0,11
1403715947.334168195724487,16,1,11,3,11
1403715947.384172677993774,16,3,14,2,11
1403715947.434175252914429,14,1,14,0,11
1403715947.484175682067871,22,2,12,8,11
1403715947.534174680709839,23,6,18,2,11
1403715947.584174871444702,22,6,16,3,11
1403715947.634178161621094,13,5,11,0,11
1403715947.684184312820435,14,3,9,4,11
1403715947.734189748764038,17,1,10,4,11
1403715947.784191370010376,17,2,14,1,11
1403715947.834193229675293,17,6,11,5,11
1403715947.884205579757690,16,5,14,1,11
1403715947.934198141098022,12,7,11,0,11
1403715947.984196901321411,8,3,6,1,11
1403715948.034194231033325,19,0,7,12,11
1403715948.084193706512451,18,2,15,0,11
1403715948.134194135665894,19,1,12,4,11
1403715948.184181213378906,24,2,12,7,11
1403715948.234156847000122,32,0,13,10,11
1403715948.284132719039917,32,0,21,4,11
1403715948.334104299545288,43,0,25,15,11
1403715948.384079456329346,50,14,40,9,11
1403715948.434079885482788,49,4,48,0,11
1403715948.484073638916016,49,17,48,0,11
1403715948.534068107604980,48,8,44,1,11
1403715948.584064960479736,48,8,41,1,11
1403715948.634058475494385,43,9,33,3,11
1403715948.684059858322144,39,4,33,0,11
1403715948.734061479568481,33,1,26,1,11
1403715948.784066438674927,29,1,25,1,11
1403715948.834074974060059,24,1,19,1,11
1403715948.884082794189453,23,0,5,3,11
1403715948.934088230133057,21,1,6,0,11
1403715948.984088659286499,16,0,1,8,11
1403715949.034095525741577,15,0,8,2,11
1403715949.084100484848022,9,2,9,0,11
1403715949.134105920791626,8,3,8,0,11
1403715949.184111356735229,9,0,8,1,11
1403715949.234112739562988,10,3,9,1,11
1403715949.284118652343750,9,4,7,0,11
1403715949.334130764007568,9,2,6,1,11
1403715949.384136676788330,12,1,5,4,11
1403715949.434135913848877,12,1,8,1,11
1403715949.484133243560791,11,5,9,1,11
1403715949.534134626388550,12,2,9,2,11
1403715949.584137916564941,13,1,10,2,11
1403715949.634139776229858,13,3,12,1,11
1403715949.684141397476196,16,1,11,4,11
1403715949.734141826629639,15,1,14,0,11
1403715949.784145116806030,15,0,13,1,11
1403715949.834142208099365,18,1,15,3,11
1403715949.884133815765381,25,1,16,7,11
1403715949.934129953384399,31,2,21,7,11
1403715949.984128952026367,33,5,25,3,11
1403715950.034128189086914,38,11,10,8,11
1403715950.084123849868774,44,15,16,9,11
1403715950.134121179580688,41,8,23,15,11
1403715950.184117794036865,36,4,30,2,11
1403715950.234117031097412,27,5,24,2,11
1403715950.284118175506592,24,10,22,1,11
1403715950.334117650985718,22,2,20,0,11
1403715950.384113073348999,18,3,14,0,11
1403715950.434109926223755,15,2,7,1,11
1403715950.484105825424194,8,8,4,0,11
1403715950.534105062484741,8,2,1,4,11
1403715950.584097862243652,9,5,4,1,11
1403715950.634094476699829,8,5,2,3,11
1403715950.684094190597534,7,0,3,1,11
1403715950.734093427658081,6,2,3,2,11
1403715950.784092187881470,5,5,4,0,11
1403715950.834091663360596,5,1,0,0,11
1403715950.884091615676880,5,0,0,1,11
1403715950.934091091156006,5,2,1,4,11
1403715950.984089612960815,5,0,4,0,11
1403715951.034086942672729,4,2,1,0,11
1403715951.084086656570435,4,1,0,1,11
1403715951.134086608886719,4,0,1,2,11
1403715951.184084892272949,3,6,3,0,11
1403715951.234084606170654,3,1,3,0,11
1403715951.284084320068359,3,0,2,0,11
1403715951.334084749221802,3,1,2,0,11
1403715951.384084701538086,3,2,0,1,11
1403715951.434084415435791,3,2,1,0,11
1403715951.484084367752075,3,0,1,2,11
1403715951.534082651138306,4,2,3,1,11
1403715951.584082603454590,5,1,3,1,11
1403715951.634081125259399,10,3,4,5,11
1403715951.684080839157104,12,0,9,3,11
1403715951.734080791473389,20,1,11,8,11
1403715951.784078121185303,28,1,16,8,11
1403715951.834078311920166,33,3,23,7,11
1403715951.884073495864868,42,8,28,12,11
1403715951.934071063995361,40,6,34,0,11
1403715951.984069585800171,40,16,28,1,11
1403715952.034071207046509,38,4,25,3,11
1403715952.084069728851318,30,6,21,4,11
1403715952.134068489074707,25,1,17,2,11
1403715952.184066295623779,19,10,13,0,11
1403715952.234063625335693,14,8,10,0,11
1403715952.284063816070557,10,5,6,1,11
1403715952.334067344665527,8,4,6,1,11
1403715952.384069442749023,6,2,6,0,11
1403715952.434071540832520,4,6,4,0,11
1403715952.484071969985962,4,0,4,0,11
1403715952.534075975418091,4,2,4,0,11
1403715952.584081649780273,4,4,3,1,11
1403715952.634083032608032,3,1,3,0,11
1403715952.684082746505737,3,1,3,0,11
1403715952.734085798263550,8,2,2,6,11
1403715952.784086465835571,10,1,8,2,11
1403715952.834088802337646,9,3,6,2,11
1403715952.884086370468140,7,4,7,0,11
1403715952.934086084365845,7,4,6,1,11
1403715952.984090566635132,9,3,6,2,11
1403715953.034088134765625,11,15,4,3,11
1403715953.084088325500488,8,0,4,1,11
1403715953.134089231491089,6,0,5,1,11
1403715953.184089660644531,10,4,5,5,11
1403715953.234087705612183,8,2,7,0,11
1403715953.284086465835571,7,3,7,0,11
1403715953.334085226058960,7,5,7,0,11
1403715953.384085416793823,4,4,4,0,11
1403715953.434085607528687,6,4,3,2,11
1403715953.484086513519287,6,2,4,0,11
1403715953.534087419509888,5,1,4,0,11
1403715953.584086179733276,5,2,3,2,11
1403715953.634089469909668,6,2,5,1,11
1403715953.684100389480591,17,7,6,11,11
1403715953.734115123748779,25,2,14,9,11
1403715953.784129858016968,39,3,19,15,11
1403715953.834145545959473,45,0,29,7,11
1403715953.884160280227661,42,3,31,4,11
1403715953.934172153472900,44,7,28,6,11
1403715953.984178543090820,45,13,25,5,11
1403715954.034180402755737,47,14,25,9,11
1403715954.084180831909180,30,3,20,1,11
1403715954.134180784225464,25,1,13,1,11
1403715954.184177398681641,22,5,11,6,11
1403715954.234174966812134,16,5,12,0,11
1403715954.284173250198364,15,2,8,1,11
1403715954.334168672561646,14,2,8,2,11
1403715954.384163379669189,10,9,8,2,11
1403715954.434161663055420,10,2,5,0,11
1403715954.484158277511597,11,7,5,2,11
1403715954.534153461456299,12,8,5,5,11
1403715954.584152698516846,9,6,8,0,11
1403715954.634145021438599,11,2,6,3,11
1403715954.684145927429199,10,5,7,0,11
1403715954.734141588211060,10,0,6,2,11
1403715954.784140825271606,12,0,7,3,11
1403715954.834143638610840,14,0,10,3,11
1403715954.884141921997070,16,1,13,3,11
1403715954.934143781661987,17,10,16,1,11
1403715954.984143495559692,18,9,15,2,11
1403715955.034145593643188,22,8,16,5,11
1403715955.084146261215210,18,2,18,0,11
1403715955.134146690368652,14,6,14,0,11
1403715955.184148311614990,12,11,11,1,11
1403715955.234146595001221,14,2,11,2,11
1403715955.284139394760132,18,1,11,5,11
1403715955.334136247634888,17,2,6,1,11
1403715955.384134292602539,13,4,5,0,11
1403715955.434129238128662,8,4,3,5,11
1403715955.484124422073364,9,4,8,1,11
1403715955.534119844436646,9,2,8,1,11
1403715955.584104061126709,17,4,9,8,11
1403715955.634099960327148,17,1,12,1,11
1403715955.684092521667480,26,2,10,9,11
1403715955.734085798263550,22,5,5,2,11
1403715955.784074068069458,24,2,5,5,11
1403715955.834052801132202,21,4,8,9,11
1403715955.884042739868164,22,3,16,3,11
1403715955.934035062789917,22,3,13,4,11
1403715955.984031200408936,23,5,14,5,11
1403715956.034025430679321,16,6,13,2,11
1403715956.084022998809814,16,11,13,0,11
1403715956.134020090103149,15,4,7,0,11
1403715956.184011936187744,16,4,7,3,11
1403715956.234006404876709,12,1,10,2,11
1403715956.284004688262939,12,1,12,0,11
1403715956.334003925323486,11,3,9,0,11
1403715956.384003877639771,11,1,8,0,11
1403715956.434002161026001,13,4,7,6,11
1403715956.483991622924805,9,3,4,3,11
1403715956.533990621566772,10,2,6,3,11
1403715956.583982944488525,12,1,9,3,11
1403715956.633977413177490,14,0,12,2,11
1403715956.683973550796509,21,0,14,7,11
1403715956.733965635299683,21,0,19,0,11
1403715956.783965349197388,24,0,21,3,11
1403715956.833963871002197,32,0,22,8,11
1403715956.883963823318481,33,5,28,1,11
1403715956.933962821960449,36,1,23,5,11
1403715956.983961820602417,41,5,25,7,11
1403715957.033955812454224,41,6,29,8,11
1403715957.083953142166138,41,5,37,3,11
1403715957.133949995040894,48,2,40,8,11
1403715957.183951854705811,41,1,39,1,11
1403715957.233948945999146,37,1,34,3,11
1403715957.283950090408325,30,4,30,0,11
1403715957.333951711654663,30,1,19,0,11
1403715957.383951902389526,31,3,13,1,11
1403715957.433953285217285,22,3,10,3,11
1403715957.483954429626465,15,2,8,0,11
1403715957.533962488174438,15,1,3,7,11
1403715957.583963871002197,13,4,4,1,11
1403715957.633965730667114,11,6,5,2,11
1403715957.683964252471924,8,1,7,1,11
1403715957.733962297439575,8,4,7,1,11
1403715957.783951044082642,8,9,7,0,11
1403715957.833948850631714,9,0,8,1,11
1403715957.883945465087891,9,5,7,0,11
1403715957.933947324752808,11,1,5,2,11
1403715957.983947515487671,7,3,5,0,11
1403715958.033946514129639,6,3,4,1,11
1403715958.083946704864502,5,4,3,0,11
1403715958.133941888809204,10,2,3,6,11
1403715958.183945655822754,11,2,9,2,11
1403715958.233950853347778,12,3,11,1,11
1403715958.283953189849854,13,0,10,1,11
1403715958.333949327468872,14,3,9,2,11
1403715958.383953571319580,9,2,8,1,11
1403715958.433954000473022,8,6,6,1,11
1403715958.483960390090942,13,4,7,6,11
1403715958.533964872360229,20,0,11,7,11
1403715958.583969116210938,21,0,13,2,11
1403715958.633971214294434,19,0,13,0,11
1403715958.683977365493774,18,1,11,5,11
1403715958.733977556228638,16,4,15,1,11
1403715958.783978700637817,16,3,15,0,11
1403715958.833973884582520,17,6,14,2,11
1403715958.883969306945801,17,8,16,1,11
1403715958.933969020843506,17,1,17,0,11
1403715958.983975410461426,23,2,12,6,11
1403715959.033977270126343,23,7,19,2,11
1403715959.083979368209839,22,1,21,0,11
1403715959.133985519409180,24,2,15,3,11
1403715959.183987140655518,22,2,18,0,11
1403715959.233988046646118,21,4,18,2,11
1403715959.283991813659668,24,1,19,4,11
1403715959.333993196487427,24,4,19,2,11
1403715959.383994102478027,23,4,15,3,11
1403715959.433994531631470,25,3,16,7,11
1403715959.483994483947754,31,2,22,7,11
1403715959.533992528915405,32,2,29,2,11
1403715959.583989620208740,36,1,26,9,11
1403715959.633981704711914,37,2,31,4,11
1403715959.683969736099243,36,4,32,1,11
1403715959.733961343765259,31,8,26,0,11
1403715959.783955335617065,27,5,22,0,11
1403715959.833955526351929,25,10,14,2,11
1403715959.883956193923950,23,2,15,2,11
1403715959.933954477310181,21,6,13,3,11
1403715959.983953475952148,18,1,10,1,11
1403715960.033951520919800,17,1,11,1,11
1403715960.083944559097290,17,14,7,5,11
1403715960.133943080902100,15,1,10,0,11
1403715960.183940410614014,11,2,8,1,11
1403715960.233933448791504,11,21,9,1,11
1403715960.283932685852051,9,1,2,0,11
1403715960.333932638168335,7,1,1,3,11
1403715960.383931398391724,4,3,2,0,11
1403715960.433925390243530,4,0,0,2,11
1403715960.483918905258179,7,0,0,3,11
1403715960.533918857574463,5,1,0,0,11
1403715960.583918809890747,3,0,0,0,11
1403715960.633918762207031,0,0,0,0,11
1403715960.683917999267578,0,1,0,0,11
1403715960.733917951583862,0,1,0,0,11
1403715960.783918142318726,0,0,0,0,11
1403715960.833918094635010,0,0,0,0,11
1403715960.883918046951294,0,0,0,0,11
1403715960.933917999267578,0,0,0,0,11
1403715960.983917713165283,0,2,0,0,11
1403715961.033917903900146,0,2,0,0,11
1403715961.083917379379272,0,2,0,0,11
1403715961.133917093276978,1,0,0,1,11
1403715961.183917045593262,1,0,1,0,11
1403715961.233916759490967,2,0,0,1,11
1403715961.283915519714355,3,1,1,1,11
1403715961.333916902542114,4,1,2,2,11
1403715961.383917331695557,4,5,0,0,11
1403715961.433920621871948,7,10,0,3,11
1403715961.483920574188232,6,13,2,3,11
1403715961.533921957015991,7,7,4,1,11
1403715961.583921670913696,6,3,5,1,11
1403715961.633923768997192,6,3,4,2,11
1403715961.683930397033691,12,2,6,6,11
1403715961.733933925628662,13,10,8,1,11
1403715961.783936023712158,13,6,6,0,11
1403715961.833939313888550,13,2,6,5,11
1403715961.883945941925049,7,15,5,0,11
1403715961.933947324752808,8,2,4,2,11
1403715961.983951807022095,7,5,5,1,11
1403715962.033954620361328,7,1,3,2,11
1403715962.083954334259033,4,0,3,0,11
1403715962.133954763412476,7,0,1,4,11
1403715962.183954477310181,5,0,4,0,11
1403715962.233953475952148,5,0,3,2,11
1403715962.283954143524170,4,0,4,0,11
1403715962.333958625793457,5,1,4,1,11
1403715962.383959770202637,3,5,3,0,11
1403715962.433960914611816,4,1,2,2,11
1403715962.483973741531372,15,1,4,11,11
1403715962.533973693847656,13,3,12,0,11
1403715962.583972692489624,13,8,10,1,11
1403715962.633973836898804,14,7,6,3,11
1403715962.683974981307983,15,1,5,3,11
1403715962.733975887298584,13,2,6,2,11
1403715962.783976554870605,11,1,7,1,11
1403715962.833975315093994,10,2,7,1,11
1403715962.883974313735962,7,1,6,0,11
1403715962.933973789215088,5,2,4,0,11
1403715962.983973503112793,5,4,4,1,11
1403715963.033973693847656,4,3,3,1,11
1403715963.083973884582520,5,2,3,1,11
1403715963.133972167968750,6,5,3,2,11
1403715963.183970212936401,8,9,4,3,11
1403715963.233971595764160,11,10,6,4,11
1403715963.283973217010498,18,5,9,9,11
1403715963.333978891372681,21,4,9,7,11
1403715963.383984088897705,16,3,10,1,11
1403715963.433993816375732,16,9,7,4,11
1403715963.484000921249390,14,7,10,1,11
1403715963.534003496170044,12,12,9,2,11
1403715963.584005832672119,11,14,10,0,11
1403715963.634007692337036,13,3,10,3,11
1403715963.684013366699219,13,10,10,1,11
1403715963.734016180038452,13,2,6,1,11
1403715963.784017086029053,12,0,6,0,11
1403715963.834018707275391,11,1,4,4,11
1403715963.884022474288940,12,0,5,2,11
1403715963.934023380279541,12,2,5,2,11
1403715963.984023571014404,12,0,5,3,11
1403715964.034035682678223,17,0,5,7,11
1403715964.084037065505981,16,3,2,2,11
1403715964.134039163589478,17,3,1,4,11
1403715964.184039831161499,14,1,5,6,11
1403715964.234037399291992,13,0,8,1,11
1403715964.284037590026855,12,0,0,1,11
1403715964.334037542343140,12,0,1,2,11
1403715964.384037494659424,12,0,2,9,11
1403715964.434037685394287,12,1,11,0,11
1403715964.484036922454834,12,0,8,1,11
1403715964.534036874771118,12,1,7,0,11
1403715964.584036827087402,12,0,3,3,11
1403715964.634035110473633,15,0,2,5,11
1403715964.684034109115601,16,0,7,5,11
1403715964.734033584594727,16,0,11,5,11
1403715964.784032106399536,15,1,13,0,11
1403715964.834030866622925,15,1,12,0,11
1403715964.884030580520630,18,4,11,5,11
1403715964.934030532836914,18,0,14,1,11
1403715964.984029769897461,17,5,15,0,11
1403715965.034030437469482,23,0,14,8,11
1403715965.084029674530029,23,3,20,1,11
1403715965.134029150009155,22,2,21,0,11
1403715965.184027194976807,22,1,20,1,11
1403715965.234026193618774,26,2,22,4,11
1403715965.284024238586426,33,4,25,7,11
1403715965.334018945693970,38,2,28,7,11
1403715965.384018182754517,43,3,25,6,11
1403715965.434013366699219,43,1,25,4,11
1403715965.484003305435181,45,6,28,10,11
1403715965.534005880355835,43,0,37,2,11
1403715965.584010124206543,40,2,39,0,11
1403715965.634014606475830,41,0,37,3,11
1403715965.684023857116699,41,18,39,0,11
1403715965.734026908874512,40,15,36,1,11
1403715965.784030675888062,38,6,34,1,11
1403715965.834037065505981,35,14,30,0,11
1403715965.884035587310791,33,5,29,2,11
1403715965.934032440185547,33,5,26,4,11
1403715965.984031200408936,27,0,24,0,11
1403715966.034034967422485,24,1,22,0,11
1403715966.084036827087402,20,3,15,2,11
1403715966.134038448333740,18,4,9,1,11
1403715966.184041500091553,20,0,8,5,11
1403715966.234045267105103,16,0,10,1,11
1403715966.284053325653076,15,0,11,2,11
1403715966.334059953689575,18,0,11,5,11
1403715966.384066343307495,20,1,12,2,11
1403715966.434067010879517,19,1,11,1,11
1403715966.484070301055908,15,2,9,0,11
1403715966.534075260162354,15,6,6,3,11
1403715966.584076881408691,14,1,11,2,11
1403715966.634077072143555,14,0,12,2,11
1403715966.684076786041260,15,0,14,1,11
1403715966.734076499938965,15,0,14,0,11
1403715966.784076929092407,16,3,15,1,11
1403715966.834077119827271,19,2,16,3,11
1403715966.884078741073608,18,1,17,0,11
1403715966.934084653854370,21,1,12,3,11
1403715966.984102010726929,27,9,11,8,11
1403715967.034109115600586,30,10,10,7,11
1403715967.084115266799927,30,11,16,5,11
1403715967.134116411209106,33,10,18,10,11
1403715967.184117078781128,29,0,22,2,11
1403715967.234117031097412,24,4,16,0,11
1403715967.284118890762329,18,9,11,1,11
1403715967.334120512008667,10,2,6,0,11
1403715967.384122371673584,7,1,4,2,11
1403715967.434125185012817,8,1,6,2,11
1403715967.484127044677734,8,1,7,1,11
1403715967.534127473831177,9,0,8,1,11
1403715967.584127426147461,9,1,9,0,11
1403715967.634126186370850,11,0,6,4,11
1403715967.684125900268555,16,4,2,5,11
1403715967.734126329421997,15,3,0,2,11
1403715967.784122467041016,12,1,1,5,11
1403715967.834122180938721,11,0,6,4,11
1403715967.884122133255005,11,0,6,1,11
1403715967.934122323989868,11,0,6,0,11
1403715967.984122991561890,9,1,5,2,11
1403715968.034124851226807,9,1,7,1,11
1403715968.084125757217407,8,1,6,1,11
1403715968.134126901626587,8,1,7,0,11
1403715968.184126138687134,8,0,7,1,11
1403715968.234125852584839,8,2,6,2,11
1403715968.284125804901123,12,1,7,4,11
1403715968.334126710891724,14,1,11,2,11
1403715968.384125709533691,26,5,13,13,11
1403715968.434125423431396,34,18,15,8,11
1403715968.484124422073364,36,8,14,2,11
1403715968.534118652343750,34,4,16,9,11
1403715968.584112644195557,36,2,9,11,11
1403715968.634109258651733,35,0,17,1,11
1403715968.684105873107910,27,0,18,7,11
1403715968.734102249145508,29,2,23,4,11
1403715968.784102201461792,30,0,25,1,11
1403715968.834100246429443,31,0,24,3,11
1403715968.884097814559937,29,2,23,3,11
1403715968.934097766876221,28,0,24,1,11
1403715968.984093189239502,27,1,23,0,11
1403715969.034080028533936,35,1,18,11,11
1403715969.084078073501587,31,1,11,1,11
1403715969.134070873260498,39,8,8,13,11
1403715969.184069633483887,31,0,14,8,11
1403715969.234066724777222,23,3,20,0,11
1403715969.284063339233398,26,1,12,10,11
1403715969.334061384201050,25,5,16,1,11
1403715969.384062051773071,21,5,15,3,11
1403715969.434062242507935,15,5,12,0,11
1403715969.484061479568481,11,7,9,0,11
1403715969.534059286117554,8,4,8,0,11
1403715969.584056138992310,8,1,8,0,11
1403715969.634055852890015,8,3,8,0,11
1403715969.684054851531982,11,0,8,3,11
1403715969.734050750732422,15,0,10,4,11
1403715969.784049510955811,22,0,12,7,11
1403715969.834048509597778,26,2,20,5,11
1403715969.884047985076904,33,2,20,8,11
1403715969.934046030044556,37,12,25,4,11
1403715969.984046697616577,35,5,19,7,11
1403715970.034047603607178,33,1,20,4,11
1403715970.084049463272095,30,4,13,3,11
1403715970.134051561355591,26,2,14,1,11
1403715970.184052944183350,16,4,14,0,11
1403715970.234054088592529,13,4,12,0,11
1403715970.284054279327393,11,2,9,0,11
1403715970.334059000015259,13,0,7,4,11
1403715970.384058475494385,12,0,8,0,11
1403715970.434057474136353,15,3,9,5,11
1403715970.484056711196899,20,0,12,6,11
1403715970.534065723419189,30,0,16,10,11
1403715970.584073305130005,37,3,23,11,11
1403715970.634073257446289,35,2,30,0,11
1403715970.684075117111206,45,3,24,10,11
1403715970.734075069427490,47,1,21,8,11
1403715970.784075021743774,37,7,23,3,11
1403715970.834073781967163,25,1,22,2,11
1403715970.884076118469238,25,0,22,1,11
1403715970.934079885482788,25,2,19,3,11
1403715970.984081029891968,21,0,17,1,11
1403715971.034081459045410,15,3,11,2,11
1403715971.084079742431641,12,0,9,0,11
1403715971.134077548980713,9,2,2,1,11
1403715971.184075117111206,10,0,2,1,11
1403715971.234069347381592,9,0,2,5,11
1403715971.284067869186401,8,0,6,0,11
1403715971.334064483642578,5,6,3,0,11
1403715971.384062528610229,5,3,2,1,11
1403715971.434061288833618,6,2,2,2,11
1403715971.484061002731323,5,5,2,0,11
1403715971.534060955047607,3,9,2,0,11
1403715971.584060907363892,2,7,2,0,11
1403715971.634057044982910,4,8,2,2,11
1403715971.684056282043457,4,7,4,0,11
1403715971.734055519104004,4,11,4,0,11
1403715971.784054994583130,4,6,4,0,11
1403715971.834051609039307,4,9,2,1,11
1403715971.884051561355591,4,3,3,0,11
1403715971.934050798416138,4,1,3,1,11
1403715971.984049558639526,8,0,4,4,11
1403715972.034044981002808,26,2,8,18,11
1403715972.084043025970459,27,1,18,1,11
1403715972.134037733078003,26,3,17,1,11
1403715972.184030532836914,32,0,15,13,11
1403715972.234027147293091,40,1,28,9,11
1403715972.284024715423584,43,0,34,8,11
1403715972.334022283554077,41,1,35,0,11
1403715972.384023904800415,49,2,34,8,11
1403715972.434023857116699,47,1,42,5,11
1403715972.484027147293091,49,1,46,3,11
1403715972.534027099609375,50,12,48,1,11
1403715972.584033727645874,49,1,48,0,11
1403715972.634036302566528,48,4,44,1,11
1403715972.684036493301392,48,3,36,0,11
1403715972.734036207199097,49,3,27,4,11
1403715972.784036874771118,48,2,23,9,11
1403715972.834038257598877,46,0,31,6,11
1403715972.884037017822266,46,3,36,6,11
1403715972.934040307998657,43,0,40,1,11
1403715972.984048843383789,43,0,35,1,11
1403715973.034057140350342,45,0,28,3,11
1403715973.084060192108154,43,2,29,4,11
1403715973.134065628051758,43,2,18,9,11
1403715973.184065580368042,41,0,17,0,11
1403715973.234066486358643,41,1,9,15,11
1403715973.284065246582031,37,0,26,6,11
1403715973.334063768386841,35,0,32,2,11
1403715973.384059906005859,36,0,30,2,11
1403715973.434053659439087,47,6,30,11,11
1403715973.484047174453735,48,4,40,5,11
1403715973.534045934677124,49,0,37,3,11
1403715973.584044933319092,48,0,39,0,11
1403715973.634043931961060,43,1,39,2,11
1403715973.684040784835815,41,6,37,2,11
1403715973.734040975570679,45,0,39,5,11
1403715973.784040451049805,46,0,44,1,11
1403715973.834041118621826,49,7,43,3,11
1403715973.884040117263794,48,1,47,1,11
1403715973.934039354324341,49,3,45,2,11
1403715973.984037399291992,50,0,42,1,11
1403715974.034035205841064,49,11,45,2,11
1403715974.084033489227295,50,10,47,3,11
1403715974.134032964706421,50,1,43,0,11
1403715974.184035301208496,48,2,43,1,11
1403715974.234037399291992,45,3,43,2,11
1403715974.284039974212646,47,2,45,2,11
1403715974.334042787551880,47,1,46,1,11
1403715974.384050607681274,49,22,46,2,11
1403715974.434055089950562,49,6,42,1,11
1403715974.484056234359741,50,3,47,1,11
1403715974.534057855606079,48,2,48,0,11
1403715974.584058046340942,48,0,48,0,11
1403715974.634059429168701,49,11,47,2,11
1403715974.684058904647827,50,6,49,1,11
1403715974.734058380126953,50,2,50,0,11
1403715974.784058809280396,50,3,50,0,11
1403715974.834057807922363,50,5,50,0,11
1403715974.884057998657227,50,0,50,0,11
1403715974.934057950973511,49,1,49,0,11
1403715974.984059333801270,50,15,49,1,11
1403715975.034059524536133,50,6,50,0,11
1403715975.084060192108154,50,3,50,0,11
1403715975.134059906005859,50,4,50,0,11
1403715975.184059858322144,50,0,50,0,11
1403715975.234059810638428,50,8,50,0,11
1403715975.284060478210449,50,6,50,0,11
1403715975.334060668945312,48,1,48,0,11
1403715975.384060859680176,50,1,48,2,11
1403715975.434062004089355,50,4,50,0,11
1403715975.484062433242798,50,0,50,0,11
1403715975.534061670303345,50,0,50,0,11
1403715975.584060430526733,50,16,49,0,11
1403715975.634060621261597,50,6,50,0,11
1403715975.684060811996460,50,3,50,0,11
1403715975.734060764312744,50,3,50,0,11
1403715975.784060955047607,50,1,50,0,11
1403715975.834061622619629,50,10,50,0,11
1403715975.884062528610229,49,34,49,0,11
1403715975.934062242507935,50,1,49,1,11
1403715975.984062433242798,50,0,49,0,11
1403715976.034062385559082,50,4,49,0,11
1403715976.084063053131104,49,1,48,0,11
1403715976.134063720703125,48,3,48,0,11
1403715976.184063911437988,50,10,48,2,11
1403715976.234062433242798,49,8,40,0,11
1403715976.284061908721924,50,2,40,1,11
1403715976.334063053131104,43,2,23,2,11
1403715976.384062051773071,38,3,27,0,11
1403715976.434063196182251,38,2,6,11,11
1403715976.484068155288696,45,22,11,10,11
1403715976.534068346023560,34,0,14,7,11
1403715976.584068059921265,30,0,17,2,11
1403715976.634068489074707,30,1,19,7,11
1403715976.684069871902466,25,0,22,0,11
1403715976.734070062637329,25,1,18,0,11
1403715976.784072875976562,31,2,17,9,11
1403715976.834072351455688,30,0,21,5,11
1403715976.884072542190552,30,2,17,1,11
1403715976.934072017669678,34,1,14,7,11
1403715976.984072208404541,33,0,20,8,11
1403715977.034072399139404,39,0,27,9,11
1403715977.084071874618530,47,9,36,10,11
1403715977.134072303771973,48,4,46,2,11
1403715977.184073209762573,50,2,48,2,11
1403715977.234074354171753,50,1,49,0,11
1403715977.284075975418091,50,4,49,0,11
1403715977.334077119827271,49,2,49,0,11
1403715977.384077072143555,50,1,44,1,11
1403715977.434077739715576,49,0,40,1,11
1403715977.484075784683228,46,1,19,5,11
1403715977.534076452255249,45,2,5,2,11
1403715977.584076404571533,38,0,0,13,11
1403715977.634076118469238,30,0,5,11,11
1403715977.684076070785522,30,0,11,6,11
1403715977.734076261520386,28,0,4,7,11
1403715977.784076452255249,26,0,6,4,11
1403715977.834076404571533,24,0,4,9,11
1403715977.884076833724976,21,0,10,2,11
1403715977.934076786041260,18,0,2,3,11
1403715977.984076738357544,16,0,2,3,11
1403715978.034076929092407,14,0,2,7,11
1403715978.084076881408691,11,0,6,0,11
1403715978.134076833724976,9,0,0,0,11
1403715978.184076786041260,8,1,0,2,11
1403715978.234076738357544,5,0,0,3,11
1403715978.284076929092407,4,0,2,0,11
1403715978.334076881408691,3,0,0,0,11
1403715978.384076833724976,2,1,0,0,11
1403715978.434076786041260,0,0,0,0,11
1403715978.484076738357544,0,0,0,0,11
1403715978.534076929092407,0,0,0,0,11
1403715978.584076881408691,0,0,0,0,11
1403715978.634076833724976,0,0,0,0,11
1403715978.684076786041260,0,1,0,0,11
1403715978.734076738357544,0,0,0,0,11
1403715978.784076929092407,0,1,0,0,11
1403715978.834076881408691,0,0,0,0,11
1403715978.884076833724976,0,0,0,0,11
1403715978.934076786041260,0,0,0,0,11
1403715978.984076738357544,0,0,0,0,11
1403715979.034076929092407,0,0,0,0,11
1403715979.084076881408691,0,0,0,0,11
1403715979.134076833724976,0,0,0,0,11
1403715979.184076786041260,0,1,0,0,11
1403715979.234076738357544,0,0,0,0,11
1403715979.284076929092407,0,0,0,0,11
1403715979.334076881408691,0,0,0,0,11
1403715979.384076833724976,0,0,0,0,11
1403715979.434076786041260,0,0,0,0,11
1403715979.484076738357544,0,1,0,0,11
1403715979.534076929092407,0,1,0,0,11
1403715979.584076881408691,0,0,0,0,11
1403715979.634076833724976,0,0,0,0,11
1403715979.684076786041260,0,0,0,0,11
1403715979.734076738357544,0,1,0,0,11
1403715979.784076929092407,0,0,0,0,11
1403715979.834076881408691,0,0,0,0,11
1403715979.884076833724976,0,0,0,0,11
1403715979.934076786041260,0,0,0,0,11
1403715979.984076738357544,0,2,0,0,11
1403715980.034076929092407,0,1,0,0,11
1403715980.084076881408691,0,0,0,0,11
1403715980.134076833724976,0,1,0,0,11
1403715980.184076786041260,0,2,0,0,11
1403715980.234076738357544,0,0,0,0,11
1403715980.284076929092407,0,2,0,0,11
1403715980.334076881408691,0,0,0,0,11
1403715980.384076833724976,0,4,0,0,11
1403715980.434076786041260,0,0,0,0,11
1403715980.484076738357544,0,0,0,0,11
1403715980.534077167510986,0,1,0,0,11
1403715980.584077119827271,0,1,0,0,11
1403715980.634077072143555,0,0,0,0,11
1403715980.684077024459839,0,0,0,0,11
1403715980.734076976776123,0,1,0,0,11
1403715980.784077167510986,0,0,0,0,11
1403715980.834076881408691,0,2,0,0,11
1403715980.884076833724976,0,0,0,0,11
1403715980.934076786041260,0,0,0,0,11
1403715980.984076738357544,0,0,0,0,11
1403715981.034076929092407,0,2,0,0,11
1403715981.084076881408691,0,1,0,0,11
1403715981.134076833724976,0,2,0,0,11
1403715981.184076786041260,0,0,0,0,11
1403715981.234076738357544,0,1,0,0,11
1403715981.284076929092407,0,0,0,0,11
1403715981.334076881408691,0,0,0,0,11
1403715981.384076833724976,0,0,0,0,11
1403715981.434076786041260,0,0,0,0,11
1403715981.484076738357544,0,0,0,0,11
1403715981.534076929092407,0,0,0,0,11
1403715981.584076881408691,0,1,0,0,11
1403715981.634076833724976,0,0,0,0,11
1403715981.684076786041260,0,0,0,0,11
1403715981.734076738357544,0,0,0,0,11
1403715981.784076929092407,0,0,0,0,11
1403715981.834076881408691,0,0,0,0,11
1403715981.884076833724976,0,0,0,0,11
1403715981.934076786041260,0,0,0,0,11
1403715981.984076738357544,0,0,0,0,11
1403715982.034076929092407,0,0,0,0,11
1403715982.084076881408691,0,0,0,0,11
1403715982.134076833724976,0,0,0,0,11
1403715982.184076786041260,0,0,0,0,11
1403715982.234076738357544,0,0,0,0,11
1403715982.284076929092407,0,0,0,0,11
1403715982.334076881408691,0,0,0,0,11
1403715982.384076833724976,0,0,0,0,11
1403715982.434076786041260,0,0,0,0,11
1403715982.484076738357544,0,0,0,0,11
1403715982.534076929092407,0,0,0,0,11
1403715982.584076881408691,0,0,0,0,11
1403715982.634076833724976,0,0,0,0,11
1403715982.684076786041260,0,0,0,0,11
1403715982.734076738357544,0,0,0,0,11
1403715982.784076929092407,0,0,0,0,11
1403715982.834076881408691,0,0,0,0,11
1403715982.884076833724976,0,0,0,0,11
1403715982.934076786041260,0,0,0,0,11
1403715982.984076738357544,0,0,0,0,11
1403715983.034076929092407,0,0,0,0,11
1403715983.084076881408691,0,0,0,0,11
1403715983.134076833724976,0,0,0,0,11
1403715983.184076786041260,0,0,0,0,11
1403715983.234076738357544,0,0,0,0,11
1403715983.284076929092407,0,0,0,0,11
1403715983.334076881408691,0,0,0,0,11
1403715983.384076833724976,0,0,0,0,11
1403715983.434076786041260,0,0,0,0,11
1403715983.484076738357544,0,0,0,0,11
1403715983.534076929092407,0,0,0,0,11
1403715983.584076881408691,0,0,0,0,11
1403715983.634076833724976,0,0,0,0,11
1403715983.684076786041260,0,0,0,0,11
1403715983.734076738357544,0,0,0,0,11
1403715983.784076929092407,0,0,0,0,11
1403715983.834076881408691,0,0,0,0,11
1403715983.884076833724976,0,2,0,0,11
1403715983.934076786041260,0,0,0,0,11
1403715983.984076738357544,0,1,0,0,11
1403715984.034076929092407,0,0,0,0,11
1403715984.084076881408691,0,0,0,0,11
1403715984.134076833724976,0,0,0,0,11
1403715984.184076786041260,0,0,0,0,11
1403715984.234076738357544,0,1,0,0,11
1403715984.284076929092407,0,0,0,0,11
1403715984.334076881408691,0,1,0,0,11
1403715984.384076833724976,0,0,0,0,11
1403715984.434076786041260,0,0,0,0,11
1403715984.484076738357544,0,0,0,0,11
1403715984.534076929092407,0,3,0,0,11
1403715984.584076881408691,0,0,0,0,11
1403715984.634076833724976,0,1,0,0,11
1403715984.684076786041260,0,0,0,0,11
1403715984.734076738357544,0,0,0,0,11
1403715984.784076929092407,0,0,0,0,11
1403715984.834076881408691,0,0,0,0,11
1403715984.884076833724976,0,0,0,0,11
1403715984.934076786041260,0,0,0,0,11
1403715984.984076738357544,0,0,0,0,11
1403715985.034076929092407,0,0,0,0,11
1403715985.084076881408691,0,1,0,0,11
1403715985.134076833724976,0,1,0,0,11
1403715985.184076786041260,0,0,0,0,11
1403715985.234076738357544,0,0,0,0,11
1403715985.284076929092407,0,0,0,0,11
1403715985.334076881408691,0,0,0,0,11
1403715985.384076833724976,0,0,0,0,11
1403715985.434076786041260,0,0,0,0,11
1403715985.484076738357544,0,0,0,0,11
1403715985.534076929092407,0,0,0,0,11
1403715985.584076642990112,0,1,0,0,11
1403715985.634076595306396,0,0,0,0,11
1403715985.684076547622681,0,1,0,0,11
1403715985.734076499938965,0,1,0,0,11
1403715985.784076690673828,0,1,0,0,11
1403715985.834076642990112,0,0,0,0,11
1403715985.884076595306396,0,0,0,0,11
1403715985.934076547622681,0,0,0,0,11
1403715985.984076499938965,0,0,0,0,11
1403715986.034076690673828,0,0,0,0,11
1403715986.084076642990112,0,1,0,0,11
1403715986.134076595306396,0,0,0,0,11
1403715986.184076547622681,0,0,0,0,11
1403715986.234076499938965,0,0,0,0,11
1403715986.284076690673828,1,0,0,1,11
1403715986.334076881408691,1,0,1,0,11
1403715986.384077310562134,2,0,1,1,11
1403715986.434078216552734,8,1,2,6,11
1403715986.484077930450439,10,0,5,2,11
1403715986.534078359603882,11,3,5,1,11
1403715986.584079504013062,14,1,5,6,11
1403715986.634079933166504,19,2,7,6,11
1403715986.684080600738525,22,2,8,5,11
1403715986.734080791473389,17,2,9,0,11
1403715986.784081220626831,13,0,5,0,11
1403715986.834081172943115,10,0,2,1,11
1403715986.884081125259399,6,0,1,2,11
1403715986.934081077575684,6,0,2,1,11
1403715986.984081268310547,5,2,0,1,11
1403715987.034081935882568,8,0,2,4,11
1403715987.084082126617432,7,1,3,1,11
1403715987.134082078933716,7,0,4,0,11
1403715987.184081077575684,10,0,4,5,11
1403715987.234080076217651,12,0,9,3,11
1403715987.284080505371094,13,1,1,2,11
1403715987.334080457687378,12,0,1,4,11
1403715987.384080648422241,10,0,5,4,11
1403715987.434080839157104,15,0,5,6,11
1403715987.484080791473389,17,0,2,2,11
1403715987.534080743789673,13,0,2,0,11
1403715987.584080696105957,4,0,2,0,11
1403715987.634080410003662,3,0,1,1,11
1403715987.684080362319946,3,0,0,0,11
1403715987.734080314636230,2,0,0,0,11
1403715987.784080028533936,1,0,0,1,11
1403715987.834079980850220,1,0,0,0,11
1403715987.884079694747925,2,0,0,1,11
1403715987.934079647064209,1,0,0,0,11
1403715987.984079599380493,1,0,0,0,11
1403715988.034079790115356,0,0,0,0,11
1403715988.084079742431641,0,1,0,0,11
1403715988.134079694747925,0,0,0,0,11
1403715988.184079647064209,0,0,0,0,11
1403715988.234079599380493,0,0,0,0,11
1403715988.284079790115356,0,0,0,0,11
1403715988.334079742431641,0,0,0,0,11
1403715988.384079217910767,2,0,0,2,11
1403715988.434078693389893,3,0,2,1,11
1403715988.484077930450439,4,0,3,1,11
1403715988.534077644348145,6,0,4,2,11
1403715988.584077358245850,6,0,5,0,11
1403715988.634077310562134,6,0,3,0,11
1403715988.684077262878418,8,0,4,3,11
1403715988.734077453613281,7,0,5,0,11
1403715988.784077644348145,7,1,3,0,11
1403715988.834077835083008,5,0,1,0,11
1403715988.884077787399292,2,1,1,0,11
1403715988.934077739715576,1,0,0,0,11
1403715988.984077692031860,1,0,0,0,11
1403715989.034077882766724,0,0,0,0,11
1403715989.084077835083008,0,0,0,0,11
1403715989.134077787399292,0,0,0,0,11
1403715989.184077739715576,0,0,0,0,11
1403715989.234077692031860,0,0,0,0,11
1403715989.284077882766724,0,0,0,0,11
1403715989.334077835083008,0,0,0,0,11
1403715989.384077787399292,0,0,0,0,11
1403715989.434077739715576,0,0,0,0,11
1403715989.484077692031860,0,0,0,0,11
1403715989.534077882766724,0,0,0,0,11
1403715989.584077835083008,0,0,0,0,11
1403715989.634077787399292,0,0,0,0,11
1403715989.684077739715576,0,0,0,0,11
1403715989.734077692031860,0,0,0,0,11
1403715989.784077882766724,0,0,0,0,11
1403715989.834077835083008,0,0,0,0,11
1403715989.884077787399292,0,0,0,0,11
1403715989.934077739715576,0,0,0,0,11
1403715989.984077692031860,0,0,0,0,11
1403715990.034077882766724,0,0,0,0,11
1403715990.084077835083008,0,0,0,0,11
1403715990.134077787399292,0,0,0,0,11
1403715990.184077739715576,0,0,0,0,11
1403715990.234077692031860,0,0,0,0,11
1403715990.284077882766724,0,0,0,0,11
1403715990.334077835083008,0,0,0,0,11
1403715990.384077787399292,0,1,0,0,11
1403715990.434077739715576,0,0,0,0,11
1403715990.484077692031860,0,0,0,0,11
1403715990.534077882766724,0,0,0,0,11
1403715990.584077835083008,0,0,0,0,11
1403715990.634077787399292,0,0,0,0,11
1403715990.684077739715576,0,0,0,0,11
1403715990.734077692031860,0,0,0,0,11
1403715990.784077882766724,0,0,0,0,11
1403715990.834077835083008,0,1,0,0,11
1403715990.884077787399292,0,2,0,0,11
1403715990.934077739715576,0,0,0,0,11
1403715990.984077692031860,0,0,0,0,11
1403715991.034077882766724,0,1,0,0,11
1403715991.084077835083008,1,0,0,1,11
1403715991.134077787399292,1,0,0,0,11
1403715991.184077739715576,1,0,0,0,11
1403715991.234077692031860,0,0,0,0,11
1403715991.284077882766724,0,0,0,0,11
1403715991.334077835083008,0,0,0,0,11
1403715991.384077787399292,0,0,0,0,11
1403715991.434077739715576,0,0,0,0,11
1403715991.484077692031860,0,0,0,0,11
1403715991.534077882766724,0,0,0,0,11
1403715991.584077835083008,0,0,0,0,11
1403715991.634077787399292,0,0,0,0,11
1403715991.684077739715576,0,0,0,0,11
1403715991.734077692031860,0,0,0,0,11
1403715991.784077882766724,0,0,0,0,11
1403715991.834077835083008,0,0,0,0,11
1403715991.884077787399292,0,0,0,0,11
1403715991.934077739715576,0,0,0,0,11
1403715991.984077692031860,0,0,0,0,11
1403715992.034077882766724,0,0,0,0,11
1403715992.084077835083008,0,0,0,0,11
1403715992.134077787399292,0,0,0,0,11
1403715992.184077739715576,0,0,0,0,11
1403715992.234077692031860,0,0,0,0,11
1403715992.284077882766724,0,0,0,0,11
1403715992.334077835083008,0,0,0,0,11
1403715992.384077787399292,0,0,0,0,11
1403715992.434077739715576,0,0,0,0,11
1403715992.484077692031860,0,0,0,0,11
1403715992.534077882766724,0,0,0,0,11
1403715992.584077835083008,0,0,0,0,11
1403715992.634077787399292,0,0,0,0,11
1403715992.684077739715576,0,0,0,0,11
1403715992.734077692031860,0,0,0,0,11
1403715992.784077882766724,0,0,0,0,11
1403715992.834077835083008,0,0,0,0,11
1403715992.884077787399292,0,0,0,0,11
1403715992.934077739715576,0,0,0,0,11
1403715992.984077692031860,0,0,0,0,11
1403715993.034077882766724,0,0,0,0,11
1403715993.084077835083008,0,0,0,0,11
1403715993.134077787399292,0,0,0,0,11
1403715993.184077739715576,0,0,0,0,11
1403715993.234077692031860,0,0,0,0,11
1403715993.284077882766724,0,0,0,0,11
1403715993.334077835083008,0,0,0,0,11
1403715993.384077787399292,0,0,0,0,11
1403715993.434077739715576,0,0,0,0,11
1403715993.484077692031860,0,0,0,0,11
1403715993.534077882766724,0,0,0,0,11
1403715993.584077835083008,0,0,0,0,11
1403715993.634077787399292,0,0,0,0,11
1403715993.684077739715576,0,0,0,0,11
1403715993.734077692031860,0,0,0,0,11
1403715993.784077882766724,0,0,0,0,11
1403715993.834077835083008,0,0,0,0,11
1403715993.884077787399292,0,0,0,0,11
1403715993.934077739715576,0,0,0,0,11
1403715993.984077692031860,0,0,0,0,11
