# timestamp (sec),slam_feats_in_state,msckf_feats_used,slam_feats_updated,slam_feats_delayed_init,clones
1403715893.789377689361572,0,15,0,0,5
1403715893.835421323776245,13,14,0,13,6
1403715893.883386850357056,13,0,13,0,7
1403715893.932217121124268,13,0,13,0,8
1403715893.982107639312744,13,0,12,0,9
1403715894.032137155532837,12,2,12,0,10
1403715894.082016944885254,12,3,12,0,11
1403715894.132028579711914,12,1,12,0,11
1403715894.182328224182129,16,0,11,5,11
1403715894.232195138931274,18,0,16,2,11
1403715894.282435655593872,24,0,18,6,11
1403715894.332469224929810,23,1,23,0,11
1403715894.383043050765991,28,3,23,5,11
1403715894.433489561080933,44,25,28,16,11
1403715894.483462333679199,47,0,43,4,11
1403715894.533024787902832,47,1,45,0,11
1403715894.583048820495605,50,0,47,3,11
1403715894.633014678955078,50,0,48,0,11
1403715894.683013200759888,49,0,48,0,11
1403715894.732897043228149,47,0,47,0,11
1403715894.782708644866943,47,0,47,0,11
1403715894.832531213760376,50,2,47,3,11
1403715894.882400035858154,50,3,50,0,11
1403715894.932375192642212,49,6,49,0,11
1403715894.982399940490723,49,0,48,1,11
1403715895.032418727874756,46,23,46,0,11
1403715895.082422971725464,45,0,45,0,11
1403715895.132424354553223,45,0,45,0,11
1403715895.182372808456421,45,0,44,0,11
1403715895.232369661331177,46,3,41,2,11
1403715895.282357454299927,46,2,42,2,11
1403715895.332396268844604,43,2,39,2,11
1403715895.382422447204590,42,0,41,0,11
1403715895.432415008544922,43,2,40,2,11
1403715895.482420921325684,43,0,42,0,11
1403715895.532455921173096,48,1,40,7,11
1403715895.582472324371338,48,1,46,0,11
1403715895.632551670074463,46,23,44,1,11
1403715895.682574510574341,46,0,45,1,11
1403715895.732593774795532,46,0,44,0,11
1403715895.782592058181763,48,10,40,3,11
1403715895.832571983337402,49,1,43,3,11
1403715895.882570981979370,48,1,45,1,11
1403715895.932570934295654,47,1,45,1,11
1403715895.982571125030518,46,0,45,0,11
1403715896.032556295394897,44,0,40,0,11
1403715896.082534790039062,43,0,39,1,11
1403715896.132630825042725,44,0,40,3,11
1403715896.182582855224609,43,1,42,1,11
1403715896.232551097869873,44,17,40,1,11
1403715896.282519102096558,44,0,42,0,11
1403715896.332390785217285,47,6,39,6,11
1403715896.382333278656006,49,8,43,3,11
1403715896.432366609573364,48,2,44,1,11
1403715896.482390642166138,48,2,40,2,11
1403715896.532379865646362,47,0,41,1,11
1403715896.582330226898193,47,1,39,3,11
1403715896.632250785827637,45,0,42,2,11
1403715896.682226896286011,43,1,39,1,11
1403715896.732156276702881,42,1,40,0,11
1403715896.782006978988647,42,0,29,1,11
1403715896.831850051879883,43,10,26,5,11
1403715896.881787776947021,40,0,23,5,11
1403715896.931747198104858,42,1,23,6,11
1403715896.981720209121704,46,0,29,12,11
1403715897.031782627105713,44,0,34,3,11
1403715897.081833124160767,44,1,15,1,11
1403715897.131910800933838,42,1,13,5,11
1403715897.181979417800903,34,1,11,14,11
1403715897.231995820999146,34,1,24,2,11
1403715897.282011270523071,34,0,26,7,11
1403715897.332031488418579,33,3,29,0,11
1403715897.382059812545776,33,1,30,0,11
1403715897.432345628738403,36,2,28,7,11
1403715897.482508182525635,38,2,33,3,11
1403715897.532492876052856,43,2,36,6,11
1403715897.582715272903442,45,0,41,4,11
1403715897.632862567901611,46,2,43,2,11
1403715897.682910442352295,46,3,41,0,11
1403715897.732937812805176,47,4,42,2,11
1403715897.782893419265747,46,5,41,3,11
1403715897.832863807678223,45,2,43,0,11
1403715897.882870435714722,44,0,41,1,11
1403715897.932842731475830,49,4,39,7,11
1403715897.982931375503540,48,0,39,1,11
1403715898.032930850982666,48,13,38,2,11
1403715898.082896709442139,40,7,33,2,11
1403715898.132912158966064,36,6,28,0,11
1403715898.182983398437500,29,3,23,2,11
1403715898.233075380325317,25,2,14,1,11
1403715898.283202886581421,24,4,13,2,11
1403715898.333305835723877,21,6,16,4,11
1403715898.383557796478271,28,4,19,8,11
1403715898.433616161346436,27,3,25,0,11
1403715898.483714103698730,27,8,26,1,11
1403715898.533759117126465,24,5,22,1,11
1403715898.583850145339966,29,7,23,5,11
1403715898.633886814117432,31,6,26,4,11
1403715898.683887720108032,29,0,27,0,11
1403715898.733876943588257,28,5,27,0,11
1403715898.783859729766846,22,6,19,3,11
1403715898.833807706832886,22,1,19,2,11
1403715898.883760690689087,23,5,21,1,11
1403715898.933752536773682,23,4,21,1,11
1403715898.983681440353394,30,2,20,7,11
1403715899.033668041229248,32,4,26,3,11
1403715899.083617448806763,31,3,29,2,11
1403715899.133589982986450,28,3,25,0,11
1403715899.183580875396729,30,2,23,3,11
1403715899.233562231063843,25,5,23,1,11
1403715899.283537864685059,32,3,22,9,11
1403715899.333521842956543,29,7,26,2,11
1403715899.383509874343872,31,4,26,4,11
1403715899.433515310287476,31,3,26,4,11
1403715899.483581781387329,31,5,28,0,11
1403715899.533637523651123,32,2,28,2,11
1403715899.583649158477783,31,3,29,1,11
1403715899.633726835250854,35,3,30,4,11
1403715899.683730840682983,38,4,33,5,11
1403715899.733807325363159,42,2,30,4,11
1403715899.783874511718750,46,7,38,4,11
1403715899.833917379379272,45,13,41,3,11
1403715899.883963346481323,46,8,40,6,11
1403715899.934002876281738,45,4,45,0,11
1403715899.984101772308350,43,3,40,0,11
1403715900.034171342849731,42,2,38,0,11
1403715900.084246397018433,42,3,36,3,11
1403715900.134346246719360,45,1,36,4,11
1403715900.184413194656372,40,2,36,1,11
1403715900.234460115432739,42,1,36,4,11
1403715900.284555435180664,43,3,39,3,11
1403715900.334542036056519,41,4,41,0,11
1403715900.384528636932373,42,3,41,1,11
1403715900.434550046920776,46,1,40,5,11
1403715900.484550237655640,45,7,40,4,11
1403715900.534528970718384,46,9,40,5,11
1403715900.584525346755981,46,1,39,1,11
1403715900.634523630142212,41,2,36,0,11
1403715900.684536457061768,35,5,30,3,11
1403715900.734535932540894,34,2,29,2,11
1403715900.784531116485596,32,1,28,0,11
1403715900.834527492523193,28,2,20,1,11
1403715900.884541749954224,27,4,17,3,11
1403715900.934540510177612,26,0,20,4,11
1403715900.984541416168213,28,1,20,5,11
1403715901.034556388854980,23,5,16,0,11
1403715901.084557771682739,20,1,15,2,11
1403715901.134565353393555,20,0,16,4,11
1403715901.184565305709839,22,1,17,2,11
1403715901.234553337097168,19,3,17,1,11
1403715901.284547567367554,20,2,16,4,11
1403715901.334554910659790,20,1,20,0,11
1403715901.384599208831787,24,2,17,4,11
1403715901.434609889984131,24,2,21,1,11
1403715901.484606981277466,23,0,18,1,11
1403715901.534576177597046,24,4,15,1,11
1403715901.584533691406250,25,0,14,5,11
1403715901.634490966796875,27,0,14,7,11
1403715901.684432506561279,27,1,24,2,11
1403715901.734405040740967,27,0,26,1,11
1403715901.784373044967651,30,1,27,3,11
1403715901.834365129470825,33,2,29,3,11
1403715901.884329080581665,34,4,32,1,11
1403715901.934313058853149,35,1,31,2,11
1403715901.984287738800049,35,2,29,4,11
1403715902.034285545349121,34,1,31,2,11
1403715902.084286928176880,37,1,33,3,11
1403715902.134287834167480,40,2,34,3,11
1403715902.184285879135132,43,3,36,5,11
1403715902.234288930892944,41,2,39,0,11
1403715902.284300327301025,42,0,37,4,11
1403715902.334312915802002,41,5,37,1,11
1403715902.384314298629761,40,1,37,0,11
1403715902.434309959411621,40,2,36,2,11
1403715902.484299659729004,38,0,37,1,11
1403715902.534270763397217,40,3,37,2,11
1403715902.584251642227173,41,3,37,1,11
1403715902.634268045425415,45,1,37,5,11
1403715902.684257984161377,44,5,40,2,11
1403715902.734261035919189,45,1,42,3,11
1403715902.784247875213623,45,0,43,2,11
1403715902.834236621856689,46,0,43,1,11
1403715902.884231328964233,45,2,42,0,11
1403715902.934227228164673,40,2,38,1,11
1403715902.984220981597900,44,1,38,5,11
1403715903.034208536148071,43,6,42,0,11
1403715903.084178447723389,45,2,37,4,11
1403715903.134162902832031,42,3,35,1,11
1403715903.184184551239014,39,3,34,2,11
1403715903.234214067459106,35,1,33,1,11
1403715903.284248352050781,40,3,34,5,11
1403715903.334274530410767,42,3,37,4,11
1403715903.384305953979492,41,2,39,0,11
1403715903.434295892715454,45,1,38,5,11
1403715903.484285593032837,43,5,37,4,11
1403715903.534291982650757,47,10,37,6,11
1403715903.584292888641357,42,2,38,0,11
1403715903.634300947189331,44,5,35,6,11
1403715903.684319257736206,46,10,38,4,11
1403715903.734354257583618,40,2,37,0,11
1403715903.784364223480225,32,2,28,0,11
1403715903.834371805191040,26,8,21,1,11
1403715903.884373188018799,21,5,18,0,11
1403715903.934362888336182,21,6,12,7,11
1403715903.984342813491821,12,2,11,0,11
1403715904.034325838088989,10,0,10,0,11
1403715904.084316730499268,10,6,10,0,11
1403715904.134314775466919,13,5,10,3,11
1403715904.184311628341675,13,2,12,0,11
1403715904.234314441680908,13,4,12,0,11
1403715904.284328460693359,25,4,12,13,11
1403715904.334331274032593,24,0,23,0,11
1403715904.384337186813354,26,1,22,2,11
1403715904.434360742568970,29,2,24,4,11
1403715904.484371185302734,29,4,27,1,11
1403715904.534421682357788,35,3,28,6,11
1403715904.584444761276245,31,4,29,1,11
1403715904.634470462799072,32,1,30,1,11
1403715904.684477567672729,31,0,27,2,11
1403715904.734469890594482,37,2,20,8,11
1403715904.784456253051758,32,1,22,1,11
1403715904.834434509277344,30,3,20,4,11
1403715904.884419679641724,31,1,22,6,11
1403715904.934404611587524,33,1,21,6,11
1403715904.984410524368286,32,1,24,2,11
1403715905.034436225891113,24,2,19,3,11
1403715905.084446430206299,25,0,19,3,11
1403715905.134457826614380,25,0,20,1,11
1403715905.184480428695679,23,11,15,1,11
1403715905.234480857849121,20,0,17,0,11
1403715905.284491062164307,16,1,16,0,11
1403715905.334519624710083,19,2,16,3,11
1403715905.384545564651489,20,5,18,1,11
1403715905.434550046920776,23,1,19,4,11
1403715905.484549760818481,20,2,20,0,11
1403715905.534540414810181,18,3,17,1,11
1403715905.584552288055420,21,0,17,3,11
1403715905.634566307067871,22,9,19,2,11
1403715905.684559822082520,19,3,18,1,11
1403715905.734570026397705,25,1,18,6,11
1403715905.784572601318359,34,3,25,9,11
1403715905.834573268890381,34,3,28,1,11
1403715905.884563207626343,30,2,26,0,11
1403715905.934545993804932,35,0,24,10,11
1403715905.984544038772583,34,1,33,0,11
1403715906.034536600112915,32,0,29,1,11
1403715906.084520339965820,31,6,23,3,11
1403715906.134492874145508,30,5,21,2,11
1403715906.184457778930664,28,3,20,4,11
1403715906.234443664550781,26,2,19,4,11
1403715906.284444093704224,26,1,21,3,11
1403715906.334420680999756,32,1,23,8,11
1403715906.384413957595825,31,2,29,0,11
1403715906.434410810470581,33,1,26,4,11
1403715906.484414577484131,31,2,22,0,11
1403715906.534415006637573,29,3,20,1,11
1403715906.584411144256592,26,3,16,4,11
1403715906.634408473968506,26,4,19,5,11
1403715906.684401512145996,28,0,23,4,11
1403715906.734391450881958,29,5,24,2,11
1403715906.784396171569824,27,2,22,1,11
1403715906.834397554397583,22,3,21,0,11
1403715906.884417772293091,20,5,15,2,11
1403715906.934432744979858,22,3,15,3,11
1403715906.984431743621826,18,0,12,2,11
1403715907.034431695938110,18,2,11,5,11
1403715907.084430456161499,18,1,15,2,11
1403715907.134433031082153,14,0,12,0,11
1403715907.184433937072754,15,0,12,1,11
1403715907.234416723251343,21,0,12,9,11
1403715907.284415483474731,21,0,18,0,11
1403715907.334412813186646,18,1,12,3,11
1403715907.384410858154297,18,2,14,4,11
1403715907.434403896331787,19,0,18,1,11
1403715907.484406948089600,19,0,17,1,11
1403715907.534398794174194,21,1,16,4,11
1403715907.584399700164795,16,0,16,0,11
1403715907.634385347366333,29,0,16,13,11
1403715907.684389829635620,28,1,27,0,11
1403715907.734399080276489,30,2,24,6,11
1403715907.784402847290039,31,1,27,2,11
1403715907.834399461746216,33,3,23,9,11
1403715907.884396076202393,30,1,30,0,11
1403715907.934386253356934,31,1,28,3,11
1403715907.984381914138794,31,1,31,0,11
1403715908.034384965896606,35,6,28,6,11
1403715908.084384918212891,34,2,31,1,11
1403715908.134386062622070,34,2,29,2,11
1403715908.184382677078247,38,4,28,7,11
1403715908.234387159347534,34,1,31,0,11
1403715908.284378767013550,45,1,30,13,11
1403715908.334378004074097,39,0,36,0,11
1403715908.384382247924805,35,0,33,0,11
1403715908.434381484985352,33,1,32,1,11
1403715908.484385013580322,31,1,30,0,11
1403715908.534373044967651,45,4,29,16,11
1403715908.584362268447876,44,1,42,0,11
1403715908.634349822998047,40,0,38,0,11
1403715908.684329986572266,36,1,35,0,11
1403715908.734321594238281,42,4,32,10,11
1403715908.784319877624512,36,0,36,0,11
1403715908.834326505661011,33,0,33,0,11
1403715908.884335994720459,31,1,30,0,11
1403715908.934343576431274,44,1,27,14,11
1403715908.984351158142090,44,1,41,1,11
1403715909.034357070922852,40,0,39,1,11
1403715909.084356784820557,34,1,34,0,11
1403715909.134365081787109,30,1,28,1,11
1403715909.184371709823608,39,2,23,16,11
1403715909.234372615814209,38,0,38,0,11
1403715909.284364461898804,37,1,36,0,11
1403715909.334361076354980,38,0,36,2,11
1403715909.384353160858154,47,10,36,10,11
1403715909.434356451034546,46,1,44,0,11
1403715909.484358310699463,40,0,38,0,11
1403715909.534362077713013,41,1,36,1,11
1403715909.584366798400879,38,1,34,0,11
1403715909.634363889694214,36,0,31,0,11
1403715909.684376478195190,43,6,29,11,11
1403715909.734372854232788,38,0,35,0,11
1403715909.784374952316284,39,1,30,3,11
1403715909.834386587142944,34,1,30,0,11
1403715909.884388446807861,33,0,26,0,11
1403715909.934398889541626,26,3,22,0,11
1403715909.984402179718018,26,6,13,6,11
1403715910.034404039382935,21,4,14,0,11
1403715910.084400653839111,21,2,11,8,11
1403715910.134398937225342,13,4,12,0,11
1403715910.184398412704468,11,6,10,0,11
1403715910.234400033950806,9,3,7,1,11
1403715910.284402847290039,10,4,4,4,11
1403715910.334404706954956,3,8,2,0,11
1403715910.384404182434082,1,3,1,0,11
1403715910.434402942657471,1,3,1,0,11
1403715910.484405279159546,2,2,0,1,11
1403715910.534408092498779,9,5,1,7,11
1403715910.584402561187744,11,4,5,4,11
1403715910.634404659271240,11,7,8,0,11
1403715910.684404373168945,11,9,6,2,11
1403715910.734409570693970,11,6,8,1,11
1403715910.784418344497681,29,1,8,20,11
1403715910.834418058395386,36,0,28,7,11
1403715910.884417295455933,36,2,35,0,11
1403715910.934429645538330,37,9,32,5,11
1403715910.984428644180298,36,15,35,0,11
1403715911.034431934356689,38,3,34,3,11
1403715911.084436893463135,40,2,34,4,11
1403715911.134440422058105,38,3,34,1,11
1403715911.184448957443237,34,7,31,0,11
1403715911.234446048736572,33,5,30,1,11
1403715911.284446239471436,31,1,28,2,11
1403715911.334434509277344,32,1,27,3,11
1403715911.384431838989258,31,2,28,0,11
1403715911.434427499771118,15,5,15,0,11
1403715911.484429359436035,23,4,14,8,11
1403715911.534425973892212,25,1,22,3,11
1403715911.584432125091553,28,0,22,5,11
1403715911.634429216384888,25,1,24,0,11
1403715911.684437513351440,29,3,22,5,11
1403715911.734434127807617,28,1,26,0,11
1403715911.784424543380737,27,5,25,2,11
1403715911.834427356719971,34,0,23,9,11
1403715911.884429216384888,33,0,31,0,11
1403715911.934429168701172,35,2,30,4,11
1403715911.984426975250244,35,3,32,1,11
1403715912.034427404403687,34,1,31,1,11
1403715912.084428548812866,35,10,30,1,11
1403715912.134427785873413,39,2,29,7,11
1403715912.184431314468384,38,1,33,3,11
1403715912.234421730041504,44,2,32,7,11
1403715912.284411191940308,46,0,39,4,11
1403715912.334408760070801,42,0,38,0,11
1403715912.384413242340088,43,7,37,1,11
1403715912.434407472610474,39,3,37,1,11
1403715912.484403610229492,38,3,33,0,11
1403715912.534397602081299,39,2,30,5,11
1403715912.584398746490479,35,3,30,0,11
1403715912.634410381317139,35,4,21,4,11
1403715912.684405088424683,37,4,24,4,11
1403715912.734409093856812,29,5,23,4,11
1403715912.784409284591675,29,3,25,2,11
1403715912.834411621093750,34,12,24,8,11
1403715912.884407758712769,32,5,24,2,11
1403715912.934405326843262,27,2,21,0,11
1403715912.984403848648071,18,2,14,0,11
1403715913.034400224685669,11,1,9,0,11
1403715913.084395408630371,14,0,9,5,11
1403715913.134393453598022,12,3,11,0,11
1403715913.184394359588623,23,2,11,11,11
1403715913.234401941299438,22,1,22,0,11
1403715913.284407854080200,18,2,18,0,11
1403715913.334414958953857,22,8,18,4,11
1403715913.384419918060303,20,2,20,0,11
1403715913.434424638748169,24,7,19,4,11
1403715913.484424829483032,31,1,23,7,11
1403715913.534424781799316,35,4,28,6,11
1403715913.584412813186646,39,0,32,5,11
1403715913.634413957595825,40,0,38,2,11
1403715913.684416532516479,42,1,39,2,11
1403715913.734421968460083,43,2,40,2,11
1403715913.784415960311890,48,5,40,5,11
1403715913.834407091140747,49,7,44,2,11
1403715913.884408950805664,48,3,45,2,11
1403715913.934415817260742,47,2,45,1,11
1403715913.984416484832764,50,12,46,3,11
1403715914.034420728683472,47,8,45,0,11
1403715914.084420204162598,44,1,42,0,11
1403715914.134421110153198,45,2,40,2,11
1403715914.184418439865112,45,0,41,3,11
1403715914.234425783157349,42,9,39,0,11
1403715914.284431457519531,47,9,38,8,11
1403715914.334437131881714,48,4,43,3,11
1403715914.384441614151001,50,2,46,2,11
1403715914.434442520141602,48,13,44,0,11
1403715914.484435319900513,50,8,44,2,11
1403715914.534421205520630,45,4,43,0,11
1403715914.584419250488281,49,2,43,4,11
1403715914.634423017501831,49,4,47,1,11
1403715914.684423923492432,48,0,47,0,11
1403715914.734427213668823,47,3,43,0,11
1403715914.784425258636475,44,1,39,0,11
1403715914.834425926208496,46,1,35,5,11
1403715914.884428501129150,45,6,33,4,11
1403715914.934414386749268,40,2,29,4,11
1403715914.984401941299438,38,5,31,0,11
1403715915.034395694732666,45,1,31,11,11
1403715915.084401845932007,48,8,40,6,11
1403715915.134398221969604,48,4,44,1,11
1403715915.184378147125244,45,5,43,1,11
1403715915.234344482421875,48,9,44,4,11
1403715915.284337520599365,48,5,48,0,11
1403715915.334338903427124,48,3,48,0,11
1403715915.384305477142334,50,18,45,2,11
1403715915.434304952621460,50,5,47,0,11
1403715915.484290599822998,48,7,45,1,11
1403715915.534266471862793,49,3,44,2,11
1403715915.584245443344116,48,1,44,1,11
1403715915.634230613708496,48,3,45,1,11
1403715915.684191942214966,48,6,45,2,11
1403715915.734161615371704,49,7,45,2,11
1403715915.784137964248657,49,4,46,1,11
1403715915.834136486053467,49,4,46,1,11
1403715915.884136438369751,47,5,45,1,11
1403715915.934145450592041,45,1,44,1,11
1403715915.984160900115967,49,3,45,4,11
1403715916.034176349639893,49,5,48,1,11
1403715916.084187984466553,50,5,49,1,11
1403715916.134201288223267,49,5,49,0,11
1403715916.184209346771240,49,2,47,1,11
1403715916.234220504760742,49,0,46,1,11
1403715916.284226655960083,49,9,45,1,11
1403715916.334233045578003,48,4,44,1,11
1403715916.384233474731445,47,0,42,3,11
1403715916.434226989746094,47,5,38,1,11
1403715916.484224796295166,41,3,32,3,11
1403715916.534215211868286,41,0,32,4,11
1403715916.584211587905884,39,3,35,0,11
1403715916.634199857711792,38,3,28,1,11
1403715916.684203386306763,41,3,24,6,11
1403715916.734200477600098,43,2,25,10,11
1403715916.784189701080322,40,0,33,3,11
1403715916.834197282791138,37,2,33,1,11
1403715916.884208679199219,39,4,30,4,11
1403715916.934217214584351,37,3,33,3,11
1403715916.984219074249268,35,0,33,2,11
1403715917.034221649169922,40,4,32,6,11
1403715917.084222793579102,40,5,33,4,11
1403715917.134220838546753,35,9,27,3,11
1403715917.184225797653198,28,4,21,1,11
1403715917.234229564666748,27,2,19,3,11
1403715917.284232616424561,25,2,20,2,11
1403715917.334239959716797,23,4,19,1,11
1403715917.384249210357666,22,1,20,0,11
1403715917.434261083602905,22,0,20,2,11
1403715917.484278440475464,25,4,22,3,11
1403715917.534290075302124,26,0,25,1,11
1403715917.584297895431519,27,0,22,2,11
1403715917.634289979934692,30,6,22,4,11
1403715917.684269905090332,30,1,21,2,11
1403715917.734260559082031,33,1,19,5,11
1403715917.784242630004883,34,2,17,6,11
1403715917.834216356277466,38,0,16,9,11
1403715917.884197950363159,35,6,24,4,11
1403715917.934187889099121,37,2,23,7,11
1403715917.984196186065674,37,0,28,5,11
1403715918.034205675125122,42,2,30,7,11
1403715918.084222078323364,39,1,37,0,11
1403715918.134221315383911,42,1,37,4,11
1403715918.184214591979980,44,2,38,4,11
1403715918.234216213226318,45,1,42,1,11
1403715918.284218311309814,46,2,43,3,11
1403715918.334209442138672,48,2,44,2,11
1403715918.384202003479004,45,7,41,0,11
1403715918.434200525283813,48,1,38,6,11
1403715918.484205484390259,50,2,45,3,11
1403715918.534210443496704,47,8,45,1,11
1403715918.584207534790039,48,3,45,2,11
1403715918.634202718734741,48,1,47,1,11
1403715918.684201717376709,46,0,44,1,11
1403715918.734199285507202,48,5,44,3,11
1403715918.784196615219116,48,1,45,1,11
1403715918.834192514419556,47,2,40,1,11
1403715918.884190797805786,45,4,38,1,11
1403715918.934190034866333,40,4,36,2,11
1403715918.984187841415405,41,1,35,4,11
1403715919.034186840057373,41,3,38,0,11
1403715919.084174394607544,48,3,39,9,11
1403715919.134170770645142,48,4,46,1,11
1403715919.184162378311157,48,7,44,2,11
1403715919.234155178070068,47,0,43,1,11
1403715919.284145355224609,47,2,43,1,11
1403715919.334141016006470,49,8,44,4,11
1403715919.384143590927124,48,0,46,0,11
1403715919.434142589569092,48,0,46,0,11
1403715919.484124898910522,48,18,46,2,11
1403715919.534111738204956,49,7,46,1,11
1403715919.584092855453491,49,0,47,0,11
1403715919.634069204330444,48,0,47,1,11
1403715919.684041738510132,49,4,48,1,11
1403715919.734028100967407,50,1,47,1,11
1403715919.784016132354736,50,4,49,0,11
1403715919.834012985229492,50,0,49,1,11
1403715919.884014606475830,47,3,46,0,11
1403715919.934013366699219,47,9,44,2,11
1403715919.984017133712769,47,2,44,2,11
1403715920.034016609191895,47,0,45,1,11
1403715920.084021329879761,50,14,46,3,11
1403715920.134039878845215,49,5,49,0,11
1403715920.184057950973511,49,1,47,0,11
1403715920.234075307846069,50,0,47,1,11
1403715920.284106731414795,49,5,44,1,11
1403715920.334140062332153,50,0,46,1,11
1403715920.384163379669189,49,21,46,1,11
1403715920.434164285659790,46,1,44,0,11
1403715920.484164476394653,46,1,43,1,11
1403715920.534171581268311,49,14,41,4,11
1403715920.584171772003174,47,2,45,1,11
1403715920.634168624877930,46,3,46,0,11
1403715920.684170007705688,46,7,38,4,11
1403715920.734174728393555,47,4,39,3,11
1403715920.784179210662842,45,8,42,2,11
1403715920.834184408187866,42,3,39,1,11
1403715920.884191274642944,44,3,39,3,11
1403715920.934194803237915,43,0,39,0,11
1403715920.984204769134521,43,6,35,4,11
1403715921.034211158752441,45,10,36,7,11
1403715921.084213256835938,44,6,41,0,11
1403715921.134212017059326,43,8,40,2,11
1403715921.184214591979980,47,3,40,5,11
1403715921.234215974807739,46,7,45,0,11
1403715921.284218072891235,45,4,43,0,11
1403715921.334227561950684,50,2,43,5,11
1403715921.384232044219971,46,3,44,1,11
1403715921.434232473373413,46,5,45,0,11
1403715921.484245300292969,47,6,45,2,11
1403715921.534247398376465,45,2,44,0,11
1403715921.584249496459961,49,7,44,4,11
1403715921.634248495101929,47,13,45,0,11
1403715921.684241056442261,47,3,43,1,11
1403715921.734241008758545,41,2,35,1,11
1403715921.784241914749146,41,4,34,3,11
1403715921.834243297576904,37,1,29,2,11
1403715921.884245395660400,37,1,28,2,11
1403715921.934246063232422,33,3,23,3,11
1403715921.984247684478760,32,4,24,2,11
1403715922.034250020980835,29,4,23,2,11
1403715922.084246397018433,31,4,18,7,11
1403715922.134245395660400,30,3,19,2,11
1403715922.184243440628052,27,2,18,1,11
1403715922.234237194061279,27,0,16,8,11
1403715922.284237384796143,25,3,21,1,11
1403715922.334238767623901,29,3,20,5,11
1403715922.384240388870239,29,9,22,5,11
1403715922.434241533279419,31,0,24,3,11
1403715922.484246015548706,28,4,24,1,11
1403715922.534246921539307,31,1,24,5,11
1403715922.584246397018433,26,5,24,0,11
1403715922.634247303009033,26,3,24,0,11
1403715922.684250354766846,25,3,21,2,11
1403715922.734249591827393,25,2,19,3,11
1403715922.784247398376465,25,3,22,1,11
1403715922.834246397018433,23,3,21,0,11
1403715922.884244441986084,24,3,20,2,11
1403715922.934245109558105,22,3,19,1,11
1403715922.984247207641602,22,3,20,1,11
1403715923.034247159957886,24,0,21,3,11
1403715923.084249734878540,27,1,24,3,11
1403715923.134253263473511,33,1,26,6,11
1403715923.184256076812744,34,1,30,2,11
1403715923.234259128570557,38,0,32,5,11
1403715923.284260749816895,43,2,33,7,11
1403715923.334264039993286,44,1,35,2,11
1403715923.384265661239624,45,1,32,5,11
1403715923.434266805648804,40,2,31,4,11
1403715923.484270095825195,44,5,33,7,11
1403715923.534269809722900,42,0,40,1,11
1403715923.584270000457764,39,0,36,0,11
1403715923.634271860122681,42,0,33,4,11
1403715923.684278249740601,39,1,34,1,11
1403715923.734282016754150,38,1,34,2,11
1403715923.784285306930542,37,0,35,2,11
1403715923.834283828735352,38,1,37,1,11
1403715923.884279489517212,40,1,36,2,11
1403715923.934278964996338,38,1,34,1,11
1403715923.984277486801147,41,1,35,5,11
1403715924.034276247024536,39,3,36,2,11
1403715924.084276199340820,44,3,36,6,11
1403715924.134276390075684,44,1,42,1,11
1403715924.184276103973389,41,3,40,0,11
1403715924.234278917312622,41,5,38,0,11
1403715924.284280538558960,40,5,37,0,11
1403715924.334280252456665,42,5,37,4,11
1403715924.384280681610107,41,2,37,1,11
1403715924.434278726577759,36,1,30,0,11
1403715924.484276771545410,32,5,29,0,11
1403715924.534276962280273,26,2,25,0,11
1403715924.584277391433716,24,4,22,0,11
1403715924.634278059005737,27,5,22,4,11
1403715924.684275150299072,26,4,23,0,11
1403715924.734271764755249,21,4,16,0,11
1403715924.784267663955688,18,3,14,2,11
1403715924.834264516830444,14,5,12,0,11
1403715924.884261608123779,16,8,12,3,11
1403715924.934262275695801,18,10,13,4,11
1403715924.984266042709351,22,4,16,5,11
1403715925.034270048141479,21,1,19,1,11
1403715925.084272384643555,23,6,19,4,11
1403715925.134277105331421,16,3,14,1,11
1403715925.184273004531860,13,9,10,0,11
1403715925.234266996383667,15,3,9,3,11
1403715925.284260272979736,24,4,11,11,11
1403715925.334252595901489,25,3,18,4,11
1403715925.384240388870239,23,5,19,1,11
1403715925.434231758117676,26,6,18,6,11
1403715925.484229803085327,22,3,20,0,11
1403715925.534225702285767,22,8,17,2,11
1403715925.584218978881836,29,7,14,12,11
1403715925.634219646453857,28,3,23,1,11
1403715925.684224128723145,24,3,21,1,11
1403715925.734231472015381,26,0,20,4,11
1403715925.784234046936035,29,2,22,4,11
1403715925.834233045578003,28,6,25,2,11
1403715925.884233951568604,25,8,25,0,11
1403715925.934237480163574,26,5,21,3,11
1403715925.984234571456909,23,7,20,3,11
1403715926.034239530563354,30,5,21,8,11
1403715926.084238767623901,30,14,28,1,11
1403715926.134235143661499,32,8,24,4,11
1403715926.184236526489258,37,4,27,6,11
1403715926.234241485595703,35,5,23,5,11
1403715926.284245491027832,33,6,27,1,11
1403715926.334246397018433,28,4,22,1,11
1403715926.384252786636353,22,6,18,2,11
1403715926.434253215789795,20,1,16,1,11
1403715926.484255075454712,15,3,13,1,11
1403715926.534262180328369,20,2,13,6,11
1403715926.584268093109131,22,1,19,3,11
1403715926.634273529052734,25,3,21,4,11
1403715926.684280157089233,22,10,22,0,11
1403715926.734280824661255,24,1,20,2,11
1403715926.784285545349121,32,4,20,9,11
1403715926.834285736083984,33,3,26,3,11
1403715926.884280681610107,35,4,28,4,11
1403715926.934276342391968,36,3,31,4,11
1403715926.984273433685303,34,2,33,0,11
1403715927.034259796142578,36,2,31,5,11
1403715927.084253549575806,39,4,35,4,11
1403715927.134251832962036,41,2,39,2,11
1403715927.184255599975586,44,4,40,4,11
1403715927.234257459640503,40,8,35,4,11
1403715927.284262418746948,41,5,36,3,11
1403715927.334264993667603,46,4,35,10,11
1403715927.384266138076782,43,3,37,4,11
1403715927.434268474578857,42,4,39,0,11
1403715927.484268903732300,46,3,37,8,11
1403715927.534262657165527,45,5,44,0,11
1403715927.584256172180176,44,2,44,0,11
1403715927.634248495101929,49,5,39,6,11
1403715927.684235095977783,46,1,43,0,11
1403715927.734226942062378,39,0,39,0,11
1403715927.784222364425659,40,0,39,1,11
1403715927.834222793579102,40,0,39,0,11
1403715927.884221076965332,48,7,38,8,11
1403715927.934225082397461,49,0,46,2,11
1403715927.984223604202271,48,1,47,1,11
1403715928.034224033355713,47,1,46,0,11
1403715928.084220647811890,49,12,45,3,11
1403715928.134223222732544,45,3,44,0,11
1403715928.184223890304565,39,2,37,0,11
1403715928.234233856201172,41,3,36,4,11
1403715928.284241199493408,43,1,38,5,11
1403715928.334237575531006,39,5,34,0,11
1403715928.384238004684448,32,3,26,0,11
1403715928.434240818023682,28,8,19,0,11
1403715928.484239578247070,27,5,15,3,11
1403715928.534231662750244,20,10,15,1,11
1403715928.584218502044678,20,3,12,5,11
1403715928.634211778640747,19,9,16,1,11
1403715928.684197425842285,16,7,14,1,11
1403715928.734174013137817,25,7,11,11,11
1403715928.784155368804932,28,0,19,4,11
1403715928.834149599075317,22,0,17,0,11
1403715928.884149312973022,24,2,16,5,11
1403715928.934151649475098,22,5,18,4,11
1403715928.984154701232910,18,5,18,0,11
1403715929.034157276153564,20,3,18,2,11
1403715929.084158658981323,19,3,19,0,11
1403715929.134167909622192,30,2,19,11,11
1403715929.184169530868530,30,4,30,0,11
1403715929.234189033508301,39,1,30,9,11
1403715929.284191608428955,43,3,34,4,11
1403715929.334196329116821,45,15,37,3,11
1403715929.384204387664795,40,7,34,1,11
1403715929.434200525283813,38,7,35,1,11
1403715929.484191179275513,45,7,28,12,11
1403715929.534188747406006,46,7,35,2,11
1403715929.584188699722290,41,1,33,4,11
1403715929.634187936782837,36,2,35,1,11
1403715929.684172630310059,42,0,33,7,11
1403715929.734160661697388,43,2,41,1,11
1403715929.784152269363403,42,3,41,1,11
1403715929.834149122238159,43,5,41,2,11
1403715929.884151220321655,43,6,40,0,11
1403715929.934149503707886,42,4,40,0,11
1403715929.984144210815430,46,7,39,6,11
1403715930.034143447875977,47,3,43,1,11
1403715930.084138393402100,48,7,43,3,11
1403715930.134135723114014,50,3,44,4,11
1403715930.184132814407349,49,9,47,0,11
1403715930.234134674072266,48,8,47,1,11
1403715930.284136295318604,48,2,48,0,11
1403715930.334136247634888,49,0,47,1,11
1403715930.384135484695435,49,0,47,0,11
1403715930.434134006500244,49,0,47,1,11
1403715930.484131097793579,50,4,48,2,11
1403715930.534119844436646,50,12,50,0,11
1403715930.584113597869873,50,5,50,0,11
1403715930.634115934371948,49,2,49,0,11
1403715930.684126615524292,50,12,49,1,11
1403715930.734128952026367,50,1,50,0,11
1403715930.784129381179810,50,1,50,0,11
1403715930.834130525588989,50,3,50,0,11
1403715930.884125232696533,50,0,50,0,11
1403715930.934120178222656,49,0,48,0,11
1403715930.984123468399048,49,0,47,0,11
1403715931.034127950668335,50,9,46,2,11
1403715931.084131479263306,49,4,44,1,11
1403715931.134135007858276,49,6,45,1,11
1403715931.184135675430298,50,10,45,4,11
1403715931.234126806259155,50,1,49,0,11
1403715931.284116506576538,48,12,46,0,11
1403715931.334114074707031,49,2,44,1,11
1403715931.384110212326050,48,8,41,3,11
1403715931.434108495712280,47,7,42,2,11
1403715931.484108209609985,45,3,42,1,11
1403715931.534107208251953,43,2,39,0,11
1403715931.584105730056763,45,9,38,6,11
1403715931.634112834930420,48,2,42,4,11
1403715931.684121608734131,46,7,42,1,11
1403715931.734131813049316,44,6,38,4,11
1403715931.784133434295654,37,6,34,2,11
1403715931.834132909774780,33,5,32,0,11
1403715931.884133100509644,33,5,29,3,11
1403715931.934134483337402,29,14,27,0,11
1403715931.984135150909424,27,7,25,1,11
1403715932.034136295318604,26,4,26,0,11
1403715932.084137439727783,25,9,22,1,11
1403715932.134139299392700,26,8,20,1,11
1403715932.184139251708984,28,4,17,5,11
1403715932.234139442443848,24,6,17,1,11
1403715932.284139871597290,19,2,14,1,11
1403715932.334140539169312,17,3,12,3,11
1403715932.384140968322754,16,2,10,3,11
1403715932.434141159057617,16,3,11,0,11
1403715932.484143018722534,17,7,11,4,11
1403715932.534144639968872,16,2,15,1,11
1403715932.584141969680786,18,4,15,3,11
1403715932.634141683578491,20,3,17,2,11
1403715932.684143781661987,22,2,18,3,11
1403715932.734143018722534,19,4,19,0,11
1403715932.784141302108765,18,2,17,1,11
1403715932.834135770797729,22,0,18,4,11
1403715932.884123563766479,26,1,21,5,11
1403715932.934114217758179,31,7,21,5,11
1403715932.984103441238403,32,7,24,1,11
1403715933.034102916717529,29,0,21,3,11
1403715933.084101200103760,28,3,23,1,11
1403715933.134101867675781,24,1,17,0,11
1403715933.184103012084961,24,5,12,2,11
1403715933.234105110168457,23,3,11,6,11
1403715933.284106731414795,15,1,11,1,11
1403715933.334107875823975,13,8,10,1,11
1403715933.384108543395996,10,3,9,1,11
1403715933.434108257293701,10,3,9,0,11
1403715933.484107494354248,9,13,9,0,11
1403715933.534107685089111,9,7,8,1,11
1403715933.584105491638184,9,3,8,1,11
1403715933.634091615676880,10,3,5,5,11
1403715933.684071540832520,17,3,8,8,11
1403715933.734057664871216,18,2,16,1,11
1403715933.784037113189697,23,0,17,6,11
1403715933.834019899368286,24,1,21,1,11
1403715933.883998870849609,26,2,20,2,11
1403715933.933984041213989,29,12,19,4,11
1403715933.983975172042847,40,25,17,18,11
1403715934.033968925476074,36,11,27,4,11
1403715934.083964824676514,28,5,15,1,11
1403715934.133963346481323,16,9,4,0,11
1403715934.183960199356079,9,1,3,2,11
1403715934.233958959579468,5,0,1,2,11
1403715934.283962726593018,0,4,0,0,11
1403715934.333962917327881,0,1,0,0,11
1403715934.383963823318481,0,7,0,0,11
1403715934.433965206146240,0,7,0,0,11
1403715934.483965873718262,0,3,0,0,11
1403715934.533980607986450,0,9,0,0,11
1403715934.583980560302734,0,1,0,0,11
1403715934.633981943130493,0,2,0,0,11
1403715934.683981895446777,0,0,0,0,11
1403715934.733981847763062,0,1,0,0,11
1403715934.783984422683716,1,2,0,1,11
1403715934.833972215652466,3,1,1,2,11
1403715934.883952617645264,10,1,3,7,11
1403715934.933942079544067,16,5,9,6,11
1403715934.983930110931396,22,9,10,8,11
1403715935.033930301666260,28,4,11,8,11
1403715935.083929300308228,23,10,14,2,11
1403715935.133929729461670,10,4,7,2,11
1403715935.183927059173584,10,6,7,1,11
1403715935.233927011489868,9,1,6,1,11
1403715935.283927679061890,9,6,6,1,11
1403715935.333933115005493,10,3,7,2,11
1403715935.383930921554565,9,1,8,0,11
1403715935.433930158615112,9,6,8,0,11
1403715935.483934164047241,9,4,6,3,11
1403715935.533932924270630,11,3,7,4,11
1403715935.583925724029541,14,4,11,3,11
1403715935.633924007415771,16,3,13,2,11
1403715935.683921337127686,18,4,15,2,11
1403715935.733913660049438,24,3,14,10,11
1403715935.783917188644409,30,7,23,6,11
1403715935.833916425704956,35,3,27,8,11
1403715935.883918285369873,40,1,32,6,11
1403715935.933927297592163,47,4,38,7,11
1403715935.983937978744507,48,2,45,3,11
1403715936.033965110778809,49,13,46,2,11
1403715936.083978891372681,49,5,44,0,11
1403715936.133987188339233,48,7,41,0,11
1403715936.183985233306885,47,17,41,3,11
1403715936.233982801437378,43,11,35,2,11
1403715936.283975124359131,41,4,33,0,11
1403715936.333966016769409,34,3,26,1,11
1403715936.383964300155640,32,1,23,0,11
1403715936.433960914611816,27,5,19,1,11
1403715936.483957052230835,23,1,19,0,11
1403715936.533949136734009,22,1,19,2,11
1403715936.583942174911499,23,0,21,2,11
1403715936.633932828903198,23,5,22,0,11
1403715936.683924913406372,29,3,22,6,11
1403715936.733928680419922,29,0,28,1,11
1403715936.783933877944946,34,0,29,5,11
1403715936.833935976028442,41,0,34,7,11
1403715936.883934974670410,44,0,41,3,11
1403715936.933935403823853,44,2,44,0,11
1403715936.983934164047241,46,2,44,2,11
1403715937.033932685852051,46,1,45,0,11
1403715937.083932638168335,47,0,44,2,11
1403715937.133928537368774,48,6,44,2,11
1403715937.183926582336426,49,1,46,1,11
1403715937.233921766281128,47,4,43,1,11
1403715937.283920049667358,48,0,42,1,11
1403715937.333917856216431,46,1,44,1,11
1403715937.383918046951294,46,0,43,2,11
1403715937.433920860290527,50,0,45,4,11
1403715937.483919143676758,45,4,45,0,11
1403715937.533916234970093,49,9,45,4,11
1403715937.583914041519165,49,1,46,1,11
1403715937.633912801742554,44,7,39,1,11
1403715937.683913707733154,37,7,35,0,11
1403715937.733912706375122,47,3,33,12,11
1403715937.783912658691406,42,4,41,0,11
1403715937.833912611007690,45,1,41,4,11
1403715937.883912563323975,44,1,41,1,11
1403715937.933912515640259,43,2,39,0,11
1403715937.983911752700806,41,3,37,0,11
1403715938.033911943435669,43,3,34,8,11
1403715938.083910226821899,43,14,37,5,11
1403715938.133909940719604,44,4,41,1,11
1403715938.183909654617310,42,2,39,2,11
1403715938.233906984329224,45,3,40,4,11
1403715938.283904075622559,42,16,38,3,11
1403715938.333907604217529,40,1,38,0,11
1403715938.383907318115234,40,4,36,0,11
1403715938.433907747268677,37,3,35,0,11
1403715938.483907461166382,34,4,34,0,11
1403715938.533908605575562,30,2,30,0,11
1403715938.583909511566162,27,1,27,0,11
1403715938.633910894393921,38,3,26,11,11
1403715938.683909893035889,46,3,37,8,11
1403715938.733909606933594,45,0,45,0,11
1403715938.783910036087036,45,2,45,0,11
1403715938.833911180496216,44,6,44,0,11
1403715938.883912801742554,48,11,43,5,11
1403715938.933912515640259,47,1,46,0,11
1403715938.983911275863647,50,6,45,3,11
1403715939.033910989761353,48,5,47,0,11
1403715939.083910226821899,50,5,45,2,11
1403715939.133912324905396,48,0,45,1,11
1403715939.183914899826050,37,5,36,0,11
1403715939.233918428421021,34,5,33,0,11
1403715939.283918619155884,36,8,31,4,11
1403715939.333917617797852,35,4,31,1,11
1403715939.383917570114136,33,2,32,0,11
1403715939.433916807174683,35,9,24,6,11
1403715939.483916997909546,34,2,18,2,11
1403715939.533917427062988,31,6,17,2,11
1403715939.583918333053589,26,1,15,6,11
1403715939.633919000625610,26,2,18,3,11
1403715939.683920145034790,22,8,17,2,11
1403715939.733923435211182,20,1,17,1,11
1403715939.783926486968994,19,0,18,1,11
1403715939.833931922912598,19,1,18,1,11
1403715939.883935451507568,21,2,17,4,11
1403715939.933934211730957,32,0,21,11,11
1403715939.983935356140137,33,0,32,1,11
1403715940.033941268920898,34,5,33,1,11
1403715940.083947896957397,41,2,34,7,11
1403715940.133949041366577,44,3,41,3,11
1403715940.183947801589966,48,12,43,4,11
1403715940.233945369720459,48,4,43,0,11
1403715940.283944368362427,49,4,42,3,11
1403715940.333943367004395,48,3,39,2,11
1403715940.383942842483521,38,6,31,1,11
1403715940.433943510055542,33,2,26,2,11
1403715940.483947515487671,34,3,27,4,11
1403715940.533948421478271,30,4,26,2,11
1403715940.583950519561768,27,2,26,0,11
1403715940.633951425552368,25,1,25,0,11
1403715940.683951377868652,19,0,18,0,11
1403715940.733951568603516,24,3,15,6,11
1403715940.783950328826904,28,0,17,7,11
1403715940.833951234817505,34,0,21,8,11
1403715940.883952379226685,31,0,25,0,11
1403715940.933953762054443,36,1,22,9,11
1403715940.983953952789307,41,17,27,8,11
1403715941.033955335617065,38,8,32,2,11
1403715941.083957195281982,39,20,21,9,11
1403715941.133956909179688,21,2,9,2,11
1403715941.183958292007446,17,3,3,1,11
1403715941.233956336975098,7,8,3,1,11
1403715941.283956050872803,4,5,1,0,11
1403715941.333955526351929,2,6,1,0,11
1403715941.383957624435425,1,5,1,0,11
1403715941.433957099914551,1,9,1,0,11
1403715941.483956813812256,1,4,1,0,11
1403715941.533958435058594,1,4,0,1,11
1403715941.583957910537720,3,3,1,2,11
1403715941.633953094482422,3,3,2,1,11
1403715941.683943271636963,9,3,3,6,11
1403715941.733936071395874,14,4,7,7,11
1403715941.783927679061890,18,6,11,6,11
1403715941.833925008773804,17,3,14,2,11
1403715941.883920669555664,19,3,16,2,11
1403715941.933914422988892,32,1,18,14,11
1403715941.983915090560913,37,0,31,5,11
1403715942.033915996551514,40,3,35,3,11
1403715942.083919048309326,40,4,38,1,11
1403715942.133919954299927,42,3,36,3,11
1403715942.183918476104736,41,1,36,2,11
1403715942.233917713165283,34,6,31,0,11
1403715942.283917188644409,29,2,18,2,11
1403715942.333916425704956,25,2,19,1,11
1403715942.383916378021240,24,4,16,6,11
1403715942.433916091918945,17,2,11,0,11
1403715942.483915328979492,11,0,9,1,11
1403715942.533915519714355,10,5,8,1,11
1403715942.583914995193481,6,2,4,1,11
1403715942.633912801742554,7,1,4,3,11
1403715942.683917522430420,5,3,1,3,11
1403715942.733916759490967,4,8,2,2,11
1403715942.783913135528564,7,6,4,3,11
1403715942.833911418914795,8,7,6,1,11
1403715942.883912801742554,20,2,7,12,11
1403715942.933914661407471,21,2,18,3,11
1403715942.983912706375122,30,1,21,9,11
1403715943.033913850784302,37,0,30,7,11
1403715943.083915710449219,44,1,37,7,11
1403715943.133914947509766,48,12,43,5,11
1403715943.183910131454468,49,9,47,2,11
1403715943.233906030654907,50,12,46,1,11
1403715943.283902406692505,46,17,44,0,11
1403715943.333902359008789,45,3,38,0,11
1403715943.383902549743652,43,5,34,2,11
1403715943.433905363082886,38,8,29,3,11
1403715943.483905315399170,35,4,21,2,11
1403715943.533906698226929,31,0,19,2,11
1403715943.583906173706055,25,1,19,1,11
1403715943.633905649185181,23,1,18,1,11
1403715943.683906555175781,20,1,19,0,11
1403715943.733907699584961,19,1,18,0,11
1403715943.783910512924194,17,2,17,0,11
1403715943.833914041519165,20,2,16,3,11
1403715943.883918762207031,20,1,15,5,11
1403715943.933921813964844,21,1,19,1,11
1403715943.983929395675659,31,0,19,11,11
1403715944.033935546875000,35,0,29,5,11
1403715944.083939790725708,38,1,29,3,11
1403715944.133944988250732,41,2,29,4,11
1403715944.183949708938599,34,6,27,3,11
1403715944.233953475952148,29,2,23,0,11
1403715944.283955812454224,23,0,21,0,11
1403715944.333959102630615,24,0,20,3,11
1403715944.383961677551270,22,1,19,2,11
1403715944.433964967727661,19,2,17,0,11
1403715944.483968257904053,16,3,15,1,11
1403715944.533972740173340,13,1,12,0,11
1403715944.583976745605469,10,0,9,0,11
1403715944.633979797363281,10,3,6,0,11
1403715944.684003591537476,16,2,4,8,11
1403715944.734007358551025,15,1,7,1,11
1403715944.784021854400635,26,2,6,13,11
1403715944.834036827087402,34,1,16,13,11
1403715944.884048938751221,39,3,18,9,11
1403715944.934052944183350,41,11,24,6,11
1403715944.984054565429688,41,8,29,8,11
1403715945.034053564071655,45,12,34,9,11
1403715945.084051370620728,34,1,29,0,11
1403715945.134049654006958,27,1,19,0,11
1403715945.184047222137451,20,2,13,2,11
1403715945.234043836593628,21,2,10,7,11
1403715945.284043073654175,14,7,12,1,11
1403715945.334042787551880,11,3,11,0,11
1403715945.384044170379639,10,7,8,1,11
1403715945.434042215347290,8,3,7,0,11
1403715945.484040737152100,8,6,7,1,11
1403715945.534030199050903,9,2,7,2,11
1403715945.584021806716919,10,2,9,1,11
1403715945.634003877639771,16,4,10,6,11
1403715945.683990716934204,22,2,16,6,11
1403715945.733986139297485,28,5,22,6,11
1403715945.783981800079346,32,9,27,4,11
1403715945.833978414535522,32,1,29,2,11
1403715945.883975028991699,32,2,31,0,11
1403715945.933968305587769,36,0,26,9,11
1403715945.983963251113892,34,1,32,0,11
1403715946.033958435058594,27,2,21,0,11
1403715946.083953857421875,23,0,18,0,11
1403715946.133947610855103,19,3,18,1,11
1403715946.183940172195435,18,2,17,1,11
1403715946.233936548233032,19,0,16,2,11
1403715946.283931255340576,17,0,15,0,11
1403715946.333916187286377,23,0,14,7,11
1403715946.383901596069336,31,2,19,10,11
1403715946.433894872665405,30,5,25,0,11
1403715946.483892679214478,41,14,24,13,11
1403715946.533890485763550,38,7,33,0,11
1403715946.583887338638306,35,6,27,3,11
1403715946.633886814117432,25,11,22,2,11
1403715946.683889627456665,22,1,16,0,11
1403715946.733890295028687,19,6,14,1,11
1403715946.783892393112183,15,0,13,0,11
1403715946.833895683288574,17,4,12,4,11
1403715946.883901357650757,16,12,15,0,11
1403715946.933903932571411,13,1,10,1,11
1403715946.983907222747803,12,3,11,0,11
1403715947.033911943435669,13,3,9,3,11
1403715947.083912849426270,12,2,11,0,11
1403715947.133914470672607,9,3,6,3,11
1403715947.183919668197632,17,3,8,9,11
1403715947.233919858932495,16,0,16,0,11
1403715947.283923625946045,17,0,15,2,11
1403715947.333926439285278,17,0,15,1,11
1403715947.383930921554565,17,4,16,0,11
1403715947.433934450149536,18,2,15,3,11
1403715947.483937025070190,20,2,17,3,11
1403715947.533944845199585,24,8,15,5,11
1403715947.583947420120239,26,2,17,3,11
1403715947.633949756622314,16,6,13,2,11
1403715947.683949947357178,16,1,14,1,11
1403715947.733950614929199,16,2,13,1,11
1403715947.783951759338379,18,0,11,4,11
1403715947.833954095840454,14,7,13,1,11
1403715947.883957147598267,13,2,12,0,11
1403715947.933957576751709,9,7,9,0,11
1403715947.983958244323730,6,6,6,0,11
1403715948.033959150314331,7,2,6,1,11
1403715948.083961009979248,14,1,6,7,11
1403715948.133964776992798,15,4,12,3,11
1403715948.183968067169189,25,3,14,10,11
1403715948.233980178833008,42,2,24,17,11
1403715948.283991813659668,47,0,41,6,11
1403715948.334010839462280,49,9,45,3,11
1403715948.384017705917358,49,3,46,0,11
1403715948.434024095535278,49,10,46,1,11
1403715948.484025239944458,49,13,47,1,11
1403715948.534025669097900,49,16,48,1,11
1403715948.584026098251343,48,4,42,0,11
1403715948.634025812149048,48,6,41,0,11
1403715948.684026002883911,41,8,39,0,11
1403715948.734025478363037,39,2,33,1,11
1403715948.784023523330688,32,4,27,0,11
1403715948.834020853042603,27,5,24,0,11
1403715948.884020090103149,24,2,22,1,11
1403715948.934018611907959,22,0,21,0,11
1403715948.984015703201294,22,3,18,4,11
1403715949.034016132354736,21,2,19,1,11
1403715949.084017038345337,25,1,21,4,11
1403715949.134018421173096,26,3,24,1,11
1403715949.184014797210693,30,1,24,4,11
1403715949.234013319015503,31,9,27,2,11
1403715949.284012794494629,33,6,28,3,11
1403715949.334012985229492,32,3,24,4,11
1403715949.384014368057251,33,4,23,2,11
1403715949.434014558792114,34,6,21,6,11
1403715949.484014034271240,22,3,18,0,11
1403715949.534013748168945,19,2,16,1,11
1403715949.584012746810913,16,2,14,1,11
1403715949.634012460708618,16,2,15,0,11
1403715949.684012413024902,15,2,15,0,11
1403715949.734012365341187,14,2,14,0,11
1403715949.784013271331787,13,0,13,0,11
1403715949.834012746810913,16,2,12,3,11
1403715949.884011507034302,25,4,15,9,11
1403715949.934012174606323,27,2,23,3,11
1403715949.984014272689819,31,7,24,5,11
1403715950.034015893936157,39,10,26,10,11
1403715950.084018468856812,44,6,35,5,11
1403715950.134015798568726,45,8,38,5,11
1403715950.184015274047852,41,5,33,3,11
1403715950.234016180038452,28,4,23,1,11
1403715950.284017324447632,23,7,20,0,11
1403715950.334017992019653,25,6,20,3,11
1403715950.384017229080200,19,3,17,0,11
1403715950.434016942977905,16,0,12,0,11
1403715950.484015703201294,11,5,10,0,11
1403715950.534013032913208,10,4,7,2,11
1403715950.584009885787964,10,2,9,0,11
1403715950.634008169174194,12,6,9,3,11
1403715950.684002161026001,14,5,10,4,11
1403715950.733997344970703,16,4,13,2,11
1403715950.783996820449829,17,5,15,1,11
1403715950.833996295928955,17,1,11,3,11
1403715950.883998155593872,19,2,14,2,11
1403715950.933998346328735,17,4,15,1,11
1403715950.983998298645020,18,1,16,1,11
1403715951.033996343612671,17,5,15,1,11
1403715951.083995580673218,15,4,14,0,11
1403715951.133996009826660,16,1,9,1,11
1403715951.183995962142944,15,5,9,1,11
1403715951.233994960784912,13,8,10,3,11
1403715951.283995151519775,13,1,10,1,11
1403715951.333994150161743,12,2,9,0,11
1403715951.383992195129395,7,4,6,0,11
1403715951.433990716934204,7,2,5,0,11
1403715951.483989238739014,7,3,5,1,11
1403715951.533987760543823,7,3,6,1,11
1403715951.583978176116943,16,0,6,9,11
1403715951.633975028991699,18,1,12,2,11
1403715951.683970451354980,25,2,14,8,11
1403715951.733968257904053,24,1,20,4,11
1403715951.783965826034546,31,4,21,8,11
1403715951.833965301513672,40,4,27,10,11
1403715951.883964061737061,37,7,34,1,11
1403715951.933962106704712,46,11,32,10,11
1403715951.983962297439575,47,13,36,3,11
1403715952.033963203430176,47,2,31,3,11
1403715952.083962917327881,39,4,27,1,11
1403715952.133962154388428,32,2,18,3,11
1403715952.183960437774658,22,0,15,0,11
1403715952.233959436416626,12,3,8,0,11
1403715952.283959150314331,12,3,6,2,11
1403715952.333959579467773,9,1,6,2,11
1403715952.383959054946899,6,3,6,0,11
1403715952.433959245681763,5,2,4,0,11
1403715952.483958959579468,10,0,3,5,11
1403715952.533957004547119,9,1,8,0,11
1403715952.583955526351929,7,3,6,1,11
1403715952.633953332901001,9,5,7,2,11
1403715952.683952808380127,8,0,8,0,11
1403715952.733951330184937,9,0,7,2,11
1403715952.783949613571167,8,0,7,1,11
1403715952.833947181701660,9,2,7,2,11
1403715952.883942127227783,10,6,7,1,11
1403715952.933939456939697,10,3,6,0,11
1403715952.983938455581665,9,3,5,1,11
1403715953.033932924270630,8,16,3,2,11
1403715953.083931207656860,6,2,4,0,11
1403715953.133930683135986,6,0,4,1,11
1403715953.183931112289429,5,7,4,1,11
1403715953.233928918838501,7,4,4,2,11
1403715953.283929347991943,6,4,6,0,11
1403715953.333926439285278,7,4,6,1,11
1403715953.383923768997192,4,2,3,1,11
1403715953.433923721313477,4,1,3,0,11
1403715953.483923673629761,4,3,3,0,11
1403715953.533923864364624,3,2,3,0,11
1403715953.583922624588013,8,3,3,5,11
1403715953.633918523788452,16,1,8,8,11
1403715953.683916091918945,25,5,16,9,11
1403715953.733914136886597,33,5,21,9,11
1403715953.783911228179932,40,4,27,11,11
1403715953.833906888961792,49,0,37,10,11
1403715953.883901119232178,45,12,41,1,11
1403715953.933895826339722,46,7,40,3,11
1403715953.983894348144531,44,9,32,0,11
1403715954.033893108367920,44,4,26,4,11
1403715954.083892822265625,34,2,25,3,11
1403715954.133893966674805,30,6,19,4,11
1403715954.183894157409668,26,1,17,0,11
1403715954.233896017074585,22,6,16,2,11
1403715954.283897638320923,20,7,18,2,11
1403715954.333899259567261,19,2,17,1,11
1403715954.383901119232178,17,6,13,0,11
1403715954.433901309967041,15,4,12,0,11
1403715954.483902215957642,17,4,11,5,11
1403715954.533902168273926,15,8,14,1,11
1403715954.583900451660156,12,8,11,0,11
1403715954.633901596069336,14,1,9,2,11
1403715954.683900833129883,14,4,9,2,11
1403715954.733900308609009,18,1,11,6,11
1403715954.783901214599609,19,0,17,2,11
1403715954.833901166915894,24,0,18,6,11
1403715954.883901357650757,27,0,24,3,11
1403715954.933900833129883,29,4,25,3,11
1403715954.983899593353271,28,3,24,1,11
1403715955.033898353576660,32,10,24,4,11
1403715955.083898067474365,29,3,27,1,11
1403715955.133896589279175,26,5,25,0,11
1403715955.183894872665405,20,5,17,2,11
1403715955.233893394470215,19,3,18,1,11
1403715955.283891916275024,16,3,16,0,11
1403715955.333886146545410,18,1,14,2,11
1403715955.383883714675903,14,5,11,0,11
1403715955.433879613876343,15,8,8,4,11
1403715955.483878135681152,14,1,11,0,11
1403715955.533877134323120,12,3,11,0,11
1403715955.583872795104980,15,4,10,5,11
1403715955.633873462677002,16,2,12,2,11
1403715955.683872699737549,23,2,14,7,11
1403715955.733871936798096,23,2,21,2,11
1403715955.783871412277222,23,6,22,1,11
1403715955.833870887756348,33,22,22,11,11
1403715955.883872270584106,34,4,27,1,11
1403715955.933872938156128,35,6,22,3,11
1403715955.983872175216675,31,5,18,4,11
1403715956.033871173858643,22,5,17,1,11
1403715956.083871126174927,15,3,10,1,11
1403715956.133871078491211,15,0,7,2,11
1403715956.183870553970337,12,2,9,0,11
1403715956.233870029449463,10,1,9,1,11
1403715956.283869266510010,10,1,9,0,11
1403715956.333867549896240,9,6,9,0,11
1403715956.383865118026733,10,2,8,1,11
1403715956.433862447738647,9,5,7,1,11
1403715956.483857393264771,10,3,6,4,11
1403715956.533856153488159,10,2,9,1,11
1403715956.583849191665649,14,0,8,4,11
1403715956.633842468261719,18,2,11,4,11
1403715956.683836936950684,23,0,16,5,11
1403715956.733832597732544,23,0,20,2,11
1403715956.783830165863037,24,1,21,1,11
1403715956.833827018737793,26,0,22,3,11
1403715956.883825778961182,28,7,25,3,11
1403715956.933822154998779,40,1,27,12,11
1403715956.983821630477905,46,4,36,6,11
1403715957.033819675445557,47,5,38,4,11
1403715957.083817243576050,44,1,40,3,11
1403715957.133813381195068,48,2,42,5,11
1403715957.183811664581299,40,1,37,1,11
1403715957.233810424804688,35,3,31,2,11
1403715957.283810853958130,27,3,26,0,11
1403715957.333811521530151,29,1,25,3,11
1403715957.383810997009277,26,3,26,0,11
1403715957.433809518814087,25,3,24,0,11
1403715957.483807325363159,30,1,21,8,11
1403715957.533803701400757,25,6,23,0,11
1403715957.583801507949829,22,3,18,0,11
1403715957.633793592453003,21,2,14,3,11
1403715957.683789730072021,20,4,15,1,11
1403715957.733784198760986,20,0,16,3,11
1403715957.783772706985474,23,20,19,4,11
1403715957.833769321441650,22,4,19,1,11
1403715957.883764743804932,24,3,19,3,11
1403715957.933765888214111,22,1,17,1,11
1403715957.983766078948975,23,4,14,2,11
1403715958.033766508102417,19,1,14,0,11
1403715958.083768844604492,16,4,12,2,11
1403715958.133770465850830,14,2,11,0,11
1403715958.183772325515747,14,3,9,0,11
1403715958.233774900436401,10,2,7,0,11
1403715958.283779382705688,8,3,7,1,11
1403715958.333786249160767,11,2,7,4,11
1403715958.383791208267212,11,7,9,0,11
1403715958.433803796768188,17,10,8,6,11
1403715958.483801841735840,16,0,13,2,11
1403715958.533807039260864,21,0,11,7,11
1403715958.583812236785889,29,0,18,8,11
1403715958.633812427520752,28,0,24,1,11
1403715958.683814048767090,31,1,20,5,11
1403715958.733814716339111,26,2,23,1,11
1403715958.783816576004028,25,4,24,0,11
1403715958.833816051483154,27,5,23,4,11
1403715958.883814334869385,33,6,25,6,11
1403715958.933815002441406,34,0,28,2,11
1403715958.983815193176270,31,0,29,1,11
1403715959.033816337585449,33,6,29,4,11
1403715959.083816766738892,35,0,32,2,11
1403715959.133816719055176,37,2,33,2,11
1403715959.183816909790039,34,0,31,0,11
1403715959.233817577362061,34,1,30,0,11
1403715959.283818960189819,34,5,31,3,11
1403715959.333819150924683,34,4,27,3,11
1403715959.383818626403809,27,4,24,1,11
1403715959.433818578720093,24,3,20,2,11
1403715959.483819484710693,28,2,17,8,11
1403715959.533821105957031,28,4,23,2,11
1403715959.583823680877686,31,3,22,7,11
1403715959.633828401565552,29,2,23,4,11
1403715959.683833599090576,30,1,27,2,11
1403715959.733841896057129,29,12,25,0,11
1403715959.783846139907837,29,7,18,0,11
1403715959.833850860595703,30,5,12,5,11
1403715959.883859634399414,30,4,17,7,11
1403715959.933860301971436,26,4,21,1,11
1403715959.983858108520508,27,2,20,2,11
1403715960.033858537673950,25,0,20,1,11
1403715960.083859443664551,25,12,19,2,11
1403715960.133859634399414,21,1,15,1,11
1403715960.183859109878540,20,1,15,2,11
1403715960.233859300613403,16,16,12,1,11
1403715960.283858537673950,15,5,11,0,11
1403715960.333857536315918,11,0,9,1,11
1403715960.383856296539307,6,5,6,0,11
1403715960.433854579925537,10,0,5,5,11
1403715960.483850479125977,12,0,10,2,11
1403715960.533846139907837,14,0,12,2,11
1403715960.583842992782593,14,0,14,0,11
1403715960.633839607238770,14,3,14,0,11
1403715960.683836698532104,15,1,14,1,11
1403715960.733835458755493,15,2,15,0,11
1403715960.783833265304565,18,7,15,3,11
1403715960.833832025527954,18,2,17,0,11
1403715960.883832454681396,18,0,17,0,11
1403715960.933833360671997,18,4,16,2,11
1403715960.983832836151123,19,1,18,1,11
1403715961.033833026885986,21,5,19,2,11
1403715961.083833694458008,19,5,19,0,11
1403715961.133835077285767,19,2,18,1,11
1403715961.183835983276367,17,3,15,1,11
1403715961.233838319778442,20,2,14,4,11
1403715961.283839941024780,22,1,17,3,11
1403715961.333843469619751,25,4,18,5,11
1403715961.383848667144775,23,4,19,2,11
1403715961.433853626251221,27,15,23,4,11
1403715961.483857870101929,32,10,25,5,11
1403715961.533860206604004,38,8,29,7,11
1403715961.583861589431763,37,7,30,1,11
1403715961.633862495422363,36,0,29,0,11
1403715961.683862924575806,28,1,27,0,11
1403715961.733864784240723,26,8,15,1,11
1403715961.783865690231323,23,4,12,0,11
1403715961.833867311477661,14,1,9,2,11
1403715961.883868694305420,6,11,4,0,11
1403715961.933870553970337,5,3,2,1,11
1403715961.983872890472412,2,8,2,0,11
1403715962.033873319625854,2,3,2,0,11
1403715962.083874940872192,5,1,1,3,11
1403715962.133875131607056,3,1,2,0,11
1403715962.183875322341919,2,0,2,0,11
1403715962.233875751495361,4,1,2,2,11
1403715962.283877134323120,5,2,2,2,11
1403715962.333878278732300,5,2,3,0,11
1403715962.383879661560059,4,5,3,1,11
1403715962.433885574340820,6,1,1,3,11
1403715962.483894348144531,13,0,4,8,11
1403715962.533894062042236,11,1,11,0,11
1403715962.583893775939941,12,6,8,1,11
1403715962.633894205093384,12,6,6,1,11
1403715962.683895111083984,11,1,3,4,11
1403715962.733895540237427,11,1,4,2,11
1403715962.783896923065186,10,2,6,1,11
1403715962.833896875381470,8,5,7,1,11
1403715962.883897066116333,6,0,6,0,11
1403715962.933897495269775,5,4,5,0,11
1403715962.983898162841797,5,4,3,2,11
1403715963.033900260925293,4,2,1,1,11
1403715963.083898067474365,4,7,1,1,11
1403715963.133897066116333,7,5,0,5,11
1403715963.183897018432617,7,3,2,1,11
1403715963.233897447586060,10,9,1,4,11
1403715963.283899545669556,15,5,2,9,11
1403715963.333903312683105,18,8,7,7,11
1403715963.383907079696655,17,1,11,2,11
1403715963.433913946151733,14,10,7,2,11
1403715963.483917236328125,13,6,6,1,11
1403715963.533921718597412,11,11,8,2,11
1403715963.583924770355225,10,13,10,0,11
1403715963.633926630020142,11,8,9,1,11
1403715963.683930158615112,15,14,8,4,11
1403715963.733933448791504,14,5,9,0,11
1403715963.783937454223633,16,2,9,4,11
1403715963.833941459655762,15,3,11,3,11
1403715963.883942365646362,22,1,13,8,11
1403715963.933945417404175,27,1,21,6,11
1403715963.983946561813354,27,2,27,0,11
1403715964.033948183059692,29,1,27,2,11
1403715964.083948850631714,26,7,21,1,11
1403715964.133947849273682,37,4,20,11,11
1403715964.183949470520020,42,0,27,9,11
1403715964.233952999114990,42,1,33,3,11
1403715964.283959627151489,47,6,35,8,11
1403715964.333962440490723,46,0,43,2,11
1403715964.383964061737061,47,2,44,3,11
1403715964.433964014053345,48,1,47,1,11
1403715964.483963966369629,49,2,48,1,11
1403715964.533963918685913,48,2,48,0,11
1403715964.583962917327881,48,2,48,0,11
1403715964.633963108062744,50,4,48,2,11
1403715964.683964014053345,50,10,50,0,11
1403715964.733963251113892,50,12,50,0,11
1403715964.783963680267334,49,2,48,0,11
1403715964.833963632583618,50,4,47,1,11
1403715964.883964300155640,46,14,45,1,11
1403715964.933963775634766,47,3,45,2,11
1403715964.983963489532471,48,6,46,2,11
1403715965.033964157104492,47,2,45,0,11
1403715965.083964109420776,45,0,43,1,11
1403715965.133965015411377,36,0,35,1,11
1403715965.183967351913452,36,1,35,0,11
1403715965.233970403671265,44,2,36,8,11
1403715965.283975839614868,49,17,42,5,11
1403715965.333976507186890,49,8,43,1,11
1403715965.383975267410278,48,6,40,2,11
1403715965.433974266052246,45,3,38,2,11
1403715965.483971595764160,44,2,37,3,11
1403715965.533969640731812,41,0,39,1,11
1403715965.583964347839355,39,4,39,0,11
1403715965.633954286575317,45,2,39,6,11
1403715965.683946371078491,45,6,42,1,11
1403715965.733940362930298,45,6,40,1,11
1403715965.783936977386475,44,8,39,1,11
1403715965.833934068679810,41,14,37,1,11
1403715965.883929967880249,44,2,36,6,11
1403715965.933929443359375,38,1,31,1,11
1403715965.983930349349976,36,0,24,2,11
1403715966.033932924270630,29,1,22,2,11
1403715966.083934068679810,25,4,19,1,11
1403715966.133936166763306,19,1,13,1,11
1403715966.183938026428223,18,0,12,1,11
1403715966.233941316604614,16,2,13,1,11
1403715966.283944368362427,15,0,14,1,11
1403715966.333943843841553,17,0,13,2,11
1403715966.383946180343628,25,2,14,8,11
1403715966.433945655822754,27,1,22,4,11
1403715966.483946561813354,26,3,19,1,11
1403715966.533947229385376,30,7,17,5,11
1403715966.583947181701660,24,1,21,1,11
1403715966.633945941925049,21,0,19,2,11
1403715966.683943986892700,21,1,19,1,11
1403715966.733942270278931,21,1,20,0,11
1403715966.783939599990845,21,2,18,3,11
1403715966.833939075469971,23,0,20,3,11
1403715966.883939743041992,23,0,22,1,11
1403715966.933942794799805,26,5,22,3,11
1403715966.983944416046143,35,12,24,9,11
1403715967.033945560455322,36,7,33,2,11
1403715967.083945989608765,37,12,32,3,11
1403715967.133946180343628,47,5,34,10,11
1403715967.183947563171387,46,2,34,4,11
1403715967.233948945999146,38,1,24,0,11
1403715967.283951044082642,28,4,16,0,11
1403715967.333950996398926,18,5,5,0,11
1403715967.383951902389526,11,0,3,1,11
1403715967.433952569961548,10,2,4,4,11
1403715967.483953237533569,8,0,8,0,11
1403715967.533954381942749,8,0,8,0,11
1403715967.583955049514771,12,2,7,5,11
1403715967.633955240249634,12,3,11,0,11
1403715967.683956146240234,12,5,10,0,11
1403715967.733959674835205,14,4,8,4,11
1403715967.783960580825806,16,4,12,3,11
1403715967.833960056304932,17,1,11,2,11
1403715967.883960008621216,17,1,11,2,11
1403715967.933960199356079,13,0,12,1,11
1403715967.983960151672363,16,1,13,3,11
1403715968.033960819244385,16,1,15,0,11
1403715968.083961009979248,15,2,13,1,11
1403715968.133962154388428,17,0,14,3,11
1403715968.183961391448975,19,2,15,3,11
1403715968.233962059020996,21,1,18,3,11
1403715968.283961057662964,28,0,20,7,11
1403715968.333961725234985,29,1,27,1,11
1403715968.383962154388428,40,3,26,12,11
1403715968.433961391448975,48,13,36,8,11
1403715968.483960390090942,48,10,41,3,11
1403715968.533959627151489,47,12,41,2,11
1403715968.583958625793457,49,3,40,4,11
1403715968.633957147598267,48,0,44,1,11
1403715968.683954477310181,47,4,40,3,11
1403715968.733952045440674,48,2,42,2,11
1403715968.783951759338379,49,0,42,5,11
1403715968.833951950073242,50,3,47,1,11
1403715968.883950948715210,46,1,44,1,11
1403715968.933950901031494,45,0,43,0,11
1403715968.983944892883301,44,1,40,1,11
1403715969.033937215805054,46,11,36,4,11
1403715969.083933591842651,47,3,29,4,11
1403715969.133926391601562,43,14,24,1,11
1403715969.183925628662109,35,2,23,3,11
1403715969.233925104141235,29,0,23,4,11
1403715969.283924102783203,26,7,24,1,11
1403715969.333922386169434,21,6,17,0,11
1403715969.383921623229980,21,3,16,0,11
1403715969.433919906616211,17,2,12,2,11
1403715969.483918666839600,11,3,8,1,11
1403715969.533918857574463,7,1,4,0,11
1403715969.583917617797852,6,2,5,0,11
1403715969.633913040161133,10,2,5,5,11
1403715969.683908462524414,13,3,9,3,11
1403715969.733901739120483,18,0,8,5,11
1403715969.783890247344971,29,1,9,12,11
1403715969.833884000778198,33,8,17,10,11
1403715969.883881330490112,48,9,25,18,11
1403715969.933880805969238,47,9,30,2,11
1403715969.983880996704102,36,2,21,1,11
1403715970.033881187438965,35,1,18,11,11
1403715970.083880186080933,28,0,22,0,11
1403715970.133879184722900,23,4,20,1,11
1403715970.183878898620605,23,5,18,2,11
1403715970.233879089355469,18,2,13,2,11
1403715970.283879518508911,13,3,9,0,11
1403715970.333879709243774,11,3,10,0,11
1403715970.383879899978638,20,1,9,10,11
1403715970.433880567550659,19,1,18,1,11
1403715970.483880758285522,29,1,19,10,11
1403715970.533880710601807,28,2,26,0,11
1403715970.583880424499512,37,2,24,10,11
1403715970.633878707885742,34,1,21,2,11
1403715970.683876514434814,47,2,21,14,11
1403715970.733875513076782,41,2,25,4,11
1403715970.783875226974487,36,6,21,4,11
1403715970.833874702453613,30,0,23,2,11
1403715970.883874893188477,27,5,22,2,11
1403715970.933874845504761,25,4,20,2,11
1403715970.983874797821045,17,1,14,0,11
1403715971.033874511718750,13,4,11,1,11
1403715971.083874225616455,10,3,10,0,11
1403715971.133875370025635,12,0,9,2,11
1403715971.183877706527710,12,1,10,1,11
1403715971.233878612518311,17,1,8,7,11
1403715971.283888816833496,30,4,11,14,11
1403715971.333891391754150,28,9,25,1,11
1403715971.383895158767700,35,10,23,10,11
1403715971.433897018432617,40,10,31,6,11
1403715971.483899831771851,44,6,35,8,11
1403715971.533902406692505,33,6,30,0,11
1403715971.583903312683105,31,6,25,1,11
1403715971.633903264999390,27,8,23,0,11
1403715971.683902978897095,21,2,15,1,11
1403715971.733902454376221,18,9,12,1,11
1403715971.783902168273926,14,2,10,1,11
1403715971.833902120590210,5,4,5,0,11
1403715971.883900403976440,5,3,5,0,11
1403715971.933899879455566,10,1,3,5,11
1403715971.983899354934692,7,0,4,0,11
1403715972.033892154693604,22,2,4,17,11
1403715972.083891868591309,21,1,21,0,11
1403715972.133891344070435,20,3,20,0,11
1403715972.183888912200928,28,1,18,9,11
1403715972.233886241912842,35,4,25,7,11
1403715972.283884286880493,42,3,26,12,11
1403715972.333882808685303,41,3,35,2,11
1403715972.383884668350220,47,2,35,8,11
1403715972.433885335922241,46,0,42,3,11
1403715972.483888864517212,50,0,44,5,11
1403715972.533892631530762,50,7,49,0,11
1403715972.583896398544312,49,2,47,1,11
1403715972.633899211883545,49,11,42,1,11
1403715972.683899879455566,50,2,30,2,11
1403715972.733900070190430,48,0,25,3,11
1403715972.783900260925293,42,2,25,7,11
1403715972.833898544311523,38,2,28,4,11
1403715972.883896589279175,42,0,28,7,11
1403715972.933893442153931,40,2,34,1,11
1403715972.983891248703003,40,1,35,4,11
1403715973.033889055252075,39,2,39,0,11
1403715973.083888053894043,39,0,38,0,11
1403715973.133888721466064,43,2,38,4,11
1403715973.183888912200928,45,1,42,3,11
1403715973.233886718750000,50,7,43,5,11
1403715973.283885955810547,50,0,48,0,11
1403715973.333882331848145,49,13,48,1,11
1403715973.383879184722900,50,16,49,1,11
1403715973.433876514434814,49,5,48,0,11
1403715973.483874320983887,50,1,48,1,11
1403715973.533874273300171,50,3,49,1,11
1403715973.583873748779297,50,2,50,0,11
1403715973.633873462677002,50,1,50,0,11
1403715973.683873653411865,44,1,43,0,11
1403715973.733873605728149,44,0,43,1,11
1403715973.783874034881592,47,0,43,3,11
1403715973.833873987197876,49,4,45,3,11
1403715973.883873701095581,48,1,48,0,11
1403715973.933873414993286,47,27,45,2,11
1403715973.983873128890991,49,9,47,2,11
1403715974.033873319625854,50,2,49,1,11
1403715974.083873033523560,50,0,50,0,11
1403715974.133872747421265,50,2,50,0,11
1403715974.183873176574707,50,2,50,0,11
1403715974.233874082565308,50,0,49,0,11
1403715974.283875942230225,50,3,48,0,11
1403715974.333878040313721,50,1,48,1,11
1403715974.383881092071533,49,1,49,0,11
1403715974.433882951736450,50,3,49,1,11
1403715974.483883142471313,50,2,50,0,11
1403715974.533884763717651,50,25,50,0,11
1403715974.583884954452515,50,11,50,0,11
1403715974.633885145187378,50,17,50,0,11
1403715974.683885335922241,50,0,50,0,11
1403715974.733885288238525,50,2,50,0,11
1403715974.783885478973389,50,0,50,0,11
1403715974.833885908126831,50,1,50,0,11
1403715974.883885622024536,50,0,50,0,11
1403715974.933885812759399,50,2,50,0,11
1403715974.983885765075684,50,1,50,0,11
1403715975.033885955810547,50,2,50,0,11
1403715975.083885908126831,50,1,50,0,11
1403715975.133886098861694,50,26,50,0,11
1403715975.183886051177979,50,10,50,0,11
1403715975.233886003494263,50,13,50,0,11
1403715975.283886194229126,50,0,50,0,11
1403715975.333886146545410,50,2,50,0,11
1403715975.383886098861694,50,0,50,0,11
1403715975.433886289596558,50,1,50,0,11
1403715975.483886480331421,49,1,49,0,11
1403715975.533886432647705,49,2,49,0,11
1403715975.583886384963989,50,0,49,1,11
1403715975.633886337280273,50,4,50,0,11
1403715975.683886289596558,50,1,50,0,11
1403715975.733886480331421,50,21,50,0,11
1403715975.783886671066284,50,10,50,0,11
1403715975.833886861801147,50,9,50,0,11
1403715975.883887529373169,49,37,49,0,11
1403715975.933887243270874,50,3,49,1,11
1403715975.983887434005737,50,0,50,0,11
1403715976.033887624740601,49,0,49,0,11
1403715976.083887815475464,49,0,49,0,11
1403715976.133888006210327,49,1,49,0,11
1403715976.183887958526611,48,0,48,0,11
1403715976.233888149261475,50,2,47,2,11
1403715976.283888339996338,50,3,47,0,11
1403715976.333887815475464,47,23,45,0,11
1403715976.383888006210327,49,6,45,3,11
1403715976.433887720108032,50,3,48,2,11
1403715976.483886480331421,50,26,50,0,11
1403715976.533886909484863,50,3,50,0,11
1403715976.583887100219727,50,0,50,0,11
1403715976.633887052536011,50,0,50,0,11
1403715976.683886766433716,50,0,50,0,11
1403715976.733886718750000,49,0,49,0,11
1403715976.783887147903442,49,1,49,0,11
1403715976.833887100219727,49,1,49,0,11
1403715976.883887052536011,50,1,49,1,11
1403715976.933887243270874,50,15,50,0,11
1403715976.983887195587158,50,5,50,0,11
1403715977.033887624740601,50,4,50,0,11
1403715977.083887100219727,50,18,50,0,11
1403715977.133887052536011,50,0,50,0,11
1403715977.183887481689453,50,0,50,0,11
1403715977.233887434005737,50,0,50,0,11
1403715977.283887624740601,50,3,50,0,11
1403715977.333887577056885,50,1,50,0,11
1403715977.383887290954590,50,1,50,0,11
1403715977.433887481689453,50,3,50,0,11
1403715977.483887672424316,50,4,49,0,11
1403715977.533887863159180,50,22,48,0,11
1403715977.583887577056885,49,8,45,1,11
1403715977.633887529373169,50,1,43,2,11
1403715977.683887243270874,49,6,44,1,11
1403715977.733887195587158,49,5,42,4,11
1403715977.783887147903442,46,5,41,1,11
1403715977.833886861801147,45,0,42,1,11
1403715977.883886575698853,45,0,41,2,11
1403715977.933886528015137,45,1,39,0,11
1403715977.983886241912842,43,2,38,1,11
1403715978.033886432647705,47,9,35,7,11
1403715978.083886384963989,44,3,35,0,11
1403715978.133886337280273,48,2,34,8,11
1403715978.183886528015137,47,3,41,4,11
1403715978.233886480331421,44,2,40,1,11
1403715978.283886671066284,42,1,38,0,11
1403715978.333886623382568,45,4,33,6,11
1403715978.383886337280273,38,2,29,0,11
1403715978.433886289596558,34,3,26,0,11
1403715978.483886241912842,27,1,21,1,11
1403715978.533886432647705,25,8,19,4,11
1403715978.583886384963989,21,5,20,0,11
1403715978.633886337280273,22,2,14,6,11
1403715978.683887243270874,22,2,21,1,11
1403715978.733887434005737,19,6,17,0,11
1403715978.783886432647705,19,4,12,5,11
1403715978.833886384963989,16,4,14,2,11
1403715978.883886575698853,12,3,11,1,11
1403715978.933886289596558,16,1,11,5,11
1403715978.983886241912842,13,7,13,0,11
1403715979.033886194229126,18,3,13,5,11
1403715979.083886146545410,22,4,17,5,11
1403715979.133886814117432,28,5,21,6,11
1403715979.183886766433716,28,1,26,1,11
1403715979.233886241912842,27,2,25,1,11
1403715979.283885240554810,29,9,22,7,11
1403715979.333884716033936,29,7,22,4,11
1403715979.383885622024536,29,1,25,2,11
1403715979.433887004852295,27,5,25,1,11
1403715979.483887910842896,26,0,23,1,11
1403715979.533889293670654,23,0,19,0,11
1403715979.583889961242676,26,0,17,5,11
1403715979.633889913558960,25,1,14,2,11
1403715979.683890104293823,23,1,14,4,11
1403715979.733890295028687,18,2,14,2,11
1403715979.783890485763550,14,4,10,3,11
1403715979.833890676498413,13,3,8,2,11
1403715979.883890867233276,13,5,8,2,11
1403715979.933890581130981,20,1,7,9,11
1403715979.983890295028687,15,6,13,0,11
1403715980.033890247344971,19,13,11,7,11
1403715980.083889961242676,15,2,14,0,11
1403715980.133889675140381,14,6,12,0,11
1403715980.183889627456665,15,10,7,2,11
1403715980.233889818191528,14,11,10,1,11
1403715980.283890008926392,11,12,10,1,11
1403715980.333889961242676,12,3,8,1,11
1403715980.383890151977539,11,3,9,2,11
1403715980.433889865875244,11,9,11,0,11
1403715980.483889579772949,13,5,10,2,11
1403715980.533890247344971,14,4,10,3,11
1403715980.583890199661255,14,6,9,2,11
1403715980.633890151977539,14,2,7,2,11
1403715980.683890104293823,15,4,6,5,11
1403715980.733890056610107,11,3,7,1,11
1403715980.783890247344971,17,0,8,7,11
1403715980.833890199661255,24,3,14,9,11
1403715980.883890151977539,25,4,20,2,11
1403715980.933890342712402,28,3,22,4,11
1403715980.983890295028687,25,3,22,2,11
1403715981.033890485763550,13,6,7,5,11
1403715981.083890676498413,14,2,10,2,11
1403715981.133890628814697,15,7,9,1,11
1403715981.183890819549561,21,5,4,8,11
1403715981.233890533447266,21,7,7,6,11
1403715981.283890962600708,16,2,11,0,11
1403715981.333890676498413,16,2,10,4,11
1403715981.383890628814697,14,4,12,0,11
1403715981.433890819549561,16,1,10,6,11
1403715981.483890771865845,20,5,13,6,11
1403715981.533890724182129,20,0,17,0,11
1403715981.583890914916992,21,5,16,4,11
1403715981.633890867233276,21,3,17,1,11
1403715981.683890819549561,25,0,16,4,11
1403715981.733890056610107,20,1,18,0,11
1403715981.783888816833496,23,2,17,5,11
1403715981.833887100219727,27,0,21,5,11
1403715981.883886337280273,27,1,21,1,11
1403715981.933885097503662,25,1,16,3,11
1403715981.983884811401367,17,1,14,1,11
1403715982.033885478973389,16,4,14,1,11
1403715982.083885669708252,17,0,13,2,11
1403715982.133886814117432,20,3,15,4,11
1403715982.183887720108032,19,2,17,1,11
1403715982.233887910842896,11,1,11,0,11
1403715982.283889293670654,14,2,11,3,11
1403715982.333889484405518,20,1,12,7,11
1403715982.383889436721802,23,0,18,4,11
1403715982.433889627456665,27,1,21,5,11
1403715982.483889579772949,31,1,21,9,11
1403715982.533890008926392,36,5,25,9,11
1403715982.583890438079834,40,2,29,9,11
1403715982.633890390396118,37,0,34,0,11
1403715982.683889627456665,40,0,32,5,11
1403715982.733889341354370,39,1,31,8,11
1403715982.783889055252075,39,1,36,3,11
1403715982.833889007568359,37,1,35,1,11
1403715982.883889198303223,38,3,30,5,11
1403715982.933889150619507,38,2,31,5,11
1403715982.983888864517212,35,2,29,3,11
1403715983.033888816833496,23,2,20,0,11
1403715983.083888530731201,23,1,16,2,11
1403715983.133888483047485,27,1,16,10,11
1403715983.183888673782349,22,2,20,1,11
1403715983.233888387680054,22,3,18,0,11
1403715983.283888816833496,19,5,13,3,11
1403715983.333888530731201,21,3,11,8,11
1403715983.383888483047485,20,1,15,2,11
1403715983.433888435363770,25,3,17,7,11
1403715983.483888149261475,31,5,17,9,11
1403715983.533888578414917,30,6,20,0,11
1403715983.583888530731201,22,9,10,6,11
1403715983.633888244628906,24,5,15,7,11
1403715983.683888435363770,33,3,20,11,11
1403715983.733888387680054,36,2,26,5,11
1403715983.783888816833496,33,6,23,1,11
1403715983.833889007568359,27,3,18,0,11
1403715983.883888959884644,25,1,12,4,11
1403715983.933889627456665,22,7,15,1,11
1403715983.983889579772949,15,3,12,0,11
1403715984.033890247344971,14,4,11,1,11
1403715984.083890199661255,14,5,10,4,11
1403715984.133890151977539,17,7,13,4,11
1403715984.183890104293823,18,3,17,1,11
1403715984.233889818191528,16,3,14,0,11
1403715984.283890008926392,11,5,11,0,11
1403715984.333889961242676,11,5,11,0,11
1403715984.383889198303223,10,6,6,1,11
1403715984.433888673782349,10,2,6,0,11
1403715984.483888626098633,8,2,6,1,11
1403715984.533888578414917,8,7,7,1,11
1403715984.583887815475464,9,1,7,2,11
1403715984.633887767791748,4,4,3,0,11
1403715984.683887481689453,4,11,3,0,11
1403715984.733887195587158,8,3,2,5,11
1403715984.783887386322021,3,2,1,0,11
1403715984.833887577056885,3,9,1,0,11
1403715984.883887529373169,3,2,1,2,11
1403715984.933887481689453,3,1,3,0,11
1403715984.983887672424316,3,10,3,0,11
1403715985.033888339996338,3,7,3,0,11
1403715985.083888053894043,2,4,2,0,11
1403715985.133888244628906,2,6,2,0,11
1403715985.183887958526611,3,1,2,1,11
1403715985.233888626098633,8,0,3,5,11
1403715985.283888578414917,12,2,7,5,11
1403715985.333888292312622,14,1,11,2,11
1403715985.383888483047485,19,0,12,5,11
1403715985.433888435363770,18,6,17,0,11
1403715985.483889102935791,25,3,17,8,11
1403715985.533889770507812,22,3,21,0,11
1403715985.583890199661255,26,9,18,5,11
1403715985.633890628814697,27,5,16,4,11
1403715985.683890342712402,28,2,11,3,11
1403715985.733890533447266,24,8,11,2,11
1403715985.783890247344971,18,3,13,1,11
1403715985.833889722824097,19,0,9,5,11
1403715985.883887290954590,23,0,10,5,11
1403715985.933886766433716,19,0,6,3,11
1403715985.983886003494263,18,1,9,1,11
1403715986.033885955810547,16,1,10,6,11
1403715986.083883762359619,19,1,15,4,11
1403715986.133883237838745,19,1,18,1,11
1403715986.183882474899292,20,0,18,2,11
1403715986.233878612518311,34,4,20,14,11
1403715986.283878326416016,33,3,32,0,11
1403715986.333876609802246,45,1,31,12,11
1403715986.383876085281372,48,3,43,4,11
1403715986.433876037597656,47,1,46,1,11
1403715986.483875274658203,49,0,46,2,11
1403715986.533874511718750,48,24,46,1,11
1403715986.583872795104980,49,3,47,2,11
1403715986.633872270584106,48,1,46,0,11
1403715986.683871984481812,47,4,41,1,11
1403715986.733872413635254,48,1,42,2,11
1403715986.783871650695801,45,3,43,1,11
1403715986.833870887756348,46,0,44,1,11
1403715986.883870124816895,45,0,45,0,11
1403715986.933869361877441,45,0,43,1,11
1403715986.983870029449463,47,2,45,2,11
1403715987.033870697021484,48,1,46,1,11
1403715987.083870649337769,48,1,47,0,11
1403715987.133871555328369,47,21,43,1,11
1403715987.183871746063232,47,5,44,0,11
1403715987.233871459960938,50,16,40,5,11
1403715987.283871650695801,48,2,45,1,11
1403715987.333872079849243,46,0,44,1,11
1403715987.383872270584106,47,0,44,2,11
1403715987.433872222900391,45,4,43,0,11
1403715987.483871459960938,48,4,41,5,11
1403715987.533870935440063,46,0,44,0,11
1403715987.583870649337769,43,0,41,0,11
1403715987.633870601654053,47,10,41,5,11
1403715987.683870792388916,46,0,45,0,11
1403715987.733871221542358,50,14,45,4,11
1403715987.783871173858643,49,2,47,0,11
1403715987.833870887756348,49,7,46,1,11
1403715987.883870840072632,44,2,42,1,11
1403715987.933870792388916,39,1,35,1,11
1403715987.983871459960938,38,0,37,0,11
1403715988.033872127532959,38,1,35,1,11
1403715988.083872795104980,39,3,35,3,11
1403715988.133872509002686,38,2,37,0,11
1403715988.183873176574707,38,4,36,0,11
1403715988.233874320983887,45,5,36,8,11
1403715988.283874750137329,44,2,41,1,11
1403715988.333874940872192,50,16,41,6,11
1403715988.383875608444214,49,0,47,1,11
1403715988.433876037597656,50,0,47,2,11
1403715988.483877182006836,50,0,49,0,11
1403715988.533877372741699,49,2,48,1,11
1403715988.583878040313721,50,9,49,1,11
1403715988.633877992630005,49,0,49,0,11
1403715988.683878183364868,49,0,49,0,11
1403715988.733878135681152,49,0,49,0,11
1403715988.783878326416016,49,0,49,0,11
1403715988.833878278732300,49,5,49,0,11
1403715988.883878231048584,49,0,48,1,11
1403715988.933877944946289,50,6,49,1,11
1403715988.983877897262573,48,0,46,0,11
1403715989.033878087997437,48,0,44,0,11
1403715989.083877801895142,46,1,44,0,11
1403715989.133877992630005,44,0,44,0,11
1403715989.183877706527710,48,3,44,4,11
1403715989.233877658843994,50,6,48,2,11
1403715989.283877849578857,48,0,48,0,11
1403715989.333878040313721,47,2,47,0,11
1403715989.383877992630005,47,4,47,0,11
1403715989.433877944946289,48,3,47,1,11
1403715989.483877897262573,48,0,47,0,11
1403715989.533878326416016,49,6,48,1,11
1403715989.583878755569458,49,0,49,0,11
1403715989.633880138397217,50,3,49,1,11
1403715989.683880329132080,50,0,49,0,11
1403715989.733879327774048,49,1,47,0,11
1403715989.783879756927490,49,11,46,1,11
1403715989.833879470825195,49,3,47,1,11
1403715989.883878707885742,49,2,48,0,11
1403715989.933877944946289,49,1,48,1,11
1403715989.983877897262573,49,4,47,1,11
1403715990.033877849578857,50,3,47,1,11
1403715990.083877801895142,49,1,48,0,11
1403715990.133877754211426,47,3,46,0,11
1403715990.183877468109131,47,0,46,0,11
1403715990.233877182006836,48,5,46,1,11
1403715990.283877372741699,46,1,45,0,11
1403715990.333877086639404,45,0,44,0,11
1403715990.383876562118530,48,16,43,5,11
1403715990.433876276016235,49,1,45,2,11
1403715990.483876466751099,49,2,46,0,11
1403715990.533876657485962,43,5,39,0,11
1403715990.583876609802246,40,0,33,3,11
1403715990.633876800537109,38,10,33,3,11
1403715990.683876991271973,36,4,29,1,11
1403715990.733876705169678,34,3,24,3,11
1403715990.783876895904541,31,4,24,2,11
1403715990.833876848220825,24,5,20,2,11
1403715990.883876323699951,24,0,21,2,11
1403715990.933876037597656,21,0,19,0,11
1403715990.983875513076782,23,3,18,4,11
1403715991.033874988555908,20,1,18,0,11
1403715991.083874225616455,15,2,11,1,11
1403715991.133873224258423,13,0,9,0,11
1403715991.183873414993286,11,1,9,1,11
1403715991.233873128890991,12,0,8,2,11
1403715991.283873081207275,12,0,12,0,11
1403715991.333873271942139,13,0,12,1,11
1403715991.383873224258423,13,0,13,0,11
1403715991.433873176574707,13,1,13,0,11
1403715991.483872890472412,13,0,13,0,11
1403715991.533873081207275,14,0,13,1,11
1403715991.583873033523560,16,0,14,2,11
1403715991.633872985839844,16,0,15,0,11
1403715991.683872938156128,16,0,15,0,11
1403715991.733872890472412,15,0,15,0,11
1403715991.783873081207275,15,0,15,0,11
1403715991.833873033523560,22,0,15,7,11
1403715991.883872985839844,22,0,22,0,11
1403715991.933872938156128,22,0,22,0,11
1403715991.983872890472412,22,0,22,0,11
1403715992.033873081207275,23,0,22,1,11
1403715992.083873033523560,23,0,23,0,11
1403715992.133872985839844,23,0,23,0,11
1403715992.183872699737549,24,0,23,1,11
1403715992.233872652053833,24,0,24,0,11
1403715992.283872842788696,24,0,24,0,11
1403715992.333872795104980,24,0,24,0,11
1403715992.383872747421265,24,0,24,0,11
1403715992.433872699737549,24,0,24,0,11
1403715992.483872652053833,24,0,24,0,11
1403715992.533872842788696,24,0,24,0,11
1403715992.583872795104980,24,0,24,0,11
1403715992.633872747421265,24,0,24,0,11
1403715992.683872699737549,24,0,24,0,11
1403715992.733872652053833,24,0,24,0,11
1403715992.783872842788696,24,0,24,0,11
1403715992.833872795104980,24,0,24,0,11
1403715992.883872747421265,24,0,24,0,11
1403715992.933872699737549,24,0,24,0,11
1403715992.983872652053833,24,0,24,0,11
1403715993.033872842788696,24,0,24,0,11
1403715993.083872795104980,24,0,24,0,11
1403715993.133872747421265,24,0,24,0,11
1403715993.183872699737549,24,0,24,0,11
1403715993.233872652053833,24,0,24,0,11
1403715993.283872842788696,24,0,24,0,11
1403715993.333872795104980,24,0,24,0,11
1403715993.383872747421265,24,0,24,0,11
1403715993.433872699737549,24,0,24,0,11
1403715993.483872652053833,24,0,24,0,11
1403715993.533872842788696,24,0,24,0,11
1403715993.583872795104980,24,0,24,0,11
1403715993.633872747421265,24,0,24,0,11
1403715993.683872699737549,24,0,24,0,11
1403715993.733872652053833,24,0,24,0,11
1403715993.783872842788696,24,0,24,0,11
1403715993.833872795104980,24,0,24,0,11
1403715993.883872747421265,24,0,24,0,11
1403715993.933872699737549,24,0,24,0,11
1403715993.983872652053833,24,0,24,0,11
