# timestamp (sec),slam_feats_in_state,msckf_feats_used,slam_feats_updated,slam_feats_delayed_init,clones
1403715528.859530210494995,0,10,0,0,5
1403715528.911250114440918,0,8,0,0,6
1403715528.961242198944092,0,6,0,0,7
1403715529.011242151260376,0,0,0,0,8
1403715529.060601234436035,0,1,0,0,9
1403715529.110778808593750,0,3,0,0,10
1403715529.163186073303223,0,1,0,0,11
1403715529.213186025619507,0,0,0,0,11
1403715529.262040615081787,1,0,0,1,11
1403715529.311616182327271,3,2,1,2,11
1403715529.363026142120361,3,3,3,0,11
1403715529.413239240646362,3,2,3,0,11
1403715529.463933944702148,4,2,3,1,11
1403715529.513571977615356,9,2,4,5,11
1403715529.563554286956787,9,0,9,0,11
1403715529.612761974334717,13,1,9,4,11
1403715529.662447214126587,15,1,12,2,11
1403715529.712305545806885,18,1,14,3,11
1403715529.762144565582275,26,1,17,9,11
1403715529.812284946441650,36,2,26,10,11
1403715529.862244844436646,39,0,36,3,11
1403715529.912537097930908,42,2,38,4,11
1403715529.962652444839478,49,3,42,7,11
1403715530.012810468673706,48,2,45,0,11
1403715530.062829256057739,50,10,45,2,11
1403715530.112957477569580,47,8,47,0,11
1403715530.163105487823486,49,4,46,3,11
1403715530.213215827941895,49,0,49,0,11
1403715530.263296127319336,49,0,49,0,11
1403715530.313369035720825,48,1,48,0,11
1403715530.363415956497192,49,5,47,2,11
1403715530.413468599319458,49,4,48,1,11
1403715530.463539600372314,49,2,49,0,11
1403715530.513588190078735,50,3,49,1,11
1403715530.563370943069458,48,18,48,0,11
1403715530.613338232040405,44,0,44,0,11
1403715530.663187742233276,50,2,44,6,11
1403715530.713059186935425,50,8,47,0,11
1403715530.762970447540283,47,14,44,0,11
1403715530.812965631484985,47,1,43,2,11
1403715530.862935543060303,44,2,42,1,11
1403715530.912861108779907,42,2,41,0,11
1403715530.962815999984741,44,1,40,3,11
1403715531.012780666351318,46,0,43,2,11
1403715531.062703847885132,46,2,44,1,11
1403715531.112598657608032,46,1,44,0,11
1403715531.162535429000854,49,3,43,4,11
1403715531.212500572204590,48,0,45,1,11
1403715531.262423515319824,48,0,45,2,11
1403715531.312325954437256,48,6,47,1,11
1403715531.362171173095703,46,12,40,1,11
1403715531.412200689315796,43,0,38,0,11
1403715531.462206125259399,38,1,34,1,11
1403715531.512179136276245,44,4,30,7,11
1403715531.562088251113892,42,1,35,1,11
1403715531.611989498138428,39,2,36,1,11
1403715531.661892414093018,37,0,36,1,11
1403715531.711877584457397,35,0,35,0,11
1403715531.761922359466553,35,1,33,1,11
1403715531.812000751495361,32,0,30,0,11
1403715531.862032413482666,30,0,29,0,11
1403715531.912022590637207,35,1,29,6,11
1403715531.961942911148071,42,8,33,8,11
1403715532.011944532394409,41,0,40,0,11
1403715532.061949729919434,40,0,38,2,11
1403715532.111937522888184,40,1,38,1,11
1403715532.161956548690796,39,0,38,0,11
1403715532.211957931518555,37,1,36,1,11
1403715532.261907339096069,43,4,36,6,11
1403715532.311895132064819,43,0,42,0,11
1403715532.361889123916626,41,0,39,0,11
1403715532.411878585815430,41,1,38,0,11
1403715532.461895942687988,38,1,36,1,11
1403715532.511922836303711,37,0,36,1,11
1403715532.561958789825439,42,2,35,6,11
1403715532.611981153488159,41,0,39,0,11
1403715532.662012815475464,42,0,37,3,11
1403715532.712028741836548,42,0,38,1,11
1403715532.762039184570312,42,1,38,1,11
1403715532.812043190002441,42,0,39,2,11
1403715532.862046480178833,43,1,40,2,11
1403715532.912020206451416,43,0,41,0,11
1403715532.961998462677002,42,0,40,0,11
1403715533.011974811553955,43,0,36,4,11
1403715533.061958789825439,43,1,39,1,11
1403715533.111943721771240,43,2,38,2,11
1403715533.161924839019775,44,1,39,2,11
1403715533.211860656738281,42,0,39,0,11
1403715533.261821508407593,41,2,36,0,11
1403715533.311801910400391,35,1,32,1,11
1403715533.361787796020508,35,0,30,0,11
1403715533.411825180053711,35,1,23,2,11
1403715533.461848258972168,34,1,20,4,11
1403715533.511871576309204,32,3,23,6,11
1403715533.561883926391602,32,1,28,2,11
1403715533.611920595169067,33,3,31,2,11
1403715533.661937952041626,36,2,30,3,11
1403715533.711907386779785,35,1,33,0,11
1403715533.761906623840332,34,2,33,1,11
1403715533.811890602111816,36,1,33,2,11
1403715533.861917734146118,38,1,31,4,11
1403715533.911994218826294,44,7,34,8,11
1403715533.962012290954590,44,1,42,1,11
1403715534.012056827545166,50,5,43,7,11
1403715534.062094688415527,50,2,50,0,11
1403715534.112110614776611,48,6,48,0,11
1403715534.162148475646973,49,4,45,2,11
1403715534.212157726287842,49,0,47,0,11
1403715534.262159109115601,49,3,47,2,11
1403715534.312169075012207,49,0,49,0,11
1403715534.362144708633423,50,10,49,1,11
1403715534.412151336669922,49,0,49,0,11
1403715534.462153434753418,49,1,49,0,11
1403715534.512151002883911,48,5,47,1,11
1403715534.562131404876709,48,2,47,0,11
1403715534.612098932266235,50,17,46,2,11
1403715534.662085771560669,47,0,45,1,11
1403715534.712074995040894,46,4,43,1,11
1403715534.762065410614014,37,6,33,3,11
1403715534.812062978744507,36,2,35,0,11
1403715534.862059116363525,35,1,32,1,11
1403715534.912044525146484,35,4,33,0,11
1403715534.961988449096680,45,4,31,13,11
1403715535.011967182159424,43,0,38,0,11
1403715535.061944246292114,38,2,32,0,11
1403715535.111910343170166,32,1,28,1,11
1403715535.161884546279907,27,5,24,0,11
1403715535.211883544921875,45,10,21,22,11
1403715535.261858940124512,39,3,37,1,11
1403715535.311848402023315,38,4,36,0,11
1403715535.361849784851074,38,1,34,1,11
1403715535.411854505538940,34,6,31,0,11
1403715535.461849212646484,48,5,31,15,11
1403715535.511827230453491,45,2,44,1,11
1403715535.561798334121704,43,4,39,0,11
1403715535.611784696578979,41,3,38,0,11
1403715535.661758899688721,47,7,36,10,11
1403715535.711732864379883,44,1,44,0,11
1403715535.761681795120239,49,8,42,6,11
1403715535.811646223068237,48,7,45,1,11
1403715535.861624240875244,46,4,44,0,11
1403715535.911587476730347,47,7,42,4,11
1403715535.961569309234619,46,2,44,1,11
1403715536.011547565460205,42,0,42,0,11
1403715536.061539173126221,42,1,42,0,11
1403715536.111541032791138,42,3,42,0,11
1403715536.161533832550049,44,3,41,3,11
1403715536.211525440216064,42,3,42,0,11
1403715536.261508703231812,48,2,41,6,11
1403715536.311492919921875,49,4,47,1,11
1403715536.361457824707031,47,9,43,1,11
1403715536.411436080932617,48,7,41,3,11
1403715536.461438417434692,42,5,41,1,11
1403715536.511452436447144,46,4,41,5,11
1403715536.561469554901123,44,1,41,0,11
1403715536.611504554748535,40,3,37,0,11
1403715536.661537885665894,40,4,37,2,11
1403715536.711566448211670,36,3,31,1,11
1403715536.761603355407715,37,4,27,5,11
1403715536.811635494232178,28,7,27,1,11
1403715536.861655712127686,27,3,26,1,11
1403715536.911673069000244,27,6,26,0,11
1403715536.961700201034546,37,4,25,10,11
1403715537.011707782745361,36,4,31,3,11
1403715537.061713457107544,35,3,29,2,11
1403715537.111732959747314,43,2,28,11,11
1403715537.161743640899658,37,4,33,1,11
1403715537.211754083633423,35,1,32,0,11
1403715537.261763811111450,33,4,29,1,11
1403715537.311780691146851,35,2,27,6,11
1403715537.361797332763672,35,3,31,2,11
1403715537.411883831024170,42,1,32,9,11
1403715537.461932897567749,41,8,38,2,11
1403715537.511935234069824,41,5,39,1,11
1403715537.561927080154419,41,18,39,1,11
1403715537.611916542053223,40,3,39,0,11
1403715537.661911010742188,39,1,38,1,11
1403715537.711923837661743,44,3,39,5,11
1403715537.761918544769287,44,0,44,0,11
1403715537.811920881271362,44,2,43,0,11
1403715537.861919641494751,50,1,42,6,11
1403715537.911926507949829,50,6,48,1,11
1403715537.961915016174316,49,6,49,0,11
1403715538.011898994445801,49,0,49,0,11
1403715538.061878442764282,50,3,49,1,11
1403715538.111863136291504,50,4,48,0,11
1403715538.161847591400146,50,11,48,0,11
1403715538.211847305297852,48,0,48,0,11
1403715538.261857986450195,49,14,47,1,11
1403715538.311860799789429,49,1,47,0,11
1403715538.361864566802979,49,2,47,1,11
1403715538.411879062652588,48,3,48,0,11
1403715538.461887598037720,49,4,48,1,11
1403715538.511889696121216,47,3,45,1,11
1403715538.561888694763184,49,5,46,2,11
1403715538.611889123916626,48,0,48,0,11
1403715538.661891460418701,49,0,47,2,11
1403715538.711896896362305,49,1,47,1,11
1403715538.761908292770386,50,8,48,1,11
1403715538.811908960342407,48,5,47,0,11
1403715538.861918687820435,49,14,46,2,11
1403715538.911918163299561,47,0,47,0,11
1403715538.961921453475952,47,1,46,0,11
1403715539.011917352676392,50,13,45,3,11
1403715539.061918020248413,48,4,47,0,11
1403715539.111917734146118,48,1,45,2,11
1403715539.161918401718140,49,6,46,1,11
1403715539.211917877197266,48,4,46,0,11
1403715539.261919260025024,46,0,45,0,11
1403715539.311922311782837,45,4,44,1,11
1403715539.361927032470703,48,3,44,4,11
1403715539.411933422088623,46,1,45,1,11
1403715539.461933851242065,44,7,40,4,11
1403715539.511956691741943,49,16,42,6,11
1403715539.561968326568604,44,2,42,0,11
1403715539.611968517303467,47,5,40,6,11
1403715539.661969661712646,46,1,45,1,11
1403715539.711969137191772,46,2,45,0,11
1403715539.761968135833740,48,2,45,2,11
1403715539.811968564987183,47,13,47,0,11
1403715539.861966848373413,47,6,46,1,11
1403715539.911953449249268,49,21,46,3,11
1403715539.961953878402710,49,1,49,0,11
1403715540.011942863464355,49,4,48,0,11
1403715540.061936616897583,50,2,46,1,11
1403715540.111949205398560,49,15,46,0,11
1403715540.161956071853638,48,11,45,1,11
1403715540.211971998214722,46,1,42,2,11
1403715540.261984586715698,45,1,45,0,11
1403715540.312037229537964,50,36,45,5,11
1403715540.362041234970093,50,1,50,0,11
1403715540.412041664123535,49,0,48,0,11
1403715540.462041854858398,48,0,47,0,11
1403715540.512050867080688,49,12,47,2,11
1403715540.562049388885498,49,1,46,1,11
1403715540.612048864364624,48,0,46,0,11
1403715540.662041187286377,47,3,44,2,11
1403715540.712037563323975,49,11,45,3,11
1403715540.762035131454468,49,8,47,1,11
1403715540.812031507492065,49,0,48,1,11
1403715540.862024068832397,50,1,49,1,11
1403715540.912019014358521,49,30,48,0,11
1403715540.962018728256226,47,2,47,0,11
1403715541.012018442153931,46,4,44,1,11
1403715541.062021017074585,43,0,42,0,11
1403715541.112025976181030,48,5,41,7,11
1403715541.162025928497314,49,0,48,1,11
1403715541.212022781372070,47,2,47,0,11
1403715541.262016773223877,46,5,45,0,11
1403715541.312015295028687,47,10,40,4,11
1403715541.362018108367920,46,3,40,3,11
1403715541.412018775939941,42,5,39,1,11
1403715541.462020158767700,40,3,39,0,11
1403715541.512015581130981,46,5,38,8,11
1403715541.562014818191528,45,23,41,4,11
1403715541.612015247344971,43,2,42,0,11
1403715541.662016391754150,35,1,35,0,11
1403715541.712020874023438,33,2,30,1,11
1403715541.762017726898193,22,5,20,0,11
1403715541.812013149261475,15,7,13,0,11
1403715541.862007379531860,9,5,8,1,11
1403715541.912001132965088,9,10,6,1,11
1403715541.961978673934937,15,6,5,9,11
1403715542.011975526809692,12,9,11,0,11
1403715542.061971664428711,8,6,8,0,11
1403715542.111970424652100,8,4,8,0,11
1403715542.161959409713745,21,8,8,13,11
1403715542.211952209472656,24,6,19,4,11
1403715542.261948108673096,23,6,21,0,11
1403715542.311945438385010,24,2,20,2,11
1403715542.361950397491455,27,5,17,6,11
1403715542.411953210830688,27,6,21,2,11
1403715542.461955785751343,25,1,18,2,11
1403715542.511958360671997,26,2,18,3,11
1403715542.561965942382812,27,3,15,6,11
1403715542.611973285675049,26,3,19,2,11
1403715542.661978960037231,25,1,20,3,11
1403715542.711983680725098,26,1,23,2,11
1403715542.761986017227173,28,1,25,3,11
1403715542.811990976333618,29,0,27,2,11
1403715542.861975669860840,33,2,29,4,11
1403715542.911972045898438,36,3,33,3,11
1403715542.961970806121826,39,2,36,3,11
1403715543.011975049972534,45,0,39,6,11
1403715543.061978578567505,47,1,44,3,11
1403715543.111978292465210,49,0,47,2,11
1403715543.161979913711548,50,4,49,1,11
1403715543.211982011795044,50,10,49,0,11
1403715543.261981964111328,48,8,48,0,11
1403715543.311980009078979,49,7,47,2,11
1403715543.361976623535156,49,0,49,0,11
1403715543.411974191665649,49,0,49,0,11
1403715543.461972713470459,48,0,48,0,11
1403715543.511971473693848,47,2,47,0,11
1403715543.561977624893188,47,1,47,0,11
1403715543.611984968185425,47,0,47,0,11
1403715543.661991596221924,49,1,47,2,11
1403715543.711990356445312,48,0,48,0,11
1403715543.761984825134277,50,3,48,2,11
1403715543.811981439590454,49,7,48,0,11
1403715543.861976146697998,48,6,46,1,11
1403715543.911970615386963,50,6,47,3,11
1403715543.961964368820190,49,0,49,0,11
1403715544.011958122253418,50,2,48,1,11
1403715544.061951160430908,49,2,48,0,11
1403715544.111940145492554,48,3,43,2,11
1403715544.161935806274414,42,1,37,0,11
1403715544.211932420730591,39,0,33,2,11
1403715544.261929273605347,34,3,30,0,11
1403715544.311929225921631,35,1,25,3,11
1403715544.361921787261963,33,3,21,4,11
1403715544.411921024322510,35,2,23,5,11
1403715544.461919069290161,38,2,26,9,11
1403715544.511916399002075,42,1,32,7,11
1403715544.561913967132568,42,4,37,2,11
1403715544.611912965774536,41,1,36,2,11
1403715544.661907672882080,39,3,36,2,11
1403715544.711899280548096,40,2,37,3,11
1403715544.761892080307007,44,5,40,4,11
1403715544.811887502670288,47,4,44,3,11
1403715544.861885547637939,48,0,47,1,11
1403715544.911887884140015,50,4,48,2,11
1403715544.961889505386353,50,6,50,0,11
1403715545.011889219284058,50,5,49,0,11
1403715545.061889410018921,49,5,49,0,11
1403715545.111889362335205,50,9,49,1,11
1403715545.161892175674438,50,1,50,0,11
1403715545.211889982223511,50,4,50,0,11
1403715545.261890172958374,50,4,50,0,11
1403715545.311890363693237,50,7,50,0,11
1403715545.361892223358154,49,2,48,0,11
1403715545.411892890930176,49,0,48,0,11
1403715545.461894035339355,48,2,46,0,11
1403715545.511895179748535,50,2,43,3,11
1403715545.561895847320557,49,3,47,0,11
1403715545.611897945404053,49,15,46,2,11
1403715545.661897420883179,49,3,46,1,11
1403715545.711898565292358,50,6,46,2,11
1403715545.761899232864380,50,0,48,1,11
1403715545.811899423599243,50,2,49,1,11
1403715545.861900091171265,50,5,50,0,11
1403715545.911899566650391,49,6,49,0,11
1403715545.961889743804932,50,9,48,1,11
1403715546.011889934539795,49,0,49,0,11
1403715546.061889410018921,49,3,49,0,11
1403715546.111889123916626,49,1,48,0,11
1403715546.161886453628540,49,2,47,1,11
1403715546.211880683898926,49,12,43,1,11
1403715546.261877059936523,48,3,43,0,11
1403715546.311877489089966,48,3,41,5,11
1403715546.361876249313354,47,2,38,0,11
1403715546.411875247955322,46,1,38,1,11
1403715546.461874485015869,39,0,37,0,11
1403715546.511865854263306,48,17,36,10,11
1403715546.561866998672485,48,6,44,2,11
1403715546.611867189407349,48,2,46,0,11
1403715546.661865949630737,46,0,45,0,11
1403715546.711860179901123,43,3,41,0,11
1403715546.761852979660034,43,3,39,1,11
1403715546.811846971511841,47,1,35,7,11
1403715546.861848831176758,45,4,39,1,11
1403715546.911850929260254,43,1,36,2,11
1403715546.961862087249756,40,4,33,0,11
1403715547.011866331100464,33,4,29,0,11
1403715547.061869859695435,30,2,24,2,11
1403715547.111872196197510,46,21,23,20,11
1403715547.161873340606689,40,0,39,0,11
1403715547.211875200271606,34,1,33,0,11
1403715547.261875867843628,34,5,32,0,11
1403715547.311876773834229,31,2,27,0,11
1403715547.361878156661987,28,1,25,0,11
1403715547.411881208419800,25,4,24,0,11
1403715547.461881637573242,20,2,20,0,11
1403715547.511882781982422,18,3,17,0,11
1403715547.561883449554443,16,6,16,0,11
1403715547.611884117126465,21,3,16,5,11
1403715547.661890268325806,39,3,20,19,11
1403715547.711889505386353,44,2,34,7,11
1403715547.761889696121216,42,2,39,0,11
1403715547.811890602111816,32,3,30,0,11
1403715547.861891269683838,28,3,27,0,11
1403715547.911891222000122,28,3,20,7,11
1403715547.961890935897827,25,2,23,1,11
1403715548.011891365051270,22,0,19,0,11
1403715548.061892747879028,30,3,17,11,11
1403715548.111892700195312,25,2,23,1,11
1403715548.161891937255859,23,2,22,0,11
1403715548.211898565292358,31,5,21,9,11
1403715548.261899232864380,30,3,28,0,11
1403715548.311900854110718,29,3,27,1,11
1403715548.361901521682739,30,2,28,2,11
1403715548.411903381347656,28,1,28,0,11
1403715548.461904764175415,34,0,25,7,11
1403715548.511908292770386,36,0,33,2,11
1403715548.561913251876831,35,1,31,2,11
1403715548.611913204193115,34,3,30,2,11
1403715548.661911964416504,37,2,28,6,11
1403715548.711910724639893,41,1,34,4,11
1403715548.761908292770386,40,2,38,2,11
1403715548.811907052993774,45,1,40,5,11
1403715548.861906766891479,46,1,41,4,11
1403715548.911906957626343,46,1,44,0,11
1403715548.961909294128418,45,2,43,0,11
1403715549.011907577514648,44,0,43,0,11
1403715549.061907768249512,42,4,41,0,11
1403715549.111907720565796,44,3,38,3,11
1403715549.161901950836182,40,2,37,1,11
1403715549.211891174316406,40,0,35,2,11
1403715549.261888027191162,41,0,35,3,11
1403715549.311887979507446,44,4,38,6,11
1403715549.361894845962524,47,0,40,4,11
1403715549.411906003952026,47,1,44,0,11
1403715549.461918592453003,45,3,43,2,11
1403715549.511918783187866,45,0,44,0,11
1403715549.561919212341309,45,2,43,0,11
1403715549.611918926239014,48,8,41,6,11
1403715549.661917448043823,48,4,46,2,11
1403715549.711917161941528,48,1,48,0,11
1403715549.761920213699341,47,13,45,2,11
1403715549.811920642852783,47,1,45,0,11
1403715549.861921787261963,47,1,43,0,11
1403715549.911923408508301,44,2,41,1,11
1403715549.961920976638794,44,3,38,4,11
1403715550.011922836303711,44,1,42,0,11
1403715550.061924934387207,41,3,41,0,11
1403715550.111926078796387,40,1,40,0,11
1403715550.161924839019775,39,1,38,0,11
1403715550.211919546127319,44,4,37,5,11
1403715550.261921405792236,46,3,38,4,11
1403715550.311918020248413,38,1,30,1,11
1403715550.361914157867432,36,1,30,4,11
1403715550.411909103393555,39,7,29,9,11
1403715550.461905956268311,39,0,35,0,11
1403715550.511906385421753,37,6,31,1,11
1403715550.561903715133667,38,4,31,4,11
1403715550.611897706985474,38,2,33,2,11
1403715550.661894559860229,35,3,32,0,11
1403715550.711890459060669,35,3,28,2,11
1403715550.761888742446899,33,3,30,1,11
1403715550.811883926391602,41,6,30,10,11
1403715550.861880064010620,43,8,38,4,11
1403715550.911876440048218,45,2,39,4,11
1403715550.961874246597290,44,1,41,0,11
1403715551.011876583099365,49,7,40,7,11
1403715551.061873674392700,45,1,42,1,11
1403715551.111870288848877,46,0,41,4,11
1403715551.161871910095215,44,3,37,3,11
1403715551.211869478225708,34,6,32,0,11
1403715551.261869907379150,36,2,31,4,11
1403715551.311869621276855,39,1,34,4,11
1403715551.361871242523193,47,3,36,8,11
1403715551.411870956420898,45,0,40,1,11
1403715551.461871147155762,40,6,31,3,11
1403715551.511872529983521,30,4,21,1,11
1403715551.561873674392700,17,1,12,0,11
1403715551.611873149871826,14,1,11,1,11
1403715551.661875009536743,16,5,10,5,11
1403715551.711875438690186,15,2,13,0,11
1403715551.761872529983521,18,1,10,6,11
1403715551.811871528625488,14,4,12,1,11
1403715551.861869335174561,13,6,12,0,11
1403715551.911871194839478,10,0,9,0,11
1403715551.961870670318604,13,1,8,5,11
1403715552.011873483657837,12,2,10,1,11
1403715552.061876535415649,23,2,11,11,11
1403715552.111878156661987,24,2,22,2,11
1403715552.161877870559692,27,2,21,6,11
1403715552.211878776550293,34,4,25,9,11
1403715552.261878013610840,44,4,33,11,11
1403715552.311877250671387,49,4,42,6,11
1403715552.361878871917725,48,11,45,1,11
1403715552.411878347396851,40,10,40,0,11
1403715552.461877584457397,37,1,37,0,11
1403715552.511876344680786,38,1,37,1,11
1403715552.561876296997070,42,1,35,7,11
1403715552.611877202987671,35,1,32,0,11
1403715552.661876201629639,36,2,28,5,11
1403715552.711877346038818,41,2,31,9,11
1403715552.761878013610840,39,4,38,0,11
1403715552.811877965927124,42,3,36,5,11
1403715552.861879825592041,40,1,39,0,11
1403715552.911881685256958,36,2,34,0,11
1403715552.961884260177612,37,5,31,5,11
1403715553.011886835098267,45,0,34,10,11
1403715553.061889410018921,44,5,43,0,11
1403715553.111891508102417,50,5,43,7,11
1403715553.161892652511597,49,0,48,0,11
1403715553.211893320083618,41,2,41,0,11
1403715553.261896133422852,45,7,37,8,11
1403715553.311897516250610,47,3,43,3,11
1403715553.361897706985474,44,4,43,0,11
1403715553.411898374557495,41,2,36,4,11
1403715553.461901426315308,41,2,35,5,11
1403715553.511902093887329,35,1,33,0,11
1403715553.561907529830933,36,2,31,4,11
1403715553.611912250518799,39,0,34,3,11
1403715553.661916017532349,33,3,27,5,11
1403715553.711915016174316,34,3,30,4,11
1403715553.761910676956177,35,0,32,2,11
1403715553.811909198760986,33,5,30,1,11
1403715553.861907958984375,33,4,28,3,11
1403715553.911908388137817,29,1,29,0,11
1403715553.961919307708740,34,7,28,6,11
1403715554.011922121047974,31,3,30,0,11
1403715554.061921834945679,36,10,28,5,11
1403715554.111923933029175,34,2,31,0,11
1403715554.161925077438354,31,3,29,0,11
1403715554.211927413940430,32,3,28,4,11
1403715554.261934280395508,34,3,32,2,11
1403715554.311935186386108,30,13,26,1,11
1403715554.361934185028076,34,3,28,4,11
1403715554.411928415298462,32,4,29,1,11
1403715554.461928129196167,35,12,31,3,11
1403715554.511924028396606,34,9,30,2,11
1403715554.561920642852783,35,4,29,3,11
1403715554.611922740936279,31,7,23,1,11
1403715554.661924123764038,27,3,22,0,11
1403715554.711922407150269,23,2,20,1,11
1403715554.761925935745239,24,0,18,4,11
1403715554.811924934387207,24,4,21,1,11
1403715554.861914396286011,24,2,19,4,11
1403715554.911909103393555,24,3,23,1,11
1403715554.961888551712036,26,3,23,3,11
1403715555.011880397796631,24,11,23,0,11
1403715555.061871767044067,23,7,19,3,11
1403715555.111871719360352,23,8,20,2,11
1403715555.161878108978271,21,7,19,0,11
1403715555.211884498596191,24,12,17,5,11
1403715555.261892080307007,19,11,16,3,11
1403715555.311890125274658,21,5,14,2,11
1403715555.361888170242310,22,2,14,1,11
1403715555.411883831024170,16,4,13,0,11
1403715555.461874246597290,15,10,13,1,11
1403715555.511863946914673,14,3,14,0,11
1403715555.561855792999268,14,5,12,0,11
1403715555.611849308013916,14,3,12,0,11
1403715555.661846876144409,19,4,11,7,11
1403715555.711846113204956,20,0,17,1,11
1403715555.761845588684082,21,2,18,2,11
1403715555.811835765838623,23,4,19,3,11
1403715555.861839056015015,28,6,22,5,11
1403715555.911844253540039,32,1,27,5,11
1403715555.961844682693481,31,0,30,0,11
1403715556.011843442916870,42,3,30,11,11
1403715556.061843156814575,44,2,41,3,11
1403715556.111847877502441,49,4,44,5,11
1403715556.161851882934570,49,0,49,0,11
1403715556.211855411529541,48,0,47,0,11
1403715556.261860132217407,49,4,47,1,11
1403715556.311863183975220,49,4,48,1,11
1403715556.361864328384399,50,6,49,1,11
1403715556.411864280700684,50,0,49,0,11
1403715556.461863279342651,50,5,49,0,11
1403715556.511859178543091,49,8,49,0,11
1403715556.561856269836426,50,0,49,1,11
1403715556.611851453781128,50,1,49,0,11
1403715556.661844968795776,49,4,48,0,11
1403715556.711840629577637,49,4,48,1,11
1403715556.761839628219604,49,0,49,0,11
1403715556.811841487884521,49,1,49,0,11
1403715556.861843585968018,50,4,49,1,11
1403715556.911844253540039,50,1,49,0,11
1403715556.961845636367798,50,16,50,0,11
1403715557.011847734451294,50,2,49,0,11
1403715557.061850070953369,50,0,49,0,11
1403715557.111849069595337,48,7,48,0,11
1403715557.161846399307251,50,4,48,2,11
1403715557.211844444274902,50,2,49,0,11
1403715557.261844158172607,50,3,49,0,11
1403715557.311843633651733,49,5,48,0,11
1403715557.361842393875122,50,6,46,1,11
1403715557.411839246749878,49,1,45,1,11
1403715557.461834192276001,49,4,46,2,11
1403715557.511827707290649,49,2,48,1,11
1403715557.561821460723877,48,13,47,1,11
1403715557.611819028854370,48,2,48,0,11
1403715557.661817550659180,48,3,48,0,11
1403715557.711820363998413,50,5,48,2,11
1403715557.761822462081909,50,4,50,0,11
1403715557.811825037002563,46,0,46,0,11
1403715557.861825466156006,50,5,46,4,11
1403715557.911826848983765,49,4,49,0,11
1403715557.961827039718628,50,3,49,1,11
1403715558.011826515197754,50,2,50,0,11
1403715558.061826705932617,50,4,50,0,11
1403715558.111824989318848,49,9,49,0,11
1403715558.161825895309448,49,5,48,1,11
1403715558.211826801300049,49,1,48,0,11
1403715558.261828184127808,47,3,46,0,11
1403715558.311831235885620,49,9,45,4,11
1403715558.361833572387695,48,3,46,1,11
1403715558.411832809448242,45,2,44,0,11
1403715558.461826086044312,45,9,40,4,11
1403715558.511824131011963,47,6,38,4,11
1403715558.561820745468140,42,2,39,0,11
1403715558.611819744110107,41,1,38,2,11
1403715558.661818981170654,43,1,40,2,11
1403715558.711816310882568,42,2,42,0,11
1403715558.761812448501587,44,1,39,4,11
1403715558.811807155609131,43,0,42,0,11
1403715558.861802339553833,43,4,40,3,11
1403715558.911801815032959,44,1,42,1,11
1403715558.961804151535034,48,8,41,4,11
1403715559.011803388595581,49,3,43,3,11
1403715559.061802387237549,48,2,45,2,11
1403715559.111801147460938,49,2,46,3,11
1403715559.161803722381592,49,1,48,1,11
1403715559.211804866790771,50,0,47,1,11
1403715559.261805534362793,49,5,46,0,11
1403715559.311807155609131,47,3,43,2,11
1403715559.361807584762573,48,1,43,3,11
1403715559.411806344985962,48,1,45,2,11
1403715559.461805582046509,48,2,46,2,11
1403715559.511806488037109,48,1,47,0,11
1403715559.561807155609131,49,4,46,2,11
1403715559.611805915832520,48,0,47,0,11
1403715559.661802291870117,47,1,46,1,11
1403715559.711796998977661,46,0,46,0,11
1403715559.761791467666626,49,0,45,3,11
1403715559.811786174774170,50,1,48,1,11
1403715559.861783504486084,49,5,47,1,11
1403715559.911780357360840,49,2,45,1,11
1403715559.961779117584229,49,8,44,2,11
1403715560.011779546737671,46,0,40,2,11
1403715560.061779260635376,47,4,40,3,11
1403715560.111779689788818,45,0,40,2,11
1403715560.161778926849365,47,0,39,5,11
1403715560.211779594421387,41,0,38,1,11
1403715560.261780261993408,39,1,37,0,11
1403715560.311780691146851,41,1,34,4,11
1403715560.361780166625977,37,0,34,0,11
1403715560.411779880523682,35,0,31,1,11
1403715560.461779594421387,36,1,31,5,11
1403715560.511779546737671,45,1,35,9,11
1403715560.561779022216797,48,7,42,5,11
1403715560.611778974533081,45,0,43,2,11
1403715560.661778926849365,48,0,43,4,11
1403715560.711778640747070,47,0,46,0,11
1403715560.761778593063354,48,14,43,3,11
1403715560.811778783798218,41,0,35,1,11
1403715560.861778736114502,36,0,32,0,11
1403715560.911778211593628,36,1,31,2,11
1403715560.961776733398438,43,0,32,10,11
1403715561.011776685714722,41,1,37,1,11
1403715561.061776876449585,38,0,33,0,11
1403715561.111777067184448,39,0,27,9,11
1403715561.161777257919312,43,5,33,9,11
1403715561.261778116226196,37,2,32,1,11
1403715561.311778068542480,37,1,33,0,11
1403715561.361777782440186,34,3,32,2,11
1403715561.411779165267944,41,3,31,10,11
1403715561.461784601211548,46,4,37,9,11
1403715561.511786937713623,44,1,41,0,11
1403715561.561789035797119,39,4,39,0,11
1403715561.611791372299194,38,3,37,0,11
1403715561.661791324615479,37,0,36,0,11
1403715561.711791515350342,45,1,34,10,11
1403715561.761790990829468,41,3,39,1,11
1403715561.811791181564331,43,2,36,5,11
1403715561.861790180206299,40,4,38,0,11
1403715561.911789417266846,41,4,38,3,11
1403715561.961789608001709,38,5,37,1,11
1403715562.011789083480835,49,1,35,12,11
1403715562.061790704727173,49,0,46,0,11
1403715562.111790418624878,45,3,44,0,11
1403715562.161790609359741,48,6,42,6,11
1403715562.211792707443237,44,3,44,0,11
1403715562.261794567108154,44,1,42,0,11
1403715562.311796665191650,44,2,42,0,11
1403715562.361797332763672,47,1,42,5,11
1403715562.411798000335693,49,3,46,2,11
1403715562.461798191070557,50,1,47,1,11
1403715562.511800050735474,49,10,48,0,11
1403715562.561808586120605,46,2,44,0,11
1403715562.611814022064209,44,2,43,0,11
1403715562.661815166473389,44,3,39,2,11
1403715562.711816310882568,43,0,40,2,11
1403715562.761816740036011,46,1,36,8,11
1403715562.811819791793823,44,3,39,1,11
1403715562.861820697784424,40,2,38,0,11
1403715562.911822319030762,39,1,34,1,11
1403715562.961823940277100,33,2,32,1,11
1403715563.011825799942017,32,0,28,2,11
1403715563.061827182769775,35,2,26,5,11
1403715563.111827373504639,32,1,28,2,11
1403715563.161828994750977,35,5,28,6,11
1403715563.211828708648682,34,2,33,0,11
1403715563.261828899383545,35,6,30,5,11
1403715563.311829566955566,35,2,34,1,11
1403715563.361831903457642,37,6,33,4,11
1403715563.411834478378296,37,4,37,0,11
1403715563.461844444274902,48,0,35,11,11
1403715563.511848688125610,46,2,45,0,11
1403715563.561856746673584,43,8,38,5,11
1403715563.611861705780029,40,0,40,0,11
1403715563.661865711212158,43,0,37,6,11
1403715563.711868286132812,40,0,39,0,11
1403715563.761869668960571,48,1,37,9,11
1403715563.811872720718384,49,6,46,2,11
1403715563.861877679824829,48,14,46,1,11
1403715563.911880254745483,44,3,41,0,11
1403715563.961883306503296,37,0,35,0,11
1403715564.011886358261108,34,6,32,0,11
1403715564.061886787414551,37,1,29,7,11
1403715564.111885070800781,46,4,33,12,11
1403715564.161885261535645,43,2,40,0,11
1403715564.211884737014771,38,5,35,0,11
1403715564.261884450912476,35,1,33,0,11
1403715564.311884403228760,33,4,30,1,11
1403715564.361883401870728,25,8,25,0,11
1403715564.411882638931274,25,11,25,0,11
1403715564.461884260177612,25,9,18,7,11
1403715564.511884689331055,28,2,23,4,11
1403715564.561885833740234,27,3,23,2,11
1403715564.611887216567993,25,3,19,3,11
1403715564.661889076232910,22,2,17,0,11
1403715564.711893081665039,16,9,9,5,11
1403715564.761894464492798,18,0,8,4,11
1403715564.811897754669189,16,2,7,7,11
1403715564.861898899078369,15,9,12,0,11
1403715564.911899805068970,12,3,9,0,11
1403715564.961907148361206,24,13,5,17,11
1403715565.011907339096069,23,6,19,4,11
1403715565.061906814575195,22,3,22,0,11
1403715565.111906528472900,25,9,17,6,11
1403715565.161906480789185,24,3,22,0,11
1403715565.211908102035522,34,3,21,12,11
1403715565.261908769607544,34,3,31,0,11
1403715565.311908960342407,38,0,26,6,11
1403715565.361907482147217,43,4,29,11,11
1403715565.411907911300659,41,1,35,3,11
1403715565.461909055709839,36,3,34,0,11
1403715565.511911153793335,41,0,30,9,11
1403715565.561913013458252,40,0,38,0,11
1403715565.611915111541748,48,6,37,11,11
1403715565.661916017532349,42,1,38,0,11
1403715565.711917400360107,39,2,33,0,11
1403715565.761919021606445,33,1,26,0,11
1403715565.811921596527100,19,2,16,1,11
1403715565.861922740936279,19,0,15,0,11
1403715565.911927461624146,29,2,13,15,11
1403715565.961927890777588,25,2,24,0,11
1403715566.011928319931030,23,0,21,0,11
1403715566.061928510665894,23,5,21,0,11
1403715566.111927509307861,21,3,20,1,11
1403715566.161925077438354,27,0,15,8,11
1403715566.211925029754639,20,2,18,0,11
1403715566.261924266815186,21,0,17,3,11
1403715566.311924219131470,26,3,20,6,11
1403715566.411923646926880,25,3,22,0,11
1403715566.461922168731689,26,0,22,3,11
1403715566.511920213699341,33,1,24,8,11
1403715566.561919927597046,33,1,29,3,11
1403715566.611919879913330,29,0,24,3,11
1403715566.661919355392456,29,0,25,2,11
1403715566.711918830871582,39,0,26,11,11
1403715566.761917591094971,35,0,33,0,11
1403715566.811916589736938,36,1,30,3,11
1403715566.861915826797485,37,3,31,5,11
1403715566.911916971206665,39,2,32,4,11
1403715566.961916923522949,39,0,33,2,11
1403715567.011914968490601,38,5,21,11,11
1403715567.061915397644043,29,1,26,0,11
1403715567.111915349960327,25,2,21,0,11
1403715567.161915540695190,18,0,17,0,11
1403715567.211914777755737,21,2,15,6,11
1403715567.261914968490601,21,0,18,0,11
1403715567.311915397644043,19,3,16,0,11
1403715567.361915588378906,25,1,14,9,11
1403715567.411916255950928,22,0,22,0,11
1403715567.461917400360107,27,1,22,5,11
1403715567.511917829513550,27,1,25,0,11
1403715567.561918497085571,26,1,19,7,11
1403715567.611918687820435,28,5,23,3,11
1403715567.661919832229614,25,1,21,2,11
1403715567.711920738220215,19,2,14,4,11
1403715567.761924743652344,27,2,16,9,11
1403715567.811926364898682,29,0,23,2,11
1403715567.861927270889282,33,1,21,8,11
1403715567.911927700042725,29,3,26,2,11
1403715567.961927175521851,26,4,25,0,11
1403715568.011929988861084,27,3,18,9,11
1403715568.061930418014526,23,1,23,0,11
1403715568.111929416656494,31,5,19,11,11
1403715568.161929368972778,27,5,27,0,11
1403715568.211928129196167,25,1,24,0,11
1403715568.261925220489502,26,4,21,4,11
1403715568.311923742294312,20,4,18,2,11
1403715568.361924171447754,24,0,16,8,11
1403715568.411923885345459,22,2,22,0,11
1403715568.461924076080322,20,4,17,0,11
1403715568.511923551559448,19,4,8,8,11
1403715568.561923980712891,16,2,12,0,11
1403715568.611924171447754,18,6,9,7,11
1403715568.661925315856934,25,3,15,10,11
1403715568.711926221847534,24,7,20,4,11
1403715568.761925935745239,31,3,23,7,11
1403715568.811926603317261,31,2,30,0,11
1403715568.861927032470703,31,3,26,5,11
1403715568.911928653717041,37,1,31,6,11
1403715568.961929082870483,37,4,37,0,11
1403715569.011928558349609,42,2,35,6,11
1403715569.061928033828735,48,1,36,6,11
1403715569.111927509307861,39,1,34,0,11
1403715569.161927461624146,34,1,32,0,11
1403715569.211928129196167,49,6,32,16,11
1403715569.261927127838135,45,2,42,0,11
1403715569.311925172805786,45,2,40,2,11
1403715569.361924171447754,40,2,35,0,11
1403715569.411923646926880,44,4,32,8,11
1403715569.461925506591797,46,10,35,8,11
1403715569.511927127838135,44,1,42,0,11
1403715569.561928749084473,42,2,40,1,11
1403715569.611932039260864,39,1,38,0,11
1403715569.661936283111572,36,2,35,0,11
1403715569.711940526962280,40,4,35,4,11
1403715569.761945247650146,38,1,34,4,11
1403715569.811947345733643,36,3,35,1,11
1403715569.861947774887085,37,1,35,2,11
1403715569.911945819854736,43,0,33,10,11
1403715569.961946010589600,44,4,40,4,11
1403715570.011945486068726,43,1,43,0,11
1403715570.061944723129272,44,8,34,7,11
1403715570.111944675445557,38,2,34,0,11
1403715570.161944389343262,37,4,28,2,11
1403715570.211944580078125,28,3,21,0,11
1403715570.261944293975830,31,4,20,8,11
1403715570.311944246292114,29,2,27,2,11
1403715570.361944198608398,26,4,6,0,11
1403715570.461943864822388,21,2,20,0,11
1403715570.511943578720093,19,1,17,0,11
1403715570.561944246292114,13,3,13,0,11
1403715570.611944198608398,10,2,10,0,11
1403715570.661944150924683,10,8,9,0,11
1403715570.711943626403809,10,1,9,1,11
1403715570.761943340301514,6,6,6,0,11
1403715570.811943054199219,3,9,2,0,11
1403715570.911941528320312,1,19,0,0,11
1403715570.961941480636597,0,5,0,0,11
1403715571.011941194534302,0,3,0,0,11
1403715571.061940431594849,1,2,0,1,11
1403715571.111942291259766,5,7,0,5,11
1403715571.161947011947632,9,2,4,5,11
1403715571.211951255798340,14,3,9,5,11
1403715571.261953830718994,13,0,13,0,11
1403715571.311956167221069,14,5,13,1,11
1403715571.361957311630249,14,2,14,0,11
1403715571.411963701248169,28,6,14,14,11
1403715571.461962461471558,28,2,28,0,11
1403715571.511969089508057,42,1,28,14,11
1403715571.561968803405762,50,8,42,8,11
1403715571.611973762512207,47,2,47,0,11
1403715571.661981821060181,50,14,46,3,11
1403715571.711988210678101,45,13,39,0,11
1403715571.761989116668701,44,1,42,0,11
1403715571.811988592147827,49,4,42,7,11
1403715571.861984252929688,48,1,48,0,11
1403715571.911977291107178,48,2,48,0,11
1403715571.961971759796143,47,5,45,0,11
1403715572.011963129043579,46,0,43,0,11
1403715572.061956405639648,44,1,42,1,11
1403715572.111948251724243,43,0,42,1,11
1403715572.161939144134521,47,2,43,4,11
1403715572.211938858032227,50,11,46,3,11
1403715572.261934757232666,50,10,48,0,11
1403715572.311941623687744,48,10,47,0,11
1403715572.361937284469604,49,12,45,2,11
1403715572.411931753158569,49,7,46,1,11
1403715572.461920261383057,45,3,44,0,11
1403715572.511908531188965,45,3,43,0,11
1403715572.561898946762085,45,5,43,1,11
1403715572.611894130706787,46,2,43,3,11
1403715572.711891174316406,44,7,42,0,11
1403715572.761889934539795,43,2,41,0,11
1403715572.811889886856079,42,3,39,2,11
1403715572.861890316009521,48,2,39,8,11
1403715572.911892175674438,48,5,43,1,11
1403715572.961890697479248,37,5,28,3,11
1403715573.011886596679688,38,3,32,2,11
1403715573.061884880065918,33,3,29,3,11
1403715573.111879587173462,38,4,28,9,11
1403715573.161878585815430,34,4,32,1,11
1403715573.211878776550293,33,5,31,0,11
1403715573.261877536773682,30,5,30,0,11
1403715573.311876535415649,40,1,27,13,11
1403715573.361875295639038,40,1,37,0,11
1403715573.411875247955322,38,3,34,0,11
1403715573.461875438690186,33,5,30,1,11
1403715573.511875629425049,37,1,28,7,11
1403715573.561876058578491,35,0,34,0,11
1403715573.611876964569092,38,2,33,5,11
1403715573.661876201629639,37,2,37,0,11
1403715573.711876392364502,40,0,37,3,11
1403715573.761876583099365,46,2,39,6,11
1403715573.811877250671387,48,3,44,3,11
1403715573.861876964569092,41,2,39,1,11
1403715573.911876916885376,48,6,38,9,11
1403715573.961876869201660,45,3,44,0,11
1403715574.011876583099365,43,4,41,0,11
1403715574.061876296997070,48,9,39,6,11
1403715574.111875057220459,47,1,45,2,11
1403715574.161873340606689,46,1,44,0,11
1403715574.211871385574341,44,4,39,1,11
1403715574.261869430541992,37,3,35,0,11
1403715574.311869859695435,35,6,33,0,11
1403715574.361869335174561,30,2,27,1,11
1403715574.411873102188110,30,3,24,0,11
1403715574.461876153945923,32,3,22,6,11
1403715574.511877775192261,30,3,27,3,11
1403715574.561880350112915,36,4,28,6,11
1403715574.611881494522095,36,4,34,2,11
1403715574.661881208419800,38,3,33,4,11
1403715574.711880922317505,38,5,37,0,11
1403715574.761879920959473,37,3,36,1,11
1403715574.811881065368652,44,0,36,8,11
1403715574.861879348754883,43,0,40,1,11
1403715574.911877155303955,47,1,38,6,11
1403715575.011879920959473,43,10,37,4,11
1403715575.061883687973022,48,0,41,5,11
1403715575.111884593963623,47,9,45,2,11
1403715575.161887168884277,49,7,46,3,11
1403715575.211887359619141,47,2,45,0,11
1403715575.261885404586792,48,8,42,3,11
1403715575.311884641647339,44,1,42,1,11
1403715575.361881971359253,43,1,42,1,11
1403715575.411878824234009,43,2,43,0,11
1403715575.461877584457397,44,1,42,1,11
1403715575.511878967285156,44,1,43,0,11
1403715575.561881542205811,42,0,41,0,11
1403715575.611887216567993,46,2,36,7,11
1403715575.661889791488647,44,5,42,1,11
1403715575.711889982223511,44,1,40,1,11
1403715575.761891126632690,42,5,36,2,11
1403715575.811892509460449,44,2,37,5,11
1403715575.861893653869629,43,2,40,3,11
1403715575.911893844604492,42,1,39,1,11
1403715575.961893558502197,42,3,40,0,11
1403715576.011893033981323,40,3,37,1,11
1403715576.061892986297607,40,6,36,0,11
1403715576.111892223358154,37,4,32,3,11
1403715576.161892175674438,37,8,31,3,11
1403715576.211891889572144,35,7,31,0,11
1403715576.261893749237061,39,5,28,8,11
1403715576.311896800994873,41,3,34,4,11
1403715576.361898422241211,42,3,36,3,11
1403715576.411900758743286,38,8,34,2,11
1403715576.461900949478149,37,7,34,2,11
1403715576.511901378631592,37,2,33,3,11
1403715576.561901330947876,41,1,34,6,11
1403715576.611902713775635,39,3,36,2,11
1403715576.661904335021973,38,0,32,4,11
1403715576.711906194686890,37,0,35,0,11
1403715576.761908292770386,36,3,34,1,11
1403715576.811911106109619,36,4,32,1,11
1403715576.861912012100220,35,7,32,0,11
1403715576.911914110183716,42,3,31,9,11
1403715576.961913347244263,39,6,38,1,11
1403715577.011911869049072,43,4,39,4,11
1403715577.061909675598145,45,1,40,4,11
1403715577.111907958984375,45,2,40,4,11
1403715577.161904573440552,47,6,42,5,11
1403715577.211902141571045,48,3,45,3,11
1403715577.261899232864380,47,6,45,0,11
1403715577.311897993087769,48,2,44,2,11
1403715577.361897468566895,47,2,46,1,11
1403715577.411897659301758,47,2,47,0,11
1403715577.461897850036621,49,4,46,3,11
1403715577.511897325515747,49,5,49,0,11
1403715577.561896800994873,50,3,48,1,11
1403715577.611896753311157,50,7,48,0,11
1403715577.661896228790283,49,6,48,0,11
1403715577.711895227432251,48,1,48,0,11
1403715577.761894941329956,49,3,46,2,11
1403715577.811895608901978,50,2,47,1,11
1403715577.861896038055420,49,12,46,1,11
1403715577.911897420883179,47,1,46,0,11
1403715577.961899280548096,46,1,45,0,11
1403715578.011900901794434,49,2,43,3,11
1403715578.061902284622192,48,3,45,2,11
1403715578.111904382705688,45,4,40,1,11
1403715578.161904811859131,49,8,37,5,11
1403715578.211907148361206,45,2,39,2,11
1403715578.261909723281860,45,3,37,5,11
1403715578.311911344528198,44,4,38,1,11
1403715578.361912727355957,45,5,39,2,11
1403715578.411914348602295,44,8,41,3,11
1403715578.461916923522949,46,5,41,5,11
1403715578.511918067932129,43,7,40,0,11
1403715578.561917304992676,42,5,40,1,11
1403715578.611916780471802,31,2,25,1,11
1403715578.661916255950928,26,1,17,0,11
1403715578.711915254592896,18,4,15,0,11
1403715578.761916160583496,15,1,11,2,11
1403715578.811914920806885,11,4,9,0,11
1403715578.861914634704590,10,0,7,1,11
1403715578.911915063858032,9,2,8,1,11
1403715578.961915254592896,9,1,9,0,11
1403715579.011909961700439,29,5,8,21,11
1403715579.061907291412354,28,4,27,0,11
1403715579.111902952194214,29,3,27,1,11
1403715579.161900997161865,36,3,28,8,11
1403715579.211905241012573,44,8,33,8,11
1403715579.261904716491699,43,4,37,0,11
1403715579.311901330947876,45,5,35,6,11
1403715579.361900329589844,43,1,37,1,11
1403715579.411896705627441,46,2,37,6,11
1403715579.461895704269409,45,5,40,3,11
1403715579.511895418167114,43,4,39,0,11
1403715579.561897277832031,39,3,34,0,11
1403715579.611899852752686,37,5,33,1,11
1403715579.661903381347656,35,7,34,1,11
1403715579.711903810501099,31,1,27,0,11
1403715579.761909246444702,35,4,24,6,11
1403715579.861909389495850,21,19,16,0,11
1403715579.911908149719238,25,1,15,6,11
1403715579.961907863616943,23,5,19,4,11
1403715580.011908769607544,23,3,21,2,11
1403715580.061908960342407,24,6,20,2,11
1403715580.111909151077271,24,1,22,1,11
1403715580.161909341812134,24,2,21,2,11
1403715580.211909055709839,22,1,22,0,11
1403715580.261909008026123,24,3,20,3,11
1403715580.311909198760986,22,5,21,0,11
1403715580.361909389495850,21,8,21,0,11
1403715580.411910057067871,29,2,20,8,11
1403715580.461910963058472,39,5,25,12,11
1403715580.511911392211914,42,1,35,6,11
1403715580.561912775039673,41,2,40,1,11
1403715580.611913442611694,41,1,40,0,11
1403715580.661913633346558,42,1,37,3,11
1403715580.711914300918579,41,1,39,1,11
1403715580.761914730072021,48,1,39,8,11
1403715580.811915397644043,46,5,44,1,11
1403715580.861915826797485,45,6,42,3,11
1403715580.911916494369507,43,1,40,2,11
1403715580.961916923522949,43,1,39,2,11
1403715581.011916637420654,43,2,40,1,11
1403715581.061916828155518,43,1,40,2,11
1403715581.111918210983276,41,0,41,0,11
1403715581.161920785903931,42,0,41,1,11
1403715581.211923122406006,42,0,42,0,11
1403715581.261926412582397,46,0,42,4,11
1403715581.311927795410156,45,0,45,0,11
1403715581.361930847167969,48,6,45,3,11
1403715581.411931037902832,48,7,47,0,11
1403715581.461930274963379,49,10,45,2,11
1403715581.511928796768188,49,7,46,2,11
1403715581.561926841735840,48,3,47,0,11
1403715581.611925363540649,48,0,44,0,11
1403715581.661924362182617,46,1,42,0,11
1403715581.711924076080322,43,1,40,1,11
1403715581.761923551559448,42,1,41,1,11
1403715581.811924457550049,42,2,42,0,11
1403715581.861925363540649,39,0,39,0,11
1403715581.911926031112671,42,0,34,7,11
1403715581.961926460266113,38,0,34,0,11
1403715582.011926174163818,39,1,29,5,11
1403715582.061925172805786,38,0,31,5,11
1403715582.111925840377808,38,1,30,8,11
1403715582.161924600601196,35,1,33,1,11
1403715582.211923599243164,30,2,29,0,11
1403715582.261921405792236,31,2,29,1,11
1403715582.311919689178467,31,0,29,1,11
1403715582.361917734146118,30,1,29,0,11
1403715582.411916255950928,30,0,29,1,11
1403715582.461914777755737,32,1,30,2,11
1403715582.511914253234863,33,2,32,1,11
1403715582.561914682388306,40,1,33,7,11
1403715582.611914873123169,42,4,40,2,11
1403715582.661914587020874,38,4,38,0,11
1403715582.711913824081421,39,1,37,2,11
1403715582.761911869049072,44,1,39,5,11
1403715582.811913251876831,49,1,43,5,11
1403715582.861913919448853,45,7,44,0,11
1403715582.911913871765137,44,0,41,3,11
1403715582.961914062500000,47,1,43,3,11
1403715583.011914491653442,47,0,46,0,11
1403715583.061917066574097,48,4,45,2,11
1403715583.111922264099121,48,1,47,0,11
1403715583.161929845809937,48,8,46,2,11
1403715583.211934328079224,48,2,45,1,11
1403715583.261936187744141,46,2,42,1,11
1403715583.311936140060425,45,1,42,1,11
1403715583.361934900283813,42,1,40,0,11
1403715583.411933660507202,41,1,40,0,11
1403715583.461933135986328,46,2,39,6,11
1403715583.511932373046875,44,2,40,0,11
1403715583.561933279037476,39,1,36,0,11
1403715583.611932754516602,35,2,28,1,11
1403715583.661932229995728,27,5,22,2,11
1403715583.711931705474854,23,1,15,1,11
1403715583.761931419372559,21,2,16,0,11
1403715583.811930179595947,21,0,16,4,11
1403715583.861929655075073,25,0,19,5,11
1403715583.911929607391357,25,0,24,0,11
1403715583.961929798126221,25,0,24,1,11
1403715584.011931180953979,26,2,25,1,11
1403715584.061932086944580,26,3,26,0,11
1403715584.111932992935181,29,3,25,3,11
1403715584.161935329437256,27,4,23,1,11
1403715584.211935758590698,24,4,21,0,11
1403715584.261936426162720,25,1,20,2,11
1403715584.311937093734741,27,2,20,4,11
1403715584.361937999725342,26,1,23,1,11
1403715584.411938667297363,27,4,24,3,11
1403715584.461936950683594,27,3,26,0,11
1403715584.511935710906982,26,4,26,0,11
1403715584.561934709548950,24,0,22,2,11
1403715584.611929655075073,25,0,23,2,11
1403715584.661928892135620,29,2,23,5,11
1403715584.711928367614746,27,5,25,0,11
1403715584.761923313140869,30,4,25,4,11
1403715584.811920404434204,39,1,27,11,11
1403715584.861913681030273,47,4,37,8,11
1403715584.911911249160767,48,11,43,2,11
1403715584.961911678314209,49,9,45,1,11
1403715585.011913299560547,47,1,44,2,11
1403715585.061915159225464,50,19,45,3,11
1403715585.111915826797485,50,1,48,1,11
1403715585.161916017532349,47,0,47,0,11
1403715585.211917877197266,48,11,44,2,11
1403715585.261917114257812,46,0,44,0,11
1403715585.311915874481201,45,0,44,0,11
1403715585.361914634704590,44,0,43,1,11
1403715585.411914110183716,45,0,44,1,11
1403715585.461913824081421,47,1,43,2,11
1403715585.511913299560547,48,12,43,1,11
1403715585.561914920806885,48,8,44,2,11
1403715585.611917018890381,49,2,44,3,11
1403715585.661920547485352,48,5,47,0,11
1403715585.711924314498901,49,3,47,2,11
1403715585.761926412582397,49,0,49,0,11
1403715585.811929941177368,49,10,49,0,11
1403715585.861930608749390,49,0,49,0,11
1403715585.911930322647095,50,0,49,1,11
1403715585.961935997009277,49,35,49,0,11
1403715586.011935949325562,49,0,48,0,11
1403715586.061936855316162,49,0,47,0,11
1403715586.111937999725342,49,7,46,1,11
1403715586.161938905715942,49,6,46,1,11
1403715586.211938381195068,48,2,44,0,11
1403715586.261936902999878,47,5,43,0,11
1403715586.311935424804688,47,0,43,2,11
1403715586.361933946609497,46,3,45,1,11
1403715586.411933422088623,48,7,46,2,11
1403715586.461931943893433,48,3,47,0,11
1403715586.511930704116821,48,0,45,1,11
1403715586.561926603317261,50,11,47,2,11
1403715586.611923933029175,50,0,49,1,11
1403715586.661919832229614,49,0,49,0,11
1403715586.711914300918579,49,6,49,0,11
1403715586.761909961700439,49,2,49,0,11
1403715586.811908006668091,49,0,49,0,11
1403715586.861907482147217,49,0,49,0,11
1403715586.911907672882080,49,0,49,0,11
1403715586.961908817291260,49,0,49,0,11
1403715587.011910915374756,49,6,49,0,11
1403715587.061914205551147,49,0,49,0,11
1403715587.111916780471802,49,0,49,0,11
1403715587.161920309066772,50,10,49,1,11
1403715587.211921453475952,50,0,50,0,11
1403715587.261922121047974,50,0,50,0,11
1403715587.311922073364258,50,6,50,0,11
1403715587.361922264099121,50,2,50,0,11
1403715587.411922454833984,50,0,49,0,11
1403715587.461922645568848,50,6,49,0,11
1403715587.511922836303711,50,0,48,1,11
1403715587.561923742294312,50,0,49,0,11
1403715587.611925363540649,49,7,49,0,11
1403715587.661925792694092,49,1,49,0,11
1403715587.711926937103271,49,0,48,0,11
1403715587.761930227279663,50,10,48,1,11
1403715587.811931133270264,49,0,48,1,11
1403715587.861932277679443,48,2,44,0,11
1403715587.911930799484253,48,7,42,0,11
1403715587.961929798126221,45,1,39,3,11
1403715588.011928081512451,44,0,41,1,11
1403715588.061928033828735,42,7,38,0,11
1403715588.111926794052124,36,4,29,0,11
1403715588.161926031112671,28,6,26,0,11
1403715588.211926698684692,27,1,23,1,11
1403715588.261927604675293,23,2,20,0,11
1403715588.311929941177368,22,0,18,0,11
1403715588.361938953399658,35,2,17,16,11
1403715588.411941289901733,32,3,31,0,11
1403715588.461942434310913,31,2,29,0,11
1403715588.511944293975830,29,1,26,1,11
1403715588.561944246292114,29,1,27,0,11
1403715588.611944675445557,26,3,26,0,11
1403715588.661945104598999,24,1,20,0,11
1403715588.711946964263916,34,6,20,12,11
1403715588.761947393417358,32,0,30,1,11
1403715588.811946392059326,38,5,30,8,11
1403715588.861945867538452,30,6,21,5,11
1403715588.911944627761841,30,1,25,3,11
1403715588.961942911148071,31,5,27,3,11
1403715589.011940717697144,27,6,24,0,11
1403715589.061937808990479,31,0,22,6,11
1403715589.111934661865234,31,3,24,4,11
1403715589.161933183670044,30,0,25,0,11
1403715589.211930513381958,37,2,24,12,11
1403715589.261929273605347,34,0,32,0,11
1403715589.311928272247314,37,1,30,6,11
1403715589.361927986145020,40,0,35,4,11
1403715589.411928653717041,43,1,37,4,11
1403715589.461928606033325,49,5,39,7,11
1403715589.511928796768188,46,2,44,0,11
1403715589.561928987503052,44,21,42,1,11
1403715589.611928939819336,39,0,38,1,11
1403715589.661929368972778,39,9,38,0,11
1403715589.711931467056274,39,6,37,0,11
1403715589.761933565139771,37,9,31,2,11
1403715589.811936855316162,40,8,29,4,11
1403715589.861936092376709,45,14,27,14,11
1403715589.911936283111572,43,3,40,1,11
1403715589.961935520172119,34,6,31,0,11
1403715590.011935234069824,30,4,28,0,11
1403715590.061936140060425,24,1,23,1,11
1403715590.111935377120972,24,3,23,0,11
1403715590.161932468414307,34,5,22,12,11
1403715590.211929798126221,32,6,31,0,11
1403715590.261927366256714,28,4,26,0,11
1403715590.311927318572998,32,8,25,6,11
1403715590.361924648284912,30,4,29,1,11
1403715590.411922693252563,27,4,26,0,11
1403715590.461923360824585,30,3,20,9,11
1403715590.511924266815186,28,3,24,3,11
1403715590.561926126480103,35,5,25,10,11
1403715590.611927032470703,33,6,32,0,11
1403715590.661927223205566,30,5,28,0,11
1403715590.711928367614746,36,5,28,8,11
1403715590.761929988861084,33,5,32,0,11
1403715590.811930179595947,30,4,29,0,11
1403715590.861930370330811,30,7,29,1,11
1403715590.911930084228516,33,3,28,3,11
1403715590.961930036544800,33,2,28,1,11
1403715591.011930227279663,28,8,24,2,11
1403715591.061929941177368,26,5,25,1,11
1403715591.111930370330811,29,4,22,6,11
1403715591.161930322647095,30,1,27,2,11
1403715591.211930274963379,30,8,29,1,11
1403715591.261929512023926,34,9,30,4,11
1403715591.311929941177368,35,10,30,5,11
1403715591.361929655075073,35,4,30,3,11
1403715591.411930084228516,31,9,29,0,11
1403715591.461930274963379,30,7,26,4,11
1403715591.511930465698242,32,6,28,2,11
1403715591.561930894851685,34,4,26,3,11
1403715591.611931324005127,31,3,25,1,11
1403715591.661932468414307,29,4,24,4,11
1403715591.711933135986328,32,6,25,6,11
1403715591.761933326721191,29,3,28,0,11
1403715591.811933279037476,28,2,28,0,11
1403715591.861933231353760,33,5,28,5,11
1403715591.911932706832886,37,3,31,5,11
1403715591.961932420730591,36,4,36,0,11
1403715592.011932373046875,38,1,32,3,11
1403715592.061932325363159,38,8,33,1,11
1403715592.111932277679443,36,4,31,5,11
1403715592.161931514739990,32,2,31,0,11
1403715592.211930036544800,34,2,30,4,11
1403715592.261928796768188,34,4,31,2,11
1403715592.311928033828735,40,4,28,10,11
1403715592.361928462982178,39,3,33,2,11
1403715592.411928415298462,38,4,30,4,11
1403715592.461928367614746,32,4,29,2,11
1403715592.511928081512451,33,1,28,4,11
1403715592.561928272247314,31,10,27,1,11
1403715592.611928224563599,30,2,26,0,11
1403715592.661928415298462,31,1,25,5,11
1403715592.711928367614746,32,2,28,4,11
1403715592.761928319931030,35,4,32,3,11
1403715592.811929225921631,35,4,34,0,11
1403715592.861929416656494,34,3,29,1,11
1403715592.911929607391357,33,5,28,1,11
1403715592.961928606033325,36,6,28,6,11
1403715593.011926174163818,39,2,29,8,11
1403715593.061925411224365,36,6,34,0,11
1403715593.111924171447754,34,3,31,2,11
1403715593.161924600601196,39,0,30,7,11
1403715593.211924314498901,35,2,29,2,11
1403715593.261923789978027,29,3,26,0,11
1403715593.311924695968628,22,4,20,0,11
1403715593.361924648284912,20,3,19,0,11
1403715593.411925077438354,12,4,11,1,11
1403715593.461925268173218,12,1,12,0,11
1403715593.511925935745239,13,2,10,3,11
1403715593.561925888061523,15,2,11,4,11
1403715593.611925840377808,16,0,15,1,11
1403715593.661926031112671,20,2,15,5,11
1403715593.711926460266113,22,9,19,3,11
1403715593.761926174163818,27,5,22,5,11
1403715593.811925888061523,34,6,27,7,11
1403715593.861926317214966,33,0,32,0,11
1403715593.911925554275513,34,0,31,3,11
1403715593.961923599243164,35,2,32,3,11
1403715594.011923074722290,36,2,35,1,11
1403715594.061922311782837,39,1,33,5,11
1403715594.111921548843384,39,2,37,1,11
1403715594.161921262741089,40,0,38,2,11
1403715594.211921453475952,38,3,36,0,11
1403715594.261921882629395,49,1,32,12,11
1403715594.311923027038574,45,1,41,1,11
1403715594.361923933029175,43,2,38,1,11
1403715594.411924362182617,46,1,38,5,11
1403715594.461924076080322,42,0,40,1,11
1403715594.511924028396606,46,0,39,5,11
1403715594.561923742294312,49,3,42,4,11
1403715594.611923217773438,47,3,46,1,11
1403715594.661922931671143,50,4,45,3,11
1403715594.711922645568848,49,6,45,0,11
1403715594.761922121047974,48,1,45,1,11
1403715594.811921596527100,50,4,45,4,11
1403715594.861921548843384,46,3,44,0,11
1403715594.911921262741089,43,0,39,1,11
1403715594.961921215057373,38,0,33,3,11
1403715595.011921167373657,34,3,32,1,11
1403715595.061921834945679,31,2,30,1,11
1403715595.111922502517700,40,1,24,13,11
1403715595.161922454833984,34,2,30,0,11
1403715595.211922168731689,28,1,25,0,11
1403715595.261922121047974,24,1,24,0,11
1403715595.311922550201416,23,1,22,1,11
1403715595.361922264099121,31,1,21,9,11
1403715595.461921691894531,30,14,25,2,11
1403715595.511921167373657,26,0,23,0,11
1403715595.561921119689941,23,0,20,1,11
1403715595.611921072006226,24,4,14,8,11
1403715595.661921262741089,26,6,21,3,11
1403715595.711920738220215,29,4,20,7,11
1403715595.761921167373657,18,4,15,1,11
1403715595.811921596527100,19,3,16,2,11
1403715595.861921072006226,24,3,18,6,11
1403715595.911921024322510,24,4,22,0,11
1403715595.961921215057373,32,5,19,10,11
1403715596.011922121047974,30,2,24,1,11
1403715596.061925172805786,35,2,24,7,11
1403715596.111925601959229,34,5,30,1,11
1403715596.161925315856934,35,1,29,4,11
1403715596.211923360824585,41,0,33,8,11
1403715596.261922836303711,41,1,41,0,11
1403715596.311923742294312,45,2,41,4,11
1403715596.361921787261963,49,2,45,4,11
1403715596.411921024322510,48,12,45,1,11
1403715596.461919307708740,46,0,40,0,11
1403715596.511919021606445,44,0,35,1,11
1403715596.561918258666992,38,3,27,8,11
1403715596.611915349960327,38,4,32,1,11
1403715596.661915779113770,38,1,34,2,11
1403715596.711915254592896,36,0,36,0,11
1403715596.761913537979126,37,0,34,2,11
1403715596.811913490295410,37,12,33,3,11
1403715596.861912488937378,34,7,33,0,11
1403715596.911909341812134,39,7,32,7,11
1403715596.961908578872681,36,2,36,0,11
1403715597.011906147003174,38,1,34,3,11
1403715597.061904907226562,50,5,37,12,11
1403715597.111903667449951,48,2,48,0,11
1403715597.161901712417603,49,5,48,1,11
1403715597.211898565292358,50,19,47,1,11
1403715597.261897563934326,47,17,44,0,11
1403715597.311897754669189,47,5,43,3,11
1403715597.361900568008423,44,3,37,0,11
1403715597.411899805068970,45,7,36,6,11
1403715597.461898803710938,43,1,40,1,11
1403715597.511897563934326,39,3,38,1,11
1403715597.561894416809082,33,5,31,0,11
1403715597.611890077590942,31,4,29,0,11
1403715597.661885976791382,26,3,25,0,11
1403715597.711882591247559,25,2,23,0,11
1403715597.761879444122314,24,1,21,2,11
1403715597.811878681182861,25,1,22,2,11
1403715597.861879110336304,36,4,21,12,11
1403715597.911878108978271,29,2,26,0,11
1403715597.961878538131714,23,2,22,1,11
1403715598.011881113052368,36,3,20,16,11
1403715598.061881065368652,34,0,32,0,11
1403715598.111881017684937,34,3,30,0,11
1403715598.161882162094116,43,6,30,13,11
1403715598.211881399154663,41,3,37,0,11
1403715598.261880874633789,36,5,30,0,11
1403715598.311881065368652,34,1,30,3,11
1403715598.361881017684937,35,3,31,4,11
1403715598.411880254745483,34,2,33,0,11
1403715598.461879968643188,35,3,32,1,11
1403715598.511879920959473,36,4,28,6,11
1403715598.561880350112915,39,4,32,4,11
1403715598.611882209777832,39,3,36,2,11
1403715598.661884069442749,38,3,36,1,11
1403715598.711885452270508,38,3,35,0,11
1403715598.761886119842529,41,6,34,4,11
1403715598.811885833740234,40,3,36,2,11
1403715598.861884593963623,45,6,35,6,11
1403715598.911885023117065,44,4,39,2,11
1403715598.961885690689087,42,1,40,2,11
1403715599.011887073516846,43,0,40,3,11
1403715599.061887979507446,42,0,40,1,11
1403715599.111887454986572,47,0,40,5,11
1403715599.161887407302856,50,1,44,4,11
1403715599.211887359619141,49,4,48,0,11
1403715599.261886596679688,48,5,45,1,11
1403715599.311886548995972,48,1,46,0,11
1403715599.361886739730835,49,3,46,3,11
1403715599.411886692047119,49,4,46,1,11
1403715599.461886882781982,49,12,46,1,11
1403715599.511887311935425,46,0,43,1,11
1403715599.561888217926025,49,10,44,3,11
1403715599.611889123916626,46,0,43,0,11
1403715599.661889553070068,45,3,41,2,11
1403715599.711890459060669,44,1,43,1,11
1403715599.761890649795532,45,0,44,1,11
1403715599.811891078948975,48,2,43,3,11
1403715599.861890316009521,49,1,44,1,11
1403715599.911888599395752,47,9,45,1,11
1403715599.961887598037720,45,1,42,3,11
1403715600.011886835098267,45,1,43,1,11
1403715600.061886072158813,48,17,43,3,11
1403715600.111886024475098,47,2,44,1,11
1403715600.161885738372803,41,10,38,3,11
1403715600.211885929107666,40,2,39,1,11
1403715600.261886119842529,43,2,39,3,11
1403715600.311886787414551,42,1,41,0,11
1403715600.361887693405151,39,3,39,0,11
1403715600.411888122558594,38,11,37,0,11
1403715600.461889028549194,37,3,36,0,11
1403715600.511890172958374,41,5,36,4,11
1403715600.561890363693237,46,8,37,9,11
1403715600.611891746520996,46,10,41,3,11
1403715600.661890268325806,39,11,35,2,11
1403715600.711888551712036,34,0,32,1,11
1403715600.761886596679688,36,1,31,3,11
1403715600.811884641647339,31,1,27,0,11
1403715600.861883163452148,32,1,27,1,11
1403715600.911882400512695,26,2,25,0,11
1403715600.961882352828979,36,3,19,14,11
1403715601.011882543563843,34,2,31,0,11
1403715601.061883687973022,30,1,27,0,11
1403715601.111886739730835,43,1,25,16,11
1403715601.161887168884277,40,2,38,0,11
1403715601.211887359619141,43,2,34,4,11
1403715601.261889696121216,46,26,37,6,11
1403715601.311889886856079,44,0,42,2,11
1403715601.361889362335205,44,1,44,0,11
1403715601.411888837814331,44,2,41,1,11
1403715601.461888074874878,44,0,38,0,11
1403715601.511887311935425,39,2,35,1,11
1403715601.561887025833130,39,1,36,2,11
1403715601.611886262893677,37,3,36,1,11
1403715601.661885976791382,49,7,34,12,11
1403715601.711885452270508,48,4,44,0,11
1403715601.761885166168213,44,2,42,0,11
1403715601.811885118484497,41,6,38,1,11
1403715601.861885070800781,45,8,36,8,11
1403715601.911884784698486,44,1,42,1,11
1403715601.961884498596191,41,0,40,0,11
1403715602.011883974075317,37,2,36,0,11
1403715602.061884164810181,34,2,32,0,11
1403715602.111884117126465,42,5,30,10,11
1403715602.211885213851929,47,11,39,7,11
1403715602.261886596679688,45,1,44,0,11
1403715602.311888456344604,49,0,44,4,11
1403715602.361890792846680,48,2,47,1,11
1403715602.411891937255859,47,2,47,0,11
1403715602.461892604827881,44,0,43,0,11
1403715602.511892557144165,48,12,43,4,11
1403715602.561891078948975,47,4,47,0,11
1403715602.611889839172363,45,2,44,0,11
1403715602.661888360977173,45,1,44,0,11
1403715602.711887359619141,49,12,42,6,11
1403715602.761887311935425,49,2,46,0,11
1403715602.811887502670288,48,12,46,0,11
1403715602.861887216567993,46,2,44,1,11
1403715602.911887407302856,46,1,45,0,11
1403715602.961887598037720,47,0,43,3,11
1403715603.011888265609741,47,2,45,1,11
1403715603.061888933181763,46,1,45,0,11
1403715603.111889362335205,48,22,44,3,11
1403715603.211888790130615,47,7,40,3,11
1403715603.261888265609741,47,2,43,0,11
1403715603.311887979507446,43,1,40,0,11
1403715603.361887454986572,49,6,39,7,11
1403715603.411888360977173,47,1,44,0,11
1403715603.461889266967773,48,5,44,3,11
1403715603.511889696121216,47,5,47,0,11
1403715603.561890363693237,45,3,44,0,11
1403715603.611890554428101,47,5,42,5,11
1403715603.661890745162964,47,3,46,0,11
1403715603.711891651153564,48,19,44,3,11
1403715603.761892795562744,47,13,44,2,11
1403715603.811893701553345,43,2,43,0,11
1403715603.861893415451050,40,2,37,0,11
1403715603.911892414093018,34,8,31,1,11
1403715603.961891889572144,34,0,31,2,11
1403715604.011891603469849,29,3,29,0,11
1403715604.061892509460449,27,2,25,2,11
1403715604.111895322799683,37,0,25,11,11
1403715604.161896944046021,37,0,36,0,11
1403715604.211898088455200,37,2,35,1,11
1403715604.261898756027222,37,0,36,0,11
1403715604.311899900436401,43,1,36,7,11
1403715604.361900568008423,50,5,42,7,11
1403715604.411899805068970,50,0,48,0,11
1403715604.461900234222412,49,10,48,0,11
1403715604.511899948120117,48,8,48,0,11
1403715604.561900138854980,48,0,47,0,11
1403715604.611900091171265,48,0,47,0,11
1403715604.661899805068970,48,5,46,1,11
1403715604.711899757385254,48,0,47,0,11
1403715604.761899948120117,48,0,47,1,11
1403715604.811900377273560,48,0,48,0,11
1403715604.861900329589844,48,1,48,0,11
1403715604.911900520324707,48,1,48,0,11
1403715604.961900472640991,50,3,48,2,11
1403715605.011900663375854,50,0,50,0,11
1403715605.061901092529297,50,8,50,0,11
1403715605.111901283264160,50,13,50,0,11
1403715605.161901235580444,50,0,50,0,11
1403715605.211901426315308,50,2,50,0,11
1403715605.261901378631592,49,5,49,0,11
1403715605.311901569366455,49,3,48,0,11
1403715605.361901521682739,49,1,47,0,11
1403715605.411901473999023,48,2,47,0,11
1403715605.461901426315308,47,2,43,0,11
1403715605.511901617050171,50,6,43,3,11
1403715605.561901569366455,47,4,45,1,11
1403715605.611901521682739,46,1,45,0,11
1403715605.661902189254761,48,9,44,2,11
1403715605.711903333663940,47,13,43,1,11
1403715605.761903762817383,45,1,42,0,11
1403715605.811904191970825,44,0,42,1,11
1403715605.861904621124268,44,7,43,1,11
1403715605.911904811859131,46,0,43,3,11
1403715605.961905002593994,44,3,44,0,11
1403715606.011904954910278,43,2,43,0,11
1403715606.061905145645142,43,2,42,1,11
1403715606.111905336380005,47,0,41,4,11
1403715606.161905527114868,47,2,43,1,11
1403715606.211905241012573,45,0,43,0,11
1403715606.261905193328857,46,6,41,5,11
1403715606.311905145645142,46,8,43,2,11
1403715606.361904859542847,46,0,44,0,11
1403715606.411904573440552,46,0,41,1,11
1403715606.461904048919678,48,8,41,3,11
1403715606.511903524398804,45,1,43,0,11
1403715606.561903476715088,44,1,42,1,11
1403715606.611903667449951,45,1,43,1,11
1403715606.661903858184814,46,2,42,4,11
1403715606.711903810501099,46,1,45,0,11
1403715606.811903953552246,44,2,43,0,11
1403715606.861904144287109,45,0,43,1,11
1403715606.911904335021973,44,0,43,1,11
1403715606.961904764175415,44,1,42,0,11
1403715607.011905670166016,43,1,41,0,11
1403715607.061906814575195,39,1,37,0,11
1403715607.111907482147217,42,0,36,3,11
1403715607.161907672882080,41,0,38,1,11
1403715607.211907863616943,38,0,33,0,11
1403715607.261906862258911,38,0,32,2,11
1403715607.311907052993774,35,0,31,1,11
1403715607.361906528472900,37,0,32,4,11
1403715607.411906242370605,37,0,35,2,11
1403715607.461905717849731,37,0,37,0,11
1403715607.511905670166016,39,0,37,2,11
1403715607.561905622482300,42,0,38,4,11
1403715607.611905336380005,42,0,41,0,11
1403715607.661905288696289,41,0,40,0,11
1403715607.711905241012573,40,0,36,0,11
1403715607.761905431747437,39,1,35,0,11
1403715607.811906099319458,39,3,35,4,11
1403715607.861906051635742,37,2,35,0,11
1403715607.911907196044922,33,2,30,0,11
1403715607.961907386779785,32,0,26,1,11
1403715608.011908054351807,29,0,28,0,11
1403715608.061908006668091,28,0,28,0,11
1403715608.111908435821533,29,0,28,1,11
1403715608.161908388137817,30,0,29,1,11
1403715608.211908340454102,30,0,29,0,11
1403715608.261908292770386,29,0,29,0,11
1403715608.311908483505249,29,1,29,0,11
1403715608.361908435821533,29,0,29,0,11
1403715608.411909580230713,37,0,29,8,11
1403715608.461909294128418,38,0,37,1,11
1403715608.511909008026123,40,3,38,2,11
1403715608.561909198760986,40,0,40,0,11
1403715608.611909151077271,41,0,40,1,11
1403715608.661909341812134,42,0,41,1,11
1403715608.711909294128418,42,0,42,0,11
1403715608.761909246444702,42,0,42,0,11
1403715608.811909437179565,42,0,42,0,11
1403715608.861909151077271,42,0,42,0,11
1403715608.911909103393555,42,0,42,0,11
1403715608.961909055709839,42,0,42,0,11
1403715609.011909008026123,42,0,42,0,11
1403715609.061909198760986,42,0,42,0,11
1403715609.111909151077271,42,3,42,0,11
1403715609.161909103393555,42,0,42,0,11
1403715609.211909055709839,42,0,42,0,11
1403715609.261909008026123,42,0,42,0,11
1403715609.311909198760986,42,0,42,0,11
1403715609.361909151077271,42,0,42,0,11
